 --- Cosmological Parameters --- 
	 H0: 2.1561e-18 (1/s) = 66.5300 (km/s/Mpc) 
	 OmegaM: 3.1500e-01 
	 OmegaR: 0.0000e+00 
	 OmegaL: 6.8500e-01 
	 OmegaK: 0.0000e+00 
		 w0: -6.5000e-01 
		 wa: -1.2700e+00 
	 rho_crit: 8.3160e-30 (g/cm^3) 
z, log10(1+z), a, H0*t_look, H0*t_age, H0*t_conf, H0*t_conf_age, H(z) 
1.00000000e-04, 4.34272769e-05, 9.99900010e-01, 9.99908404e-05, 9.40702837e-01, 9.99958398e-05, 3.23319938e+00, 6.65355358e+01
1.02807322e-04, 4.46463579e-05, 9.99897203e-01, 1.02797641e-04, 9.40700030e-01, 1.02802925e-04, 3.23319657e+00, 6.65356912e+01
1.05693455e-04, 4.58996588e-05, 9.99894318e-01, 1.05683223e-04, 9.40697144e-01, 1.05688808e-04, 3.23319369e+00, 6.65358509e+01
1.08660611e-04, 4.71881402e-05, 9.99891351e-01, 1.08649797e-04, 9.40694178e-01, 1.08655699e-04, 3.23319072e+00, 6.65360152e+01
1.11711065e-04, 4.85127895e-05, 9.99888301e-01, 1.11699635e-04, 9.40691128e-01, 1.11705873e-04, 3.23318767e+00, 6.65361840e+01
1.14847155e-04, 4.98746217e-05, 9.99885166e-01, 1.14835074e-04, 9.40687993e-01, 1.14841668e-04, 3.23318453e+00, 6.65363576e+01
1.18071285e-04, 5.12746804e-05, 9.99881943e-01, 1.18058516e-04, 9.40684769e-01, 1.18065485e-04, 3.23318131e+00, 6.65365361e+01
1.21385926e-04, 5.27140387e-05, 9.99878629e-01, 1.21372430e-04, 9.40681455e-01, 1.21379796e-04, 3.23317799e+00, 6.65367196e+01
1.24793621e-04, 5.41937993e-05, 9.99875222e-01, 1.24779356e-04, 9.40678048e-01, 1.24787142e-04, 3.23317459e+00, 6.65369082e+01
1.28296980e-04, 5.57150964e-05, 9.99871719e-01, 1.28281903e-04, 9.40674546e-01, 1.28290132e-04, 3.23317108e+00, 6.65371021e+01
1.31898690e-04, 5.72790956e-05, 9.99868119e-01, 1.31882755e-04, 9.40670945e-01, 1.31891452e-04, 3.23316748e+00, 6.65373015e+01
1.35601511e-04, 5.88869955e-05, 9.99864417e-01, 1.35584669e-04, 9.40667243e-01, 1.35593862e-04, 3.23316378e+00, 6.65375064e+01
1.39408283e-04, 6.05400281e-05, 9.99860611e-01, 1.39390482e-04, 9.40663437e-01, 1.39400198e-04, 3.23315997e+00, 6.65377172e+01
1.43321923e-04, 6.22394601e-05, 9.99856699e-01, 1.43303109e-04, 9.40659525e-01, 1.43313377e-04, 3.23315606e+00, 6.65379338e+01
1.47345431e-04, 6.39865937e-05, 9.99852676e-01, 1.47325546e-04, 9.40655502e-01, 1.47336399e-04, 3.23315204e+00, 6.65381565e+01
1.51481892e-04, 6.57827676e-05, 9.99848541e-01, 1.51460875e-04, 9.40651367e-01, 1.51472346e-04, 3.23314790e+00, 6.65383854e+01
1.55734477e-04, 6.76293582e-05, 9.99844290e-01, 1.55712264e-04, 9.40647115e-01, 1.55724388e-04, 3.23314365e+00, 6.65386208e+01
1.60106446e-04, 6.95277803e-05, 9.99839919e-01, 1.60082968e-04, 9.40642745e-01, 1.60095782e-04, 3.23313928e+00, 6.65388628e+01
1.64601150e-04, 7.14794886e-05, 9.99835426e-01, 1.64576335e-04, 9.40638251e-01, 1.64589879e-04, 3.23313478e+00, 6.65391116e+01
1.69222035e-04, 7.34859785e-05, 9.99830807e-01, 1.69195808e-04, 9.40633632e-01, 1.69210123e-04, 3.23313016e+00, 6.65393674e+01
1.73972643e-04, 7.55487874e-05, 9.99826058e-01, 1.73944923e-04, 9.40628883e-01, 1.73960053e-04, 3.23312541e+00, 6.65396303e+01
1.78856616e-04, 7.76694958e-05, 9.99821175e-01, 1.78827317e-04, 9.40624000e-01, 1.78843309e-04, 3.23312053e+00, 6.65399006e+01
1.83877698e-04, 7.98497285e-05, 9.99816156e-01, 1.83846731e-04, 9.40618981e-01, 1.83863633e-04, 3.23311551e+00, 6.65401785e+01
1.89039738e-04, 8.20911560e-05, 9.99810996e-01, 1.89007008e-04, 9.40613821e-01, 1.89024872e-04, 3.23311035e+00, 6.65404643e+01
1.94346693e-04, 8.43954955e-05, 9.99805691e-01, 1.94312100e-04, 9.40608516e-01, 1.94330981e-04, 3.23310504e+00, 6.65407580e+01
1.99802631e-04, 8.67645125e-05, 9.99800237e-01, 1.99766069e-04, 9.40603062e-01, 1.99786024e-04, 3.23309959e+00, 6.65410600e+01
2.05411735e-04, 8.92000219e-05, 9.99794630e-01, 2.05373091e-04, 9.40597455e-01, 2.05394183e-04, 3.23309398e+00, 6.65413704e+01
2.11178304e-04, 9.17038897e-05, 9.99788866e-01, 2.11137461e-04, 9.40591690e-01, 2.11159753e-04, 3.23308821e+00, 6.65416896e+01
2.17106760e-04, 9.42780341e-05, 9.99782940e-01, 2.17063592e-04, 9.40585764e-01, 2.17087153e-04, 3.23308229e+00, 6.65420177e+01
2.23201647e-04, 9.69244272e-05, 9.99776848e-01, 2.23156021e-04, 9.40579672e-01, 2.23180924e-04, 3.23307619e+00, 6.65423550e+01
2.29467637e-04, 9.96450962e-05, 9.99770585e-01, 2.29419413e-04, 9.40573408e-01, 2.29445734e-04, 3.23306993e+00, 6.65427018e+01
2.35909533e-04, 1.02442125e-04, 9.99764146e-01, 2.35858564e-04, 9.40566969e-01, 2.35886383e-04, 3.23306349e+00, 6.65430583e+01
2.42532274e-04, 1.05317657e-04, 9.99757527e-01, 2.42478404e-04, 9.40560349e-01, 2.42507806e-04, 3.23305687e+00, 6.65434249e+01
2.49340937e-04, 1.08273895e-04, 9.99750721e-01, 2.49284000e-04, 9.40553544e-01, 2.49315076e-04, 3.23305006e+00, 6.65438017e+01
2.56340741e-04, 1.11313103e-04, 9.99743725e-01, 2.56280563e-04, 9.40546547e-01, 2.56313408e-04, 3.23304306e+00, 6.65441891e+01
2.63537052e-04, 1.14437609e-04, 9.99736532e-01, 2.63473448e-04, 9.40539354e-01, 2.63508163e-04, 3.23303587e+00, 6.65445874e+01
2.70935387e-04, 1.17649806e-04, 9.99729138e-01, 2.70868162e-04, 9.40531960e-01, 2.70904853e-04, 3.23302847e+00, 6.65449968e+01
2.78541416e-04, 1.20952156e-04, 9.99721536e-01, 2.78470365e-04, 9.40524357e-01, 2.78509145e-04, 3.23302087e+00, 6.65454177e+01
2.86360972e-04, 1.24347187e-04, 9.99713721e-01, 2.86285876e-04, 9.40516542e-01, 2.86326863e-04, 3.23301305e+00, 6.65458505e+01
2.94400048e-04, 1.27837499e-04, 9.99705687e-01, 2.94320677e-04, 9.40508507e-01, 2.94363997e-04, 3.23300501e+00, 6.65462954e+01
3.02664806e-04, 1.31425767e-04, 9.99697427e-01, 3.02580917e-04, 9.40500247e-01, 3.02626703e-04, 3.23299675e+00, 6.65467528e+01
3.11161583e-04, 1.35114738e-04, 9.99688935e-01, 3.11072919e-04, 9.40491755e-01, 3.11121311e-04, 3.23298825e+00, 6.65472230e+01
3.19896892e-04, 1.38907238e-04, 9.99680205e-01, 3.19803180e-04, 9.40483025e-01, 3.19854327e-04, 3.23297952e+00, 6.65477064e+01
3.28877429e-04, 1.42806171e-04, 9.99671231e-01, 3.28778383e-04, 9.40474049e-01, 3.28832441e-04, 3.23297054e+00, 6.65482034e+01
3.38110078e-04, 1.46814523e-04, 9.99662004e-01, 3.38005395e-04, 9.40464822e-01, 3.38062530e-04, 3.23296131e+00, 6.65487143e+01
3.47601918e-04, 1.50935364e-04, 9.99652519e-01, 3.47491276e-04, 9.40455336e-01, 3.47551663e-04, 3.23295182e+00, 6.65492395e+01
3.57360225e-04, 1.55171849e-04, 9.99642767e-01, 3.57243284e-04, 9.40445584e-01, 3.57307109e-04, 3.23294207e+00, 6.65497795e+01
3.67392478e-04, 1.59527223e-04, 9.99632742e-01, 3.67268881e-04, 9.40435559e-01, 3.67336339e-04, 3.23293204e+00, 6.65503347e+01
3.77706369e-04, 1.64004821e-04, 9.99622436e-01, 3.77575737e-04, 9.40425252e-01, 3.77647035e-04, 3.23292173e+00, 6.65509054e+01
3.88309805e-04, 1.68608072e-04, 9.99611841e-01, 3.88171736e-04, 9.40414656e-01, 3.88247093e-04, 3.23291113e+00, 6.65514921e+01
3.99210913e-04, 1.73340499e-04, 9.99600948e-01, 3.99064985e-04, 9.40403763e-01, 3.99144631e-04, 3.23290023e+00, 6.65520953e+01
4.10418050e-04, 1.78205728e-04, 9.99589750e-01, 4.10263816e-04, 9.40392564e-01, 4.10347995e-04, 3.23288903e+00, 6.65527155e+01
4.21939808e-04, 1.83207482e-04, 9.99578238e-01, 4.21776795e-04, 9.40381051e-01, 4.21865765e-04, 3.23287751e+00, 6.65533530e+01
4.33785019e-04, 1.88349591e-04, 9.99566403e-01, 4.33612727e-04, 9.40369215e-01, 4.33706761e-04, 3.23286567e+00, 6.65540084e+01
4.45962763e-04, 1.93635993e-04, 9.99554236e-01, 4.45780663e-04, 9.40357047e-01, 4.45880051e-04, 3.23285349e+00, 6.65546822e+01
4.58482375e-04, 1.99070734e-04, 9.99541728e-01, 4.58289911e-04, 9.40344538e-01, 4.58394955e-04, 3.23284098e+00, 6.65553749e+01
4.71353453e-04, 2.04657975e-04, 9.99528869e-01, 4.71150034e-04, 9.40331678e-01, 4.71261057e-04, 3.23282811e+00, 6.65560871e+01
4.84585864e-04, 2.10401992e-04, 9.99515649e-01, 4.84370867e-04, 9.40318457e-01, 4.84488209e-04, 3.23281489e+00, 6.65568192e+01
4.98189752e-04, 2.16307184e-04, 9.99502058e-01, 4.97962517e-04, 9.40304865e-01, 4.98086538e-04, 3.23280129e+00, 6.65575719e+01
5.12175544e-04, 2.22378069e-04, 9.99488087e-01, 5.11935375e-04, 9.40290892e-01, 5.12066455e-04, 3.23278731e+00, 6.65583457e+01
5.26553963e-04, 2.28619296e-04, 9.99473723e-01, 5.26300124e-04, 9.40276528e-01, 5.26438665e-04, 3.23277294e+00, 6.65591412e+01
5.41336030e-04, 2.35035640e-04, 9.99458957e-01, 5.41067744e-04, 9.40261760e-01, 5.41214169e-04, 3.23275816e+00, 6.65599590e+01
5.56533078e-04, 2.41632013e-04, 9.99443776e-01, 5.56249521e-04, 9.40246578e-01, 5.56404281e-04, 3.23274297e+00, 6.65607997e+01
5.72156756e-04, 2.48413463e-04, 9.99428170e-01, 5.71857060e-04, 9.40230971e-01, 5.72020627e-04, 3.23272735e+00, 6.65616641e+01
5.88219040e-04, 2.55385179e-04, 9.99412127e-01, 5.87902287e-04, 9.40214925e-01, 5.88075164e-04, 3.23271130e+00, 6.65625527e+01
6.04732245e-04, 2.62552498e-04, 9.99395633e-01, 6.04397464e-04, 9.40198430e-01, 6.04580180e-04, 3.23269479e+00, 6.65634662e+01
6.21709029e-04, 2.69920903e-04, 9.99378677e-01, 6.21355194e-04, 9.40181473e-01, 6.21548308e-04, 3.23267783e+00, 6.65644053e+01
6.39162405e-04, 2.77496033e-04, 9.99361246e-01, 6.38788432e-04, 9.40164039e-01, 6.38992537e-04, 3.23266038e+00, 6.65653708e+01
6.57105755e-04, 2.85283683e-04, 9.99343326e-01, 6.56710497e-04, 9.40146117e-01, 6.56926218e-04, 3.23264245e+00, 6.65663634e+01
6.75552832e-04, 2.93289812e-04, 9.99324903e-01, 6.75135079e-04, 9.40127693e-01, 6.75363077e-04, 3.23262401e+00, 6.65673838e+01
6.94517777e-04, 3.01520545e-04, 9.99305964e-01, 6.94076249e-04, 9.40108751e-01, 6.94317223e-04, 3.23260506e+00, 6.65684328e+01
7.14015130e-04, 3.09982178e-04, 9.99286494e-01, 7.13548474e-04, 9.40089279e-01, 7.13803161e-04, 3.23258557e+00, 6.65695113e+01
7.34059837e-04, 3.18681185e-04, 9.99266479e-01, 7.33566623e-04, 9.40069261e-01, 7.33835804e-04, 3.23256554e+00, 6.65706200e+01
7.54667263e-04, 3.27624220e-04, 9.99245902e-01, 7.54145980e-04, 9.40048682e-01, 7.54430479e-04, 3.23254494e+00, 6.65717598e+01
7.75853206e-04, 3.36818122e-04, 9.99224748e-01, 7.75302257e-04, 9.40027525e-01, 7.75602946e-04, 3.23252377e+00, 6.65729315e+01
7.97633907e-04, 3.46269924e-04, 9.99203002e-01, 7.97051604e-04, 9.40005776e-01, 7.97369404e-04, 3.23250201e+00, 6.65741362e+01
8.20026062e-04, 3.55986854e-04, 9.99180646e-01, 8.19410621e-04, 9.39983417e-01, 8.19746506e-04, 3.23247963e+00, 6.65753746e+01
8.43046837e-04, 3.65976343e-04, 9.99157663e-01, 8.42396373e-04, 9.39960431e-01, 8.42751371e-04, 3.23245662e+00, 6.65766477e+01
8.66713880e-04, 3.76246030e-04, 9.99134037e-01, 8.66026399e-04, 9.39936801e-01, 8.66401599e-04, 3.23243297e+00, 6.65779566e+01
8.91045332e-04, 3.86803767e-04, 9.99109748e-01, 8.90318730e-04, 9.39912509e-01, 8.90715280e-04, 3.23240866e+00, 6.65793021e+01
9.16059848e-04, 3.97657626e-04, 9.99084779e-01, 9.15291898e-04, 9.39887536e-01, 9.15711012e-04, 3.23238366e+00, 6.65806854e+01
9.41776601e-04, 4.08815904e-04, 9.99059110e-01, 9.40964951e-04, 9.39861863e-01, 9.41407913e-04, 3.23235797e+00, 6.65821075e+01
9.68215306e-04, 4.20287133e-04, 9.99032721e-01, 9.67357471e-04, 9.39835470e-01, 9.67825637e-04, 3.23233155e+00, 6.65835694e+01
9.95396231e-04, 4.32080081e-04, 9.99005594e-01, 9.94489582e-04, 9.39808338e-01, 9.94984388e-04, 3.23230439e+00, 6.65850724e+01
1.02334021e-03, 4.44203760e-04, 9.98977706e-01, 1.02238197e-03, 9.39780446e-01, 1.02290493e-03, 3.23227647e+00, 6.65866174e+01
1.05206867e-03, 4.56667438e-04, 9.98949037e-01, 1.05105591e-03, 9.39751772e-01, 1.05160862e-03, 3.23224777e+00, 6.65882058e+01
1.08160363e-03, 4.69480638e-04, 9.98919565e-01, 1.08053324e-03, 9.39722294e-01, 1.08111740e-03, 3.23221826e+00, 6.65898388e+01
1.11196773e-03, 4.82653152e-04, 9.98889267e-01, 1.11083644e-03, 9.39691991e-01, 1.11145383e-03, 3.23218792e+00, 6.65915175e+01
1.14318425e-03, 4.96195044e-04, 9.98858121e-01, 1.14198859e-03, 9.39660839e-01, 1.14264111e-03, 3.23215673e+00, 6.65932432e+01
1.17527712e-03, 5.10116661e-04, 9.98826103e-01, 1.17401343e-03, 9.39628814e-01, 1.17470307e-03, 3.23212467e+00, 6.65950174e+01
1.20827094e-03, 5.24428638e-04, 9.98793187e-01, 1.20693534e-03, 9.39595892e-01, 1.20766423e-03, 3.23209171e+00, 6.65968413e+01
1.24219100e-03, 5.39141905e-04, 9.98759350e-01, 1.24077942e-03, 9.39562048e-01, 1.24154977e-03, 3.23205782e+00, 6.65987163e+01
1.27706330e-03, 5.54267703e-04, 9.98724566e-01, 1.27557141e-03, 9.39527256e-01, 1.27638559e-03, 3.23202299e+00, 6.66006438e+01
1.31291459e-03, 5.69817580e-04, 9.98688807e-01, 1.31133782e-03, 9.39491490e-01, 1.31219831e-03, 3.23198718e+00, 6.66026254e+01
1.34977233e-03, 5.85803413e-04, 9.98652047e-01, 1.34810586e-03, 9.39454722e-01, 1.34901530e-03, 3.23195036e+00, 6.66046626e+01
1.38766479e-03, 6.02237406e-04, 9.98614258e-01, 1.38590351e-03, 9.39416924e-01, 1.38686469e-03, 3.23191251e+00, 6.66067568e+01
1.42662102e-03, 6.19132106e-04, 9.98575411e-01, 1.42475954e-03, 9.39378068e-01, 1.42577539e-03, 3.23187360e+00, 6.66089097e+01
1.46667087e-03, 6.36500410e-04, 9.98535477e-01, 1.46470350e-03, 9.39338124e-01, 1.46577713e-03, 3.23183360e+00, 6.66111229e+01
1.50784505e-03, 6.54355573e-04, 9.98494425e-01, 1.50576576e-03, 9.39297062e-01, 1.50690047e-03, 3.23179247e+00, 6.66133982e+01
1.55017512e-03, 6.72711224e-04, 9.98452224e-01, 1.54797755e-03, 9.39254850e-01, 1.54917680e-03, 3.23175020e+00, 6.66157372e+01
1.59369353e-03, 6.91581368e-04, 9.98408842e-01, 1.59137096e-03, 9.39211457e-01, 1.59263842e-03, 3.23170674e+00, 6.66181417e+01
1.63843365e-03, 7.10980403e-04, 9.98364246e-01, 1.63597896e-03, 9.39166849e-01, 1.63731851e-03, 3.23166206e+00, 6.66206136e+01
1.68442976e-03, 7.30923128e-04, 9.98318403e-01, 1.68183545e-03, 9.39120992e-01, 1.68325119e-03, 3.23161612e+00, 6.66231548e+01
1.73171713e-03, 7.51424755e-04, 9.98271277e-01, 1.72897526e-03, 9.39073852e-01, 1.73047152e-03, 3.23156890e+00, 6.66257672e+01
1.78033202e-03, 7.72500920e-04, 9.98222832e-01, 1.77743419e-03, 9.39025394e-01, 1.77901554e-03, 3.23152036e+00, 6.66284527e+01
1.83031168e-03, 7.94167695e-04, 9.98173032e-01, 1.82724903e-03, 9.38975579e-01, 1.82892032e-03, 3.23147045e+00, 6.66312134e+01
1.88169442e-03, 8.16441599e-04, 9.98121840e-01, 1.87845759e-03, 9.38924370e-01, 1.88022392e-03, 3.23141915e+00, 6.66340515e+01
1.93451965e-03, 8.39339613e-04, 9.98069215e-01, 1.93109873e-03, 9.38871729e-01, 1.93296551e-03, 3.23136641e+00, 6.66369691e+01
1.98882786e-03, 8.62879189e-04, 9.98015120e-01, 1.98521239e-03, 9.38817615e-01, 1.98718531e-03, 3.23131219e+00, 6.66399684e+01
2.04466067e-03, 8.87078267e-04, 9.97959511e-01, 2.04083959e-03, 9.38761988e-01, 2.04292470e-03, 3.23125645e+00, 6.66430516e+01
2.10206088e-03, 9.11955285e-04, 9.97902349e-01, 2.09802251e-03, 9.38704805e-01, 2.10022618e-03, 3.23119915e+00, 6.66462212e+01
2.16107251e-03, 9.37529196e-04, 9.97843588e-01, 2.15680449e-03, 9.38646023e-01, 2.15913346e-03, 3.23114024e+00, 6.66494796e+01
2.22174078e-03, 9.63819479e-04, 9.97783184e-01, 2.21723006e-03, 9.38585598e-01, 2.21969145e-03, 3.23107968e+00, 6.66528291e+01
2.28411221e-03, 9.90846156e-04, 9.97721093e-01, 2.27934500e-03, 9.38523483e-01, 2.28194633e-03, 3.23101743e+00, 6.66562725e+01
2.34823460e-03, 1.01862981e-03, 9.97657267e-01, 2.34319633e-03, 9.38459631e-01, 2.34594555e-03, 3.23095343e+00, 6.66598122e+01
2.41415712e-03, 1.04719158e-03, 9.97591657e-01, 2.40883238e-03, 9.38393995e-01, 2.41173789e-03, 3.23088764e+00, 6.66634510e+01
2.48193029e-03, 1.07655322e-03, 9.97524214e-01, 2.47630282e-03, 9.38326525e-01, 2.47937350e-03, 3.23082000e+00, 6.66671917e+01
2.55160607e-03, 1.10673706e-03, 9.97454888e-01, 2.54565866e-03, 9.38257169e-01, 2.54890389e-03, 3.23075047e+00, 6.66710370e+01
2.62323788e-03, 1.13776607e-03, 9.97383625e-01, 2.61695235e-03, 9.38185875e-01, 2.62038205e-03, 3.23067899e+00, 6.66749899e+01
2.69688063e-03, 1.16966386e-03, 9.97310373e-01, 2.69023777e-03, 9.38112590e-01, 2.69386241e-03, 3.23060551e+00, 6.66790535e+01
2.77259076e-03, 1.20245468e-03, 9.97235075e-01, 2.76557028e-03, 9.38037257e-01, 2.76940094e-03, 3.23052997e+00, 6.66832307e+01
2.85042632e-03, 1.23616346e-03, 9.97157676e-01, 2.84300677e-03, 9.37959821e-01, 2.84705514e-03, 3.23045232e+00, 6.66875249e+01
2.93044698e-03, 1.27081583e-03, 9.97078115e-01, 2.92260569e-03, 9.37880222e-01, 2.92688414e-03, 3.23037249e+00, 6.66919391e+01
3.01271407e-03, 1.30643812e-03, 9.96996335e-01, 3.00442710e-03, 9.37798401e-01, 3.00894868e-03, 3.23029043e+00, 6.66964768e+01
3.09729067e-03, 1.34305740e-03, 9.96912273e-01, 3.08853269e-03, 9.37714295e-01, 3.09331122e-03, 3.23020606e+00, 6.67011414e+01
3.18424160e-03, 1.38070148e-03, 9.96825866e-01, 3.17498588e-03, 9.37627842e-01, 3.18003594e-03, 3.23011934e+00, 6.67059364e+01
3.27363353e-03, 1.41939895e-03, 9.96737048e-01, 3.26385180e-03, 9.37538976e-01, 3.26918880e-03, 3.23003019e+00, 6.67108656e+01
3.36553498e-03, 1.45917918e-03, 9.96645754e-01, 3.35519738e-03, 9.37447630e-01, 3.36083761e-03, 3.22993854e+00, 6.67159325e+01
3.46001639e-03, 1.50007238e-03, 9.96551914e-01, 3.44909137e-03, 9.37353736e-01, 3.45505203e-03, 3.22984432e+00, 6.67211411e+01
3.55715021e-03, 1.54210957e-03, 9.96455458e-01, 3.54560440e-03, 9.37257223e-01, 3.55190370e-03, 3.22974747e+00, 6.67264953e+01
3.65701088e-03, 1.58532264e-03, 9.96356314e-01, 3.64480906e-03, 9.37158019e-01, 3.65146620e-03, 3.22964791e+00, 6.67319991e+01
3.75967497e-03, 1.62974435e-03, 9.96254407e-01, 3.74677990e-03, 9.37056048e-01, 3.75381518e-03, 3.22954556e+00, 6.67376568e+01
3.86522116e-03, 1.67540839e-03, 9.96149661e-01, 3.85159351e-03, 9.36951234e-01, 3.85902838e-03, 3.22944035e+00, 6.67434725e+01
3.97373038e-03, 1.72234936e-03, 9.96041998e-01, 3.95932856e-03, 9.36843499e-01, 3.96718570e-03, 3.22933219e+00, 6.67494507e+01
4.08528580e-03, 1.77060283e-03, 9.95931336e-01, 4.07006589e-03, 9.36732762e-01, 4.07836924e-03, 3.22922101e+00, 6.67555959e+01
4.19997295e-03, 1.82020534e-03, 9.95817593e-01, 4.18388852e-03, 9.36618939e-01, 4.19266340e-03, 3.22910671e+00, 6.67619127e+01
4.31787973e-03, 1.87119444e-03, 9.95700684e-01, 4.30088175e-03, 9.36501946e-01, 4.31015489e-03, 3.22898922e+00, 6.67684059e+01
4.43909653e-03, 1.92360874e-03, 9.95580522e-01, 4.42113318e-03, 9.36381695e-01, 4.43093284e-03, 3.22886844e+00, 6.67750805e+01
4.56371628e-03, 1.97748788e-03, 9.95457017e-01, 4.54473279e-03, 9.36258095e-01, 4.55508882e-03, 3.22874429e+00, 6.67819414e+01
4.69183451e-03, 2.03287261e-03, 9.95330076e-01, 4.67177303e-03, 9.36131055e-01, 4.68271698e-03, 3.22861666e+00, 6.67889938e+01
4.82354943e-03, 2.08980480e-03, 9.95199606e-01, 4.80234883e-03, 9.36000479e-01, 4.81391401e-03, 3.22848546e+00, 6.67962430e+01
4.95896201e-03, 2.14832749e-03, 9.95065508e-01, 4.93655770e-03, 9.35866270e-01, 4.94877933e-03, 3.22835060e+00, 6.68036946e+01
5.09817606e-03, 2.20848488e-03, 9.94927683e-01, 5.07449979e-03, 9.35728328e-01, 5.08741508e-03, 3.22821196e+00, 6.68113540e+01
5.24129830e-03, 2.27032240e-03, 9.94786030e-01, 5.21627796e-03, 9.35586550e-01, 5.22992620e-03, 3.22806945e+00, 6.68192271e+01
5.38843844e-03, 2.33388671e-03, 9.94640441e-01, 5.36199786e-03, 9.35440830e-01, 5.37642058e-03, 3.22792295e+00, 6.68273198e+01
5.53970928e-03, 2.39922578e-03, 9.94490810e-01, 5.51176795e-03, 9.35291060e-01, 5.52700903e-03, 3.22777237e+00, 6.68356381e+01
5.69522678e-03, 2.46638889e-03, 9.94337025e-01, 5.66569966e-03, 9.35137128e-01, 5.68180545e-03, 3.22761757e+00, 6.68441884e+01
5.85511016e-03, 2.53542665e-03, 9.94178973e-01, 5.82390740e-03, 9.34978920e-01, 5.84092686e-03, 3.22745845e+00, 6.68529770e+01
6.01948197e-03, 2.60639109e-03, 9.94016535e-01, 5.98650865e-03, 9.34816319e-01, 6.00449352e-03, 3.22729488e+00, 6.68620106e+01
6.18846824e-03, 2.67933564e-03, 9.93849593e-01, 6.15362406e-03, 9.34649204e-01, 6.17262899e-03, 3.22712675e+00, 6.68712959e+01
6.36219849e-03, 2.75431521e-03, 9.93678023e-01, 6.32537749e-03, 9.34477450e-01, 6.34546023e-03, 3.22695391e+00, 6.68808398e+01
6.54080591e-03, 2.83138620e-03, 9.93501698e-01, 6.50189614e-03, 9.34300932e-01, 6.52311770e-03, 3.22677626e+00, 6.68906496e+01
6.72442742e-03, 2.91060657e-03, 9.93320488e-01, 6.68331062e-03, 9.34119517e-01, 6.70573542e-03, 3.22659364e+00, 6.69007325e+01
6.91320378e-03, 2.99203585e-03, 9.93134260e-01, 6.86975499e-03, 9.33933073e-01, 6.89345113e-03, 3.22640592e+00, 6.69110962e+01
7.10727970e-03, 3.07573520e-03, 9.92942877e-01, 7.06136693e-03, 9.33741461e-01, 7.08640632e-03, 3.22621297e+00, 6.69217483e+01
7.30680395e-03, 3.16176744e-03, 9.92746198e-01, 7.25828777e-03, 9.33544540e-01, 7.28474636e-03, 3.22601463e+00, 6.69326969e+01
7.51192949e-03, 3.25019713e-03, 9.92544079e-01, 7.46066258e-03, 9.33342165e-01, 7.48862064e-03, 3.22581075e+00, 6.69439500e+01
7.72281357e-03, 3.34109055e-03, 9.92336371e-01, 7.66864030e-03, 9.33134187e-01, 7.69818261e-03, 3.22560119e+00, 6.69555162e+01
7.93961785e-03, 3.43451582e-03, 9.92122923e-01, 7.88237382e-03, 9.32920454e-01, 7.91358992e-03, 3.22538578e+00, 6.69674039e+01
8.16250851e-03, 3.53054289e-03, 9.91903579e-01, 8.10202008e-03, 9.32700808e-01, 8.13500456e-03, 3.22516437e+00, 6.69796222e+01
8.39165644e-03, 3.62924361e-03, 9.91678177e-01, 8.32774014e-03, 9.32475088e-01, 8.36259293e-03, 3.22493678e+00, 6.69921800e+01
8.62723729e-03, 3.73069181e-03, 9.91446555e-01, 8.55969934e-03, 9.32243128e-01, 8.59652597e-03, 3.22470285e+00, 6.70050867e+01
8.86943166e-03, 3.83496328e-03, 9.91208544e-01, 8.79806735e-03, 9.32004760e-01, 8.83697929e-03, 3.22446240e+00, 6.70183519e+01
9.11842520e-03, 3.94213590e-03, 9.90963969e-01, 9.04301830e-03, 9.31759809e-01, 9.08413332e-03, 3.22421524e+00, 6.70319855e+01
9.37440879e-03, 4.05228964e-03, 9.90712655e-01, 9.29473091e-03, 9.31508097e-01, 9.33817336e-03, 3.22396120e+00, 6.70459975e+01
9.63757866e-03, 4.16550662e-03, 9.90454418e-01, 9.55338855e-03, 9.31249439e-01, 9.59928980e-03, 3.22370008e+00, 6.70603984e+01
9.90813657e-03, 4.28187121e-03, 9.90189071e-01, 9.81917938e-03, 9.30983648e-01, 9.86767817e-03, 3.22343170e+00, 6.70751988e+01
1.01862899e-02, 4.40147004e-03, 9.89916424e-01, 1.00922965e-02, 9.30710531e-01, 1.01435393e-02, 3.22315584e+00, 6.70904097e+01
1.04722519e-02, 4.52439206e-03, 9.89636280e-01, 1.03729380e-02, 9.30429890e-01, 1.04270797e-02, 3.22287229e+00, 6.71060424e+01
1.07662418e-02, 4.65072864e-03, 9.89348436e-01, 1.06613071e-02, 9.30141521e-01, 1.07185110e-02, 3.22258086e+00, 6.71221082e+01
1.10684849e-02, 4.78057359e-03, 9.89052685e-01, 1.09576123e-02, 9.29845215e-01, 1.10180511e-02, 3.22228132e+00, 6.71386192e+01
1.13792129e-02, 4.91402325e-03, 9.88748817e-01, 1.12620675e-02, 9.29540760e-01, 1.13259234e-02, 3.22197345e+00, 6.71555875e+01
1.16986641e-02, 5.05117654e-03, 9.88436612e-01, 1.15748921e-02, 9.29227936e-01, 1.16423577e-02, 3.22165702e+00, 6.71730256e+01
1.20270833e-02, 5.19213502e-03, 9.88115848e-01, 1.18963111e-02, 9.28906517e-01, 1.19675897e-02, 3.22133178e+00, 6.71909462e+01
1.23647224e-02, 5.33700299e-03, 9.87786297e-01, 1.22265554e-02, 9.28576272e-01, 1.23018616e-02, 3.22099751e+00, 6.72093627e+01
1.27118400e-02, 5.48588750e-03, 9.87447723e-01, 1.25658616e-02, 9.28236966e-01, 1.26454221e-02, 3.22065395e+00, 6.72282884e+01
1.30687023e-02, 5.63889849e-03, 9.87099885e-01, 1.29144725e-02, 9.27888355e-01, 1.29985267e-02, 3.22030085e+00, 6.72477372e+01
1.34355829e-02, 5.79614881e-03, 9.86742539e-01, 1.32726370e-02, 9.27530191e-01, 1.33614376e-02, 3.21993794e+00, 6.72677235e+01
1.38127630e-02, 5.95775431e-03, 9.86375430e-01, 1.36406104e-02, 9.27162217e-01, 1.37344243e-02, 3.21956495e+00, 6.72882617e+01
1.42005318e-02, 6.12383394e-03, 9.85998300e-01, 1.40186542e-02, 9.26784174e-01, 1.41177633e-02, 3.21918161e+00, 6.73093669e+01
1.45991865e-02, 6.29450978e-03, 9.85610883e-01, 1.44070368e-02, 9.26395791e-01, 1.45117385e-02, 3.21878764e+00, 6.73310546e+01
1.50090328e-02, 6.46990713e-03, 9.85212907e-01, 1.48060332e-02, 9.25996794e-01, 1.49166417e-02, 3.21838273e+00, 6.73533403e+01
1.54303847e-02, 6.65015464e-03, 9.84804094e-01, 1.52159253e-02, 9.25586902e-01, 1.53327722e-02, 3.21796660e+00, 6.73762405e+01
1.58635653e-02, 6.83538432e-03, 9.84384158e-01, 1.56370020e-02, 9.25165826e-01, 1.57604374e-02, 3.21753894e+00, 6.73997717e+01
1.63089068e-02, 7.02573168e-03, 9.83952805e-01, 1.60695594e-02, 9.24733268e-01, 1.61999530e-02, 3.21709942e+00, 6.74239510e+01
1.67667503e-02, 7.22133576e-03, 9.83509738e-01, 1.65139009e-02, 9.24288927e-01, 1.66516430e-02, 3.21664773e+00, 6.74487958e+01
1.72374471e-02, 7.42233928e-03, 9.83054648e-01, 1.69703376e-02, 9.23832490e-01, 1.71158400e-02, 3.21618353e+00, 6.74743242e+01
1.77213578e-02, 7.62888867e-03, 9.82587220e-01, 1.74391878e-02, 9.23363640e-01, 1.75928855e-02, 3.21570649e+00, 6.75005546e+01
1.82188534e-02, 7.84113421e-03, 9.82107134e-01, 1.79207782e-02, 9.22882050e-01, 1.80831301e-02, 3.21521624e+00, 6.75275059e+01
1.87303154e-02, 8.05923009e-03, 9.81614059e-01, 1.84154429e-02, 9.22387385e-01, 1.85869335e-02, 3.21471244e+00, 6.75551974e+01
1.92561357e-02, 8.28333450e-03, 9.81107658e-01, 1.89235244e-02, 9.21879303e-01, 1.91046651e-02, 3.21419471e+00, 6.75836491e+01
1.97967175e-02, 8.51360975e-03, 9.80587585e-01, 1.94453735e-02, 9.21357454e-01, 1.96367040e-02, 3.21366267e+00, 6.76128814e+01
2.03524752e-02, 8.75022235e-03, 9.80053486e-01, 1.99813493e-02, 9.20821478e-01, 2.01834393e-02, 3.21311594e+00, 6.76429153e+01
2.09238348e-02, 8.99334311e-03, 9.79504999e-01, 2.05318196e-02, 9.20271008e-01, 2.07452703e-02, 3.21255410e+00, 6.76737720e+01
2.15112343e-02, 9.24314725e-03, 9.78941755e-01, 2.10971610e-02, 9.19705667e-01, 2.13226067e-02, 3.21197677e+00, 6.77054738e+01
2.21151240e-02, 9.49981449e-03, 9.78363373e-01, 2.16777588e-02, 9.19125069e-01, 2.19158693e-02, 3.21138351e+00, 6.77380432e+01
2.27359668e-02, 9.76352916e-03, 9.77769466e-01, 2.22740078e-02, 9.18528820e-01, 2.25254894e-02, 3.21077389e+00, 6.77715032e+01
2.33742387e-02, 1.00344803e-02, 9.77159637e-01, 2.28863116e-02, 9.17916516e-01, 2.31519099e-02, 3.21014746e+00, 6.78058777e+01
2.40304289e-02, 1.03128618e-02, 9.76533482e-01, 2.35150836e-02, 9.17287744e-01, 2.37955852e-02, 3.20950379e+00, 6.78411910e+01
2.47050406e-02, 1.05988725e-02, 9.75890584e-01, 2.41607467e-02, 9.16642081e-01, 2.44569816e-02, 3.20884239e+00, 6.78774680e+01
2.53985907e-02, 1.08927162e-02, 9.75230519e-01, 2.48237333e-02, 9.15979094e-01, 2.51365771e-02, 3.20816280e+00, 6.79147344e+01
2.61116110e-02, 1.11946019e-02, 9.74552855e-01, 2.55044860e-02, 9.15298342e-01, 2.58348627e-02, 3.20746451e+00, 6.79530162e+01
2.68446481e-02, 1.15047439e-02, 9.73857148e-01, 2.62034574e-02, 9.14599370e-01, 2.65523415e-02, 3.20674703e+00, 6.79923405e+01
2.75982639e-02, 1.18233619e-02, 9.73142944e-01, 2.69211104e-02, 9.13881717e-01, 2.72895300e-02, 3.20600984e+00, 6.80327347e+01
2.83730362e-02, 1.21506810e-02, 9.72409782e-01, 2.76579182e-02, 9.13144910e-01, 2.80469577e-02, 3.20525242e+00, 6.80742271e+01
2.91695588e-02, 1.24869320e-02, 9.71657189e-01, 2.84143646e-02, 9.12388463e-01, 2.88251680e-02, 3.20447421e+00, 6.81168466e+01
2.99884423e-02, 1.28323514e-02, 9.70884681e-01, 2.91909442e-02, 9.11611884e-01, 2.96247180e-02, 3.20367466e+00, 6.81606228e+01
3.08303146e-02, 1.31871818e-02, 9.70091766e-01, 2.99881623e-02, 9.10814665e-01, 3.04461790e-02, 3.20285320e+00, 6.82055863e+01
3.16958209e-02, 1.35516713e-02, 9.69277940e-01, 3.08065355e-02, 9.09996292e-01, 3.12901369e-02, 3.20200924e+00, 6.82517680e+01
3.25856248e-02, 1.39260747e-02, 9.68442690e-01, 3.16465914e-02, 9.09156236e-01, 3.21571927e-02, 3.20114218e+00, 6.82991999e+01
3.35004083e-02, 1.43106525e-02, 9.67585491e-01, 3.25088688e-02, 9.08293959e-01, 3.30479623e-02, 3.20025141e+00, 6.83479146e+01
3.44408728e-02, 1.47056720e-02, 9.66705808e-01, 3.33939183e-02, 9.07408909e-01, 3.39630773e-02, 3.19933630e+00, 6.83979457e+01
3.54077391e-02, 1.51114068e-02, 9.65803096e-01, 3.43023019e-02, 9.06500526e-01, 3.49031855e-02, 3.19839619e+00, 6.84493274e+01
3.64017485e-02, 1.55281370e-02, 9.64876798e-01, 3.52345933e-02, 9.05568234e-01, 3.58689504e-02, 3.19743042e+00, 6.85020948e+01
3.74236629e-02, 1.59561497e-02, 9.63926345e-01, 3.61913782e-02, 9.04611450e-01, 3.68610527e-02, 3.19643832e+00, 6.85562840e+01
3.84742658e-02, 1.63957388e-02, 9.62951161e-01, 3.71732543e-02, 9.03629573e-01, 3.78801898e-02, 3.19541918e+00, 6.86119317e+01
3.95543624e-02, 1.68472053e-02, 9.61950655e-01, 3.81808312e-02, 9.02621997e-01, 3.89270765e-02, 3.19437230e+00, 6.86690757e+01
4.06647809e-02, 1.73108570e-02, 9.60924227e-01, 3.92147310e-02, 9.01588097e-01, 4.00024454e-02, 3.19329693e+00, 6.87277546e+01
4.18063724e-02, 1.77870096e-02, 9.59871264e-01, 4.02755880e-02, 9.00527240e-01, 4.11070472e-02, 3.19219233e+00, 6.87880080e+01
4.29800121e-02, 1.82759856e-02, 9.58791145e-01, 4.13640488e-02, 8.99438779e-01, 4.22416511e-02, 3.19105772e+00, 6.88498764e+01
4.41865996e-02, 1.87781154e-02, 9.57683234e-01, 4.24807727e-02, 8.98322055e-01, 4.34070454e-02, 3.18989233e+00, 6.89134012e+01
4.54270599e-02, 1.92937372e-02, 9.56546887e-01, 4.36264316e-02, 8.97176396e-01, 4.46040373e-02, 3.18869534e+00, 6.89786250e+01
4.67023439e-02, 1.98231967e-02, 9.55381447e-01, 4.48017098e-02, 8.96001118e-01, 4.58334541e-02, 3.18746592e+00, 6.90455911e+01
4.80134292e-02, 2.03668477e-02, 9.54186246e-01, 4.60073045e-02, 8.94795523e-01, 4.70961429e-02, 3.18620323e+00, 6.91143441e+01
4.93613210e-02, 2.09250522e-02, 9.52960606e-01, 4.72439257e-02, 8.93558902e-01, 4.83929717e-02, 3.18490640e+00, 6.91849294e+01
5.07470524e-02, 2.14981804e-02, 9.51703836e-01, 4.85122961e-02, 8.92290532e-01, 4.97248289e-02, 3.18357455e+00, 6.92573938e+01
5.21716858e-02, 2.20866106e-02, 9.50415235e-01, 4.98131512e-02, 8.90989677e-01, 5.10926248e-02, 3.18220675e+00, 6.93317848e+01
5.36363132e-02, 2.26907300e-02, 9.49094092e-01, 5.11472393e-02, 8.89655588e-01, 5.24972912e-02, 3.18080208e+00, 6.94081514e+01
5.51420574e-02, 2.33109341e-02, 9.47739684e-01, 5.25153217e-02, 8.88287506e-01, 5.39397820e-02, 3.17935959e+00, 6.94865434e+01
5.66900727e-02, 2.39476274e-02, 9.46351277e-01, 5.39181722e-02, 8.86884656e-01, 5.54210739e-02, 3.17787830e+00, 6.95670121e+01
5.82815458e-02, 2.46012230e-02, 9.44928128e-01, 5.53565776e-02, 8.85446250e-01, 5.69421667e-02, 3.17635721e+00, 6.96496097e+01
5.99176967e-02, 2.52721433e-02, 9.43469482e-01, 5.68313374e-02, 8.83971490e-01, 5.85040836e-02, 3.17479529e+00, 6.97343898e+01
6.15997796e-02, 2.59608197e-02, 9.41974574e-01, 5.83432635e-02, 8.82459564e-01, 6.01078718e-02, 3.17319150e+00, 6.98214072e+01
6.33290840e-02, 2.66676928e-02, 9.40442630e-01, 5.98931805e-02, 8.80909647e-01, 6.17546029e-02, 3.17154477e+00, 6.99107179e+01
6.51069356e-02, 2.73932126e-02, 9.38872865e-01, 6.14819255e-02, 8.79320902e-01, 6.34453733e-02, 3.16985400e+00, 7.00023794e+01
6.69346971e-02, 2.81378388e-02, 9.37264486e-01, 6.31103478e-02, 8.77692480e-01, 6.51813046e-02, 3.16811807e+00, 7.00964503e+01
6.88137699e-02, 2.89020403e-02, 9.35616689e-01, 6.47793088e-02, 8.76023519e-01, 6.69635442e-02, 3.16633583e+00, 7.01929907e+01
7.07455942e-02, 2.96862961e-02, 9.33928662e-01, 6.64896820e-02, 8.74313146e-01, 6.87932658e-02, 3.16450611e+00, 7.02920621e+01
7.27316511e-02, 3.04910947e-02, 9.32199585e-01, 6.82423526e-02, 8.72560475e-01, 7.06716696e-02, 3.16262770e+00, 7.03937275e+01
7.47734631e-02, 3.13169348e-02, 9.30428629e-01, 7.00382173e-02, 8.70764610e-01, 7.25999828e-02, 3.16069939e+00, 7.04980512e+01
7.68725952e-02, 3.21643250e-02, 9.28614958e-01, 7.18781840e-02, 8.68924644e-01, 7.45794603e-02, 3.15871991e+00, 7.06050992e+01
7.90306568e-02, 3.30337838e-02, 9.26757728e-01, 7.37631719e-02, 8.67039656e-01, 7.66113849e-02, 3.15668799e+00, 7.07149388e+01
8.12493021e-02, 3.39258402e-02, 9.24856088e-01, 7.56941107e-02, 8.65108717e-01, 7.86970678e-02, 3.15460231e+00, 7.08276393e+01
8.35302320e-02, 3.48410332e-02, 9.22909182e-01, 7.76719404e-02, 8.63130887e-01, 8.08378491e-02, 3.15246153e+00, 7.09432712e+01
8.58751948e-02, 3.57799125e-02, 9.20916146e-01, 7.96976112e-02, 8.61105217e-01, 8.30350981e-02, 3.15026428e+00, 7.10619071e+01
8.82859884e-02, 3.67430377e-02, 9.18876114e-01, 8.17720827e-02, 8.59030745e-01, 8.52902142e-02, 3.14800916e+00, 7.11836210e+01
9.07644607e-02, 3.77309793e-02, 9.16788212e-01, 8.38963237e-02, 8.56906504e-01, 8.76046266e-02, 3.14569475e+00, 7.13084888e+01
9.33125118e-02, 3.87443182e-02, 9.14651565e-01, 8.60713118e-02, 8.54731516e-01, 8.99797954e-02, 3.14331958e+00, 7.14365884e+01
9.59320948e-02, 3.97836456e-02, 9.12465293e-01, 8.82980326e-02, 8.52504795e-01, 9.24172116e-02, 3.14088216e+00, 7.15679994e+01
9.86252179e-02, 4.08495636e-02, 9.10228514e-01, 9.05774795e-02, 8.50225348e-01, 9.49183978e-02, 3.13838098e+00, 7.17028036e+01
1.01393946e-01, 4.19426849e-02, 9.07940346e-01, 9.29106528e-02, 8.47892175e-01, 9.74849083e-02, 3.13581447e+00, 7.18410846e+01
1.04240401e-01, 4.30636326e-02, 9.05599903e-01, 9.52985592e-02, 8.45504268e-01, 1.00118330e-01, 3.13318104e+00, 7.19829284e+01
1.07166765e-01, 4.42130406e-02, 9.03206303e-01, 9.77422115e-02, 8.43060616e-01, 1.02820282e-01, 3.13047909e+00, 7.21284229e+01
1.10175281e-01, 4.53915533e-02, 9.00758661e-01, 1.00242627e-01, 8.40560201e-01, 1.05592418e-01, 3.12770696e+00, 7.22776585e+01
1.13268257e-01, 4.65998259e-02, 8.98256098e-01, 1.02800828e-01, 8.38002000e-01, 1.08436422e-01, 3.12486295e+00, 7.24307280e+01
1.16448062e-01, 4.78385241e-02, 8.95697735e-01, 1.05417839e-01, 8.35384988e-01, 1.11354015e-01, 3.12194536e+00, 7.25877264e+01
1.19717134e-01, 4.91083240e-02, 8.93082699e-01, 1.08094690e-01, 8.32708138e-01, 1.14346951e-01, 3.11895242e+00, 7.27487517e+01
1.23077980e-01, 5.04099123e-02, 8.90410121e-01, 1.10832409e-01, 8.29970419e-01, 1.17417018e-01, 3.11588236e+00, 7.29139044e+01
1.26533176e-01, 5.17439860e-02, 8.87679139e-01, 1.13632027e-01, 8.27170801e-01, 1.20566040e-01, 3.11273333e+00, 7.30832876e+01
1.30085370e-01, 5.31112527e-02, 8.84888900e-01, 1.16494575e-01, 8.24308253e-01, 1.23795875e-01, 3.10950350e+00, 7.32570077e+01
1.33737286e-01, 5.45124297e-02, 8.82038557e-01, 1.19421082e-01, 8.21381746e-01, 1.27108416e-01, 3.10619096e+00, 7.34351741e+01
1.37491723e-01, 5.59482450e-02, 8.79127276e-01, 1.22412574e-01, 8.18390253e-01, 1.30505593e-01, 3.10279378e+00, 7.36178994e+01
1.41351558e-01, 5.74194362e-02, 8.76154234e-01, 1.25470077e-01, 8.15332751e-01, 1.33989372e-01, 3.09931000e+00, 7.38052996e+01
1.45319752e-01, 5.89267507e-02, 8.73118619e-01, 1.28594607e-01, 8.12208220e-01, 1.37561753e-01, 3.09573762e+00, 7.39974945e+01
1.49399346e-01, 6.04709458e-02, 8.70019635e-01, 1.31787179e-01, 8.09015648e-01, 1.41224774e-01, 3.09207460e+00, 7.41946073e+01
1.53593468e-01, 6.20527881e-02, 8.66856504e-01, 1.35048798e-01, 8.05754030e-01, 1.44980509e-01, 3.08831887e+00, 7.43967657e+01
1.57905331e-01, 6.36730536e-02, 8.63628462e-01, 1.38380461e-01, 8.02422367e-01, 1.48831068e-01, 3.08446831e+00, 7.46041012e+01
1.62338243e-01, 6.53325272e-02, 8.60334766e-01, 1.41783154e-01, 7.99019674e-01, 1.52778598e-01, 3.08052078e+00, 7.48167501e+01
1.66895601e-01, 6.70320026e-02, 8.56974693e-01, 1.45257853e-01, 7.95544975e-01, 1.56825282e-01, 3.07647409e+00, 7.50348533e+01
1.71580899e-01, 6.87722823e-02, 8.53547545e-01, 1.48805520e-01, 7.91997308e-01, 1.60973340e-01, 3.07232603e+00, 7.52585567e+01
1.76397728e-01, 7.05541769e-02, 8.50052645e-01, 1.52427101e-01, 7.88375726e-01, 1.65225029e-01, 3.06807435e+00, 7.54880116e+01
1.81349780e-01, 7.23785049e-02, 8.46489343e-01, 1.56123529e-01, 7.84679299e-01, 1.69582639e-01, 3.06371674e+00, 7.57233750e+01
1.86440853e-01, 7.42460926e-02, 8.42857018e-01, 1.59895715e-01, 7.80907113e-01, 1.74048500e-01, 3.05925087e+00, 7.59648098e+01
1.91674849e-01, 7.61577735e-02, 8.39155077e-01, 1.63744551e-01, 7.77058277e-01, 1.78624976e-01, 3.05467440e+00, 7.62124854e+01
1.97055780e-01, 7.81143880e-02, 8.35382959e-01, 1.67670907e-01, 7.73131921e-01, 1.83314465e-01, 3.04998491e+00, 7.64665780e+01
2.02587771e-01, 8.01167833e-02, 8.31540137e-01, 1.71675629e-01, 7.69127198e-01, 1.88119404e-01, 3.04517997e+00, 7.67272712e+01
2.08275063e-01, 8.21658124e-02, 8.27626118e-01, 1.75759538e-01, 7.65043290e-01, 1.93042260e-01, 3.04025711e+00, 7.69947561e+01
2.14122015e-01, 8.42623342e-02, 8.23640447e-01, 1.79923424e-01, 7.60879403e-01, 1.98085536e-01, 3.03521384e+00, 7.72692323e+01
2.20133111e-01, 8.64072127e-02, 8.19582709e-01, 1.84168050e-01, 7.56634778e-01, 2.03251768e-01, 3.03004761e+00, 7.75509080e+01
2.26312957e-01, 8.86013169e-02, 8.15452527e-01, 1.88494142e-01, 7.52308685e-01, 2.08543525e-01, 3.02475585e+00, 7.78400011e+01
2.32666291e-01, 9.08455198e-02, 8.11249571e-01, 1.92902395e-01, 7.47900432e-01, 2.13963405e-01, 3.01933597e+00, 7.81367393e+01
2.39197984e-01, 9.31406982e-02, 8.06973553e-01, 1.97393464e-01, 7.43409363e-01, 2.19514039e-01, 3.01378534e+00, 7.84413611e+01
2.45913043e-01, 9.54877322e-02, 8.02624233e-01, 2.01967965e-01, 7.38834863e-01, 2.25198086e-01, 3.00810129e+00, 7.87541165e+01
2.52816614e-01, 9.78875042e-02, 7.98201419e-01, 2.06626470e-01, 7.34176357e-01, 2.31018233e-01, 3.00228114e+00, 7.90752677e+01
2.59913992e-01, 1.00340899e-01, 7.93704972e-01, 2.11369507e-01, 7.29433320e-01, 2.36977193e-01, 2.99632218e+00, 7.94050901e+01
2.67210616e-01, 1.02848802e-01, 7.89134803e-01, 2.16197556e-01, 7.24605272e-01, 2.43077704e-01, 2.99022167e+00, 7.97438729e+01
2.74712079e-01, 1.05412101e-01, 7.84490880e-01, 2.21111044e-01, 7.19691784e-01, 2.49322526e-01, 2.98397685e+00, 8.00919203e+01
2.82424133e-01, 1.08031682e-01, 7.79773224e-01, 2.26110346e-01, 7.14692481e-01, 2.55714440e-01, 2.97758493e+00, 8.04495523e+01
2.90352688e-01, 1.10708431e-01, 7.74981917e-01, 2.31195780e-01, 7.09607048e-01, 2.62256247e-01, 2.97104313e+00, 8.08171061e+01
2.98503825e-01, 1.13443233e-01, 7.70117100e-01, 2.36367603e-01, 7.04435224e-01, 2.68950763e-01, 2.96434861e+00, 8.11949370e+01
3.06883789e-01, 1.16236971e-01, 7.65178976e-01, 2.41626010e-01, 6.99176818e-01, 2.75800816e-01, 2.95749856e+00, 8.15834194e+01
3.15499006e-01, 1.19090524e-01, 7.60167811e-01, 2.46971128e-01, 6.93831699e-01, 2.82809245e-01, 2.95049013e+00, 8.19829486e+01
3.24356081e-01, 1.22004770e-01, 7.55083934e-01, 2.52403017e-01, 6.88399811e-01, 2.89978897e-01, 2.94332048e+00, 8.23939417e+01
3.33461802e-01, 1.24980579e-01, 7.49927744e-01, 2.57921660e-01, 6.82881167e-01, 2.97312622e-01, 2.93598675e+00, 8.28168393e+01
3.42823149e-01, 1.28018820e-01, 7.44699703e-01, 2.63526968e-01, 6.77275860e-01, 3.04813268e-01, 2.92848611e+00, 8.32521068e+01
3.52447300e-01, 1.31120351e-01, 7.39400345e-01, 2.69218768e-01, 6.71584059e-01, 3.12483682e-01, 2.92081569e+00, 8.37002362e+01
3.62341632e-01, 1.34286029e-01, 7.34030273e-01, 2.74996807e-01, 6.65806021e-01, 3.20326698e-01, 2.91297268e+00, 8.41617477e+01
3.72513730e-01, 1.37516698e-01, 7.28590161e-01, 2.80860741e-01, 6.59942087e-01, 3.28345139e-01, 2.90495424e+00, 8.46371912e+01
3.82971391e-01, 1.40813196e-01, 7.23080757e-01, 2.86810138e-01, 6.53992690e-01, 3.36541807e-01, 2.89675757e+00, 8.51271485e+01
3.93722633e-01, 1.44176353e-01, 7.17502878e-01, 2.92844470e-01, 6.47958357e-01, 3.44919481e-01, 2.88837989e+00, 8.56322351e+01
4.04775697e-01, 1.47606985e-01, 7.11857418e-01, 2.98963113e-01, 6.41839715e-01, 3.53480908e-01, 2.87981847e+00, 8.61531019e+01
4.16139055e-01, 1.51105900e-01, 7.06145344e-01, 3.05165338e-01, 6.35637490e-01, 3.62228798e-01, 2.87107058e+00, 8.66904379e+01
4.27821420e-01, 1.54673893e-01, 7.00367697e-01, 3.11450311e-01, 6.29352517e-01, 3.71165817e-01, 2.86213356e+00, 8.72449715e+01
4.39831747e-01, 1.58311745e-01, 6.94525595e-01, 3.17817091e-01, 6.22985737e-01, 3.80294579e-01, 2.85300480e+00, 8.78174738e+01
4.52179242e-01, 1.62020224e-01, 6.88620228e-01, 3.24264621e-01, 6.16538207e-01, 3.89617642e-01, 2.84368173e+00, 8.84087599e+01
4.64873371e-01, 1.65800084e-01, 6.82652863e-01, 3.30791729e-01, 6.10011098e-01, 3.99137494e-01, 2.83416188e+00, 8.90196919e+01
4.77923865e-01, 1.69652062e-01, 6.76624841e-01, 3.37397124e-01, 6.03405704e-01, 4.08856547e-01, 2.82444283e+00, 8.96511811e+01
4.91340729e-01, 1.73576879e-01, 6.70537578e-01, 3.44079388e-01, 5.96723440e-01, 4.18777130e-01, 2.81452224e+00, 9.03041908e+01
5.05134247e-01, 1.77575238e-01, 6.64392563e-01, 3.50836979e-01, 5.89965849e-01, 4.28901477e-01, 2.80439790e+00, 9.09797385e+01
5.19314994e-01, 1.81647824e-01, 6.58191359e-01, 3.57668224e-01, 5.83134603e-01, 4.39231718e-01, 2.79406766e+00, 9.16788988e+01
5.33893840e-01, 1.85795303e-01, 6.51935600e-01, 3.64571320e-01, 5.76231508e-01, 4.49769868e-01, 2.78352951e+00, 9.24028061e+01
5.48881961e-01, 1.90018322e-01, 6.45626991e-01, 3.71544324e-01, 5.69258504e-01, 4.60517817e-01, 2.77278156e+00, 9.31526573e+01
5.64290847e-01, 1.94317504e-01, 6.39267309e-01, 3.78585158e-01, 5.62217669e-01, 4.71477319e-01, 2.76182206e+00, 9.39297141e+01
5.80132310e-01, 1.98693454e-01, 6.32858396e-01, 3.85691605e-01, 5.55111222e-01, 4.82649983e-01, 2.75064939e+00, 9.47353067e+01
5.96418495e-01, 2.03146750e-01, 6.26402164e-01, 3.92861305e-01, 5.47941523e-01, 4.94037255e-01, 2.73926212e+00, 9.55708358e+01
6.13161884e-01, 2.07677952e-01, 6.19900588e-01, 4.00091755e-01, 5.40711073e-01, 5.05640414e-01, 2.72765896e+00, 9.64377758e+01
6.30375315e-01, 2.12287591e-01, 6.13355704e-01, 4.07380309e-01, 5.33422519e-01, 5.17460554e-01, 2.71583882e+00, 9.73376772e+01
6.48071983e-01, 2.16976176e-01, 6.06769614e-01, 4.14724177e-01, 5.26078651e-01, 5.29498576e-01, 2.70380080e+00, 9.82721701e+01
6.66265452e-01, 2.21744190e-01, 6.00144472e-01, 4.22120426e-01, 5.18682402e-01, 5.41755174e-01, 2.69154420e+00, 9.92429661e+01
6.84969672e-01, 2.26592088e-01, 5.93482492e-01, 4.29565977e-01, 5.11236851e-01, 5.54230824e-01, 2.67906855e+00, 1.00251862e+02
7.04198979e-01, 2.31520301e-01, 5.86785940e-01, 4.37057614e-01, 5.03745214e-01, 5.66925773e-01, 2.66637360e+00, 1.01300740e+02
7.23968114e-01, 2.36529229e-01, 5.80057132e-01, 4.44591977e-01, 4.96210851e-01, 5.79840024e-01, 2.65345935e+00, 1.02391576e+02
7.44292233e-01, 2.41619247e-01, 5.73298431e-01, 4.52165571e-01, 4.88637256e-01, 5.92973332e-01, 2.64032604e+00, 1.03526434e+02
7.65186915e-01, 2.46790700e-01, 5.66512244e-01, 4.59774770e-01, 4.81028058e-01, 6.06325186e-01, 2.62697419e+00, 1.04707476e+02
7.86668179e-01, 2.52043903e-01, 5.59701019e-01, 4.67415816e-01, 4.73387012e-01, 6.19894804e-01, 2.61340457e+00, 1.05936961e+02
8.08752491e-01, 2.57379142e-01, 5.52867241e-01, 4.75084828e-01, 4.65718000e-01, 6.33681123e-01, 2.59961825e+00, 1.07217246e+02
8.31456781e-01, 2.62796674e-01, 5.46013431e-01, 4.82777808e-01, 4.58025020e-01, 6.47682791e-01, 2.58561658e+00, 1.08550792e+02
8.54798453e-01, 2.68296725e-01, 5.39142136e-01, 4.90490647e-01, 4.50312181e-01, 6.61898157e-01, 2.57140122e+00, 1.09940164e+02
8.78795401e-01, 2.73879488e-01, 5.32255933e-01, 4.98219134e-01, 4.42583694e-01, 6.76325271e-01, 2.55697410e+00, 1.11388031e+02
9.03466021e-01, 2.79545129e-01, 5.25357421e-01, 5.05958960e-01, 4.34843868e-01, 6.90961873e-01, 2.54233750e+00, 1.12897175e+02
9.28829225e-01, 2.85293778e-01, 5.18449216e-01, 5.13705735e-01, 4.27097093e-01, 7.05805393e-01, 2.52749398e+00, 1.14470484e+02
9.54904456e-01, 2.91125536e-01, 5.11533951e-01, 5.21454990e-01, 4.19347838e-01, 7.20852949e-01, 2.51244643e+00, 1.16110962e+02
9.81711702e-01, 2.97040474e-01, 5.04614268e-01, 5.29202194e-01, 4.11600634e-01, 7.36101344e-01, 2.49719803e+00, 1.17821725e+02
1.00927151e+00, 3.03038627e-01, 4.97692817e-01, 5.36942762e-01, 4.03860065e-01, 7.51547072e-01, 2.48175230e+00, 1.19606007e+02
1.03760502e+00, 3.09120002e-01, 4.90772250e-01, 5.44672071e-01, 3.96130756e-01, 7.67186314e-01, 2.46611306e+00, 1.21467160e+02
1.06673394e+00, 3.15284571e-01, 4.83855218e-01, 5.52385468e-01, 3.88417360e-01, 7.83014948e-01, 2.45028443e+00, 1.23408658e+02
1.09668060e+00, 3.21532276e-01, 4.76944367e-01, 5.60078286e-01, 3.80724542e-01, 7.99028555e-01, 2.43427082e+00, 1.25434097e+02
1.12746796e+00, 3.27863028e-01, 4.70042332e-01, 5.67745858e-01, 3.73056970e-01, 8.15222421e-01, 2.41807695e+00, 1.27547197e+02
1.15911962e+00, 3.34276704e-01, 4.63151736e-01, 5.75383530e-01, 3.65419297e-01, 8.31591554e-01, 2.40170782e+00, 1.29751806e+02
1.19165984e+00, 3.40773150e-01, 4.56275185e-01, 5.82986676e-01, 3.57816151e-01, 8.48130689e-01, 2.38516869e+00, 1.32051905e+02
1.22511358e+00, 3.47352184e-01, 4.49415262e-01, 5.90550712e-01, 3.50252116e-01, 8.64834305e-01, 2.36846507e+00, 1.34451605e+02
1.25950646e+00, 3.54013588e-01, 4.42574525e-01, 5.98071108e-01, 3.42731720e-01, 8.81696636e-01, 2.35160274e+00, 1.36955154e+02
1.29486487e+00, 3.60757118e-01, 4.35755505e-01, 6.05543406e-01, 3.35259422e-01, 8.98711687e-01, 2.33458769e+00, 1.39566941e+02
1.33121590e+00, 3.67582497e-01, 4.28960698e-01, 6.12963230e-01, 3.27839597e-01, 9.15873254e-01, 2.31742612e+00, 1.42291497e+02
1.36858742e+00, 3.74489419e-01, 4.22192565e-01, 6.20326304e-01, 3.20476524e-01, 9.33174934e-01, 2.30012444e+00, 1.45133501e+02
1.40700809e+00, 3.81477549e-01, 4.15453528e-01, 6.27628458e-01, 3.13174370e-01, 9.50610152e-01, 2.28268922e+00, 1.48097785e+02
1.44650734e+00, 3.88546523e-01, 4.08745964e-01, 6.34865646e-01, 3.05937182e-01, 9.68172174e-01, 2.26512720e+00, 1.51189339e+02
1.48711546e+00, 3.95695948e-01, 4.02072206e-01, 6.42033955e-01, 2.98768873e-01, 9.85854129e-01, 2.24744525e+00, 1.54413314e+02
1.52886359e+00, 4.02925403e-01, 3.95434536e-01, 6.49129616e-01, 2.91673212e-01, 1.00364903e+00, 2.22965034e+00, 1.57775032e+02
1.57178372e+00, 4.10234442e-01, 3.88835186e-01, 6.56149014e-01, 2.84653814e-01, 1.02154979e+00, 2.21174958e+00, 1.61279988e+02
1.61590875e+00, 4.17622591e-01, 3.82276331e-01, 6.63088697e-01, 2.77714131e-01, 1.03954926e+00, 2.19375012e+00, 1.64933864e+02
1.66127252e+00, 4.25089350e-01, 3.75760089e-01, 6.69945383e-01, 2.70857445e-01, 1.05764021e+00, 2.17565917e+00, 1.68742530e+02
1.70790980e+00, 4.32634194e-01, 3.69288519e-01, 6.76715967e-01, 2.64086860e-01, 1.07581539e+00, 2.15748398e+00, 1.72712055e+02
1.75585633e+00, 4.40256573e-01, 3.62863618e-01, 6.83397529e-01, 2.57405299e-01, 1.09406753e+00, 2.13923184e+00, 1.76848718e+02
1.80514888e+00, 4.47955916e-01, 3.56487318e-01, 6.89987333e-01, 2.50815494e-01, 1.11238937e+00, 2.12091000e+00, 1.81159015e+02
1.85582523e+00, 4.55731626e-01, 3.50161484e-01, 6.96482839e-01, 2.44319989e-01, 1.13077365e+00, 2.10252572e+00, 1.85649672e+02
1.90792422e+00, 4.63583085e-01, 3.43887915e-01, 7.02881697e-01, 2.37921131e-01, 1.14921317e+00, 2.08408621e+00, 1.90327654e+02
1.96148581e+00, 4.71509656e-01, 3.37668341e-01, 7.09181754e-01, 2.31621074e-01, 1.16770075e+00, 2.06559862e+00, 1.95200177e+02
2.01655104e+00, 4.79510678e-01, 3.31504419e-01, 7.15381054e-01, 2.25421774e-01, 1.18622932e+00, 2.04707005e+00, 2.00274721e+02
2.07316213e+00, 4.87585472e-01, 3.25397736e-01, 7.21477835e-01, 2.19324992e-01, 1.20479186e+00, 2.02850751e+00, 2.05559046e+02
2.13136247e+00, 4.95733342e-01, 3.19349807e-01, 7.27470531e-01, 2.13332297e-01, 1.22338146e+00, 2.00991791e+00, 2.11061201e+02
2.19119669e+00, 5.03953573e-01, 3.13362070e-01, 7.33357766e-01, 2.07445062e-01, 1.24199131e+00, 1.99130806e+00, 2.16789541e+02
2.25271064e+00, 5.12245431e-01, 3.07435893e-01, 7.39138354e-01, 2.01664474e-01, 1.26061473e+00, 1.97268464e+00, 2.22752745e+02
2.31595149e+00, 5.20608169e-01, 3.01572566e-01, 7.44811295e-01, 1.95991532e-01, 1.27924515e+00, 1.95405422e+00, 2.28959825e+02
2.38096772e+00, 5.29041024e-01, 2.95773306e-01, 7.50375771e-01, 1.90427056e-01, 1.29787615e+00, 1.93542322e+00, 2.35420153e+02
2.44780916e+00, 5.37543219e-01, 2.90039255e-01, 7.55831140e-01, 1.84971688e-01, 1.31650145e+00, 1.91679793e+00, 2.42143469e+02
2.51652705e+00, 5.46113963e-01, 2.84371479e-01, 7.61176929e-01, 1.79625899e-01, 1.33511491e+00, 1.89818447e+00, 2.49139904e+02
2.58717408e+00, 5.54752453e-01, 2.78770971e-01, 7.66412833e-01, 1.74389995e-01, 1.35371056e+00, 1.87958882e+00, 2.56419999e+02
2.65980440e+00, 5.63457874e-01, 2.73238647e-01, 7.71538706e-01, 1.69264122e-01, 1.37228258e+00, 1.86101680e+00, 2.63994725e+02
2.73447368e+00, 5.72229403e-01, 2.67775351e-01, 7.76554554e-01, 1.64248274e-01, 1.39082531e+00, 1.84247406e+00, 2.71875502e+02
2.81123917e+00, 5.81066203e-01, 2.62381854e-01, 7.81460528e-01, 1.59342299e-01, 1.40933328e+00, 1.82396609e+00, 2.80074221e+02
2.89015972e+00, 5.89967432e-01, 2.57058854e-01, 7.86256921e-01, 1.54545906e-01, 1.42780116e+00, 1.80549822e+00, 2.88603266e+02
2.97129582e+00, 5.98932239e-01, 2.51806978e-01, 7.90944157e-01, 1.49858671e-01, 1.44622379e+00, 1.78707559e+00, 2.97475539e+02
3.05470967e+00, 6.07959763e-01, 2.46626782e-01, 7.95522783e-01, 1.45280044e-01, 1.46459620e+00, 1.76870318e+00, 3.06704482e+02
3.14046522e+00, 6.17049141e-01, 2.41518754e-01, 7.99993468e-01, 1.40809359e-01, 1.48291357e+00, 1.75038581e+00, 3.16304100e+02
3.22862820e+00, 6.26199502e-01, 2.36483311e-01, 8.04356990e-01, 1.36445838e-01, 1.50117126e+00, 1.73212812e+00, 3.26288993e+02
3.31926620e+00, 6.35409971e-01, 2.31520808e-01, 8.08614231e-01, 1.32188597e-01, 1.51936479e+00, 1.71393459e+00, 3.36674375e+02
3.41244871e+00, 6.44679670e-01, 2.26631530e-01, 8.12766170e-01, 1.28036658e-01, 1.53748985e+00, 1.69580952e+00, 3.47476108e+02
3.50824714e+00, 6.54007716e-01, 2.21815701e-01, 8.16813876e-01, 1.23988951e-01, 1.55554231e+00, 1.67775706e+00, 3.58710725e+02
3.60673495e+00, 6.63393226e-01, 2.17073483e-01, 8.20758504e-01, 1.20044324e-01, 1.57351818e+00, 1.65978120e+00, 3.70395465e+02
3.70798763e+00, 6.72835313e-01, 2.12404976e-01, 8.24601282e-01, 1.16201546e-01, 1.59141363e+00, 1.64188574e+00, 3.82548301e+02
3.81208280e+00, 6.82333091e-01, 2.07810223e-01, 8.28343512e-01, 1.12459316e-01, 1.60922502e+00, 1.62407436e+00, 3.95187972e+02
3.91910025e+00, 6.91885673e-01, 2.03289209e-01, 8.31986559e-01, 1.08816269e-01, 1.62694882e+00, 1.60635056e+00, 4.08334017e+02
4.02912203e+00, 7.01492174e-01, 1.98841864e-01, 8.35531846e-01, 1.05270981e-01, 1.64458168e+00, 1.58871769e+00, 4.22006810e+02
4.14223247e+00, 7.11151707e-01, 1.94468065e-01, 8.38980851e-01, 1.01821977e-01, 1.66212040e+00, 1.57117897e+00, 4.36227596e+02
4.25851829e+00, 7.20863389e-01, 1.90167637e-01, 8.42335096e-01, 9.84677312e-02, 1.67956193e+00, 1.55373745e+00, 4.51018525e+02
4.37806863e+00, 7.30626340e-01, 1.85940357e-01, 8.45596148e-01, 9.52066796e-02, 1.69690334e+00, 1.53639604e+00, 4.66402695e+02
4.50097513e+00, 7.40439681e-01, 1.81785952e-01, 8.48765608e-01, 9.20372194e-02, 1.71414186e+00, 1.51915752e+00, 4.82404191e+02
4.62733201e+00, 7.50302539e-01, 1.77704105e-01, 8.51845111e-01, 8.89577164e-02, 1.73127485e+00, 1.50202452e+00, 4.99048125e+02
4.75723614e+00, 7.60214043e-01, 1.73694456e-01, 8.54836319e-01, 8.59665089e-02, 1.74829981e+00, 1.48499957e+00, 5.16360683e+02
4.89078709e+00, 7.70173327e-01, 1.69756602e-01, 8.57740915e-01, 8.30619125e-02, 1.76521436e+00, 1.46808501e+00, 5.34369167e+02
5.02808725e+00, 7.80179530e-01, 1.65890100e-01, 8.60560604e-01, 8.02422241e-02, 1.78201626e+00, 1.45128311e+00, 5.53102043e+02
5.16924187e+00, 7.90231798e-01, 1.62094471e-01, 8.63297102e-01, 7.75057256e-02, 1.79870339e+00, 1.43459598e+00, 5.72588993e+02
5.31435916e+00, 8.00329281e-01, 1.58369199e-01, 8.65952140e-01, 7.48506880e-02, 1.81527374e+00, 1.41802563e+00, 5.92860960e+02
5.46355035e+00, 8.10471136e-01, 1.54713732e-01, 8.68527453e-01, 7.22753747e-02, 1.83172544e+00, 1.40157394e+00, 6.13950210e+02
5.61692982e+00, 8.20656529e-01, 1.51127491e-01, 8.71024783e-01, 6.97780451e-02, 1.84805670e+00, 1.38524267e+00, 6.35890377e+02
5.77461515e+00, 8.30884629e-01, 1.47609861e-01, 8.73445870e-01, 6.73569572e-02, 1.86426588e+00, 1.36903349e+00, 6.58716532e+02
5.93672722e+00, 8.41154616e-01, 1.44160202e-01, 8.75792457e-01, 6.50103711e-02, 1.88035143e+00, 1.35294794e+00, 6.82465231e+02
6.10339029e+00, 8.51465677e-01, 1.40777848e-01, 8.78066277e-01, 6.27365512e-02, 1.89631191e+00, 1.33698746e+00, 7.07174590e+02
6.27473213e+00, 8.61817006e-01, 1.37462106e-01, 8.80269059e-01, 6.05337690e-02, 1.91214597e+00, 1.32115340e+00, 7.32884340e+02
6.45088409e+00, 8.72207807e-01, 1.34212261e-01, 8.82402522e-01, 5.84003056e-02, 1.92785238e+00, 1.30544699e+00, 7.59635903e+02
6.63198120e+00, 8.82637292e-01, 1.31027576e-01, 8.84468374e-01, 5.63344535e-02, 1.94343000e+00, 1.28986938e+00, 7.87472455e+02
6.81816229e+00, 8.93104682e-01, 1.27907296e-01, 8.86468309e-01, 5.43345190e-02, 1.95887777e+00, 1.27442161e+00, 8.16439008e+02
7.00957009e+00, 9.03609206e-01, 1.24850646e-01, 8.88404004e-01, 5.23988236e-02, 1.97419473e+00, 1.25910464e+00, 8.46582483e+02
7.20635132e+00, 9.14150106e-01, 1.21856835e-01, 8.90277121e-01, 5.05257064e-02, 1.98938003e+00, 1.24391934e+00, 8.77951788e+02
7.40865683e+00, 9.24726629e-01, 1.18925058e-01, 8.92089303e-01, 4.87135248e-02, 2.00443288e+00, 1.22886650e+00, 9.10597906e+02
7.61664172e+00, 9.35338035e-01, 1.16054495e-01, 8.93842171e-01, 4.69606569e-02, 2.01935257e+00, 1.21394680e+00, 9.44573982e+02
7.83046540e+00, 9.45983593e-01, 1.13244314e-01, 8.95537326e-01, 4.52655017e-02, 2.03413850e+00, 1.19916087e+00, 9.79935410e+02
8.05029181e+00, 9.56662583e-01, 1.10493675e-01, 8.97176346e-01, 4.36264813e-02, 2.04879012e+00, 1.18450926e+00, 1.01673993e+03
8.27628946e+00, 9.67374292e-01, 1.07801724e-01, 8.98760786e-01, 4.20420413e-02, 2.06330696e+00, 1.16999241e+00, 1.05504773e+03
8.50863158e+00, 9.78118021e-01, 1.05167604e-01, 9.00292176e-01, 4.05106518e-02, 2.07768864e+00, 1.15561073e+00, 1.09492155e+03
8.74749630e+00, 9.88893079e-01, 1.02590447e-01, 9.01772019e-01, 3.90308086e-02, 2.09193484e+00, 1.14136453e+00, 1.13642678e+03
8.99306672e+00, 9.99698787e-01, 1.00069381e-01, 9.03201794e-01, 3.76010335e-02, 2.10604531e+00, 1.12725407e+00, 1.17963157e+03
9.24553110e+00, 1.01053448e+00, 9.76035298e-02, 9.04582953e-01, 3.62198749e-02, 2.12001985e+00, 1.11327952e+00, 1.22460697e+03
9.50508296e+00, 1.02139949e+00, 9.51920136e-02, 9.05916919e-01, 3.48859088e-02, 2.13385835e+00, 1.09944102e+00, 1.27142703e+03
9.77192128e+00, 1.03229317e+00, 9.28339498e-02, 9.07205089e-01, 3.35977388e-02, 2.14756076e+00, 1.08573862e+00, 1.32016893e+03
1.00462506e+01, 1.04321489e+00, 9.05284548e-02, 9.08448831e-01, 3.23539967e-02, 2.16112706e+00, 1.07217232e+00, 1.37091312e+03
1.03282813e+01, 1.05416402e+00, 8.82746444e-02, 9.09649485e-01, 3.11533426e-02, 2.17455732e+00, 1.05874206e+00, 1.42374345e+03
1.06182294e+01, 1.06513995e+00, 8.60716349e-02, 9.10808363e-01, 2.99944652e-02, 2.18785165e+00, 1.04544773e+00, 1.47874733e+03
1.09163173e+01, 1.07614206e+00, 8.39185439e-02, 9.11926746e-01, 2.88760820e-02, 2.20101021e+00, 1.03228917e+00, 1.53601584e+03
1.12227736e+01, 1.08716977e+00, 8.18144912e-02, 9.13005888e-01, 2.77969395e-02, 2.21403322e+00, 1.01926616e+00, 1.59564394e+03
1.15378330e+01, 1.09822248e+00, 7.97585995e-02, 9.14047015e-01, 2.67558128e-02, 2.22692094e+00, 1.00637843e+00, 1.65773059e+03
1.18617372e+01, 1.10929963e+00, 7.77499950e-02, 9.15051322e-01, 2.57515060e-02, 2.23967369e+00, 9.93625681e-01, 1.72237896e+03
1.21947344e+01, 1.12040065e+00, 7.57878084e-02, 9.16019976e-01, 2.47828520e-02, 2.25229183e+00, 9.81007546e-01, 1.78969654e+03
1.25370799e+01, 1.13152499e+00, 7.38711753e-02, 9.16954116e-01, 2.38487122e-02, 2.26477575e+00, 9.68523626e-01, 1.85979542e+03
1.28890361e+01, 1.14267211e+00, 7.19992367e-02, 9.17854851e-01, 2.29479765e-02, 2.27712589e+00, 9.56173480e-01, 1.93279239e+03
1.32508729e+01, 1.15384147e+00, 7.01711401e-02, 9.18723265e-01, 2.20795631e-02, 2.28934275e+00, 9.43956628e-01, 2.00880919e+03
1.36228676e+01, 1.16503255e+00, 6.83860392e-02, 9.19560409e-01, 2.12424184e-02, 2.30142683e+00, 9.31872549e-01, 2.08797273e+03
1.40053055e+01, 1.17624484e+00, 6.66430952e-02, 9.20367312e-01, 2.04355162e-02, 2.31337868e+00, 9.19920690e-01, 2.17041527e+03
1.43984795e+01, 1.18747784e+00, 6.49414767e-02, 9.21144970e-01, 1.96578579e-02, 2.32519891e+00, 9.08100460e-01, 2.25627467e+03
1.48026913e+01, 1.19873106e+00, 6.32803605e-02, 9.21894356e-01, 1.89084721e-02, 2.33688814e+00, 8.96411237e-01, 2.34569461e+03
1.52182505e+01, 1.21000400e+00, 6.16589316e-02, 9.22616414e-01, 1.81864140e-02, 2.34844701e+00, 8.84852369e-01, 2.43882487e+03
1.56454759e+01, 1.22129622e+00, 6.00763839e-02, 9.23312063e-01, 1.74907651e-02, 2.35987620e+00, 8.73423172e-01, 2.53582156e+03
1.60846948e+01, 1.23260723e+00, 5.85319205e-02, 9.23982195e-01, 1.68206331e-02, 2.37117644e+00, 8.62122936e-01, 2.63684739e+03
1.65362441e+01, 1.24393658e+00, 5.70247538e-02, 9.24627677e-01, 1.61751510e-02, 2.38234845e+00, 8.50950921e-01, 2.74207195e+03
1.70004698e+01, 1.25528384e+00, 5.55541057e-02, 9.25249351e-01, 1.55534770e-02, 2.39339301e+00, 8.39906367e-01, 2.85167201e+03
1.74777277e+01, 1.26664856e+00, 5.41192085e-02, 9.25848034e-01, 1.49547939e-02, 2.40431089e+00, 8.28988485e-01, 2.96583184e+03
1.79683839e+01, 1.27803033e+00, 5.27193041e-02, 9.26424519e-01, 1.43783088e-02, 2.41510291e+00, 8.18196466e-01, 3.08474348e+03
1.84728144e+01, 1.28942872e+00, 5.13536452e-02, 9.26979575e-01, 1.38232525e-02, 2.42576989e+00, 8.07529481e-01, 3.20860711e+03
1.89914058e+01, 1.30084334e+00, 5.00214947e-02, 9.27513949e-01, 1.32888788e-02, 2.43631270e+00, 7.96986679e-01, 3.33763138e+03
1.95245558e+01, 1.31227377e+00, 4.87221263e-02, 9.28028363e-01, 1.27744647e-02, 2.44673218e+00, 7.86567192e-01, 3.47203376e+03
2.00726730e+01, 1.32371963e+00, 4.74548245e-02, 9.28523519e-01, 1.22793091e-02, 2.45702924e+00, 7.76270132e-01, 3.61204095e+03
2.06361777e+01, 1.33518054e+00, 4.62188846e-02, 9.29000095e-01, 1.18027329e-02, 2.46720478e+00, 7.66094597e-01, 3.75788922e+03
2.12155017e+01, 1.34665613e+00, 4.50136131e-02, 9.29458750e-01, 1.13440781e-02, 2.47725971e+00, 7.56039669e-01, 3.90982486e+03
2.18110892e+01, 1.35814602e+00, 4.38383275e-02, 9.29900120e-01, 1.09027078e-02, 2.48719496e+00, 7.46104416e-01, 4.06810456e+03
2.24233968e+01, 1.36964988e+00, 4.26923562e-02, 9.30324823e-01, 1.04780050e-02, 2.49701148e+00, 7.36287894e-01, 4.23299591e+03
2.30528939e+01, 1.38116734e+00, 4.15750390e-02, 9.30733455e-01, 1.00693728e-02, 2.50671023e+00, 7.26589144e-01, 4.40477779e+03
2.37000629e+01, 1.39269806e+00, 4.04857268e-02, 9.31126594e-01, 9.67623346e-03, 2.51629218e+00, 7.17007199e-01, 4.58374093e+03
2.43654001e+01, 1.40424172e+00, 3.94237819e-02, 9.31504800e-01, 9.29802816e-03, 2.52575829e+00, 7.07541081e-01, 4.77018833e+03
2.50494154e+01, 1.41579798e+00, 3.83885774e-02, 9.31868611e-01, 8.93421634e-03, 2.53510957e+00, 6.98189802e-01, 4.96443583e+03
2.57526333e+01, 1.42736654e+00, 3.73794979e-02, 9.32218552e-01, 8.58427529e-03, 2.54434701e+00, 6.88952365e-01, 5.16681267e+03
2.64755927e+01, 1.43894707e+00, 3.63959391e-02, 9.32555128e-01, 8.24769969e-03, 2.55347161e+00, 6.79827768e-01, 5.37766198e+03
2.72188479e+01, 1.45053928e+00, 3.54373078e-02, 9.32878827e-01, 7.92400111e-03, 2.56248437e+00, 6.70815000e-01, 5.59734146e+03
2.79829688e+01, 1.46214287e+00, 3.45030217e-02, 9.33190120e-01, 7.61270755e-03, 2.57138633e+00, 6.61913046e-01, 5.82622395e+03
2.87685409e+01, 1.47375755e+00, 3.35925097e-02, 9.33489465e-01, 7.31336298e-03, 2.58017849e+00, 6.53120883e-01, 6.06469806e+03
2.95761666e+01, 1.48538304e+00, 3.27052117e-02, 9.33777301e-01, 7.02552687e-03, 2.58886189e+00, 6.44437486e-01, 6.31316887e+03
3.04064649e+01, 1.49701906e+00, 3.18405781e-02, 9.34054054e-01, 6.74877379e-03, 2.59743755e+00, 6.35861827e-01, 6.57205862e+03
3.12600724e+01, 1.50866534e+00, 3.09980705e-02, 9.34320135e-01, 6.48269290e-03, 2.60590650e+00, 6.27392871e-01, 6.84180743e+03
3.21376434e+01, 1.52032162e+00, 3.01771610e-02, 9.34575940e-01, 6.22688760e-03, 2.61426979e+00, 6.19029585e-01, 7.12287404e+03
3.30398507e+01, 1.53198765e+00, 2.93773321e-02, 9.34821853e-01, 5.98097502e-03, 2.62252844e+00, 6.10770931e-01, 7.41573665e+03
3.39673858e+01, 1.54366317e+00, 2.85980772e-02, 9.35058242e-01, 5.74458567e-03, 2.63068350e+00, 6.02615872e-01, 7.72089370e+03
3.49209598e+01, 1.55534793e+00, 2.78388997e-02, 9.35285465e-01, 5.51736303e-03, 2.63873601e+00, 5.94563367e-01, 8.03886473e+03
3.59013038e+01, 1.56704171e+00, 2.70993135e-02, 9.35503865e-01, 5.29896309e-03, 2.64668700e+00, 5.86612379e-01, 8.37019131e+03
3.69091691e+01, 1.57874427e+00, 2.63788425e-02, 9.35713774e-01, 5.08905404e-03, 2.65453751e+00, 5.78761869e-01, 8.71543793e+03
3.79453285e+01, 1.59045537e+00, 2.56770206e-02, 9.35915512e-01, 4.88731582e-03, 2.66228858e+00, 5.71010799e-01, 9.07519301e+03
3.90105762e+01, 1.60217481e+00, 2.49933916e-02, 9.36109388e-01, 4.69343982e-03, 2.66994124e+00, 5.63358132e-01, 9.45006988e+03
4.01057288e+01, 1.61390235e+00, 2.43275093e-02, 9.36295699e-01, 4.50712843e-03, 2.67749654e+00, 5.55802834e-01, 9.84070786e+03
4.12316259e+01, 1.62563780e+00, 2.36789368e-02, 9.36474733e-01, 4.32809475e-03, 2.68495550e+00, 5.48343872e-01, 1.02477734e+04
4.23891306e+01, 1.63738095e+00, 2.30472468e-02, 9.36646765e-01, 4.15606222e-03, 2.69231916e+00, 5.40980217e-01, 1.06719610e+04
4.35791301e+01, 1.64913159e+00, 2.24320214e-02, 9.36812063e-01, 3.99076430e-03, 2.69958853e+00, 5.33710840e-01, 1.11139949e+04
4.48025368e+01, 1.66088953e+00, 2.18328518e-02, 9.36970884e-01, 3.83194410e-03, 2.70676466e+00, 5.26534719e-01, 1.15746297e+04
4.60602884e+01, 1.67265458e+00, 2.12493385e-02, 9.37123474e-01, 3.67935410e-03, 2.71384854e+00, 5.19450833e-01, 1.20546521e+04
4.73533492e+01, 1.68442656e+00, 2.06810907e-02, 9.37270072e-01, 3.53275583e-03, 2.72084121e+00, 5.12458166e-01, 1.25548823e+04
4.86827104e+01, 1.69620528e+00, 2.01277264e-02, 9.37410908e-01, 3.39191955e-03, 2.72774367e+00, 5.05555707e-01, 1.30761750e+04
5.00493910e+01, 1.70799057e+00, 1.95888723e-02, 9.37546204e-01, 3.25662397e-03, 2.73455693e+00, 4.98742448e-01, 1.36194212e+04
5.14544388e+01, 1.71978224e+00, 1.90641636e-02, 9.37676172e-01, 3.12665596e-03, 2.74128199e+00, 4.92017388e-01, 1.41855497e+04
5.28989308e+01, 1.73158015e+00, 1.85532437e-02, 9.37801017e-01, 3.00181027e-03, 2.74791985e+00, 4.85379528e-01, 1.47755286e+04
5.43839743e+01, 1.74338412e+00, 1.80557646e-02, 9.37920938e-01, 2.88188926e-03, 2.75447150e+00, 4.78827878e-01, 1.53903670e+04
5.59107078e+01, 1.75519399e+00, 1.75713858e-02, 9.38036125e-01, 2.76670263e-03, 2.76093792e+00, 4.72361452e-01, 1.60311169e+04
5.74803016e+01, 1.76700960e+00, 1.70997750e-02, 9.38146761e-01, 2.65606720e-03, 2.76732011e+00, 4.65979269e-01, 1.66988747e+04
5.90939590e+01, 1.77883082e+00, 1.66406078e-02, 9.38253021e-01, 2.54980659e-03, 2.77361902e+00, 4.59680355e-01, 1.73947834e+04
6.07529169e+01, 1.79065748e+00, 1.61935670e-02, 9.38355077e-01, 2.44775107e-03, 2.77983563e+00, 4.53463742e-01, 1.81200343e+04
6.24584471e+01, 1.80248944e+00, 1.57583434e-02, 9.38453090e-01, 2.34973726e-03, 2.78597091e+00, 4.47328469e-01, 1.88758693e+04
6.42118571e+01, 1.81432657e+00, 1.53346346e-02, 9.38547220e-01, 2.25560792e-03, 2.79202579e+00, 4.41273581e-01, 1.96635829e+04
6.60144909e+01, 1.82616872e+00, 1.49221457e-02, 9.38637616e-01, 2.16521177e-03, 2.79800124e+00, 4.35298131e-01, 2.04845244e+04
6.78677305e+01, 1.83801577e+00, 1.45205889e-02, 9.38724424e-01, 2.07840322e-03, 2.80389820e+00, 4.29401175e-01, 2.13401004e+04
6.97729965e+01, 1.84986758e+00, 1.41296829e-02, 9.38807786e-01, 1.99504221e-03, 2.80971759e+00, 4.23581782e-01, 2.22317769e+04
7.17317494e+01, 1.86172403e+00, 1.37491537e-02, 9.38887834e-01, 1.91499398e-03, 2.81546035e+00, 4.17839024e-01, 2.31610824e+04
7.37454909e+01, 1.87358500e+00, 1.33787335e-02, 9.38964699e-01, 1.83812891e-03, 2.82112739e+00, 4.12171980e-01, 2.41296098e+04
7.58157646e+01, 1.88545036e+00, 1.30181611e-02, 9.39038505e-01, 1.76432232e-03, 2.82671963e+00, 4.06579740e-01, 2.51390196e+04
7.79441575e+01, 1.89731999e+00, 1.26671819e-02, 9.39109373e-01, 1.69345427e-03, 2.83223798e+00, 4.01061398e-01, 2.61910429e+04
8.01323013e+01, 1.90919379e+00, 1.23255471e-02, 9.39177418e-01, 1.62540942e-03, 2.83768332e+00, 3.95616056e-01, 2.72874839e+04
8.23818733e+01, 1.92107165e+00, 1.19930143e-02, 9.39242751e-01, 1.56007685e-03, 2.84305655e+00, 3.90242827e-01, 2.84302234e+04
8.46945981e+01, 1.93295345e+00, 1.16693470e-02, 9.39305478e-01, 1.49734989e-03, 2.84835855e+00, 3.84940827e-01, 2.96212219e+04
8.70722485e+01, 1.94483908e+00, 1.13543144e-02, 9.39365702e-01, 1.43712597e-03, 2.85359019e+00, 3.79709184e-01, 3.08625230e+04
8.95166472e+01, 1.95672846e+00, 1.10476916e-02, 9.39423521e-01, 1.37930648e-03, 2.85875234e+00, 3.74547030e-01, 3.21562569e+04
9.20296681e+01, 1.96862147e+00, 1.07492590e-02, 9.39479031e-01, 1.32379659e-03, 2.86384587e+00, 3.69453508e-01, 3.35046440e+04
9.46132376e+01, 1.98051802e+00, 1.04588028e-02, 9.39532323e-01, 1.27050514e-03, 2.86887161e+00, 3.64427767e-01, 3.49099990e+04
9.72693362e+01, 1.99241802e+00, 1.01761143e-02, 9.39583483e-01, 1.21934452e-03, 2.87383041e+00, 3.59468966e-01, 3.63747346e+04
1.00000000e+02, 2.00432137e+00, 9.90099010e-03, 9.39632597e-01, 1.17023047e-03, 2.87872310e+00, 3.54576270e-01, 3.79013659e+04
