 --- Cosmological Parameters --- 
	 H0: 2.2047e-18 (1/s) = 68.0300 (km/s/Mpc) 
	 OmegaM: 3.0500e-01 
	 OmegaR: 0.0000e+00 
	 OmegaL: 6.9500e-01 
	 OmegaK: 0.0000e+00 
		 w0: -8.2700e-01 
		 wa: -7.5000e-01 
	 rho_crit: 8.6952e-30 (g/cm^3) 
z, log10(1+z), a, H0*t_look, H0*t_age, H0*t_conf, H0*t_conf_age, H(z) 
1.00000000e-04, 4.34272769e-05, 9.99900010e-01, 9.99918115e-05, 9.58365150e-01, 9.99968109e-05, 3.28828865e+00, 6.80343392e+01
1.02807322e-04, 4.46463579e-05, 9.99897203e-01, 1.02798668e-04, 9.58362343e-01, 1.02803952e-04, 3.28828584e+00, 6.80344610e+01
1.05693455e-04, 4.58996588e-05, 9.99894318e-01, 1.05684308e-04, 9.58359457e-01, 1.05689893e-04, 3.28828296e+00, 6.80345862e+01
1.08660611e-04, 4.71881402e-05, 9.99891351e-01, 1.08650943e-04, 9.58356491e-01, 1.08656846e-04, 3.28827999e+00, 6.80347150e+01
1.11711065e-04, 4.85127895e-05, 9.99888301e-01, 1.11700846e-04, 9.58353441e-01, 1.11707085e-04, 3.28827694e+00, 6.80348473e+01
1.14847155e-04, 4.98746217e-05, 9.99885166e-01, 1.14836354e-04, 9.58350305e-01, 1.14842948e-04, 3.28827380e+00, 6.80349834e+01
1.18071285e-04, 5.12746804e-05, 9.99881943e-01, 1.18059869e-04, 9.58347082e-01, 1.18066839e-04, 3.28827058e+00, 6.80351233e+01
1.21385926e-04, 5.27140387e-05, 9.99878629e-01, 1.21373861e-04, 9.58343768e-01, 1.21381227e-04, 3.28826727e+00, 6.80352671e+01
1.24793621e-04, 5.41937993e-05, 9.99875222e-01, 1.24780868e-04, 9.58340361e-01, 1.24788654e-04, 3.28826386e+00, 6.80354150e+01
1.28296980e-04, 5.57150964e-05, 9.99871719e-01, 1.28283502e-04, 9.58336858e-01, 1.28291731e-04, 3.28826036e+00, 6.80355670e+01
1.31898690e-04, 5.72790956e-05, 9.99868119e-01, 1.31884444e-04, 9.58333257e-01, 1.31893142e-04, 3.28825675e+00, 6.80357233e+01
1.35601511e-04, 5.88869955e-05, 9.99864417e-01, 1.35586455e-04, 9.58329555e-01, 1.35595647e-04, 3.28825305e+00, 6.80358839e+01
1.39408283e-04, 6.05400281e-05, 9.99860611e-01, 1.39392369e-04, 9.58325749e-01, 1.39402085e-04, 3.28824924e+00, 6.80360491e+01
1.43321923e-04, 6.22394601e-05, 9.99856699e-01, 1.43305103e-04, 9.58321836e-01, 1.43315372e-04, 3.28824533e+00, 6.80362189e+01
1.47345431e-04, 6.39865937e-05, 9.99852676e-01, 1.47327654e-04, 9.58317814e-01, 1.47338507e-04, 3.28824131e+00, 6.80363935e+01
1.51481892e-04, 6.57827676e-05, 9.99848541e-01, 1.51463103e-04, 9.58313678e-01, 1.51474575e-04, 3.28823717e+00, 6.80365730e+01
1.55734477e-04, 6.76293582e-05, 9.99844290e-01, 1.55714618e-04, 9.58309427e-01, 1.55726743e-04, 3.28823292e+00, 6.80367575e+01
1.60106446e-04, 6.95277803e-05, 9.99839919e-01, 1.60085457e-04, 9.58305056e-01, 1.60098272e-04, 3.28822855e+00, 6.80369472e+01
1.64601150e-04, 7.14794886e-05, 9.99835426e-01, 1.64578966e-04, 9.58300563e-01, 1.64592510e-04, 3.28822405e+00, 6.80371422e+01
1.69222035e-04, 7.34859785e-05, 9.99830807e-01, 1.69198588e-04, 9.58295943e-01, 1.69212903e-04, 3.28821943e+00, 6.80373427e+01
1.73972643e-04, 7.55487874e-05, 9.99826058e-01, 1.73947861e-04, 9.58291194e-01, 1.73962991e-04, 3.28821468e+00, 6.80375488e+01
1.78856616e-04, 7.76694958e-05, 9.99821175e-01, 1.78830423e-04, 9.58286311e-01, 1.78846415e-04, 3.28820980e+00, 6.80377608e+01
1.83877698e-04, 7.98497285e-05, 9.99816156e-01, 1.83850014e-04, 9.58281292e-01, 1.83866916e-04, 3.28820478e+00, 6.80379786e+01
1.89039738e-04, 8.20911560e-05, 9.99810996e-01, 1.89010478e-04, 9.58276131e-01, 1.89028342e-04, 3.28819962e+00, 6.80382026e+01
1.94346693e-04, 8.43954955e-05, 9.99805691e-01, 1.94315767e-04, 9.58270826e-01, 1.94334648e-04, 3.28819431e+00, 6.80384328e+01
1.99802631e-04, 8.67645125e-05, 9.99800237e-01, 1.99769944e-04, 9.58265372e-01, 1.99789901e-04, 3.28818886e+00, 6.80386696e+01
2.05411735e-04, 8.92000219e-05, 9.99794630e-01, 2.05377188e-04, 9.58259764e-01, 2.05398280e-04, 3.28818325e+00, 6.80389129e+01
2.11178304e-04, 9.17038897e-05, 9.99788866e-01, 2.11141790e-04, 9.58254000e-01, 2.11164083e-04, 3.28817748e+00, 6.80391631e+01
2.17106760e-04, 9.42780341e-05, 9.99782940e-01, 2.17068167e-04, 9.58248073e-01, 2.17091730e-04, 3.28817156e+00, 6.80394204e+01
2.23201647e-04, 9.69244272e-05, 9.99776848e-01, 2.23160857e-04, 9.58241981e-01, 2.23185761e-04, 3.28816546e+00, 6.80396848e+01
2.29467637e-04, 9.96450962e-05, 9.99770585e-01, 2.29424525e-04, 9.58235717e-01, 2.29450846e-04, 3.28815920e+00, 6.80399567e+01
2.35909533e-04, 1.02442125e-04, 9.99764146e-01, 2.35863967e-04, 9.58229278e-01, 2.35891786e-04, 3.28815275e+00, 6.80402362e+01
2.42532274e-04, 1.05317657e-04, 9.99757527e-01, 2.42484114e-04, 9.58222657e-01, 2.42513517e-04, 3.28814613e+00, 6.80405235e+01
2.49340937e-04, 1.08273895e-04, 9.99750721e-01, 2.49290035e-04, 9.58215852e-01, 2.49321112e-04, 3.28813933e+00, 6.80408189e+01
2.56340741e-04, 1.11313103e-04, 9.99743725e-01, 2.56286941e-04, 9.58208855e-01, 2.56319787e-04, 3.28813233e+00, 6.80411226e+01
2.63537052e-04, 1.14437609e-04, 9.99736532e-01, 2.63480190e-04, 9.58201661e-01, 2.63514906e-04, 3.28812513e+00, 6.80414348e+01
2.70935387e-04, 1.17649806e-04, 9.99729138e-01, 2.70875287e-04, 9.58194266e-01, 2.70911979e-04, 3.28811773e+00, 6.80417558e+01
2.78541416e-04, 1.20952156e-04, 9.99721536e-01, 2.78477896e-04, 9.58186664e-01, 2.78516677e-04, 3.28811013e+00, 6.80420858e+01
2.86360972e-04, 1.24347187e-04, 9.99713721e-01, 2.86293835e-04, 9.58178848e-01, 2.86334824e-04, 3.28810231e+00, 6.80424251e+01
2.94400048e-04, 1.27837499e-04, 9.99705687e-01, 2.94329089e-04, 9.58170812e-01, 2.94372411e-04, 3.28809427e+00, 6.80427739e+01
3.02664806e-04, 1.31425767e-04, 9.99697427e-01, 3.02589808e-04, 9.58162552e-01, 3.02635596e-04, 3.28808601e+00, 6.80431324e+01
3.11161583e-04, 1.35114738e-04, 9.99688935e-01, 3.11082315e-04, 9.58154059e-01, 3.11130710e-04, 3.28807752e+00, 6.80435011e+01
3.19896892e-04, 1.38907238e-04, 9.99680205e-01, 3.19813112e-04, 9.58145328e-01, 3.19864261e-04, 3.28806878e+00, 6.80438801e+01
3.28877429e-04, 1.42806171e-04, 9.99671231e-01, 3.28788880e-04, 9.58136353e-01, 3.28842940e-04, 3.28805980e+00, 6.80442697e+01
3.38110078e-04, 1.46814523e-04, 9.99662004e-01, 3.38016489e-04, 9.58127125e-01, 3.38073627e-04, 3.28805057e+00, 6.80446702e+01
3.47601918e-04, 1.50935364e-04, 9.99652519e-01, 3.47503001e-04, 9.58117639e-01, 3.47563391e-04, 3.28804108e+00, 6.80450820e+01
3.57360225e-04, 1.55171849e-04, 9.99642767e-01, 3.57255676e-04, 9.58107886e-01, 3.57319505e-04, 3.28803133e+00, 6.80455054e+01
3.67392478e-04, 1.59527223e-04, 9.99632742e-01, 3.67281979e-04, 9.58097860e-01, 3.67349440e-04, 3.28802130e+00, 6.80459406e+01
3.77706369e-04, 1.64004821e-04, 9.99622436e-01, 3.77589580e-04, 9.58087552e-01, 3.77660881e-04, 3.28801099e+00, 6.80463881e+01
3.88309805e-04, 1.68608072e-04, 9.99611841e-01, 3.88186367e-04, 9.58076955e-01, 3.88261727e-04, 3.28800039e+00, 6.80468481e+01
3.99210913e-04, 1.73340499e-04, 9.99600948e-01, 3.99080448e-04, 9.58066061e-01, 3.99160098e-04, 3.28798949e+00, 6.80473210e+01
4.10418050e-04, 1.78205728e-04, 9.99589750e-01, 4.10280159e-04, 9.58054861e-01, 4.10364343e-04, 3.28797828e+00, 6.80478073e+01
4.21939808e-04, 1.83207482e-04, 9.99578238e-01, 4.21794068e-04, 9.58043347e-01, 4.21883043e-04, 3.28796676e+00, 6.80483071e+01
4.33785019e-04, 1.88349591e-04, 9.99566403e-01, 4.33630982e-04, 9.58031511e-01, 4.33725023e-04, 3.28795492e+00, 6.80488210e+01
4.45962763e-04, 1.93635993e-04, 9.99554236e-01, 4.45799958e-04, 9.58019342e-01, 4.45899351e-04, 3.28794275e+00, 6.80493493e+01
4.58482375e-04, 1.99070734e-04, 9.99541728e-01, 4.58310303e-04, 9.58006831e-01, 4.58415354e-04, 3.28793023e+00, 6.80498924e+01
4.71353453e-04, 2.04657975e-04, 9.99528869e-01, 4.71171587e-04, 9.57993970e-01, 4.71282617e-04, 3.28791736e+00, 6.80504508e+01
4.84585864e-04, 2.10401992e-04, 9.99515649e-01, 4.84393646e-04, 9.57980748e-01, 4.84510995e-04, 3.28790414e+00, 6.80510248e+01
4.98189752e-04, 2.16307184e-04, 9.99502058e-01, 4.97986592e-04, 9.57967155e-01, 4.98110621e-04, 3.28789054e+00, 6.80516150e+01
5.12175544e-04, 2.22378069e-04, 9.99488087e-01, 5.11960820e-04, 9.57953181e-01, 5.12091909e-04, 3.28787655e+00, 6.80522217e+01
5.26553963e-04, 2.28619296e-04, 9.99473723e-01, 5.26327017e-04, 9.57938815e-01, 5.26465566e-04, 3.28786218e+00, 6.80528454e+01
5.41336030e-04, 2.35035640e-04, 9.99458957e-01, 5.41096166e-04, 9.57924045e-01, 5.41242602e-04, 3.28784740e+00, 6.80534867e+01
5.56533078e-04, 2.41632013e-04, 9.99443776e-01, 5.56279560e-04, 9.57908862e-01, 5.56434331e-04, 3.28783221e+00, 6.80541459e+01
5.72156756e-04, 2.48413463e-04, 9.99428170e-01, 5.71888808e-04, 9.57893253e-01, 5.72052387e-04, 3.28781659e+00, 6.80548237e+01
5.88219040e-04, 2.55385179e-04, 9.99412127e-01, 5.87935841e-04, 9.57877206e-01, 5.88108731e-04, 3.28780054e+00, 6.80555204e+01
6.04732245e-04, 2.62552498e-04, 9.99395633e-01, 6.04432927e-04, 9.57860709e-01, 6.04615657e-04, 3.28778403e+00, 6.80562367e+01
6.21709029e-04, 2.69920903e-04, 9.99378677e-01, 6.21392674e-04, 9.57843749e-01, 6.21585804e-04, 3.28776706e+00, 6.80569732e+01
6.39162405e-04, 2.77496033e-04, 9.99361246e-01, 6.38828044e-04, 9.57826314e-01, 6.39032166e-04, 3.28774961e+00, 6.80577302e+01
6.57105755e-04, 2.85283683e-04, 9.99343326e-01, 6.56752362e-04, 9.57808389e-01, 6.56968102e-04, 3.28773168e+00, 6.80585086e+01
6.75552832e-04, 2.93289812e-04, 9.99324903e-01, 6.75179325e-04, 9.57789962e-01, 6.75407343e-04, 3.28771324e+00, 6.80593088e+01
6.94517777e-04, 3.01520545e-04, 9.99305964e-01, 6.94123013e-04, 9.57771019e-01, 6.94364007e-04, 3.28769428e+00, 6.80601314e+01
7.14015130e-04, 3.09982178e-04, 9.99286494e-01, 7.13597897e-04, 9.57751544e-01, 7.13852607e-04, 3.28767479e+00, 6.80609771e+01
7.34059837e-04, 3.18681185e-04, 9.99266479e-01, 7.33618857e-04, 9.57731523e-01, 7.33888063e-04, 3.28765476e+00, 6.80618465e+01
7.54667263e-04, 3.27624220e-04, 9.99245902e-01, 7.54201185e-04, 9.57710940e-01, 7.54485711e-04, 3.28763416e+00, 6.80627404e+01
7.75853206e-04, 3.36818122e-04, 9.99224748e-01, 7.75360601e-04, 9.57689781e-01, 7.75661320e-04, 3.28761299e+00, 6.80636593e+01
7.97633907e-04, 3.46269924e-04, 9.99203002e-01, 7.97113266e-04, 9.57668028e-01, 7.97431099e-04, 3.28759122e+00, 6.80646040e+01
8.20026062e-04, 3.55986854e-04, 9.99180646e-01, 8.19475790e-04, 9.57645666e-01, 8.19811710e-04, 3.28756884e+00, 6.80655753e+01
8.43046837e-04, 3.65976343e-04, 9.99157663e-01, 8.42465247e-04, 9.57622676e-01, 8.42820284e-04, 3.28754583e+00, 6.80665737e+01
8.66713880e-04, 3.76246030e-04, 9.99134037e-01, 8.66099191e-04, 9.57599042e-01, 8.66474432e-04, 3.28752217e+00, 6.80676002e+01
8.91045332e-04, 3.86803767e-04, 9.99109748e-01, 8.90395660e-04, 9.57574746e-01, 8.90792256e-04, 3.28749785e+00, 6.80686555e+01
9.16059848e-04, 3.97657626e-04, 9.99084779e-01, 9.15373202e-04, 9.57549768e-01, 9.15792366e-04, 3.28747285e+00, 6.80697404e+01
9.41776601e-04, 4.08815904e-04, 9.99059110e-01, 9.41050878e-04, 9.57524091e-01, 9.41493894e-04, 3.28744715e+00, 6.80708558e+01
9.68215306e-04, 4.20287133e-04, 9.99032721e-01, 9.67448283e-04, 9.57497693e-01, 9.67916509e-04, 3.28742073e+00, 6.80720024e+01
9.95396231e-04, 4.32080081e-04, 9.99005594e-01, 9.94585558e-04, 9.57470556e-01, 9.95080427e-04, 3.28739357e+00, 6.80731812e+01
1.02334021e-03, 4.44203760e-04, 9.98977706e-01, 1.02248341e-03, 9.57442658e-01, 1.02300643e-03, 3.28736564e+00, 6.80743931e+01
1.05206867e-03, 4.56667438e-04, 9.98949037e-01, 1.05116311e-03, 9.57413978e-01, 1.05171590e-03, 3.28733693e+00, 6.80756390e+01
1.08160363e-03, 4.69480638e-04, 9.98919565e-01, 1.08064653e-03, 9.57384495e-01, 1.08123078e-03, 3.28730742e+00, 6.80769198e+01
1.11196773e-03, 4.82653152e-04, 9.98889267e-01, 1.11095617e-03, 9.57354185e-01, 1.11157366e-03, 3.28727707e+00, 6.80782366e+01
1.14318425e-03, 4.96195044e-04, 9.98858121e-01, 1.14211513e-03, 9.57323026e-01, 1.14276775e-03, 3.28724588e+00, 6.80795904e+01
1.17527712e-03, 5.10116661e-04, 9.98826103e-01, 1.17414716e-03, 9.57290994e-01, 1.17483691e-03, 3.28721381e+00, 6.80809821e+01
1.20827094e-03, 5.24428638e-04, 9.98793187e-01, 1.20707668e-03, 9.57258065e-01, 1.20780567e-03, 3.28718084e+00, 6.80824128e+01
1.24219100e-03, 5.39141905e-04, 9.98759350e-01, 1.24092878e-03, 9.57224213e-01, 1.24169925e-03, 3.28714695e+00, 6.80838837e+01
1.27706330e-03, 5.54267703e-04, 9.98724566e-01, 1.27572926e-03, 9.57189412e-01, 1.27654357e-03, 3.28711210e+00, 6.80853958e+01
1.31291459e-03, 5.69817580e-04, 9.98688807e-01, 1.31150464e-03, 9.57153637e-01, 1.31236528e-03, 3.28707628e+00, 6.80869504e+01
1.34977233e-03, 5.85803413e-04, 9.98652047e-01, 1.34828216e-03, 9.57116859e-01, 1.34919176e-03, 3.28703945e+00, 6.80885486e+01
1.38766479e-03, 6.02237406e-04, 9.98614258e-01, 1.38608983e-03, 9.57079052e-01, 1.38705118e-03, 3.28700160e+00, 6.80901916e+01
1.42662102e-03, 6.19132106e-04, 9.98575411e-01, 1.42495645e-03, 9.57040185e-01, 1.42597249e-03, 3.28696267e+00, 6.80918807e+01
1.46667087e-03, 6.36500410e-04, 9.98535477e-01, 1.46491159e-03, 9.57000230e-01, 1.46598543e-03, 3.28692266e+00, 6.80936172e+01
1.50784505e-03, 6.54355573e-04, 9.98494425e-01, 1.50598568e-03, 9.56959156e-01, 1.50712061e-03, 3.28688153e+00, 6.80954023e+01
1.55017512e-03, 6.72711224e-04, 9.98452224e-01, 1.54820996e-03, 9.56916932e-01, 1.54940945e-03, 3.28683924e+00, 6.80972376e+01
1.59369353e-03, 6.91581368e-04, 9.98408842e-01, 1.59161657e-03, 9.56873525e-01, 1.59288429e-03, 3.28679576e+00, 6.80991243e+01
1.63843365e-03, 7.10980403e-04, 9.98364246e-01, 1.63623852e-03, 9.56828903e-01, 1.63757836e-03, 3.28675107e+00, 6.81010640e+01
1.68442976e-03, 7.30923128e-04, 9.98318403e-01, 1.68210976e-03, 9.56783032e-01, 1.68352580e-03, 3.28670512e+00, 6.81030580e+01
1.73171713e-03, 7.51424755e-04, 9.98271277e-01, 1.72926515e-03, 9.56735876e-01, 1.73076174e-03, 3.28665789e+00, 6.81051080e+01
1.78033202e-03, 7.72500920e-04, 9.98222832e-01, 1.77774054e-03, 9.56687401e-01, 1.77932226e-03, 3.28660932e+00, 6.81072155e+01
1.83031168e-03, 7.94167695e-04, 9.98173032e-01, 1.82757278e-03, 9.56637569e-01, 1.82924446e-03, 3.28655940e+00, 6.81093821e+01
1.88169442e-03, 8.16441599e-04, 9.98121840e-01, 1.87879972e-03, 9.56586342e-01, 1.88056648e-03, 3.28650808e+00, 6.81116094e+01
1.93451965e-03, 8.39339613e-04, 9.98069215e-01, 1.93146029e-03, 9.56533681e-01, 1.93332753e-03, 3.28645532e+00, 6.81138992e+01
1.98882786e-03, 8.62879189e-04, 9.98015120e-01, 1.98559447e-03, 9.56479547e-01, 1.98756790e-03, 3.28640108e+00, 6.81162532e+01
2.04466067e-03, 8.87078267e-04, 9.97959511e-01, 2.04124336e-03, 9.56423898e-01, 2.04332902e-03, 3.28634532e+00, 6.81186733e+01
2.10206088e-03, 9.11955285e-04, 9.97902349e-01, 2.09844920e-03, 9.56366692e-01, 2.10065347e-03, 3.28628799e+00, 6.81211612e+01
2.16107251e-03, 9.37529196e-04, 9.97843588e-01, 2.15725540e-03, 9.56307886e-01, 2.15958502e-03, 3.28622906e+00, 6.81237188e+01
2.22174078e-03, 9.63819479e-04, 9.97783184e-01, 2.21770657e-03, 9.56247435e-01, 2.22016866e-03, 3.28616848e+00, 6.81263482e+01
2.28411221e-03, 9.90846156e-04, 9.97721093e-01, 2.27984855e-03, 9.56185293e-01, 2.28245064e-03, 3.28610620e+00, 6.81290512e+01
2.34823460e-03, 1.01862981e-03, 9.97657267e-01, 2.34372845e-03, 9.56121413e-01, 2.34647850e-03, 3.28604217e+00, 6.81318301e+01
2.41415712e-03, 1.04719158e-03, 9.97591657e-01, 2.40939469e-03, 9.56055747e-01, 2.41230111e-03, 3.28597635e+00, 6.81346869e+01
2.48193029e-03, 1.07655322e-03, 9.97524214e-01, 2.47689703e-03, 9.55988245e-01, 2.47996869e-03, 3.28590868e+00, 6.81376238e+01
2.55160607e-03, 1.10673706e-03, 9.97454888e-01, 2.54628658e-03, 9.55918855e-01, 2.54953288e-03, 3.28583911e+00, 6.81406430e+01
2.62323788e-03, 1.13776607e-03, 9.97383625e-01, 2.61761589e-03, 9.55847526e-01, 2.62104675e-03, 3.28576760e+00, 6.81437468e+01
2.69688063e-03, 1.16966386e-03, 9.97310373e-01, 2.69093894e-03, 9.55774203e-01, 2.69456485e-03, 3.28569408e+00, 6.81469377e+01
2.77259076e-03, 1.20245468e-03, 9.97235075e-01, 2.76631122e-03, 9.55698830e-01, 2.77014325e-03, 3.28561850e+00, 6.81502179e+01
2.85042632e-03, 1.23616346e-03, 9.97157676e-01, 2.84378972e-03, 9.55621352e-01, 2.84783958e-03, 3.28554081e+00, 6.81535902e+01
2.93044698e-03, 1.27081583e-03, 9.97078115e-01, 2.92343303e-03, 9.55541709e-01, 2.92771310e-03, 3.28546093e+00, 6.81570569e+01
3.01271407e-03, 1.30643812e-03, 9.96996335e-01, 3.00530134e-03, 9.55459840e-01, 3.00982468e-03, 3.28537882e+00, 6.81606209e+01
3.09729067e-03, 1.34305740e-03, 9.96912273e-01, 3.08945650e-03, 9.55375685e-01, 3.09423693e-03, 3.28529441e+00, 6.81642847e+01
3.18424160e-03, 1.38070148e-03, 9.96825866e-01, 3.17596205e-03, 9.55289180e-01, 3.18101417e-03, 3.28520763e+00, 6.81680511e+01
3.27363353e-03, 1.41939895e-03, 9.96737048e-01, 3.26488328e-03, 9.55200258e-01, 3.27022253e-03, 3.28511842e+00, 6.81719232e+01
3.36553498e-03, 1.45917918e-03, 9.96645754e-01, 3.35628731e-03, 9.55108854e-01, 3.36192998e-03, 3.28502672e+00, 6.81759037e+01
3.46001639e-03, 1.50007238e-03, 9.96551914e-01, 3.45024304e-03, 9.55014899e-01, 3.45620637e-03, 3.28493244e+00, 6.81799958e+01
3.55715021e-03, 1.54210957e-03, 9.96455458e-01, 3.54682132e-03, 9.54918320e-01, 3.55312350e-03, 3.28483552e+00, 6.81842025e+01
3.65701088e-03, 1.58532264e-03, 9.96356314e-01, 3.64609491e-03, 9.54819047e-01, 3.65275517e-03, 3.28473589e+00, 6.81885271e+01
3.75967497e-03, 1.62974435e-03, 9.96254407e-01, 3.74813856e-03, 9.54717003e-01, 3.75517724e-03, 3.28463347e+00, 6.81929728e+01
3.86522116e-03, 1.67540839e-03, 9.96149661e-01, 3.85302910e-03, 9.54612112e-01, 3.86046767e-03, 3.28452818e+00, 6.81975431e+01
3.97373038e-03, 1.72234936e-03, 9.96041998e-01, 3.96084543e-03, 9.54504296e-01, 3.96870658e-03, 3.28441994e+00, 6.82022415e+01
4.08528580e-03, 1.77060283e-03, 9.95931336e-01, 4.07166862e-03, 9.54393473e-01, 4.07997633e-03, 3.28430867e+00, 6.82070714e+01
4.19997295e-03, 1.82020534e-03, 9.95817593e-01, 4.18558196e-03, 9.54279560e-01, 4.19436157e-03, 3.28419429e+00, 6.82120366e+01
4.31787973e-03, 1.87119444e-03, 9.95700684e-01, 4.30267101e-03, 9.54162471e-01, 4.31194930e-03, 3.28407670e+00, 6.82171409e+01
4.43909653e-03, 1.92360874e-03, 9.95580522e-01, 4.42302367e-03, 9.54042118e-01, 4.43282892e-03, 3.28395582e+00, 6.82223882e+01
4.56371628e-03, 1.97748788e-03, 9.95457017e-01, 4.54673023e-03, 9.53918411e-01, 4.55709233e-03, 3.28383155e+00, 6.82277824e+01
4.69183451e-03, 2.03287261e-03, 9.95330076e-01, 4.67388343e-03, 9.53791258e-01, 4.68483397e-03, 3.28370381e+00, 6.82333276e+01
4.82354943e-03, 2.08980480e-03, 9.95199606e-01, 4.80457856e-03, 9.53660563e-01, 4.81615091e-03, 3.28357250e+00, 6.82390281e+01
4.95896201e-03, 2.14832749e-03, 9.95065508e-01, 4.93891349e-03, 9.53526228e-01, 4.95114290e-03, 3.28343750e+00, 6.82448882e+01
5.09817606e-03, 2.20848488e-03, 9.94927683e-01, 5.07698874e-03, 9.53388153e-01, 5.08991247e-03, 3.28329873e+00, 6.82509124e+01
5.24129830e-03, 2.27032240e-03, 9.94786030e-01, 5.21890757e-03, 9.53246234e-01, 5.23256498e-03, 3.28315608e+00, 6.82571053e+01
5.38843844e-03, 2.33388671e-03, 9.94640441e-01, 5.36477604e-03, 9.53100366e-01, 5.37920872e-03, 3.28300944e+00, 6.82634715e+01
5.53970928e-03, 2.39922578e-03, 9.94490810e-01, 5.51470307e-03, 9.52950438e-01, 5.52995496e-03, 3.28285869e+00, 6.82700159e+01
5.69522678e-03, 2.46638889e-03, 9.94337025e-01, 5.66880054e-03, 9.52796341e-01, 5.68491808e-03, 3.28270373e+00, 6.82767435e+01
5.85511016e-03, 2.53542665e-03, 9.94178973e-01, 5.82718337e-03, 9.52637958e-01, 5.84421559e-03, 3.28254443e+00, 6.82836593e+01
6.01948197e-03, 2.60639109e-03, 9.94016535e-01, 5.98996955e-03, 9.52475172e-01, 6.00796827e-03, 3.28238068e+00, 6.82907687e+01
6.18846824e-03, 2.67933564e-03, 9.93849593e-01, 6.15728027e-03, 9.52307861e-01, 6.17630026e-03, 3.28221235e+00, 6.82980770e+01
6.36219849e-03, 2.75431521e-03, 9.93678023e-01, 6.32923999e-03, 9.52135902e-01, 6.34933908e-03, 3.28203931e+00, 6.83055898e+01
6.54080591e-03, 2.83138620e-03, 9.93501698e-01, 6.50597652e-03, 9.51959165e-01, 6.52721583e-03, 3.28186143e+00, 6.83133128e+01
6.72442742e-03, 2.91060657e-03, 9.93320488e-01, 6.68762110e-03, 9.51777520e-01, 6.71006519e-03, 3.28167858e+00, 6.83212518e+01
6.91320378e-03, 2.99203585e-03, 9.93134260e-01, 6.87430850e-03, 9.51590833e-01, 6.89802557e-03, 3.28149062e+00, 6.83294129e+01
7.10727970e-03, 3.07573520e-03, 9.92942877e-01, 7.06617709e-03, 9.51398964e-01, 7.09123920e-03, 3.28129741e+00, 6.83378023e+01
7.30680395e-03, 3.16176744e-03, 9.92746198e-01, 7.26336896e-03, 9.51201773e-01, 7.28985224e-03, 3.28109879e+00, 6.83464263e+01
7.51192949e-03, 3.25019713e-03, 9.92544079e-01, 7.46602999e-03, 9.50999112e-01, 7.49401487e-03, 3.28089463e+00, 6.83552914e+01
7.72281357e-03, 3.34109055e-03, 9.92336371e-01, 7.67430997e-03, 9.50790832e-01, 7.70388139e-03, 3.28068477e+00, 6.83644045e+01
7.93961785e-03, 3.43451582e-03, 9.92122923e-01, 7.88836268e-03, 9.50576779e-01, 7.91961039e-03, 3.28046904e+00, 6.83737723e+01
8.16250851e-03, 3.53054289e-03, 9.91903579e-01, 8.10834598e-03, 9.50356796e-01, 8.14136478e-03, 3.28024728e+00, 6.83834020e+01
8.39165644e-03, 3.62924361e-03, 9.91678177e-01, 8.33442193e-03, 9.50130720e-01, 8.36931199e-03, 3.28001933e+00, 6.83933008e+01
8.62723729e-03, 3.73069181e-03, 9.91446555e-01, 8.56675692e-03, 9.49898385e-01, 8.60362402e-03, 3.27978502e+00, 6.84034763e+01
8.86943166e-03, 3.83496328e-03, 9.91208544e-01, 8.80552172e-03, 9.49659620e-01, 8.84447761e-03, 3.27954417e+00, 6.84139362e+01
9.11842520e-03, 3.94213590e-03, 9.90963969e-01, 9.05089163e-03, 9.49414250e-01, 9.09205435e-03, 3.27929659e+00, 6.84246884e+01
9.37440879e-03, 4.05228964e-03, 9.90712655e-01, 9.30304657e-03, 9.49162095e-01, 9.34654082e-03, 3.27904211e+00, 6.84357409e+01
9.63757866e-03, 4.16550662e-03, 9.90454418e-01, 9.56217122e-03, 9.48902970e-01, 9.60812871e-03, 3.27878052e+00, 6.84471023e+01
9.90813657e-03, 4.28187121e-03, 9.90189071e-01, 9.82845511e-03, 9.48636686e-01, 9.87701495e-03, 3.27851163e+00, 6.84587809e+01
1.01862899e-02, 4.40147004e-03, 9.89916424e-01, 1.01020927e-02, 9.48363049e-01, 1.01534019e-02, 3.27823524e+00, 6.84707858e+01
1.04722519e-02, 4.52439206e-03, 9.89636280e-01, 1.03832837e-02, 9.48081858e-01, 1.04374974e-02, 3.27795115e+00, 6.84831259e+01
1.07662418e-02, 4.65072864e-03, 9.89348436e-01, 1.06722329e-02, 9.47792909e-01, 1.07295150e-02, 3.27765913e+00, 6.84958105e+01
1.10684849e-02, 4.78057359e-03, 9.89052685e-01, 1.09691505e-02, 9.47495991e-01, 1.10296741e-02, 3.27735897e+00, 6.85088493e+01
1.13792129e-02, 4.91402325e-03, 9.88748817e-01, 1.12742521e-02, 9.47190889e-01, 1.13382001e-02, 3.27705045e+00, 6.85222520e+01
1.16986641e-02, 5.05117654e-03, 9.88436612e-01, 1.15877590e-02, 9.46877383e-01, 1.16553245e-02, 3.27673332e+00, 6.85360288e+01
1.20270833e-02, 5.19213502e-03, 9.88115848e-01, 1.19098982e-02, 9.46555243e-01, 1.19812852e-02, 3.27640736e+00, 6.85501900e+01
1.23647224e-02, 5.33700299e-03, 9.87786297e-01, 1.22409026e-02, 9.46224239e-01, 1.23163265e-02, 3.27607232e+00, 6.85647464e+01
1.27118400e-02, 5.48588750e-03, 9.87447723e-01, 1.25810110e-02, 9.45884131e-01, 1.26606993e-02, 3.27572795e+00, 6.85797089e+01
1.30687023e-02, 5.63889849e-03, 9.87099885e-01, 1.29304686e-02, 9.45534673e-01, 1.30146615e-02, 3.27537399e+00, 6.85950887e+01
1.34355829e-02, 5.79614881e-03, 9.86742539e-01, 1.32895266e-02, 9.45175615e-01, 1.33784778e-02, 3.27501017e+00, 6.86108974e+01
1.38127630e-02, 5.95775431e-03, 9.86375430e-01, 1.36584429e-02, 9.44806699e-01, 1.37524202e-02, 3.27463623e+00, 6.86271470e+01
1.42005318e-02, 6.12383394e-03, 9.85998300e-01, 1.40374818e-02, 9.44427660e-01, 1.41367682e-02, 3.27425188e+00, 6.86438496e+01
1.45991865e-02, 6.29450978e-03, 9.85610883e-01, 1.44269143e-02, 9.44038227e-01, 1.45318085e-02, 3.27385684e+00, 6.86610177e+01
1.50090328e-02, 6.46990713e-03, 9.85212907e-01, 1.48270186e-02, 9.43638123e-01, 1.49378359e-02, 3.27345081e+00, 6.86786644e+01
1.54303847e-02, 6.65015464e-03, 9.84804094e-01, 1.52380795e-02, 9.43227062e-01, 1.53551531e-02, 3.27303349e+00, 6.86968028e+01
1.58635653e-02, 6.83538432e-03, 9.84384158e-01, 1.56603895e-02, 9.42804752e-01, 1.57840709e-02, 3.27260458e+00, 6.87154466e+01
1.63089068e-02, 7.02573168e-03, 9.83952805e-01, 1.60942479e-02, 9.42370894e-01, 1.62249085e-02, 3.27216374e+00, 6.87346097e+01
1.67667503e-02, 7.22133576e-03, 9.83509738e-01, 1.65399620e-02, 9.41925180e-01, 1.66779937e-02, 3.27171065e+00, 6.87543065e+01
1.72374471e-02, 7.42233928e-03, 9.83054648e-01, 1.69978466e-02, 9.41467295e-01, 1.71436633e-02, 3.27124498e+00, 6.87745518e+01
1.77213578e-02, 7.62888867e-03, 9.82587220e-01, 1.74682242e-02, 9.40996917e-01, 1.76222628e-02, 3.27076638e+00, 6.87953608e+01
1.82188534e-02, 7.84113421e-03, 9.82107134e-01, 1.79514255e-02, 9.40513716e-01, 1.81141472e-02, 3.27027450e+00, 6.88167490e+01
1.87303154e-02, 8.05923009e-03, 9.81614059e-01, 1.84477893e-02, 9.40017352e-01, 1.86196811e-02, 3.26976897e+00, 6.88387324e+01
1.92561357e-02, 8.28333450e-03, 9.81107658e-01, 1.89576628e-02, 9.39507479e-01, 1.91392387e-02, 3.26924941e+00, 6.88613275e+01
1.97967175e-02, 8.51360975e-03, 9.80587585e-01, 1.94814016e-02, 9.38983740e-01, 1.96732043e-02, 3.26871544e+00, 6.88845512e+01
2.03524752e-02, 8.75022235e-03, 9.80053486e-01, 2.00193703e-02, 9.38445771e-01, 2.02219725e-02, 3.26816667e+00, 6.89084209e+01
2.09238348e-02, 8.99334311e-03, 9.79504999e-01, 2.05719420e-02, 9.37893200e-01, 2.07859482e-02, 3.26760270e+00, 6.89329543e+01
2.15112343e-02, 9.24314725e-03, 9.78941755e-01, 2.11394990e-02, 9.37325643e-01, 2.13655473e-02, 3.26702310e+00, 6.89581698e+01
2.21151240e-02, 9.49981449e-03, 9.78363373e-01, 2.17224328e-02, 9.36742709e-01, 2.19611968e-02, 3.26642745e+00, 6.89840863e+01
2.27359668e-02, 9.76352916e-03, 9.77769466e-01, 2.23211445e-02, 9.36143997e-01, 2.25733348e-02, 3.26581531e+00, 6.90107230e+01
2.33742387e-02, 1.00344803e-02, 9.77159637e-01, 2.29360444e-02, 9.35529097e-01, 2.32024114e-02, 3.26518624e+00, 6.90380998e+01
2.40304289e-02, 1.03128618e-02, 9.76533482e-01, 2.35675530e-02, 9.34897589e-01, 2.38488881e-02, 3.26453976e+00, 6.90662371e+01
2.47050406e-02, 1.05988725e-02, 9.75890584e-01, 2.42161004e-02, 9.34249041e-01, 2.45132391e-02, 3.26387541e+00, 6.90951559e+01
2.53985907e-02, 1.08927162e-02, 9.75230519e-01, 2.48821269e-02, 9.33583015e-01, 2.51959508e-02, 3.26319270e+00, 6.91248776e+01
2.61116110e-02, 1.11946019e-02, 9.74552855e-01, 2.55660833e-02, 9.32899058e-01, 2.58975225e-02, 3.26249112e+00, 6.91554246e+01
2.68446481e-02, 1.15047439e-02, 9.73857148e-01, 2.62684306e-02, 9.32196711e-01, 2.66184666e-02, 3.26177018e+00, 6.91868193e+01
2.75982639e-02, 1.18233619e-02, 9.73142944e-01, 2.69896408e-02, 9.31475501e-01, 2.73593090e-02, 3.26102934e+00, 6.92190853e+01
2.83730362e-02, 1.21506810e-02, 9.72409782e-01, 2.77301963e-02, 9.30734945e-01, 2.81205894e-02, 3.26026806e+00, 6.92522464e+01
2.91695588e-02, 1.24869320e-02, 9.71657189e-01, 2.84905909e-02, 9.29974551e-01, 2.89028616e-02, 3.25948579e+00, 6.92863274e+01
2.99884423e-02, 1.28323514e-02, 9.70884681e-01, 2.92713296e-02, 9.29193812e-01, 2.97066936e-02, 3.25868195e+00, 6.93213534e+01
3.08303146e-02, 1.31871818e-02, 9.70091766e-01, 3.00729285e-02, 9.28392213e-01, 3.05326686e-02, 3.25785598e+00, 6.93573506e+01
3.16958209e-02, 1.35516713e-02, 9.69277940e-01, 3.08959156e-02, 9.27569226e-01, 3.13813846e-02, 3.25700726e+00, 6.93943456e+01
3.25856248e-02, 1.39260747e-02, 9.68442690e-01, 3.17408302e-02, 9.26724311e-01, 3.22534554e-02, 3.25613519e+00, 6.94323658e+01
3.35004083e-02, 1.43106525e-02, 9.67585491e-01, 3.26082240e-02, 9.25856918e-01, 3.31495104e-02, 3.25523914e+00, 6.94714395e+01
3.44408728e-02, 1.47056720e-02, 9.66705808e-01, 3.34986604e-02, 9.24966481e-01, 3.40701954e-02, 3.25431845e+00, 6.95115957e+01
3.54077391e-02, 1.51114068e-02, 9.65803096e-01, 3.44127152e-02, 9.24052426e-01, 3.50161728e-02, 3.25337247e+00, 6.95528640e+01
3.64017485e-02, 1.55281370e-02, 9.64876798e-01, 3.53509765e-02, 9.23114165e-01, 3.59881220e-02, 3.25240052e+00, 6.95952750e+01
3.74236629e-02, 1.59561497e-02, 9.63926345e-01, 3.63140449e-02, 9.22151097e-01, 3.69867397e-02, 3.25140191e+00, 6.96388602e+01
3.84742658e-02, 1.63957388e-02, 9.62951161e-01, 3.73025339e-02, 9.21162608e-01, 3.80127407e-02, 3.25037591e+00, 6.96836517e+01
3.95543624e-02, 1.68472053e-02, 9.61950655e-01, 3.83170695e-02, 9.20148072e-01, 3.90668576e-02, 3.24932179e+00, 6.97296829e+01
4.06647809e-02, 1.73108570e-02, 9.60924227e-01, 3.93582911e-02, 9.19106850e-01, 4.01498419e-02, 3.24823880e+00, 6.97769877e+01
4.18063724e-02, 1.77870096e-02, 9.59871264e-01, 4.04268508e-02, 9.18038291e-01, 4.12624641e-02, 3.24712618e+00, 6.98256011e+01
4.29800121e-02, 1.82759856e-02, 9.58791145e-01, 4.15234142e-02, 9.16941727e-01, 4.24055142e-02, 3.24598313e+00, 6.98755592e+01
4.41865996e-02, 1.87781154e-02, 9.57683234e-01, 4.26486601e-02, 9.15816481e-01, 4.35798018e-02, 3.24480884e+00, 6.99268989e+01
4.54270599e-02, 1.92937372e-02, 9.56546887e-01, 4.38032809e-02, 9.14661861e-01, 4.47861572e-02, 3.24360249e+00, 6.99796581e+01
4.67023439e-02, 1.98231967e-02, 9.55381447e-01, 4.49879823e-02, 9.13477159e-01, 4.60254313e-02, 3.24236322e+00, 7.00338760e+01
4.80134292e-02, 2.03668477e-02, 9.54186246e-01, 4.62034839e-02, 9.12261658e-01, 4.72984963e-02, 3.24109015e+00, 7.00895926e+01
4.93613210e-02, 2.09250522e-02, 9.52960606e-01, 4.74505190e-02, 9.11014623e-01, 4.86062459e-02, 3.23978240e+00, 7.01468493e+01
5.07470524e-02, 2.14981804e-02, 9.51703836e-01, 4.87298345e-02, 9.09735307e-01, 4.99495962e-02, 3.23843905e+00, 7.02056884e+01
5.21716858e-02, 2.20866106e-02, 9.50415235e-01, 5.00421913e-02, 9.08422950e-01, 5.13294857e-02, 3.23705916e+00, 7.02661534e+01
5.36363132e-02, 2.26907300e-02, 9.49094092e-01, 5.13883641e-02, 9.07076777e-01, 5.27468761e-02, 3.23564177e+00, 7.03282893e+01
5.51420574e-02, 2.33109341e-02, 9.47739684e-01, 5.27691417e-02, 9.05696000e-01, 5.42027526e-02, 3.23418589e+00, 7.03921421e+01
5.66900727e-02, 2.39476274e-02, 9.46351277e-01, 5.41853264e-02, 9.04279815e-01, 5.56981244e-02, 3.23269052e+00, 7.04577592e+01
5.82815458e-02, 2.46012230e-02, 9.44928128e-01, 5.56377350e-02, 9.02827407e-01, 5.72340253e-02, 3.23115462e+00, 7.05251892e+01
5.99176967e-02, 2.52721433e-02, 9.43469482e-01, 5.71271976e-02, 9.01337944e-01, 5.88115141e-02, 3.22957713e+00, 7.05944824e+01
6.15997796e-02, 2.59608197e-02, 9.41974574e-01, 5.86545585e-02, 8.99810583e-01, 6.04316750e-02, 3.22795697e+00, 7.06656902e+01
6.33290840e-02, 2.66676928e-02, 9.40442630e-01, 6.02206758e-02, 8.98244466e-01, 6.20956184e-02, 3.22629303e+00, 7.07388657e+01
6.51069356e-02, 2.73932126e-02, 9.38872865e-01, 6.18264212e-02, 8.96638720e-01, 6.38044809e-02, 3.22458417e+00, 7.08140634e+01
6.69346971e-02, 2.81378388e-02, 9.37264486e-01, 6.34726801e-02, 8.94992461e-01, 6.55594264e-02, 3.22282922e+00, 7.08913394e+01
6.88137699e-02, 2.89020403e-02, 9.35616689e-01, 6.51603511e-02, 8.93304790e-01, 6.73616460e-02, 3.22102700e+00, 7.09707516e+01
7.07455942e-02, 2.96862961e-02, 9.33928662e-01, 6.68903466e-02, 8.91574795e-01, 6.92123592e-02, 3.21917629e+00, 7.10523593e+01
7.27316511e-02, 3.04910947e-02, 9.32199585e-01, 6.86635917e-02, 8.89801550e-01, 7.11128136e-02, 3.21727583e+00, 7.11362238e+01
7.47734631e-02, 3.13169348e-02, 9.30428629e-01, 7.04810249e-02, 8.87984117e-01, 7.30642861e-02, 3.21532436e+00, 7.12224080e+01
7.68725952e-02, 3.21643250e-02, 9.28614958e-01, 7.23435969e-02, 8.86121545e-01, 7.50680830e-02, 3.21332056e+00, 7.13109770e+01
7.90306568e-02, 3.30337838e-02, 9.26757728e-01, 7.42522713e-02, 8.84212870e-01, 7.71255405e-02, 3.21126311e+00, 7.14019975e+01
8.12493021e-02, 3.39258402e-02, 9.24856088e-01, 7.62080236e-02, 8.82257118e-01, 7.92380256e-02, 3.20915062e+00, 7.14955384e+01
8.35302320e-02, 3.48410332e-02, 9.22909182e-01, 7.82118414e-02, 8.80253300e-01, 8.14069361e-02, 3.20698171e+00, 7.15916706e+01
8.58751948e-02, 3.57799125e-02, 9.20916146e-01, 8.02647234e-02, 8.78200418e-01, 8.36337014e-02, 3.20475495e+00, 7.16904673e+01
8.82859884e-02, 3.67430377e-02, 9.18876114e-01, 8.23676797e-02, 8.76097462e-01, 8.59197828e-02, 3.20246886e+00, 7.17920039e+01
9.07644607e-02, 3.77309793e-02, 9.16788212e-01, 8.45217309e-02, 8.73943411e-01, 8.82666743e-02, 3.20012197e+00, 7.18963580e+01
9.33125118e-02, 3.87443182e-02, 9.14651565e-01, 8.67279078e-02, 8.71737234e-01, 9.06759026e-02, 3.19771274e+00, 7.20036100e+01
9.59320948e-02, 3.97836456e-02, 9.12465293e-01, 8.89872508e-02, 8.69477891e-01, 9.31490279e-02, 3.19523962e+00, 7.21138424e+01
9.86252179e-02, 4.08495636e-02, 9.10228514e-01, 9.13008095e-02, 8.67164332e-01, 9.56876444e-02, 3.19270100e+00, 7.22271407e+01
1.01393946e-01, 4.19426849e-02, 9.07940346e-01, 9.36696419e-02, 8.64795500e-01, 9.82933805e-02, 3.19009527e+00, 7.23435930e+01
1.04240401e-01, 4.30636326e-02, 9.05599903e-01, 9.60948139e-02, 8.62370328e-01, 1.00967899e-01, 3.18742075e+00, 7.24632902e+01
1.07166765e-01, 4.42130406e-02, 9.03206303e-01, 9.85773984e-02, 8.59887743e-01, 1.03712899e-01, 3.18467575e+00, 7.25863264e+01
1.10175281e-01, 4.53915533e-02, 9.00758661e-01, 1.01118475e-01, 8.57346667e-01, 1.06530114e-01, 3.18185853e+00, 7.27127987e+01
1.13268257e-01, 4.65998259e-02, 8.98256098e-01, 1.03719128e-01, 8.54746014e-01, 1.09421314e-01, 3.17896733e+00, 7.28428075e+01
1.16448062e-01, 4.78385241e-02, 8.95697735e-01, 1.06380448e-01, 8.52084694e-01, 1.12388305e-01, 3.17600034e+00, 7.29764565e+01
1.19717134e-01, 4.91083240e-02, 8.93082699e-01, 1.09103527e-01, 8.49361614e-01, 1.15432929e-01, 3.17295572e+00, 7.31138532e+01
1.23077980e-01, 5.04099123e-02, 8.90410121e-01, 1.11889463e-01, 8.46575678e-01, 1.18557067e-01, 3.16983158e+00, 7.32551085e+01
1.26533176e-01, 5.17439860e-02, 8.87679139e-01, 1.14739354e-01, 8.43725788e-01, 1.21762636e-01, 3.16662601e+00, 7.34003377e+01
1.30085370e-01, 5.31112527e-02, 8.84888900e-01, 1.17654298e-01, 8.40810844e-01, 1.25051589e-01, 3.16333706e+00, 7.35496596e+01
1.33737286e-01, 5.45124297e-02, 8.82038557e-01, 1.20635393e-01, 8.37829749e-01, 1.28425920e-01, 3.15996273e+00, 7.37031978e+01
1.37491723e-01, 5.59482450e-02, 8.79127276e-01, 1.23683737e-01, 8.34781405e-01, 1.31887658e-01, 3.15650099e+00, 7.38610802e+01
1.41351558e-01, 5.74194362e-02, 8.76154234e-01, 1.26800422e-01, 8.31664719e-01, 1.35438872e-01, 3.15294978e+00, 7.40234393e+01
1.45319752e-01, 5.89267507e-02, 8.73118619e-01, 1.29986540e-01, 8.28478602e-01, 1.39081667e-01, 3.14930698e+00, 7.41904127e+01
1.49399346e-01, 6.04709458e-02, 8.70019635e-01, 1.33243172e-01, 8.25221970e-01, 1.42818189e-01, 3.14557046e+00, 7.43621433e+01
1.53593468e-01, 6.20527881e-02, 8.66856504e-01, 1.36571396e-01, 8.21893746e-01, 1.46650619e-01, 3.14173803e+00, 7.45387792e+01
1.57905331e-01, 6.36730536e-02, 8.63628462e-01, 1.39972278e-01, 8.18492863e-01, 1.50581180e-01, 3.13780747e+00, 7.47204746e+01
1.62338243e-01, 6.53325272e-02, 8.60334766e-01, 1.43446877e-01, 8.15018264e-01, 1.54612130e-01, 3.13377652e+00, 7.49073895e+01
1.66895601e-01, 6.70320026e-02, 8.56974693e-01, 1.46996236e-01, 8.11468905e-01, 1.58745765e-01, 3.12964288e+00, 7.50996904e+01
1.71580899e-01, 6.87722823e-02, 8.53547545e-01, 1.50621387e-01, 8.07843755e-01, 1.62984420e-01, 3.12540423e+00, 7.52975504e+01
1.76397728e-01, 7.05541769e-02, 8.50052645e-01, 1.54323344e-01, 8.04141798e-01, 1.67330468e-01, 3.12105818e+00, 7.55011499e+01
1.81349780e-01, 7.23785049e-02, 8.46489343e-01, 1.58103103e-01, 8.00362039e-01, 1.71786316e-01, 3.11660233e+00, 7.57106764e+01
1.86440853e-01, 7.42460926e-02, 8.42857018e-01, 1.61961641e-01, 7.96503500e-01, 1.76354409e-01, 3.11203424e+00, 7.59263256e+01
1.91674849e-01, 7.61577735e-02, 8.39155077e-01, 1.65899913e-01, 7.92565228e-01, 1.81037230e-01, 3.10735142e+00, 7.61483014e+01
1.97055780e-01, 7.81143880e-02, 8.35382959e-01, 1.69918849e-01, 7.88546293e-01, 1.85837294e-01, 3.10255135e+00, 7.63768162e+01
2.02587771e-01, 8.01167833e-02, 8.31540137e-01, 1.74019351e-01, 7.84445791e-01, 1.90757151e-01, 3.09763150e+00, 7.66120921e+01
2.08275063e-01, 8.21658124e-02, 8.27626118e-01, 1.78202293e-01, 7.80262848e-01, 1.95799386e-01, 3.09258926e+00, 7.68543604e+01
2.14122015e-01, 8.42623342e-02, 8.23640447e-01, 1.82468519e-01, 7.75996623e-01, 2.00966615e-01, 3.08742203e+00, 7.71038631e+01
2.20133111e-01, 8.64072127e-02, 8.19582709e-01, 1.86818835e-01, 7.71646307e-01, 2.06261487e-01, 3.08212716e+00, 7.73608528e+01
2.26312957e-01, 8.86013169e-02, 8.15452527e-01, 1.91254012e-01, 7.67211129e-01, 2.11686678e-01, 3.07670197e+00, 7.76255938e+01
2.32666291e-01, 9.08455198e-02, 8.11249571e-01, 1.95774782e-01, 7.62690360e-01, 2.17244897e-01, 3.07114375e+00, 7.78983621e+01
2.39197984e-01, 9.31406982e-02, 8.06973553e-01, 2.00381832e-01, 7.58083310e-01, 2.22938875e-01, 3.06544977e+00, 7.81794469e+01
2.45913043e-01, 9.54877322e-02, 8.02624233e-01, 2.05075805e-01, 7.53389337e-01, 2.28771374e-01, 3.05961727e+00, 7.84691507e+01
2.52816614e-01, 9.78875042e-02, 7.98201419e-01, 2.09857294e-01, 7.48607847e-01, 2.34745173e-01, 3.05364347e+00, 7.87677902e+01
2.59913992e-01, 1.00340899e-01, 7.93704972e-01, 2.14726843e-01, 7.43738299e-01, 2.40863077e-01, 3.04752557e+00, 7.90756973e+01
2.67210616e-01, 1.02848802e-01, 7.89134803e-01, 2.19684937e-01, 7.38780205e-01, 2.47127908e-01, 3.04126074e+00, 7.93932197e+01
2.74712079e-01, 1.05412101e-01, 7.84490880e-01, 2.24732004e-01, 7.33733137e-01, 2.53542505e-01, 3.03484614e+00, 7.97207219e+01
2.82424133e-01, 1.08031682e-01, 7.79773224e-01, 2.29868413e-01, 7.28596729e-01, 2.60109719e-01, 3.02827893e+00, 8.00585861e+01
2.90352688e-01, 1.10708431e-01, 7.74981917e-01, 2.35094463e-01, 7.23370679e-01, 2.66832413e-01, 3.02155623e+00, 8.04072132e+01
2.98503825e-01, 1.13443233e-01, 7.70117100e-01, 2.40410388e-01, 7.18054754e-01, 2.73713457e-01, 3.01467519e+00, 8.07670239e+01
3.06883789e-01, 1.16236971e-01, 7.65178976e-01, 2.45816347e-01, 7.12648795e-01, 2.80755725e-01, 3.00763292e+00, 8.11384596e+01
3.15499006e-01, 1.19090524e-01, 7.60167811e-01, 2.51312425e-01, 7.07152716e-01, 2.87962091e-01, 3.00042656e+00, 8.15219837e+01
3.24356081e-01, 1.22004770e-01, 7.55083934e-01, 2.56898627e-01, 7.01566515e-01, 2.95335425e-01, 2.99305322e+00, 8.19180828e+01
3.33461802e-01, 1.24980579e-01, 7.49927744e-01, 2.62574873e-01, 6.95890269e-01, 3.02878588e-01, 2.98551006e+00, 8.23272678e+01
3.42823149e-01, 1.28018820e-01, 7.44699703e-01, 2.68340997e-01, 6.90124144e-01, 3.10594430e-01, 2.97779422e+00, 8.27500753e+01
3.52447300e-01, 1.31120351e-01, 7.39400345e-01, 2.74196743e-01, 6.84268399e-01, 3.18485780e-01, 2.96990287e+00, 8.31870691e+01
3.62341632e-01, 1.34286029e-01, 7.34030273e-01, 2.80141757e-01, 6.78323385e-01, 3.26555447e-01, 2.96183320e+00, 8.36388412e+01
3.72513730e-01, 1.37516698e-01, 7.28590161e-01, 2.86175589e-01, 6.72289552e-01, 3.34806210e-01, 2.95358244e+00, 8.41060138e+01
3.82971391e-01, 1.40813196e-01, 7.23080757e-01, 2.92297687e-01, 6.66167455e-01, 3.43240813e-01, 2.94514783e+00, 8.45892405e+01
3.93722633e-01, 1.44176353e-01, 7.17502878e-01, 2.98507390e-01, 6.59957752e-01, 3.51861960e-01, 2.93652669e+00, 8.50892079e+01
4.04775697e-01, 1.47606985e-01, 7.11857418e-01, 3.04803929e-01, 6.53661212e-01, 3.60672307e-01, 2.92771634e+00, 8.56066373e+01
4.16139055e-01, 1.51105900e-01, 7.06145344e-01, 3.11186423e-01, 6.47278719e-01, 3.69674455e-01, 2.91871419e+00, 8.61422868e+01
4.27821420e-01, 1.54673893e-01, 7.00367697e-01, 3.17653870e-01, 6.40811272e-01, 3.78870945e-01, 2.90951770e+00, 8.66969522e+01
4.39831747e-01, 1.58311745e-01, 6.94525595e-01, 3.24205150e-01, 6.34259992e-01, 3.88264246e-01, 2.90012440e+00, 8.72714698e+01
4.52179242e-01, 1.62020224e-01, 6.88620228e-01, 3.30839019e-01, 6.27626123e-01, 3.97856752e-01, 2.89053189e+00, 8.78667177e+01
4.64873371e-01, 1.65800084e-01, 6.82652863e-01, 3.37554105e-01, 6.20911036e-01, 4.07650771e-01, 2.88073788e+00, 8.84836176e+01
4.77923865e-01, 1.69652062e-01, 6.76624841e-01, 3.44348908e-01, 6.14116234e-01, 4.17648515e-01, 2.87074013e+00, 8.91231376e+01
4.91340729e-01, 1.73576879e-01, 6.70537578e-01, 3.51221792e-01, 6.07243349e-01, 4.27852095e-01, 2.86053655e+00, 8.97862932e+01
5.05134247e-01, 1.77575238e-01, 6.64392563e-01, 3.58170989e-01, 6.00294152e-01, 4.38263509e-01, 2.85012514e+00, 9.04741503e+01
5.19314994e-01, 1.81647824e-01, 6.58191359e-01, 3.65194592e-01, 5.93270549e-01, 4.48884631e-01, 2.83950402e+00, 9.11878268e+01
5.33893840e-01, 1.85795303e-01, 6.51935600e-01, 3.72290555e-01, 5.86174587e-01, 4.59717207e-01, 2.82867144e+00, 9.19284949e+01
5.48881961e-01, 1.90018322e-01, 6.45626991e-01, 3.79456690e-01, 5.79008452e-01, 4.70762839e-01, 2.81762581e+00, 9.26973835e+01
5.64290847e-01, 1.94317504e-01, 6.39267309e-01, 3.86690668e-01, 5.71774474e-01, 4.82022978e-01, 2.80636567e+00, 9.34957802e+01
5.80132310e-01, 1.98693454e-01, 6.32858396e-01, 3.93990016e-01, 5.64475126e-01, 4.93498916e-01, 2.79488973e+00, 9.43250338e+01
5.96418495e-01, 2.03146750e-01, 6.26402164e-01, 4.01352119e-01, 5.57113023e-01, 5.05191770e-01, 2.78319688e+00, 9.51865565e+01
6.13161884e-01, 2.07677952e-01, 6.19900588e-01, 4.08774218e-01, 5.49690924e-01, 5.17102476e-01, 2.77128617e+00, 9.60818265e+01
6.30375315e-01, 2.12287591e-01, 6.13355704e-01, 4.16253411e-01, 5.42211731e-01, 5.29231780e-01, 2.75915687e+00, 9.70123898e+01
6.48071983e-01, 2.16976176e-01, 6.06769614e-01, 4.23786656e-01, 5.34678485e-01, 5.41580223e-01, 2.74680842e+00, 9.79798634e+01
6.66265452e-01, 2.21744190e-01, 6.00144472e-01, 4.31370771e-01, 5.27094370e-01, 5.54148138e-01, 2.73424051e+00, 9.89859371e+01
6.84969672e-01, 2.26592088e-01, 5.93482492e-01, 4.39002437e-01, 5.19462704e-01, 5.66935633e-01, 2.72145301e+00, 1.00032376e+02
7.04198979e-01, 2.31520301e-01, 5.86785940e-01, 4.46678200e-01, 5.11786941e-01, 5.79942588e-01, 2.70844606e+00, 1.01121024e+02
7.23968114e-01, 2.36529229e-01, 5.80057132e-01, 4.54394477e-01, 5.04070664e-01, 5.93168644e-01, 2.69522000e+00, 1.02253804e+02
7.44292233e-01, 2.41619247e-01, 5.73298431e-01, 4.62147559e-01, 4.96317583e-01, 6.06613192e-01, 2.68177545e+00, 1.03432722e+02
7.65186915e-01, 2.46790700e-01, 5.66512244e-01, 4.69933615e-01, 4.88531526e-01, 6.20275372e-01, 2.66811327e+00, 1.04659871e+02
7.86668179e-01, 2.52043903e-01, 5.59701019e-01, 4.77748701e-01, 4.80716441e-01, 6.34154058e-01, 2.65423459e+00, 1.05937429e+02
8.08752491e-01, 2.57379142e-01, 5.52867241e-01, 4.85588762e-01, 4.72876380e-01, 6.48247860e-01, 2.64014079e+00, 1.07267668e+02
8.31456781e-01, 2.62796674e-01, 5.46013431e-01, 4.93449644e-01, 4.65015497e-01, 6.62555113e-01, 2.62583353e+00, 1.08652949e+02
8.54798453e-01, 2.68296725e-01, 5.39142136e-01, 5.01327100e-01, 4.57138042e-01, 6.77073872e-01, 2.61131477e+00, 1.10095732e+02
8.78795401e-01, 2.73879488e-01, 5.32255933e-01, 5.09216796e-01, 4.49248346e-01, 6.91801916e-01, 2.59658673e+00, 1.11598572e+02
9.03466021e-01, 2.79545129e-01, 5.25357421e-01, 5.17114324e-01, 4.41350818e-01, 7.06736736e-01, 2.58165191e+00, 1.13164128e+02
9.28829225e-01, 2.85293778e-01, 5.18449216e-01, 5.25015211e-01, 4.33449931e-01, 7.21875541e-01, 2.56651311e+00, 1.14795160e+02
9.54904456e-01, 2.91125536e-01, 5.11533951e-01, 5.32914927e-01, 4.25550215e-01, 7.37215255e-01, 2.55117339e+00, 1.16494535e+02
9.81711702e-01, 2.97040474e-01, 5.04614268e-01, 5.40808901e-01, 4.17656241e-01, 7.52752521e-01, 2.53563613e+00, 1.18265229e+02
1.00927151e+00, 3.03038627e-01, 4.97692817e-01, 5.48692526e-01, 4.09772616e-01, 7.68483699e-01, 2.51990495e+00, 1.20110331e+02
1.03760502e+00, 3.09120002e-01, 4.90772250e-01, 5.56561176e-01, 4.01903965e-01, 7.84404872e-01, 2.50398377e+00, 1.22033045e+02
1.06673394e+00, 3.15284571e-01, 4.83855218e-01, 5.64410218e-01, 3.94054923e-01, 8.00511856e-01, 2.48787679e+00, 1.24036691e+02
1.09668060e+00, 3.21532276e-01, 4.76944367e-01, 5.72235020e-01, 3.86230121e-01, 8.16800196e-01, 2.47158845e+00, 1.26124715e+02
1.12746796e+00, 3.27863028e-01, 4.70042332e-01, 5.80030969e-01, 3.78434173e-01, 8.33265185e-01, 2.45512346e+00, 1.28300683e+02
1.15911962e+00, 3.34276704e-01, 4.63151736e-01, 5.87793480e-01, 3.70671662e-01, 8.49901865e-01, 2.43848678e+00, 1.30568295e+02
1.19165984e+00, 3.40773150e-01, 4.56275185e-01, 5.95518010e-01, 3.62947131e-01, 8.66705041e-01, 2.42168361e+00, 1.32931380e+02
1.22511358e+00, 3.47352184e-01, 4.49415262e-01, 6.03200074e-01, 3.55265068e-01, 8.83669289e-01, 2.40471936e+00, 1.35393905e+02
1.25950646e+00, 3.54013588e-01, 4.42574525e-01, 6.10835250e-01, 3.47629892e-01, 9.00788975e-01, 2.38759967e+00, 1.37959979e+02
1.29486487e+00, 3.60757118e-01, 4.35755505e-01, 6.18419199e-01, 3.40045943e-01, 9.18058259e-01, 2.37033039e+00, 1.40633856e+02
1.33121590e+00, 3.67582497e-01, 4.28960698e-01, 6.25947672e-01, 3.32517470e-01, 9.35471116e-01, 2.35291753e+00, 1.43419942e+02
1.36858742e+00, 3.74489419e-01, 4.22192565e-01, 6.33416525e-01, 3.25048617e-01, 9.53021349e-01, 2.33536730e+00, 1.46322798e+02
1.40700809e+00, 3.81477549e-01, 4.15453528e-01, 6.40821726e-01, 3.17643416e-01, 9.70702605e-01, 2.31768604e+00, 1.49347148e+02
1.44650734e+00, 3.88546523e-01, 4.08745964e-01, 6.48159368e-01, 3.10305773e-01, 9.88508388e-01, 2.29988026e+00, 1.52497882e+02
1.48711546e+00, 3.95695948e-01, 4.02072206e-01, 6.55425680e-01, 3.03039462e-01, 1.00643208e+00, 2.28195657e+00, 1.55780067e+02
1.52886359e+00, 4.02925403e-01, 3.95434536e-01, 6.62617032e-01, 2.95848110e-01, 1.02446696e+00, 2.26392169e+00, 1.59198951e+02
1.57178372e+00, 4.10234442e-01, 3.88835186e-01, 6.69729946e-01, 2.88735195e-01, 1.04260620e+00, 2.24578245e+00, 1.62759967e+02
1.61590875e+00, 4.17622591e-01, 3.82276331e-01, 6.76761105e-01, 2.81704037e-01, 1.06084292e+00, 2.22754573e+00, 1.66468750e+02
1.66127252e+00, 4.25089350e-01, 3.75760089e-01, 6.83707353e-01, 2.74757788e-01, 1.07917017e+00, 2.20921847e+00, 1.70331134e+02
1.70790980e+00, 4.32634194e-01, 3.69288519e-01, 6.90565710e-01, 2.67899432e-01, 1.09758097e+00, 2.19080767e+00, 1.74353170e+02
1.75585633e+00, 4.40256573e-01, 3.62863618e-01, 6.97333369e-01, 2.61131773e-01, 1.11606831e+00, 2.17232034e+00, 1.78541131e+02
1.80514888e+00, 4.47955916e-01, 3.56487318e-01, 7.04007703e-01, 2.54457438e-01, 1.13462517e+00, 2.15376348e+00, 1.82901522e+02
1.85582523e+00, 4.55731626e-01, 3.50161484e-01, 7.10586270e-01, 2.47878871e-01, 1.15324454e+00, 2.13514411e+00, 1.87441091e+02
1.90792422e+00, 4.63583085e-01, 3.43887915e-01, 7.17066811e-01, 2.41398331e-01, 1.17191943e+00, 2.11646921e+00, 1.92166840e+02
1.96148581e+00, 4.71509656e-01, 3.37668341e-01, 7.23447254e-01, 2.35017888e-01, 1.19064291e+00, 2.09774574e+00, 1.97086036e+02
2.01655104e+00, 4.79510678e-01, 3.31504419e-01, 7.29725713e-01, 2.28739429e-01, 1.20940807e+00, 2.07898058e+00, 2.02206225e+02
2.07316213e+00, 4.87585472e-01, 3.25397736e-01, 7.35900489e-01, 2.22564652e-01, 1.22820808e+00, 2.06018057e+00, 2.07535241e+02
2.13136247e+00, 4.95733342e-01, 3.19349807e-01, 7.41970070e-01, 2.16495072e-01, 1.24703618e+00, 2.04135246e+00, 2.13081225e+02
2.19119669e+00, 5.03953573e-01, 3.13362070e-01, 7.47933124e-01, 2.10532017e-01, 1.26588571e+00, 2.02250294e+00, 2.18852632e+02
2.25271064e+00, 5.12245431e-01, 3.07435893e-01, 7.53788503e-01, 2.04676639e-01, 1.28475008e+00, 2.00363857e+00, 2.24858254e+02
2.31595149e+00, 5.20608169e-01, 3.01572566e-01, 7.59535234e-01, 1.98929907e-01, 1.30362284e+00, 1.98476581e+00, 2.31107226e+02
2.38096772e+00, 5.29041024e-01, 2.95773306e-01, 7.65172521e-01, 1.93292621e-01, 1.32249762e+00, 1.96589103e+00, 2.37609052e+02
2.44780916e+00, 5.37543219e-01, 2.90039255e-01, 7.70699735e-01, 1.87765407e-01, 1.34136821e+00, 1.94702044e+00, 2.44373614e+02
2.51652705e+00, 5.46113963e-01, 2.84371479e-01, 7.76116414e-01, 1.82348728e-01, 1.36022850e+00, 1.92816014e+00, 2.51411194e+02
2.58717408e+00, 5.54752453e-01, 2.78770971e-01, 7.81422255e-01, 1.77042887e-01, 1.37907254e+00, 1.90931611e+00, 2.58732488e+02
2.65980440e+00, 5.63457874e-01, 2.73238647e-01, 7.86617110e-01, 1.71848031e-01, 1.39789450e+00, 1.89049415e+00, 2.66348632e+02
2.73447368e+00, 5.72229403e-01, 2.67775351e-01, 7.91700980e-01, 1.66764162e-01, 1.41668871e+00, 1.87169994e+00, 2.74271215e+02
2.81123917e+00, 5.81066203e-01, 2.62381854e-01, 7.96674008e-01, 1.61791134e-01, 1.43544964e+00, 1.85293901e+00, 2.82512303e+02
2.89015972e+00, 5.89967432e-01, 2.57058854e-01, 8.01536474e-01, 1.56928667e-01, 1.45417192e+00, 1.83421672e+00, 2.91084461e+02
2.97129582e+00, 5.98932239e-01, 2.51806978e-01, 8.06288789e-01, 1.52176353e-01, 1.47285034e+00, 1.81553830e+00, 3.00000774e+02
3.05470967e+00, 6.07959763e-01, 2.46626782e-01, 8.10931485e-01, 1.47533657e-01, 1.49147984e+00, 1.79690880e+00, 3.09274869e+02
3.14046522e+00, 6.17049141e-01, 2.41518754e-01, 8.15465215e-01, 1.42999927e-01, 1.51005553e+00, 1.77833312e+00, 3.18920944e+02
3.22862820e+00, 6.26199502e-01, 2.36483311e-01, 8.19890739e-01, 1.38574403e-01, 1.52857265e+00, 1.75981600e+00, 3.28953789e+02
3.31926620e+00, 6.35409971e-01, 2.31520808e-01, 8.24208923e-01, 1.34256219e-01, 1.54702663e+00, 1.74136202e+00, 3.39388814e+02
3.41244871e+00, 6.44679670e-01, 2.26631530e-01, 8.28420730e-01, 1.30044412e-01, 1.56541305e+00, 1.72297560e+00, 3.50242075e+02
3.50824714e+00, 6.54007716e-01, 2.21815701e-01, 8.32527214e-01, 1.25937928e-01, 1.58372765e+00, 1.70466100e+00, 3.61530304e+02
3.60673495e+00, 6.63393226e-01, 2.17073483e-01, 8.36529513e-01, 1.21935629e-01, 1.60196633e+00, 1.68642231e+00, 3.73270937e+02
3.70798763e+00, 6.72835313e-01, 2.12404976e-01, 8.40428843e-01, 1.18036298e-01, 1.62012515e+00, 1.66826350e+00, 3.85482148e+02
3.81208280e+00, 6.82333091e-01, 2.07810223e-01, 8.44226494e-01, 1.14238648e-01, 1.63820031e+00, 1.65018833e+00, 3.98182875e+02
3.91910025e+00, 6.91885673e-01, 2.03289209e-01, 8.47923820e-01, 1.10541322e-01, 1.65618819e+00, 1.63220046e+00, 4.11392859e+02
4.02912203e+00, 7.01492174e-01, 1.98841864e-01, 8.51522236e-01, 1.06942906e-01, 1.67408529e+00, 1.61430335e+00, 4.25132677e+02
4.14223247e+00, 7.11151707e-01, 1.94468065e-01, 8.55023211e-01, 1.03441931e-01, 1.69188830e+00, 1.59650035e+00, 4.39423774e+02
4.25851829e+00, 7.20863389e-01, 1.90167637e-01, 8.58428264e-01, 1.00036877e-01, 1.70959402e+00, 1.57879463e+00, 4.54288507e+02
4.37806863e+00, 7.30626340e-01, 1.85940357e-01, 8.61738958e-01, 9.67261831e-02, 1.72719942e+00, 1.56118923e+00, 4.69750178e+02
4.50097513e+00, 7.40439681e-01, 1.81785952e-01, 8.64956894e-01, 9.35082475e-02, 1.74470160e+00, 1.54368705e+00, 4.85833080e+02
4.62733201e+00, 7.50302539e-01, 1.77704105e-01, 8.68083706e-01, 9.03814352e-02, 1.76209780e+00, 1.52629085e+00, 5.02562532e+02
4.75723614e+00, 7.60214043e-01, 1.73694456e-01, 8.71121059e-01, 8.73440823e-02, 1.77938540e+00, 1.50900324e+00, 5.19964931e+02
4.89078709e+00, 7.70173327e-01, 1.69756602e-01, 8.74070642e-01, 8.43944997e-02, 1.79656193e+00, 1.49182672e+00, 5.38067793e+02
5.02808725e+00, 7.80179530e-01, 1.65890100e-01, 8.76934163e-01, 8.15309783e-02, 1.81362502e+00, 1.47476362e+00, 5.56899799e+02
5.16924187e+00, 7.90231798e-01, 1.62094471e-01, 8.79713349e-01, 7.87517923e-02, 1.83057246e+00, 1.45781619e+00, 5.76490849e+02
5.31435916e+00, 8.00329281e-01, 1.58369199e-01, 8.82409938e-01, 7.60552033e-02, 1.84740214e+00, 1.44098651e+00, 5.96872112e+02
5.46355035e+00, 8.10471136e-01, 1.54713732e-01, 8.85025678e-01, 7.34394640e-02, 1.86411208e+00, 1.42427656e+00, 6.18076077e+02
5.61692982e+00, 8.20656529e-01, 1.51127491e-01, 8.87562320e-01, 7.09028214e-02, 1.88070044e+00, 1.40768821e+00, 6.40136613e+02
5.77461515e+00, 8.30884629e-01, 1.47609861e-01, 8.90021621e-01, 6.84435203e-02, 1.89716546e+00, 1.39122319e+00, 6.63089025e+02
5.93672722e+00, 8.41154616e-01, 1.44160202e-01, 8.92405336e-01, 6.60598060e-02, 1.91350552e+00, 1.37488313e+00, 6.86970116e+02
6.10339029e+00, 8.51465677e-01, 1.40777848e-01, 8.94715214e-01, 6.37499273e-02, 1.92971910e+00, 1.35866954e+00, 7.11818246e+02
6.27473213e+00, 8.61817006e-01, 1.37462106e-01, 8.96953002e-01, 6.15121392e-02, 1.94580480e+00, 1.34258385e+00, 7.37673406e+02
6.45088409e+00, 8.72207807e-01, 1.34212261e-01, 8.99120436e-01, 5.93447051e-02, 1.96176130e+00, 1.32662735e+00, 7.64577280e+02
6.63198120e+00, 8.82637292e-01, 1.31027576e-01, 9.01219242e-01, 5.72458994e-02, 1.97758740e+00, 1.31080125e+00, 7.92573317e+02
6.81816229e+00, 8.93104682e-01, 1.27907296e-01, 9.03251132e-01, 5.52140095e-02, 1.99328200e+00, 1.29510665e+00, 8.21706809e+02
7.00957009e+00, 9.03609206e-01, 1.24850646e-01, 9.05217804e-01, 5.32473377e-02, 2.00884408e+00, 1.27954457e+00, 8.52024968e+02
7.20635132e+00, 9.14150106e-01, 1.21856835e-01, 9.07120939e-01, 5.13442028e-02, 2.02427273e+00, 1.26411592e+00, 8.83577004e+02
7.40865683e+00, 9.24726629e-01, 1.18925058e-01, 9.08962199e-01, 4.95029424e-02, 2.03956712e+00, 1.24882153e+00, 9.16414211e+02
7.61664172e+00, 9.35338035e-01, 1.16054495e-01, 9.10743228e-01, 4.77219135e-02, 2.05472651e+00, 1.23366214e+00, 9.50590058e+02
7.83046540e+00, 9.45983593e-01, 1.13244314e-01, 9.12465647e-01, 4.59994947e-02, 2.06975024e+00, 1.21863840e+00, 9.86160275e+02
8.05029181e+00, 9.56662583e-01, 1.10493675e-01, 9.14131055e-01, 4.43340869e-02, 2.08463775e+00, 1.20375090e+00, 1.02318295e+03
8.27628946e+00, 9.67374292e-01, 1.07801724e-01, 9.15741027e-01, 4.27241146e-02, 2.09938852e+00, 1.18900013e+00, 1.06171864e+03
8.50863158e+00, 9.78118021e-01, 1.05167604e-01, 9.17297115e-01, 4.11680269e-02, 2.11400215e+00, 1.17438650e+00, 1.10183046e+03
8.74749630e+00, 9.88893079e-01, 1.02590447e-01, 9.18800843e-01, 3.96642983e-02, 2.12847829e+00, 1.15991036e+00, 1.14358418e+03
8.99306672e+00, 9.99698787e-01, 1.00069381e-01, 9.20253712e-01, 3.82114296e-02, 2.14281666e+00, 1.14557198e+00, 1.18704839e+03
9.24553110e+00, 1.01053448e+00, 9.76035298e-02, 9.21657193e-01, 3.68079484e-02, 2.15701707e+00, 1.13137158e+00, 1.23229454e+03
9.50508296e+00, 1.02139949e+00, 9.51920136e-02, 9.23012732e-01, 3.54524098e-02, 2.17107936e+00, 1.11730928e+00, 1.27939714e+03
9.77192128e+00, 1.03229317e+00, 9.28339498e-02, 9.24321745e-01, 3.41433968e-02, 2.18500348e+00, 1.10338517e+00, 1.32843383e+03
1.00462506e+01, 1.04321489e+00, 9.05284548e-02, 9.25585621e-01, 3.28795208e-02, 2.19878939e+00, 1.08959925e+00, 1.37948555e+03
1.03282813e+01, 1.05416402e+00, 8.82746444e-02, 9.26805720e-01, 3.16594216e-02, 2.21243716e+00, 1.07595149e+00, 1.43263665e+03
1.06182294e+01, 1.06513995e+00, 8.60716349e-02, 9.27983373e-01, 3.04817684e-02, 2.22594688e+00, 1.06244177e+00, 1.48797507e+03
1.09163173e+01, 1.07614206e+00, 8.39185439e-02, 9.29119883e-01, 2.93452588e-02, 2.23931871e+00, 1.04906994e+00, 1.54559243e+03
1.12227736e+01, 1.08716977e+00, 8.18144912e-02, 9.30216521e-01, 2.82486202e-02, 2.25255286e+00, 1.03583578e+00, 1.60558429e+03
1.15378330e+01, 1.09822248e+00, 7.97585995e-02, 9.31274533e-01, 2.71906086e-02, 2.26564960e+00, 1.02273905e+00, 1.66805018e+03
1.18617372e+01, 1.10929963e+00, 7.77499950e-02, 9.32295132e-01, 2.61700098e-02, 2.27860923e+00, 1.00977942e+00, 1.73309391e+03
1.21947344e+01, 1.12040065e+00, 7.57878084e-02, 9.33279503e-01, 2.51856382e-02, 2.29143211e+00, 9.96956538e-01, 1.80082362e+03
1.25370799e+01, 1.13152499e+00, 7.38711753e-02, 9.34228804e-01, 2.42363375e-02, 2.30411864e+00, 9.84270008e-01, 1.87135208e+03
1.28890361e+01, 1.14267211e+00, 7.19992367e-02, 9.35144161e-01, 2.33209802e-02, 2.31666926e+00, 9.71719382e-01, 1.94479679e+03
1.32508729e+01, 1.15384147e+00, 7.01711401e-02, 9.36026674e-01, 2.24384674e-02, 2.32908447e+00, 9.59304178e-01, 2.02128024e+03
1.36228676e+01, 1.16503255e+00, 6.83860392e-02, 9.36877413e-01, 2.15877287e-02, 2.34136477e+00, 9.47023872e-01, 2.10093009e+03
1.40053055e+01, 1.17624484e+00, 6.66430952e-02, 9.37697420e-01, 2.07677217e-02, 2.35351074e+00, 9.34877904e-01, 2.18387943e+03
1.43984795e+01, 1.18747784e+00, 6.49414767e-02, 9.38487710e-01, 1.99774319e-02, 2.36552297e+00, 9.22865679e-01, 2.27026695e+03
1.48026913e+01, 1.19873106e+00, 6.32803605e-02, 9.39249269e-01, 1.92158724e-02, 2.37740208e+00, 9.10986566e-01, 2.36023722e+03
1.52182505e+01, 1.21000400e+00, 6.16589316e-02, 9.39983058e-01, 1.84820833e-02, 2.38914874e+00, 8.99239905e-01, 2.45394093e+03
1.56454759e+01, 1.22129622e+00, 6.00763839e-02, 9.40690010e-01, 1.77751314e-02, 2.40076364e+00, 8.87625005e-01, 2.55153513e+03
1.60846948e+01, 1.23260723e+00, 5.85319205e-02, 9.41371032e-01, 1.70941100e-02, 2.41224750e+00, 8.76141144e-01, 2.65318355e+03
1.65362441e+01, 1.24393658e+00, 5.70247538e-02, 9.42027003e-01, 1.64381383e-02, 2.42360107e+00, 8.64787576e-01, 2.75905681e+03
1.70004698e+01, 1.25528384e+00, 5.55541057e-02, 9.42658781e-01, 1.58063609e-02, 2.43482512e+00, 8.53563526e-01, 2.86933278e+03
1.74777277e+01, 1.26664856e+00, 5.41192085e-02, 9.43267194e-01, 1.51979475e-02, 2.44592045e+00, 8.42468196e-01, 2.98419683e+03
1.79683839e+01, 1.27803033e+00, 5.27193041e-02, 9.43853049e-01, 1.46120923e-02, 2.45688788e+00, 8.31500767e-01, 3.10384221e+03
1.84728144e+01, 1.28942872e+00, 5.13536452e-02, 9.44417128e-01, 1.40480137e-02, 2.46772825e+00, 8.20660394e-01, 3.22847031e+03
1.89914058e+01, 1.30084334e+00, 5.00214947e-02, 9.44960188e-01, 1.35049537e-02, 2.47844243e+00, 8.09946215e-01, 3.35829107e+03
1.95245558e+01, 1.31227377e+00, 4.87221263e-02, 9.45482964e-01, 1.29821772e-02, 2.48903130e+00, 7.99357348e-01, 3.49352331e+03
2.00726730e+01, 1.32371963e+00, 4.74548245e-02, 9.45986169e-01, 1.24789721e-02, 2.49949575e+00, 7.88892893e-01, 3.63439510e+03
2.06361777e+01, 1.33518054e+00, 4.62188846e-02, 9.46470493e-01, 1.19946482e-02, 2.50983671e+00, 7.78551934e-01, 3.78114420e+03
2.12155017e+01, 1.34665613e+00, 4.50136131e-02, 9.46936605e-01, 1.15285368e-02, 2.52005511e+00, 7.68333538e-01, 3.93401838e+03
2.18110892e+01, 1.35814602e+00, 4.38383275e-02, 9.47385151e-01, 1.10799907e-02, 2.53015189e+00, 7.58236759e-01, 4.09327594e+03
2.24233968e+01, 1.36964988e+00, 4.26923562e-02, 9.47816759e-01, 1.06483830e-02, 2.54012801e+00, 7.48260636e-01, 4.25918611e+03
2.30528939e+01, 1.38116734e+00, 4.15750390e-02, 9.48232035e-01, 1.02331070e-02, 2.54998445e+00, 7.38404198e-01, 4.43202950e+03
2.37000629e+01, 1.39269806e+00, 4.04857268e-02, 9.48631566e-01, 9.83357564e-03, 2.55972219e+00, 7.28666462e-01, 4.61209861e+03
2.43654001e+01, 1.40424172e+00, 3.94237819e-02, 9.49015921e-01, 9.44922103e-03, 2.56934221e+00, 7.19046432e-01, 4.79969833e+03
2.50494154e+01, 1.41579798e+00, 3.83885774e-02, 9.49385648e-01, 9.07949384e-03, 2.57884554e+00, 7.09543106e-01, 4.99514646e+03
2.57526333e+01, 1.42736654e+00, 3.73794979e-02, 9.49741279e-01, 8.72386289e-03, 2.58823317e+00, 7.00155473e-01, 5.19877423e+03
2.64755927e+01, 1.43894707e+00, 3.63959391e-02, 9.50083327e-01, 8.38181464e-03, 2.59750614e+00, 6.90882511e-01, 5.41092693e+03
2.72188479e+01, 1.45053928e+00, 3.54373078e-02, 9.50412289e-01, 8.05285274e-03, 2.60666545e+00, 6.81723196e-01, 5.63196445e+03
2.79829688e+01, 1.46214287e+00, 3.45030217e-02, 9.50728644e-01, 7.73649752e-03, 2.61571215e+00, 6.72676495e-01, 5.86226193e+03
2.87685409e+01, 1.47375755e+00, 3.35925097e-02, 9.51032856e-01, 7.43228553e-03, 2.62464728e+00, 6.63741370e-01, 6.10221039e+03
2.95761666e+01, 1.48538304e+00, 3.27052117e-02, 9.51325372e-01, 7.13976911e-03, 2.63347187e+00, 6.54916779e-01, 6.35221741e+03
3.04064649e+01, 1.49701906e+00, 3.18405781e-02, 9.51606626e-01, 6.85851590e-03, 2.64218697e+00, 6.46201675e-01, 6.61270784e+03
3.12600724e+01, 1.50866534e+00, 3.09980705e-02, 9.51877033e-01, 6.58810840e-03, 2.65079364e+00, 6.37595010e-01, 6.88412451e+03
3.21376434e+01, 1.52032162e+00, 3.01771610e-02, 9.52136998e-01, 6.32814354e-03, 2.65929292e+00, 6.29095731e-01, 7.16692902e+03
3.30398507e+01, 1.53198765e+00, 2.93773321e-02, 9.52386909e-01, 6.07823226e-03, 2.66768586e+00, 6.20702786e-01, 7.46160249e+03
3.39673858e+01, 1.54366317e+00, 2.85980772e-02, 9.52627143e-01, 5.83799905e-03, 2.67597353e+00, 6.12415119e-01, 7.76864646e+03
3.49209598e+01, 1.55534793e+00, 2.78388997e-02, 9.52858060e-01, 5.60708158e-03, 2.68415697e+00, 6.04231675e-01, 8.08858369e+03
3.59013038e+01, 1.56704171e+00, 2.70993135e-02, 9.53080011e-01, 5.38513027e-03, 2.69223725e+00, 5.96151397e-01, 8.42195908e+03
3.69091691e+01, 1.57874427e+00, 2.63788425e-02, 9.53293334e-01, 5.17180791e-03, 2.70021542e+00, 5.88173231e-01, 8.76934062e+03
3.79453285e+01, 1.59045537e+00, 2.56770206e-02, 9.53498352e-01, 4.96678925e-03, 2.70809253e+00, 5.80296121e-01, 9.13132036e+03
3.90105762e+01, 1.60217481e+00, 2.49933916e-02, 9.53695381e-01, 4.76976063e-03, 2.71586963e+00, 5.72519014e-01, 9.50851543e+03
4.01057288e+01, 1.61390235e+00, 2.43275093e-02, 9.53884722e-01, 4.58041963e-03, 2.72354779e+00, 5.64840860e-01, 9.90156910e+03
4.12316259e+01, 1.62563780e+00, 2.36789368e-02, 9.54066667e-01, 4.39847468e-03, 2.73112804e+00, 5.57260607e-01, 1.03111519e+04
4.23891306e+01, 1.63738095e+00, 2.30472468e-02, 9.54241497e-01, 4.22364473e-03, 2.73861144e+00, 5.49777211e-01, 1.07379627e+04
4.35791301e+01, 1.64913159e+00, 2.24320214e-02, 9.54409483e-01, 4.05565888e-03, 2.74599902e+00, 5.42389626e-01, 1.11827302e+04
4.48025368e+01, 1.66088953e+00, 2.18328518e-02, 9.54570885e-01, 3.89425609e-03, 2.75329183e+00, 5.35096813e-01, 1.16462136e+04
4.60602884e+01, 1.67265458e+00, 2.12493385e-02, 9.54725957e-01, 3.73918481e-03, 2.76049091e+00, 5.27897736e-01, 1.21292046e+04
4.73533492e+01, 1.68442656e+00, 2.06810907e-02, 9.54874939e-01, 3.59020269e-03, 2.76759729e+00, 5.20791360e-01, 1.26325283e+04
4.86827104e+01, 1.69620528e+00, 2.01277264e-02, 9.55018065e-01, 3.44707625e-03, 2.77461199e+00, 5.13776659e-01, 1.31570448e+04
5.00493910e+01, 1.70799057e+00, 1.95888723e-02, 9.55155561e-01, 3.30958061e-03, 2.78153604e+00, 5.06852609e-01, 1.37036506e+04
5.14544388e+01, 1.71978224e+00, 1.90641636e-02, 9.55287642e-01, 3.17749917e-03, 2.78837046e+00, 5.00018192e-01, 1.42732802e+04
5.28989308e+01, 1.73158015e+00, 1.85532437e-02, 9.55414518e-01, 3.05062335e-03, 2.79511625e+00, 4.93272393e-01, 1.48669077e+04
5.43839743e+01, 1.74338412e+00, 1.80557646e-02, 9.55536389e-01, 2.92875228e-03, 2.80177444e+00, 4.86614206e-01, 1.54855485e+04
5.59107078e+01, 1.75519399e+00, 1.75713858e-02, 9.55653449e-01, 2.81169259e-03, 2.80834602e+00, 4.80042627e-01, 1.61302609e+04
5.74803016e+01, 1.76700960e+00, 1.70997750e-02, 9.55765883e-01, 2.69925809e-03, 2.81483198e+00, 4.73556663e-01, 1.68021484e+04
5.90939590e+01, 1.77883082e+00, 1.66406078e-02, 9.55873872e-01, 2.59126956e-03, 2.82123333e+00, 4.67155321e-01, 1.75023608e+04
6.07529169e+01, 1.79065748e+00, 1.61935670e-02, 9.55977587e-01, 2.48755449e-03, 2.82755103e+00, 4.60837618e-01, 1.82320969e+04
6.24584471e+01, 1.80248944e+00, 1.57583434e-02, 9.56077195e-01, 2.38794686e-03, 2.83378607e+00, 4.54602579e-01, 1.89926063e+04
6.42118571e+01, 1.81432657e+00, 1.53346346e-02, 9.56172855e-01, 2.29228687e-03, 2.83993942e+00, 4.48449231e-01, 1.97851913e+04
6.60144909e+01, 1.82616872e+00, 1.49221457e-02, 9.56264721e-01, 2.20042076e-03, 2.84601203e+00, 4.42376612e-01, 2.06112099e+04
6.78677305e+01, 1.83801577e+00, 1.45205889e-02, 9.56352941e-01, 2.11220060e-03, 2.85200488e+00, 4.36383765e-01, 2.14720770e+04
6.97729965e+01, 1.84986758e+00, 1.41296829e-02, 9.56437658e-01, 2.02748404e-03, 2.85791891e+00, 4.30469742e-01, 2.23692681e+04
7.17317494e+01, 1.86172403e+00, 1.37491537e-02, 9.56519007e-01, 1.94613413e-03, 2.86375505e+00, 4.24633599e-01, 2.33043207e+04
7.37454909e+01, 1.87358500e+00, 1.33787335e-02, 9.56597122e-01, 1.86801914e-03, 2.86951424e+00, 4.18874403e-01, 2.42788379e+04
7.58157646e+01, 1.88545036e+00, 1.30181611e-02, 9.56672129e-01, 1.79301236e-03, 2.87519742e+00, 4.13191225e-01, 2.52944903e+04
7.79441575e+01, 1.89731999e+00, 1.26671819e-02, 9.56744150e-01, 1.72099191e-03, 2.88080550e+00, 4.07583148e-01, 2.63530197e+04
8.01323013e+01, 1.90919379e+00, 1.23255471e-02, 9.56813301e-01, 1.65184057e-03, 2.88633939e+00, 4.02049259e-01, 2.74562416e+04
8.23818733e+01, 1.92107165e+00, 1.19930143e-02, 9.56879696e-01, 1.58544561e-03, 2.89179999e+00, 3.96588655e-01, 2.86060482e+04
8.46945981e+01, 1.93295345e+00, 1.16693470e-02, 9.56943443e-01, 1.52169864e-03, 2.89718821e+00, 3.91200438e-01, 2.98044123e+04
8.70722485e+01, 1.94483908e+00, 1.13543144e-02, 9.57004646e-01, 1.46049540e-03, 2.90250493e+00, 3.85883721e-01, 3.10533901e+04
8.95166472e+01, 1.95672846e+00, 1.10476916e-02, 9.57063406e-01, 1.40173569e-03, 2.90775102e+00, 3.80637624e-01, 3.23551250e+04
9.20296681e+01, 1.96862147e+00, 1.07492590e-02, 9.57119818e-01, 1.34532314e-03, 2.91292737e+00, 3.75461275e-01, 3.37118511e+04
9.46132376e+01, 1.98051802e+00, 1.04588028e-02, 9.57173976e-01, 1.29116512e-03, 2.91803484e+00, 3.70353810e-01, 3.51258974e+04
9.72693362e+01, 1.99241802e+00, 1.01761143e-02, 9.57225969e-01, 1.23917256e-03, 2.92307427e+00, 3.65314373e-01, 3.65996916e+04
1.00000000e+02, 2.00432137e+00, 9.90099010e-03, 9.57275882e-01, 1.18925986e-03, 2.92804653e+00, 3.60342116e-01, 3.81357641e+04
