 --- Cosmological Parameters --- 
	 H0: 2.2027e-18 (1/s) = 67.9700 (km/s/Mpc) 
	 OmegaM: 3.2000e-01 
	 OmegaR: 0.0000e+00 
	 OmegaL: 6.8000e-01 
	 OmegaK: 0.0000e+00 
		 w0: -1.0000e+00 
		 wa: 0.0000e+00 
	 rho_crit: 8.6799e-30 (g/cm^3) 
z, log10(1+z), a, H0*t_look, H0*t_age, H0*t_conf, H0*t_conf_age, H(z) 
1.00000000e-04, 4.34272769e-05, 9.99900010e-01, 9.99926004e-05, 9.46669757e-01, 9.99976000e-05, 3.21937653e+00, 6.79732628e+01
1.02807322e-04, 4.46463579e-05, 9.99897203e-01, 1.02799502e-04, 9.46666950e-01, 1.02804786e-04, 3.21937373e+00, 6.79733544e+01
1.05693455e-04, 4.58996588e-05, 9.99894318e-01, 1.05685189e-04, 9.46664065e-01, 1.05690774e-04, 3.21937084e+00, 6.79734486e+01
1.08660611e-04, 4.71881402e-05, 9.99891351e-01, 1.08651875e-04, 9.46661098e-01, 1.08657778e-04, 3.21936787e+00, 6.79735454e+01
1.11711065e-04, 4.85127895e-05, 9.99888301e-01, 1.11701831e-04, 9.46658048e-01, 1.11708070e-04, 3.21936482e+00, 6.79736449e+01
1.14847155e-04, 4.98746217e-05, 9.99885166e-01, 1.14837395e-04, 9.46654912e-01, 1.14843989e-04, 3.21936169e+00, 6.79737473e+01
1.18071285e-04, 5.12746804e-05, 9.99881943e-01, 1.18060969e-04, 9.46651689e-01, 1.18067939e-04, 3.21935846e+00, 6.79738525e+01
1.21385926e-04, 5.27140387e-05, 9.99878629e-01, 1.21375024e-04, 9.46648375e-01, 1.21382390e-04, 3.21935515e+00, 6.79739607e+01
1.24793621e-04, 5.41937993e-05, 9.99875222e-01, 1.24782097e-04, 9.46644968e-01, 1.24789883e-04, 3.21935174e+00, 6.79740719e+01
1.28296980e-04, 5.57150964e-05, 9.99871719e-01, 1.28284800e-04, 9.46641465e-01, 1.28293029e-04, 3.21934824e+00, 6.79741862e+01
1.31898690e-04, 5.72790956e-05, 9.99868119e-01, 1.31885817e-04, 9.46637864e-01, 1.31894514e-04, 3.21934464e+00, 6.79743037e+01
1.35601511e-04, 5.88869955e-05, 9.99864417e-01, 1.35587905e-04, 9.46634162e-01, 1.35597098e-04, 3.21934093e+00, 6.79744245e+01
1.39408283e-04, 6.05400281e-05, 9.99860611e-01, 1.39393902e-04, 9.46630356e-01, 1.39403618e-04, 3.21933713e+00, 6.79745488e+01
1.43321923e-04, 6.22394601e-05, 9.99856699e-01, 1.43306723e-04, 9.46626443e-01, 1.43316993e-04, 3.21933321e+00, 6.79746765e+01
1.47345431e-04, 6.39865937e-05, 9.99852676e-01, 1.47329366e-04, 9.46622420e-01, 1.47340220e-04, 3.21932919e+00, 6.79748078e+01
1.51481892e-04, 6.57827676e-05, 9.99848541e-01, 1.51464913e-04, 9.46618285e-01, 1.51476385e-04, 3.21932505e+00, 6.79749428e+01
1.55734477e-04, 6.76293582e-05, 9.99844290e-01, 1.55716532e-04, 9.46614033e-01, 1.55728656e-04, 3.21932080e+00, 6.79750815e+01
1.60106446e-04, 6.95277803e-05, 9.99839919e-01, 1.60087479e-04, 9.46609662e-01, 1.60100294e-04, 3.21931643e+00, 6.79752242e+01
1.64601150e-04, 7.14794886e-05, 9.99835426e-01, 1.64581103e-04, 9.46605169e-01, 1.64594648e-04, 3.21931194e+00, 6.79753709e+01
1.69222035e-04, 7.34859785e-05, 9.99830807e-01, 1.69200847e-04, 9.46600549e-01, 1.69215162e-04, 3.21930732e+00, 6.79755217e+01
1.73972643e-04, 7.55487874e-05, 9.99826058e-01, 1.73950248e-04, 9.46595799e-01, 1.73965379e-04, 3.21930257e+00, 6.79756767e+01
1.78856616e-04, 7.76694958e-05, 9.99821175e-01, 1.78832946e-04, 9.46590917e-01, 1.78848938e-04, 3.21929768e+00, 6.79758361e+01
1.83877698e-04, 7.98497285e-05, 9.99816156e-01, 1.83852681e-04, 9.46585897e-01, 1.83869583e-04, 3.21929266e+00, 6.79760000e+01
1.89039738e-04, 8.20911560e-05, 9.99810996e-01, 1.89013296e-04, 9.46580736e-01, 1.89031161e-04, 3.21928750e+00, 6.79761684e+01
1.94346693e-04, 8.43954955e-05, 9.99805691e-01, 1.94318746e-04, 9.46575431e-01, 1.94337627e-04, 3.21928219e+00, 6.79763416e+01
1.99802631e-04, 8.67645125e-05, 9.99800237e-01, 1.99773093e-04, 9.46569977e-01, 1.99793049e-04, 3.21927674e+00, 6.79765197e+01
2.05411735e-04, 8.92000219e-05, 9.99794630e-01, 2.05380515e-04, 9.46564369e-01, 2.05401608e-04, 3.21927113e+00, 6.79767027e+01
2.11178304e-04, 9.17038897e-05, 9.99788866e-01, 2.11145307e-04, 9.46558604e-01, 2.11167601e-04, 3.21926536e+00, 6.79768909e+01
2.17106760e-04, 9.42780341e-05, 9.99782940e-01, 2.17071885e-04, 9.46552678e-01, 2.17095447e-04, 3.21925944e+00, 6.79770844e+01
2.23201647e-04, 9.69244272e-05, 9.99776848e-01, 2.23164786e-04, 9.46546585e-01, 2.23189690e-04, 3.21925334e+00, 6.79772833e+01
2.29467637e-04, 9.96450962e-05, 9.99770585e-01, 2.29428677e-04, 9.46540321e-01, 2.29454999e-04, 3.21924708e+00, 6.79774878e+01
2.35909533e-04, 1.02442125e-04, 9.99764146e-01, 2.35868355e-04, 9.46533881e-01, 2.35896176e-04, 3.21924063e+00, 6.79776981e+01
2.42532274e-04, 1.05317657e-04, 9.99757527e-01, 2.42488752e-04, 9.46527261e-01, 2.42518156e-04, 3.21923401e+00, 6.79779142e+01
2.49340937e-04, 1.08273895e-04, 9.99750721e-01, 2.49294937e-04, 9.46520455e-01, 2.49326015e-04, 3.21922720e+00, 6.79781364e+01
2.56340741e-04, 1.11313103e-04, 9.99743725e-01, 2.56292123e-04, 9.46513458e-01, 2.56324970e-04, 3.21922021e+00, 6.79783649e+01
2.63537052e-04, 1.14437609e-04, 9.99736532e-01, 2.63485666e-04, 9.46506264e-01, 2.63520383e-04, 3.21921301e+00, 6.79785998e+01
2.70935387e-04, 1.17649806e-04, 9.99729138e-01, 2.70881075e-04, 9.46498869e-01, 2.70917768e-04, 3.21920561e+00, 6.79788412e+01
2.78541416e-04, 1.20952156e-04, 9.99721536e-01, 2.78484013e-04, 9.46491266e-01, 2.78522795e-04, 3.21919801e+00, 6.79790895e+01
2.86360972e-04, 1.24347187e-04, 9.99713721e-01, 2.86300300e-04, 9.46483449e-01, 2.86341290e-04, 3.21919019e+00, 6.79793447e+01
2.94400048e-04, 1.27837499e-04, 9.99705687e-01, 2.94335922e-04, 9.46475414e-01, 2.94379245e-04, 3.21918215e+00, 6.79796071e+01
3.02664806e-04, 1.31425767e-04, 9.99697427e-01, 3.02597030e-04, 9.46467153e-01, 3.02642819e-04, 3.21917389e+00, 6.79798769e+01
3.11161583e-04, 1.35114738e-04, 9.99688935e-01, 3.11089948e-04, 9.46458660e-01, 3.11138344e-04, 3.21916539e+00, 6.79801542e+01
3.19896892e-04, 1.38907238e-04, 9.99680205e-01, 3.19821179e-04, 9.46449929e-01, 3.19872330e-04, 3.21915666e+00, 6.79804394e+01
3.28877429e-04, 1.42806171e-04, 9.99671231e-01, 3.28797406e-04, 9.46440952e-01, 3.28851469e-04, 3.21914768e+00, 6.79807325e+01
3.38110078e-04, 1.46814523e-04, 9.99662004e-01, 3.38025500e-04, 9.46431724e-01, 3.38082640e-04, 3.21913845e+00, 6.79810339e+01
3.47601918e-04, 1.50935364e-04, 9.99652519e-01, 3.47512525e-04, 9.46422237e-01, 3.47572918e-04, 3.21912896e+00, 6.79813437e+01
3.57360225e-04, 1.55171849e-04, 9.99642767e-01, 3.57265742e-04, 9.46412484e-01, 3.57329573e-04, 3.21911920e+00, 6.79816623e+01
3.67392478e-04, 1.59527223e-04, 9.99632742e-01, 3.67292617e-04, 9.46402457e-01, 3.67360081e-04, 3.21910917e+00, 6.79819897e+01
3.77706369e-04, 1.64004821e-04, 9.99622436e-01, 3.77600824e-04, 9.46392149e-01, 3.77672128e-04, 3.21909886e+00, 6.79823264e+01
3.88309805e-04, 1.68608072e-04, 9.99611841e-01, 3.88198251e-04, 9.46381551e-01, 3.88273614e-04, 3.21908826e+00, 6.79826726e+01
3.99210913e-04, 1.73340499e-04, 9.99600948e-01, 3.99093008e-04, 9.46370657e-01, 3.99172661e-04, 3.21907736e+00, 6.79830284e+01
4.10418050e-04, 1.78205728e-04, 9.99589750e-01, 4.10293433e-04, 9.46359456e-01, 4.10377621e-04, 3.21906615e+00, 6.79833943e+01
4.21939808e-04, 1.83207482e-04, 9.99578238e-01, 4.21808097e-04, 9.46347942e-01, 4.21897077e-04, 3.21905463e+00, 6.79837705e+01
4.33785019e-04, 1.88349591e-04, 9.99566403e-01, 4.33645810e-04, 9.46336104e-01, 4.33739854e-04, 3.21904279e+00, 6.79841572e+01
4.45962763e-04, 1.93635993e-04, 9.99554236e-01, 4.45815629e-04, 9.46323934e-01, 4.45915027e-04, 3.21903062e+00, 6.79845547e+01
4.58482375e-04, 1.99070734e-04, 9.99541728e-01, 4.58326866e-04, 9.46311423e-01, 4.58431921e-04, 3.21901810e+00, 6.79849635e+01
4.71353453e-04, 2.04657975e-04, 9.99528869e-01, 4.71189092e-04, 9.46298561e-01, 4.71300127e-04, 3.21900523e+00, 6.79853837e+01
4.84585864e-04, 2.10401992e-04, 9.99515649e-01, 4.84412146e-04, 9.46285338e-01, 4.84529502e-04, 3.21899200e+00, 6.79858157e+01
4.98189752e-04, 2.16307184e-04, 9.99502058e-01, 4.98006145e-04, 9.46271744e-01, 4.98130180e-04, 3.21897840e+00, 6.79862599e+01
5.12175544e-04, 2.22378069e-04, 9.99488087e-01, 5.11981485e-04, 9.46257768e-01, 5.12112581e-04, 3.21896442e+00, 6.79867165e+01
5.26553963e-04, 2.28619296e-04, 9.99473723e-01, 5.26348857e-04, 9.46243401e-01, 5.26487414e-04, 3.21895004e+00, 6.79871860e+01
5.41336030e-04, 2.35035640e-04, 9.99458957e-01, 5.41119248e-04, 9.46228630e-01, 5.41265692e-04, 3.21893527e+00, 6.79876687e+01
5.56533078e-04, 2.41632013e-04, 9.99443776e-01, 5.56303956e-04, 9.46213446e-01, 5.56458735e-04, 3.21892007e+00, 6.79881649e+01
5.72156756e-04, 2.48413463e-04, 9.99428170e-01, 5.71914591e-04, 9.46197835e-01, 5.72078180e-04, 3.21890445e+00, 6.79886751e+01
5.88219040e-04, 2.55385179e-04, 9.99412127e-01, 5.87963090e-04, 9.46181787e-01, 5.88135991e-04, 3.21888839e+00, 6.79891996e+01
6.04732245e-04, 2.62552498e-04, 9.99395633e-01, 6.04461725e-04, 9.46165288e-01, 6.04644467e-04, 3.21887189e+00, 6.79897388e+01
6.21709029e-04, 2.69920903e-04, 9.99378677e-01, 6.21423110e-04, 9.46148327e-01, 6.21616253e-04, 3.21885491e+00, 6.79902932e+01
6.39162405e-04, 2.77496033e-04, 9.99361246e-01, 6.38860211e-04, 9.46130890e-01, 6.39064347e-04, 3.21883747e+00, 6.79908632e+01
6.57105755e-04, 2.85283683e-04, 9.99343326e-01, 6.56786359e-04, 9.46112963e-01, 6.57002113e-04, 3.21881953e+00, 6.79914492e+01
6.75552832e-04, 2.93289812e-04, 9.99324903e-01, 6.75215255e-04, 9.46094534e-01, 6.75443289e-04, 3.21880109e+00, 6.79920516e+01
6.94517777e-04, 3.01520545e-04, 9.99305964e-01, 6.94160985e-04, 9.46075589e-01, 6.94401997e-04, 3.21878213e+00, 6.79926710e+01
7.14015130e-04, 3.09982178e-04, 9.99286494e-01, 7.13638029e-04, 9.46056112e-01, 7.13892758e-04, 3.21876264e+00, 6.79933078e+01
7.34059837e-04, 3.18681185e-04, 9.99266479e-01, 7.33661270e-04, 9.46036088e-01, 7.33930497e-04, 3.21874260e+00, 6.79939625e+01
7.54667263e-04, 3.27624220e-04, 9.99245902e-01, 7.54246009e-04, 9.46015504e-01, 7.54530558e-04, 3.21872200e+00, 6.79946356e+01
7.75853206e-04, 3.36818122e-04, 9.99224748e-01, 7.75407974e-04, 9.45994342e-01, 7.75708718e-04, 3.21870082e+00, 6.79953276e+01
7.97633907e-04, 3.46269924e-04, 9.99203002e-01, 7.97163332e-04, 9.45972586e-01, 7.97481191e-04, 3.21867905e+00, 6.79960391e+01
8.20026062e-04, 3.55986854e-04, 9.99180646e-01, 8.19528702e-04, 9.45950221e-01, 8.19864651e-04, 3.21865667e+00, 6.79967705e+01
8.43046837e-04, 3.65976343e-04, 9.99157663e-01, 8.42521167e-04, 9.45927229e-01, 8.42876236e-04, 3.21863365e+00, 6.79975225e+01
8.66713880e-04, 3.76246030e-04, 9.99134037e-01, 8.66158289e-04, 9.45903591e-01, 8.66533564e-04, 3.21861000e+00, 6.79982957e+01
8.91045332e-04, 3.86803767e-04, 9.99109748e-01, 8.90458118e-04, 9.45879292e-01, 8.90854750e-04, 3.21858568e+00, 6.79990906e+01
9.16059848e-04, 3.97657626e-04, 9.99084779e-01, 9.15439210e-04, 9.45854311e-01, 9.15858413e-04, 3.21856067e+00, 6.79999078e+01
9.41776601e-04, 4.08815904e-04, 9.99059110e-01, 9.41120637e-04, 9.45828629e-01, 9.41563697e-04, 3.21853497e+00, 6.80007480e+01
9.68215306e-04, 4.20287133e-04, 9.99032721e-01, 9.67522007e-04, 9.45802228e-01, 9.67990280e-04, 3.21850854e+00, 6.80016118e+01
9.95396231e-04, 4.32080081e-04, 9.99005594e-01, 9.94663471e-04, 9.45775086e-01, 9.95158392e-04, 3.21848137e+00, 6.80025000e+01
1.02334021e-03, 4.44203760e-04, 9.98977706e-01, 1.02256575e-03, 9.45747184e-01, 1.02308883e-03, 3.21845344e+00, 6.80034131e+01
1.05206867e-03, 4.56667438e-04, 9.98949037e-01, 1.05125013e-03, 9.45718500e-01, 1.05180298e-03, 3.21842473e+00, 6.80043518e+01
1.08160363e-03, 4.69480638e-04, 9.98919565e-01, 1.08073850e-03, 9.45689011e-01, 1.08132281e-03, 3.21839521e+00, 6.80053170e+01
1.11196773e-03, 4.82653152e-04, 9.98889267e-01, 1.11105336e-03, 9.45658696e-01, 1.11167092e-03, 3.21836486e+00, 6.80063093e+01
1.14318425e-03, 4.96195044e-04, 9.98858121e-01, 1.14221784e-03, 9.45627532e-01, 1.14287053e-03, 3.21833366e+00, 6.80073295e+01
1.17527712e-03, 5.10116661e-04, 9.98826103e-01, 1.17425570e-03, 9.45595494e-01, 1.17494554e-03, 3.21830159e+00, 6.80083784e+01
1.20827094e-03, 5.24428638e-04, 9.98793187e-01, 1.20719139e-03, 9.45562558e-01, 1.20792048e-03, 3.21826861e+00, 6.80094568e+01
1.24219100e-03, 5.39141905e-04, 9.98759350e-01, 1.24105001e-03, 9.45528700e-01, 1.24182058e-03, 3.21823471e+00, 6.80105655e+01
1.27706330e-03, 5.54267703e-04, 9.98724566e-01, 1.27585738e-03, 9.45493892e-01, 1.27667179e-03, 3.21819986e+00, 6.80117054e+01
1.31291459e-03, 5.69817580e-04, 9.98688807e-01, 1.31164003e-03, 9.45458110e-01, 1.31250079e-03, 3.21816403e+00, 6.80128774e+01
1.34977233e-03, 5.85803413e-04, 9.98652047e-01, 1.34842524e-03, 9.45421325e-01, 1.34933497e-03, 3.21812720e+00, 6.80140823e+01
1.38766479e-03, 6.02237406e-04, 9.98614258e-01, 1.38624103e-03, 9.45383509e-01, 1.38720252e-03, 3.21808933e+00, 6.80153211e+01
1.42662102e-03, 6.19132106e-04, 9.98575411e-01, 1.42511623e-03, 9.45344634e-01, 1.42613243e-03, 3.21805040e+00, 6.80165948e+01
1.46667087e-03, 6.36500410e-04, 9.98535477e-01, 1.46508045e-03, 9.45304669e-01, 1.46615446e-03, 3.21801038e+00, 6.80179044e+01
1.50784505e-03, 6.54355573e-04, 9.98494425e-01, 1.50616412e-03, 9.45263586e-01, 1.50729923e-03, 3.21796923e+00, 6.80192507e+01
1.55017512e-03, 6.72711224e-04, 9.98452224e-01, 1.54839853e-03, 9.45221351e-01, 1.54959822e-03, 3.21792693e+00, 6.80206350e+01
1.59369353e-03, 6.91581368e-04, 9.98408842e-01, 1.59181585e-03, 9.45177934e-01, 1.59308378e-03, 3.21788345e+00, 6.80220582e+01
1.63843365e-03, 7.10980403e-04, 9.98364246e-01, 1.63644911e-03, 9.45133301e-01, 1.63778918e-03, 3.21783874e+00, 6.80235214e+01
1.68442976e-03, 7.30923128e-04, 9.98318403e-01, 1.68233230e-03, 9.45087417e-01, 1.68374859e-03, 3.21779278e+00, 6.80250259e+01
1.73171713e-03, 7.51424755e-04, 9.98271277e-01, 1.72950032e-03, 9.45040249e-01, 1.73099718e-03, 3.21774553e+00, 6.80265727e+01
1.78033202e-03, 7.72500920e-04, 9.98222832e-01, 1.77798905e-03, 9.44991761e-01, 1.77957106e-03, 3.21769696e+00, 6.80281630e+01
1.83031168e-03, 7.94167695e-04, 9.98173032e-01, 1.82783539e-03, 9.44941914e-01, 1.82950739e-03, 3.21764702e+00, 6.80297981e+01
1.88169442e-03, 8.16441599e-04, 9.98121840e-01, 1.87907724e-03, 9.44890673e-01, 1.88084434e-03, 3.21759569e+00, 6.80314792e+01
1.93451965e-03, 8.39339613e-04, 9.98069215e-01, 1.93175355e-03, 9.44837996e-01, 1.93362116e-03, 3.21754291e+00, 6.80332077e+01
1.98882786e-03, 8.62879189e-04, 9.98015120e-01, 1.98590436e-03, 9.44783845e-01, 1.98787820e-03, 3.21748865e+00, 6.80349848e+01
2.04466067e-03, 8.87078267e-04, 9.97959511e-01, 2.04157082e-03, 9.44728179e-01, 2.04365693e-03, 3.21743287e+00, 6.80368119e+01
2.10206088e-03, 9.11955285e-04, 9.97902349e-01, 2.09879524e-03, 9.44670955e-01, 2.10099999e-03, 3.21737553e+00, 6.80386906e+01
2.16107251e-03, 9.37529196e-04, 9.97843588e-01, 2.15762106e-03, 9.44612129e-01, 2.15995120e-03, 3.21731658e+00, 6.80406221e+01
2.22174078e-03, 9.63819479e-04, 9.97783184e-01, 2.21809296e-03, 9.44551657e-01, 2.22055562e-03, 3.21725598e+00, 6.80426080e+01
2.28411221e-03, 9.90846156e-04, 9.97721093e-01, 2.28025684e-03, 9.44489493e-01, 2.28285955e-03, 3.21719367e+00, 6.80446499e+01
2.34823460e-03, 1.01862981e-03, 9.97657267e-01, 2.34415989e-03, 9.44425590e-01, 2.34691061e-03, 3.21712962e+00, 6.80467493e+01
2.41415712e-03, 1.04719158e-03, 9.97591657e-01, 2.40985058e-03, 9.44359899e-01, 2.41275773e-03, 3.21706377e+00, 6.80489078e+01
2.48193029e-03, 1.07655322e-03, 9.97524214e-01, 2.47737875e-03, 9.44292371e-01, 2.48045121e-03, 3.21699608e+00, 6.80511272e+01
2.55160607e-03, 1.10673706e-03, 9.97454888e-01, 2.54679560e-03, 9.44222954e-01, 2.55004277e-03, 3.21692649e+00, 6.80534091e+01
2.62323788e-03, 1.13776607e-03, 9.97383625e-01, 2.61815375e-03, 9.44151596e-01, 2.62158555e-03, 3.21685495e+00, 6.80557553e+01
2.69688063e-03, 1.16966386e-03, 9.97310373e-01, 2.69150727e-03, 9.44078242e-01, 2.69513419e-03, 3.21678140e+00, 6.80581677e+01
2.77259076e-03, 1.20245468e-03, 9.97235075e-01, 2.76691173e-03, 9.44002838e-01, 2.77074487e-03, 3.21670579e+00, 6.80606480e+01
2.85042632e-03, 1.23616346e-03, 9.97157676e-01, 2.84442424e-03, 9.43925326e-01, 2.84847530e-03, 3.21662806e+00, 6.80631983e+01
2.93044698e-03, 1.27081583e-03, 9.97078115e-01, 2.92410348e-03, 9.43845646e-01, 2.92838485e-03, 3.21654815e+00, 6.80658205e+01
3.01271407e-03, 1.30643812e-03, 9.96996335e-01, 3.00600974e-03, 9.43763740e-01, 3.01053450e-03, 3.21646600e+00, 6.80685166e+01
3.09729067e-03, 1.34305740e-03, 9.96912273e-01, 3.09020499e-03, 9.43679545e-01, 3.09498697e-03, 3.21638154e+00, 6.80712888e+01
3.18424160e-03, 1.38070148e-03, 9.96825866e-01, 3.17675290e-03, 9.43592997e-01, 3.18180671e-03, 3.21629472e+00, 6.80741392e+01
3.27363353e-03, 1.41939895e-03, 9.96737048e-01, 3.26571889e-03, 9.43504031e-01, 3.27105996e-03, 3.21620547e+00, 6.80770699e+01
3.36553498e-03, 1.45917918e-03, 9.96645754e-01, 3.35717019e-03, 9.43412580e-01, 3.36281484e-03, 3.21611372e+00, 6.80800834e+01
3.46001639e-03, 1.50007238e-03, 9.96551914e-01, 3.45117586e-03, 9.43318574e-01, 3.45714133e-03, 3.21601939e+00, 6.80831819e+01
3.55715021e-03, 1.54210957e-03, 9.96455458e-01, 3.54780690e-03, 9.43221943e-01, 3.55411140e-03, 3.21592242e+00, 6.80863679e+01
3.65701088e-03, 1.58532264e-03, 9.96356314e-01, 3.64713621e-03, 9.43122614e-01, 3.65379901e-03, 3.21582273e+00, 6.80896437e+01
3.75967497e-03, 1.62974435e-03, 9.96254407e-01, 3.74923873e-03, 9.43020511e-01, 3.75628016e-03, 3.21572025e+00, 6.80930121e+01
3.86522116e-03, 1.67540839e-03, 9.96149661e-01, 3.85419145e-03, 9.42915558e-01, 3.86163301e-03, 3.21561490e+00, 6.80964755e+01
3.97373038e-03, 1.72234936e-03, 9.96041998e-01, 3.96207346e-03, 9.42807676e-01, 3.96993786e-03, 3.21550659e+00, 6.81000368e+01
4.08528580e-03, 1.77060283e-03, 9.95931336e-01, 4.07296604e-03, 9.42696784e-01, 4.08127727e-03, 3.21539525e+00, 6.81036987e+01
4.19997295e-03, 1.82020534e-03, 9.95817593e-01, 4.18695266e-03, 9.42582797e-01, 4.19573610e-03, 3.21528079e+00, 6.81074639e+01
4.31787973e-03, 1.87119444e-03, 9.95700684e-01, 4.30411912e-03, 9.42465631e-01, 4.31340156e-03, 3.21516313e+00, 6.81113356e+01
4.43909653e-03, 1.92360874e-03, 9.95580522e-01, 4.42455353e-03, 9.42345196e-01, 4.43436330e-03, 3.21504217e+00, 6.81153167e+01
4.56371628e-03, 1.97748788e-03, 9.95457017e-01, 4.54834644e-03, 9.42221403e-01, 4.55871345e-03, 3.21491782e+00, 6.81194103e+01
4.69183451e-03, 2.03287261e-03, 9.95330076e-01, 4.67559085e-03, 9.42094159e-01, 4.68654672e-03, 3.21478998e+00, 6.81236196e+01
4.82354943e-03, 2.08980480e-03, 9.95199606e-01, 4.80638232e-03, 9.41963367e-01, 4.81796045e-03, 3.21465857e+00, 6.81279480e+01
4.95896201e-03, 2.14832749e-03, 9.95065508e-01, 4.94081898e-03, 9.41828931e-01, 4.95305468e-03, 3.21452348e+00, 6.81323987e+01
5.09817606e-03, 2.20848488e-03, 9.94927683e-01, 5.07900168e-03, 9.41690748e-01, 5.09193224e-03, 3.21438460e+00, 6.81369754e+01
5.24129830e-03, 2.27032240e-03, 9.94786030e-01, 5.22103399e-03, 9.41548716e-01, 5.23469881e-03, 3.21424183e+00, 6.81416815e+01
5.38843844e-03, 2.33388671e-03, 9.94640441e-01, 5.36702229e-03, 9.41402727e-01, 5.38146302e-03, 3.21409507e+00, 6.81465208e+01
5.53970928e-03, 2.39922578e-03, 9.94490810e-01, 5.51707588e-03, 9.41252674e-01, 5.53233651e-03, 3.21394419e+00, 6.81514971e+01
5.69522678e-03, 2.46638889e-03, 9.94337025e-01, 5.67130700e-03, 9.41098443e-01, 5.68743402e-03, 3.21378910e+00, 6.81566143e+01
5.85511016e-03, 2.53542665e-03, 9.94178973e-01, 5.82983096e-03, 9.40939919e-01, 5.84687348e-03, 3.21362966e+00, 6.81618763e+01
6.01948197e-03, 2.60639109e-03, 9.94016535e-01, 5.99276617e-03, 9.40776984e-01, 6.01077609e-03, 3.21346575e+00, 6.81672874e+01
6.18846824e-03, 2.67933564e-03, 9.93849593e-01, 6.16023426e-03, 9.40609515e-01, 6.17926640e-03, 3.21329726e+00, 6.81728518e+01
6.36219849e-03, 2.75431521e-03, 9.93678023e-01, 6.33236016e-03, 9.40437390e-01, 6.35247244e-03, 3.21312406e+00, 6.81785739e+01
6.54080591e-03, 2.83138620e-03, 9.93501698e-01, 6.50927215e-03, 9.40260478e-01, 6.53052578e-03, 3.21294601e+00, 6.81844582e+01
6.72442742e-03, 2.91060657e-03, 9.93320488e-01, 6.69110199e-03, 9.40078648e-01, 6.71356163e-03, 3.21276297e+00, 6.81905094e+01
6.91320378e-03, 2.99203585e-03, 9.93134260e-01, 6.87798499e-03, 9.39891765e-01, 6.90171895e-03, 3.21257481e+00, 6.81967321e+01
7.10727970e-03, 3.07573520e-03, 9.92942877e-01, 7.07006010e-03, 9.39699690e-01, 7.09514055e-03, 3.21238139e+00, 6.82031314e+01
7.30680395e-03, 3.16176744e-03, 9.92746198e-01, 7.26747001e-03, 9.39502280e-01, 7.29397320e-03, 3.21218256e+00, 6.82097123e+01
7.51192949e-03, 3.25019713e-03, 9.92544079e-01, 7.47036124e-03, 9.39299389e-01, 7.49836773e-03, 3.21197816e+00, 6.82164799e+01
7.72281357e-03, 3.34109055e-03, 9.92336371e-01, 7.67888423e-03, 9.39090866e-01, 7.70847912e-03, 3.21176805e+00, 6.82234398e+01
7.93961785e-03, 3.43451582e-03, 9.92122923e-01, 7.89319348e-03, 9.38876556e-01, 7.92446667e-03, 3.21155206e+00, 6.82305973e+01
8.16250851e-03, 3.53054289e-03, 9.91903579e-01, 8.11344760e-03, 9.38656302e-01, 8.14649406e-03, 3.21133004e+00, 6.82379582e+01
8.39165644e-03, 3.62924361e-03, 9.91678177e-01, 8.33980943e-03, 9.38429940e-01, 8.37472951e-03, 3.21110180e+00, 6.82455283e+01
8.62723729e-03, 3.73069181e-03, 9.91446555e-01, 8.57244618e-03, 9.38197304e-01, 8.60934586e-03, 3.21086718e+00, 6.82533136e+01
8.86943166e-03, 3.83496328e-03, 9.91208544e-01, 8.81152949e-03, 9.37958220e-01, 8.85052076e-03, 3.21062601e+00, 6.82613204e+01
9.11842520e-03, 3.94213590e-03, 9.90963969e-01, 9.05723558e-03, 9.37712514e-01, 9.09843671e-03, 3.21037809e+00, 6.82695549e+01
9.37440879e-03, 4.05228964e-03, 9.90712655e-01, 9.30974535e-03, 9.37460004e-01, 9.35328128e-03, 3.21012325e+00, 6.82780238e+01
9.63757866e-03, 4.16550662e-03, 9.90454418e-01, 9.56924448e-03, 9.37200505e-01, 9.61524721e-03, 3.20986128e+00, 6.82867339e+01
9.90813657e-03, 4.28187121e-03, 9.90189071e-01, 9.83592358e-03, 9.36933826e-01, 9.88453252e-03, 3.20959200e+00, 6.82956921e+01
1.01862899e-02, 4.40147004e-03, 9.89916424e-01, 1.01099783e-02, 9.36659771e-01, 1.01613407e-02, 3.20931519e+00, 6.83049055e+01
1.04722519e-02, 4.52439206e-03, 9.89636280e-01, 1.03916094e-02, 9.36378140e-01, 1.04458809e-02, 3.20903065e+00, 6.83143815e+01
1.07662418e-02, 4.65072864e-03, 9.89348436e-01, 1.06810230e-02, 9.36088727e-01, 1.07383678e-02, 3.20873816e+00, 6.83241279e+01
1.10684849e-02, 4.78057359e-03, 9.89052685e-01, 1.09784306e-02, 9.35791319e-01, 1.10390224e-02, 3.20843751e+00, 6.83341522e+01
1.13792129e-02, 4.91402325e-03, 9.88748817e-01, 1.12840493e-02, 9.35485700e-01, 1.13480712e-02, 3.20812846e+00, 6.83444627e+01
1.16986641e-02, 5.05117654e-03, 9.88436612e-01, 1.15981017e-02, 9.35171648e-01, 1.16657475e-02, 3.20781078e+00, 6.83550677e+01
1.20270833e-02, 5.19213502e-03, 9.88115848e-01, 1.19208165e-02, 9.34848933e-01, 1.19922906e-02, 3.20748424e+00, 6.83659756e+01
1.23647224e-02, 5.33700299e-03, 9.87786297e-01, 1.22524280e-02, 9.34517322e-01, 1.23279464e-02, 3.20714858e+00, 6.83771953e+01
1.27118400e-02, 5.48588750e-03, 9.87447723e-01, 1.25931770e-02, 9.34176573e-01, 1.26729678e-02, 3.20680356e+00, 6.83887359e+01
1.30687023e-02, 5.63889849e-03, 9.87099885e-01, 1.29433102e-02, 9.33826440e-01, 1.30276143e-02, 3.20644892e+00, 6.84006067e+01
1.34355829e-02, 5.79614881e-03, 9.86742539e-01, 1.33030809e-02, 9.33466669e-01, 1.33921527e-02, 3.20608438e+00, 6.84128173e+01
1.38127630e-02, 5.95775431e-03, 9.86375430e-01, 1.36727489e-02, 9.33097001e-01, 1.37668571e-02, 3.20570967e+00, 6.84253776e+01
1.42005318e-02, 6.12383394e-03, 9.85998300e-01, 1.40525805e-02, 9.32717169e-01, 1.41520089e-02, 3.20532452e+00, 6.84382979e+01
1.45991865e-02, 6.29450978e-03, 9.85610883e-01, 1.44428491e-02, 9.32326901e-01, 1.45478973e-02, 3.20492863e+00, 6.84515887e+01
1.50090328e-02, 6.46990713e-03, 9.85212907e-01, 1.48438350e-02, 9.31925915e-01, 1.49548195e-02, 3.20452171e+00, 6.84652607e+01
1.54303847e-02, 6.65015464e-03, 9.84804094e-01, 1.52558257e-02, 9.31513924e-01, 1.53730805e-02, 3.20410345e+00, 6.84793253e+01
1.58635653e-02, 6.83538432e-03, 9.84384158e-01, 1.56791159e-02, 9.31090634e-01, 1.58029939e-02, 3.20367354e+00, 6.84937938e+01
1.63089068e-02, 7.02573168e-03, 9.83952805e-01, 1.61140078e-02, 9.30655742e-01, 1.62448816e-02, 3.20323165e+00, 6.85086782e+01
1.67667503e-02, 7.22133576e-03, 9.83509738e-01, 1.65608115e-02, 9.30208938e-01, 1.66990745e-02, 3.20277746e+00, 6.85239907e+01
1.72374471e-02, 7.42233928e-03, 9.83054648e-01, 1.70198447e-02, 9.29749905e-01, 1.71659121e-02, 3.20231062e+00, 6.85397439e+01
1.77213578e-02, 7.62888867e-03, 9.82587220e-01, 1.74914331e-02, 9.29278317e-01, 1.76457436e-02, 3.20183079e+00, 6.85559508e+01
1.82188534e-02, 7.84113421e-03, 9.82107134e-01, 1.79759105e-02, 9.28793839e-01, 1.81389271e-02, 3.20133760e+00, 6.85726246e+01
1.87303154e-02, 8.05923009e-03, 9.81614059e-01, 1.84736194e-02, 9.28296130e-01, 1.86458309e-02, 3.20083070e+00, 6.85897794e+01
1.92561357e-02, 8.28333450e-03, 9.81107658e-01, 1.89849103e-02, 9.27784839e-01, 1.91668329e-02, 3.20030970e+00, 6.86074292e+01
1.97967175e-02, 8.51360975e-03, 9.80587585e-01, 1.95101428e-02, 9.27259607e-01, 1.97023213e-02, 3.19977421e+00, 6.86255888e+01
2.03524752e-02, 8.75022235e-03, 9.80053486e-01, 2.00496853e-02, 9.26720064e-01, 2.02526949e-02, 3.19922384e+00, 6.86442732e+01
2.09238348e-02, 8.99334311e-03, 9.79504999e-01, 2.06039151e-02, 9.26165835e-01, 2.08183629e-02, 3.19865817e+00, 6.86634981e+01
2.15112343e-02, 9.24314725e-03, 9.78941755e-01, 2.11732190e-02, 9.25596531e-01, 2.13997460e-02, 3.19807678e+00, 6.86832795e+01
2.21151240e-02, 9.49981449e-03, 9.78363373e-01, 2.17579930e-02, 9.25011757e-01, 2.19972758e-02, 3.19747926e+00, 6.87036341e+01
2.27359668e-02, 9.76352916e-03, 9.77769466e-01, 2.23586428e-02, 9.24411107e-01, 2.26113955e-02, 3.19686514e+00, 6.87245788e+01
2.33742387e-02, 1.00344803e-02, 9.77159637e-01, 2.29755841e-02, 9.23794166e-01, 2.32425604e-02, 3.19623397e+00, 6.87461314e+01
2.40304289e-02, 1.03128618e-02, 9.76533482e-01, 2.36092423e-02, 9.23160507e-01, 2.38912377e-02, 3.19558529e+00, 6.87683100e+01
2.47050406e-02, 1.05988725e-02, 9.75890584e-01, 2.42600532e-02, 9.22509697e-01, 2.45579074e-02, 3.19491862e+00, 6.87911334e+01
2.53985907e-02, 1.08927162e-02, 9.75230519e-01, 2.49284629e-02, 9.21841287e-01, 2.52430619e-02, 3.19423347e+00, 6.88146210e+01
2.61116110e-02, 1.11946019e-02, 9.74552855e-01, 2.56149281e-02, 9.21154822e-01, 2.59472071e-02, 3.19352932e+00, 6.88387928e+01
2.68446481e-02, 1.15047439e-02, 9.73857148e-01, 2.63199164e-02, 9.20449833e-01, 2.66708620e-02, 3.19280567e+00, 6.88636693e+01
2.75982639e-02, 1.18233619e-02, 9.73142944e-01, 2.70439060e-02, 9.19725844e-01, 2.74145597e-02, 3.19206197e+00, 6.88892718e+01
2.83730362e-02, 1.21506810e-02, 9.72409782e-01, 2.77873867e-02, 9.18982363e-01, 2.81788471e-02, 3.19129768e+00, 6.89156224e+01
2.91695588e-02, 1.24869320e-02, 9.71657189e-01, 2.85508593e-02, 9.18218890e-01, 2.89642857e-02, 3.19051225e+00, 6.89427435e+01
2.99884423e-02, 1.28323514e-02, 9.70884681e-01, 2.93348363e-02, 9.17434913e-01, 2.97714519e-02, 3.18970508e+00, 6.89706588e+01
3.08303146e-02, 1.31871818e-02, 9.70091766e-01, 3.01398419e-02, 9.16629908e-01, 3.06009371e-02, 3.18887559e+00, 6.89993921e+01
3.16958209e-02, 1.35516713e-02, 9.69277940e-01, 3.09664121e-02, 9.15803338e-01, 3.14533484e-02, 3.18802318e+00, 6.90289686e+01
3.25856248e-02, 1.39260747e-02, 9.68442690e-01, 3.18150953e-02, 9.14954654e-01, 3.23293088e-02, 3.18714722e+00, 6.90594140e+01
3.35004083e-02, 1.43106525e-02, 9.67585491e-01, 3.26864517e-02, 9.14083298e-01, 3.32294574e-02, 3.18624707e+00, 6.90907547e+01
3.44408728e-02, 1.47056720e-02, 9.66705808e-01, 3.35810544e-02, 9.13188695e-01, 3.41544502e-02, 3.18532208e+00, 6.91230184e+01
3.54077391e-02, 1.51114068e-02, 9.65803096e-01, 3.44994889e-02, 9.12270261e-01, 3.51049603e-02, 3.18437157e+00, 6.91562332e+01
3.64017485e-02, 1.55281370e-02, 9.64876798e-01, 3.54423535e-02, 9.11327396e-01, 3.60816781e-02, 3.18339485e+00, 6.91904286e+01
3.74236629e-02, 1.59561497e-02, 9.63926345e-01, 3.64102595e-02, 9.10359490e-01, 3.70853120e-02, 3.18239122e+00, 6.92256347e+01
3.84742658e-02, 1.63957388e-02, 9.62951161e-01, 3.74038314e-02, 9.09365918e-01, 3.81165888e-02, 3.18135994e+00, 6.92618829e+01
3.95543624e-02, 1.68472053e-02, 9.61950655e-01, 3.84237070e-02, 9.08346043e-01, 3.91762540e-02, 3.18030028e+00, 6.92992053e+01
4.06647809e-02, 1.73108570e-02, 9.60924227e-01, 3.94705373e-02, 9.07299212e-01, 4.02650721e-02, 3.17921146e+00, 6.93376355e+01
4.18063724e-02, 1.77870096e-02, 9.59871264e-01, 4.05449872e-02, 9.06224763e-01, 4.13838274e-02, 3.17809270e+00, 6.93772078e+01
4.29800121e-02, 1.82759856e-02, 9.58791145e-01, 4.16477351e-02, 9.05122015e-01, 4.25333241e-02, 3.17694321e+00, 6.94179579e+01
4.41865996e-02, 1.87781154e-02, 9.57683234e-01, 4.27794734e-02, 9.03990276e-01, 4.37143871e-02, 3.17576214e+00, 6.94599228e+01
4.54270599e-02, 1.92937372e-02, 9.56546887e-01, 4.39409084e-02, 9.02828841e-01, 4.49278620e-02, 3.17454867e+00, 6.95031405e+01
4.67023439e-02, 1.98231967e-02, 9.55381447e-01, 4.51327603e-02, 9.01636989e-01, 4.61746160e-02, 3.17330191e+00, 6.95476504e+01
4.80134292e-02, 2.03668477e-02, 9.54186246e-01, 4.63557638e-02, 9.00413986e-01, 4.74555381e-02, 3.17202099e+00, 6.95934932e+01
4.93613210e-02, 2.09250522e-02, 9.52960606e-01, 4.76106677e-02, 8.99159082e-01, 4.87715397e-02, 3.17070499e+00, 6.96407111e+01
5.07470524e-02, 2.14981804e-02, 9.51703836e-01, 4.88982350e-02, 8.97871515e-01, 5.01235549e-02, 3.16935298e+00, 6.96893478e+01
5.21716858e-02, 2.20866106e-02, 9.50415235e-01, 5.02192434e-02, 8.96550506e-01, 5.15125412e-02, 3.16796399e+00, 6.97394482e+01
5.36363132e-02, 2.26907300e-02, 9.49094092e-01, 5.15744848e-02, 8.95195265e-01, 5.29394800e-02, 3.16653705e+00, 6.97910591e+01
5.51420574e-02, 2.33109341e-02, 9.47739684e-01, 5.29647657e-02, 8.93804984e-01, 5.44053767e-02, 3.16507115e+00, 6.98442287e+01
5.66900727e-02, 2.39476274e-02, 9.46351277e-01, 5.43909069e-02, 8.92378843e-01, 5.59112617e-02, 3.16356527e+00, 6.98990071e+01
5.82815458e-02, 2.46012230e-02, 9.44928128e-01, 5.58537439e-02, 8.90916006e-01, 5.74581906e-02, 3.16201834e+00, 6.99554459e+01
5.99176967e-02, 2.52721433e-02, 9.43469482e-01, 5.73541265e-02, 8.89415623e-01, 5.90472448e-02, 3.16042929e+00, 7.00135987e+01
6.15997796e-02, 2.59608197e-02, 9.41974574e-01, 5.88929191e-02, 8.87876831e-01, 6.06795319e-02, 3.15879700e+00, 7.00735210e+01
6.33290840e-02, 2.66676928e-02, 9.40442630e-01, 6.04710002e-02, 8.86298750e-01, 6.23561864e-02, 3.15712034e+00, 7.01352702e+01
6.51069356e-02, 2.73932126e-02, 9.38872865e-01, 6.20892627e-02, 8.84680487e-01, 6.40783699e-02, 3.15539816e+00, 7.01989056e+01
6.69346971e-02, 2.81378388e-02, 9.37264486e-01, 6.37486136e-02, 8.83021136e-01, 6.58472718e-02, 3.15362926e+00, 7.02644890e+01
6.88137699e-02, 2.89020403e-02, 9.35616689e-01, 6.54499740e-02, 8.81319776e-01, 6.76641100e-02, 3.15181242e+00, 7.03320840e+01
7.07455942e-02, 2.96862961e-02, 9.33928662e-01, 6.71942786e-02, 8.79575471e-01, 6.95301308e-02, 3.14994640e+00, 7.04017569e+01
7.27316511e-02, 3.04910947e-02, 9.32199585e-01, 6.89824759e-02, 8.77787274e-01, 7.14466102e-02, 3.14802992e+00, 7.04735761e+01
7.47734631e-02, 3.13169348e-02, 9.30428629e-01, 7.08155278e-02, 8.75954222e-01, 7.34148534e-02, 3.14606168e+00, 7.05476125e+01
7.68725952e-02, 3.21643250e-02, 9.28614958e-01, 7.26944093e-02, 8.74075340e-01, 7.54361964e-02, 3.14404033e+00, 7.06239399e+01
7.90306568e-02, 3.30337838e-02, 9.26757728e-01, 7.46201082e-02, 8.72149642e-01, 7.75120056e-02, 3.14196453e+00, 7.07026344e+01
8.12493021e-02, 3.39258402e-02, 9.24856088e-01, 7.65936248e-02, 8.70176125e-01, 7.96436786e-02, 3.13983285e+00, 7.07837752e+01
8.35302320e-02, 3.48410332e-02, 9.22909182e-01, 7.86159716e-02, 8.68153778e-01, 8.18326448e-02, 3.13764389e+00, 7.08674442e+01
8.58751948e-02, 3.57799125e-02, 9.20916146e-01, 8.06881727e-02, 8.66081577e-01, 8.40803656e-02, 3.13539617e+00, 7.09537266e+01
8.82859884e-02, 3.67430377e-02, 9.18876114e-01, 8.28112636e-02, 8.63958486e-01, 8.63883350e-02, 3.13308820e+00, 7.10427107e+01
9.07644607e-02, 3.77309793e-02, 9.16788212e-01, 8.49862903e-02, 8.61783459e-01, 8.87580799e-02, 3.13071845e+00, 7.11344878e+01
9.33125118e-02, 3.87443182e-02, 9.14651565e-01, 8.72143093e-02, 8.59555440e-01, 9.11911606e-02, 3.12828537e+00, 7.12291531e+01
9.59320948e-02, 3.97836456e-02, 9.12465293e-01, 8.94963865e-02, 8.57273363e-01, 9.36891714e-02, 3.12578736e+00, 7.13268052e+01
9.86252179e-02, 4.08495636e-02, 9.10228514e-01, 9.18335968e-02, 8.54936153e-01, 9.62537403e-02, 3.12322279e+00, 7.14275463e+01
1.01393946e-01, 4.19426849e-02, 9.07940346e-01, 9.42270233e-02, 8.52542726e-01, 9.88865302e-02, 3.12059000e+00, 7.15314827e+01
1.04240401e-01, 4.30636326e-02, 9.05599903e-01, 9.66777567e-02, 8.50091993e-01, 1.01589239e-01, 3.11788729e+00, 7.16387246e+01
1.07166765e-01, 4.42130406e-02, 9.03206303e-01, 9.91868942e-02, 8.47582856e-01, 1.04363598e-01, 3.11511293e+00, 7.17493867e+01
1.10175281e-01, 4.53915533e-02, 9.00758661e-01, 1.01755539e-01, 8.45014211e-01, 1.07211378e-01, 3.11226515e+00, 7.18635877e+01
1.13268257e-01, 4.65998259e-02, 8.98256098e-01, 1.04384799e-01, 8.42384951e-01, 1.10134380e-01, 3.10934215e+00, 7.19814514e+01
1.16448062e-01, 4.78385241e-02, 8.95697735e-01, 1.07075785e-01, 8.39693964e-01, 1.13134445e-01, 3.10634209e+00, 7.21031059e+01
1.19717134e-01, 4.91083240e-02, 8.93082699e-01, 1.09829613e-01, 8.36940137e-01, 1.16213449e-01, 3.10326308e+00, 7.22286848e+01
1.23077980e-01, 5.04099123e-02, 8.90410121e-01, 1.12647398e-01, 8.34122351e-01, 1.19373302e-01, 3.10010323e+00, 7.23583264e+01
1.26533176e-01, 5.17439860e-02, 8.87679139e-01, 1.15530257e-01, 8.31239492e-01, 1.22615954e-01, 3.09686058e+00, 7.24921750e+01
1.30085370e-01, 5.31112527e-02, 8.84888900e-01, 1.18479306e-01, 8.28290444e-01, 1.25943388e-01, 3.09353314e+00, 7.26303801e+01
1.33737286e-01, 5.45124297e-02, 8.82038557e-01, 1.21495657e-01, 8.25274093e-01, 1.29357625e-01, 3.09011891e+00, 7.27730975e+01
1.37491723e-01, 5.59482450e-02, 8.79127276e-01, 1.24580420e-01, 8.22189330e-01, 1.32860722e-01, 3.08661581e+00, 7.29204890e+01
1.41351558e-01, 5.74194362e-02, 8.76154234e-01, 1.27734699e-01, 8.19035050e-01, 1.36454771e-01, 3.08302176e+00, 7.30727229e+01
1.45319752e-01, 5.89267507e-02, 8.73118619e-01, 1.30959592e-01, 8.15810157e-01, 1.40141900e-01, 3.07933463e+00, 7.32299742e+01
1.49399346e-01, 6.04709458e-02, 8.70019635e-01, 1.34256188e-01, 8.12513562e-01, 1.43924274e-01, 3.07555226e+00, 7.33924250e+01
1.53593468e-01, 6.20527881e-02, 8.66856504e-01, 1.37625564e-01, 8.09144186e-01, 1.47804091e-01, 3.07167244e+00, 7.35602648e+01
1.57905331e-01, 6.36730536e-02, 8.63628462e-01, 1.41068787e-01, 8.05700963e-01, 1.51783587e-01, 3.06769294e+00, 7.37336906e+01
1.62338243e-01, 6.53325272e-02, 8.60334766e-01, 1.44586909e-01, 8.02182841e-01, 1.55865028e-01, 3.06361150e+00, 7.39129076e+01
1.66895601e-01, 6.70320026e-02, 8.56974693e-01, 1.48180965e-01, 7.98588785e-01, 1.60050718e-01, 3.05942581e+00, 7.40981291e+01
1.71580899e-01, 6.87722823e-02, 8.53547545e-01, 1.51851972e-01, 7.94917778e-01, 1.64342990e-01, 3.05513354e+00, 7.42895775e+01
1.76397728e-01, 7.05541769e-02, 8.50052645e-01, 1.55600926e-01, 7.91168824e-01, 1.68744212e-01, 3.05073232e+00, 7.44874839e+01
1.81349780e-01, 7.23785049e-02, 8.46489343e-01, 1.59428801e-01, 7.87340948e-01, 1.73256783e-01, 3.04621975e+00, 7.46920892e+01
1.86440853e-01, 7.42460926e-02, 8.42857018e-01, 1.63336545e-01, 7.83433205e-01, 1.77883131e-01, 3.04159340e+00, 7.49036442e+01
1.91674849e-01, 7.61577735e-02, 8.39155077e-01, 1.67325077e-01, 7.79444673e-01, 1.82625713e-01, 3.03685082e+00, 7.51224098e+01
1.97055780e-01, 7.81143880e-02, 8.35382959e-01, 1.71395286e-01, 7.75374464e-01, 1.87487016e-01, 3.03198952e+00, 7.53486581e+01
2.02587771e-01, 8.01167833e-02, 8.31540137e-01, 1.75548027e-01, 7.71221722e-01, 1.92469551e-01, 3.02700698e+00, 7.55826722e+01
2.08275063e-01, 8.21658124e-02, 8.27626118e-01, 1.79784121e-01, 7.66985629e-01, 1.97575855e-01, 3.02190068e+00, 7.58247472e+01
2.14122015e-01, 8.42623342e-02, 8.23640447e-01, 1.84104347e-01, 7.62665403e-01, 2.02808490e-01, 3.01666804e+00, 7.60751905e+01
2.20133111e-01, 8.64072127e-02, 8.19582709e-01, 1.88509443e-01, 7.58260306e-01, 2.08170035e-01, 3.01130650e+00, 7.63343221e+01
2.26312957e-01, 8.86013169e-02, 8.15452527e-01, 1.93000103e-01, 7.53769647e-01, 2.13663094e-01, 3.00581344e+00, 7.66024757e+01
2.32666291e-01, 9.08455198e-02, 8.11249571e-01, 1.97576970e-01, 7.49192780e-01, 2.19290283e-01, 3.00018625e+00, 7.68799989e+01
2.39197984e-01, 9.31406982e-02, 8.06973553e-01, 2.02240638e-01, 7.44529112e-01, 2.25054237e-01, 2.99442229e+00, 7.71672541e+01
2.45913043e-01, 9.54877322e-02, 8.02624233e-01, 2.06991644e-01, 7.39778106e-01, 2.30957601e-01, 2.98851893e+00, 7.74646187e+01
2.52816614e-01, 9.78875042e-02, 7.98201419e-01, 2.11830467e-01, 7.34939283e-01, 2.37003031e-01, 2.98247350e+00, 7.77724861e+01
2.59913992e-01, 1.00340899e-01, 7.93704972e-01, 2.16757526e-01, 7.30012223e-01, 2.43193188e-01, 2.97628334e+00, 7.80912665e+01
2.67210616e-01, 1.02848802e-01, 7.89134803e-01, 2.21773173e-01, 7.24996577e-01, 2.49530740e-01, 2.96994579e+00, 7.84213872e+01
2.74712079e-01, 1.05412101e-01, 7.84490880e-01, 2.26877691e-01, 7.19892059e-01, 2.56018353e-01, 2.96345818e+00, 7.87632938e+01
2.82424133e-01, 1.08031682e-01, 7.79773224e-01, 2.32071292e-01, 7.14698458e-01, 2.62658689e-01, 2.95681784e+00, 7.91174507e+01
2.90352688e-01, 1.10708431e-01, 7.74981917e-01, 2.37354109e-01, 7.09415641e-01, 2.69454407e-01, 2.95002212e+00, 7.94843420e+01
2.98503825e-01, 1.13443233e-01, 7.70117100e-01, 2.42726199e-01, 7.04043551e-01, 2.76408152e-01, 2.94306838e+00, 7.98644723e+01
3.06883789e-01, 1.16236971e-01, 7.65178976e-01, 2.48187533e-01, 6.98582216e-01, 2.83522555e-01, 2.93595398e+00, 8.02583676e+01
3.15499006e-01, 1.19090524e-01, 7.60167811e-01, 2.53737997e-01, 6.93031753e-01, 2.90800228e-01, 2.92867630e+00, 8.06665765e+01
3.24356081e-01, 1.22004770e-01, 7.55083934e-01, 2.59377383e-01, 6.87392367e-01, 2.98243759e-01, 2.92123277e+00, 8.10896704e+01
3.33461802e-01, 1.24980579e-01, 7.49927744e-01, 2.65105392e-01, 6.81664358e-01, 3.05855709e-01, 2.91362082e+00, 8.15282454e+01
3.42823149e-01, 1.28018820e-01, 7.44699703e-01, 2.70921626e-01, 6.75848124e-01, 3.13638601e-01, 2.90583793e+00, 8.19829226e+01
3.52447300e-01, 1.31120351e-01, 7.39400345e-01, 2.76825585e-01, 6.69944164e-01, 3.21594924e-01, 2.89788161e+00, 8.24543497e+01
3.62341632e-01, 1.34286029e-01, 7.34030273e-01, 2.82816666e-01, 6.63953083e-01, 3.29727119e-01, 2.88974941e+00, 8.29432015e+01
3.72513730e-01, 1.37516698e-01, 7.28590161e-01, 2.88894157e-01, 6.57875593e-01, 3.38037578e-01, 2.88143895e+00, 8.34501817e+01
3.82971391e-01, 1.40813196e-01, 7.23080757e-01, 2.95057234e-01, 6.51712516e-01, 3.46528637e-01, 2.87294789e+00, 8.39760235e+01
3.93722633e-01, 1.44176353e-01, 7.17502878e-01, 3.01304960e-01, 6.45464790e-01, 3.55202569e-01, 2.86427396e+00, 8.45214913e+01
4.04775697e-01, 1.47606985e-01, 7.11857418e-01, 3.07636280e-01, 6.39133470e-01, 3.64061579e-01, 2.85541495e+00, 8.50873816e+01
4.16139055e-01, 1.51105900e-01, 7.06145344e-01, 3.14050021e-01, 6.32719729e-01, 3.73107796e-01, 2.84636873e+00, 8.56745245e+01
4.27821420e-01, 1.54673893e-01, 7.00367697e-01, 3.20544885e-01, 6.26224865e-01, 3.82343268e-01, 2.83713326e+00, 8.62837849e+01
4.39831747e-01, 1.58311745e-01, 6.94525595e-01, 3.27119451e-01, 6.19650298e-01, 3.91769953e-01, 2.82770658e+00, 8.69160640e+01
4.52179242e-01, 1.62020224e-01, 6.88620228e-01, 3.33772173e-01, 6.12997577e-01, 4.01389714e-01, 2.81808682e+00, 8.75723010e+01
4.64873371e-01, 1.65800084e-01, 6.82652863e-01, 3.40501372e-01, 6.06268377e-01, 4.11204312e-01, 2.80827222e+00, 8.82534740e+01
4.77923865e-01, 1.69652062e-01, 6.76624841e-01, 3.47305245e-01, 5.99464504e-01, 4.21215397e-01, 2.79826113e+00, 8.89606020e+01
4.91340729e-01, 1.73576879e-01, 6.70537578e-01, 3.54181855e-01, 5.92587895e-01, 4.31424501e-01, 2.78805203e+00, 8.96947465e+01
5.05134247e-01, 1.77575238e-01, 6.64392563e-01, 3.61129133e-01, 5.85640617e-01, 4.41833032e-01, 2.77764350e+00, 9.04570127e+01
5.19314994e-01, 1.81647824e-01, 6.58191359e-01, 3.68144879e-01, 5.78624870e-01, 4.52442266e-01, 2.76703426e+00, 9.12485519e+01
5.33893840e-01, 1.85795303e-01, 6.51935600e-01, 3.75226763e-01, 5.71542987e-01, 4.63253341e-01, 2.75622319e+00, 9.20705627e+01
5.48881961e-01, 1.90018322e-01, 6.45626991e-01, 3.82372319e-01, 5.64397431e-01, 4.74267246e-01, 2.74520929e+00, 9.29242929e+01
5.64290847e-01, 1.94317504e-01, 6.39267309e-01, 3.89578954e-01, 5.57190796e-01, 4.85484816e-01, 2.73399171e+00, 9.38110415e+01
5.80132310e-01, 1.98693454e-01, 6.32858396e-01, 3.96843944e-01, 5.49925806e-01, 4.96906728e-01, 2.72256980e+00, 9.47321607e+01
5.96418495e-01, 2.03146750e-01, 6.26402164e-01, 4.04164439e-01, 5.42605310e-01, 5.08533489e-01, 2.71094304e+00, 9.56890577e+01
6.13161884e-01, 2.07677952e-01, 6.19900588e-01, 4.11537463e-01, 5.35232287e-01, 5.20365431e-01, 2.69911110e+00, 9.66831969e+01
6.30375315e-01, 2.12287591e-01, 6.13355704e-01, 4.18959915e-01, 5.27809834e-01, 5.32402705e-01, 2.68707383e+00, 9.77161019e+01
6.48071983e-01, 2.16976176e-01, 6.06769614e-01, 4.26428580e-01, 5.20341170e-01, 5.44645277e-01, 2.67483125e+00, 9.87893578e+01
6.66265452e-01, 2.21744190e-01, 6.00144472e-01, 4.33940122e-01, 5.12829627e-01, 5.57092918e-01, 2.66238361e+00, 9.99046134e+01
6.84969672e-01, 2.26592088e-01, 5.93482492e-01, 4.41491098e-01, 5.05278651e-01, 5.69745199e-01, 2.64973133e+00, 1.01063584e+02
7.04198979e-01, 2.31520301e-01, 5.86785940e-01, 4.49077957e-01, 4.97691792e-01, 5.82601489e-01, 2.63687504e+00, 1.02268052e+02
7.23968114e-01, 2.36529229e-01, 5.80057132e-01, 4.56697048e-01, 4.90072702e-01, 5.95660949e-01, 2.62381558e+00, 1.03519874e+02
7.44292233e-01, 2.41619247e-01, 5.73298431e-01, 4.64344622e-01, 4.82425127e-01, 6.08922525e-01, 2.61055401e+00, 1.04820976e+02
7.65186915e-01, 2.46790700e-01, 5.66512244e-01, 4.72016846e-01, 4.74752903e-01, 6.22384950e-01, 2.59709158e+00, 1.06173364e+02
7.86668179e-01, 2.52043903e-01, 5.59701019e-01, 4.79709802e-01, 4.67059947e-01, 6.36046735e-01, 2.58342980e+00, 1.07579121e+02
8.08752491e-01, 2.57379142e-01, 5.52867241e-01, 4.87419498e-01, 4.59350251e-01, 6.49906169e-01, 2.56957036e+00, 1.09040412e+02
8.31456781e-01, 2.62796674e-01, 5.46013431e-01, 4.95141876e-01, 4.51627873e-01, 6.63961321e-01, 2.55551521e+00, 1.10559490e+02
8.54798453e-01, 2.68296725e-01, 5.39142136e-01, 5.02872819e-01, 4.43896930e-01, 6.78210032e-01, 2.54126650e+00, 1.12138692e+02
8.78795401e-01, 2.73879488e-01, 5.32255933e-01, 5.10608160e-01, 4.36161590e-01, 6.92649918e-01, 2.52682661e+00, 1.13780449e+02
9.03466021e-01, 2.79545129e-01, 5.25357421e-01, 5.18343690e-01, 4.28426060e-01, 7.07278373e-01, 2.51219816e+00, 1.15487286e+02
9.28829225e-01, 2.85293778e-01, 5.18449216e-01, 5.26075170e-01, 4.20694580e-01, 7.22092564e-01, 2.49738397e+00, 1.17261827e+02
9.54904456e-01, 2.91125536e-01, 5.11533951e-01, 5.33798337e-01, 4.12971412e-01, 7.37089439e-01, 2.48238709e+00, 1.19106798e+02
9.81711702e-01, 2.97040474e-01, 5.04614268e-01, 5.41508917e-01, 4.05260833e-01, 7.52265725e-01, 2.46721081e+00, 1.21025030e+02
1.00927151e+00, 3.03038627e-01, 4.97692817e-01, 5.49202630e-01, 3.97567120e-01, 7.67617933e-01, 2.45185860e+00, 1.23019465e+02
1.03760502e+00, 3.09120002e-01, 4.90772250e-01, 5.56875207e-01, 3.89894542e-01, 7.83142363e-01, 2.43633417e+00, 1.25093156e+02
1.06673394e+00, 3.15284571e-01, 4.83855218e-01, 5.64522395e-01, 3.82247355e-01, 7.98835106e-01, 2.42064142e+00, 1.27249280e+02
1.09668060e+00, 3.21532276e-01, 4.76944367e-01, 5.72139966e-01, 3.74629783e-01, 8.14692055e-01, 2.40478448e+00, 1.29491131e+02
1.12746796e+00, 3.27863028e-01, 4.70042332e-01, 5.79723734e-01, 3.67046016e-01, 8.30708904e-01, 2.38876763e+00, 1.31822134e+02
1.15911962e+00, 3.34276704e-01, 4.63151736e-01, 5.87269556e-01, 3.59500194e-01, 8.46881161e-01, 2.37259537e+00, 1.34245845e+02
1.19165984e+00, 3.40773150e-01, 4.56275185e-01, 5.94773348e-01, 3.51996401e-01, 8.63204152e-01, 2.35627238e+00, 1.36765960e+02
1.22511358e+00, 3.47352184e-01, 4.49415262e-01, 6.02231095e-01, 3.44538655e-01, 8.79673031e-01, 2.33980350e+00, 1.39386316e+02
1.25950646e+00, 3.54013588e-01, 4.42574525e-01, 6.09638855e-01, 3.37130895e-01, 8.96282788e-01, 2.32319374e+00, 1.42110900e+02
1.29486487e+00, 3.60757118e-01, 4.35755505e-01, 6.16992773e-01, 3.29776977e-01, 9.13028260e-01, 2.30644827e+00, 1.44943853e+02
1.33121590e+00, 3.67582497e-01, 4.28960698e-01, 6.24289087e-01, 3.22480663e-01, 9.29904139e-01, 2.28957239e+00, 1.47889477e+02
1.36858742e+00, 3.74489419e-01, 4.22192565e-01, 6.31524140e-01, 3.15245610e-01, 9.46904980e-01, 2.27257155e+00, 1.50952243e+02
1.40700809e+00, 3.81477549e-01, 4.15453528e-01, 6.38694381e-01, 3.08075368e-01, 9.64025219e-01, 2.25545131e+00, 1.54136796e+02
1.44650734e+00, 3.88546523e-01, 4.08745964e-01, 6.45796381e-01, 3.00973368e-01, 9.81259175e-01, 2.23821736e+00, 1.57447962e+02
1.48711546e+00, 3.95695948e-01, 4.02072206e-01, 6.52826834e-01, 2.93942916e-01, 9.98601068e-01, 2.22087546e+00, 1.60890755e+02
1.52886359e+00, 4.02925403e-01, 3.95434536e-01, 6.59782562e-01, 2.86987187e-01, 1.01604503e+00, 2.20343150e+00, 1.64470388e+02
1.57178372e+00, 4.10234442e-01, 3.88835186e-01, 6.66660529e-01, 2.80109221e-01, 1.03358510e+00, 2.18589143e+00, 1.68192278e+02
1.61590875e+00, 4.17622591e-01, 3.82276331e-01, 6.73457837e-01, 2.73311913e-01, 1.05121528e+00, 2.16826125e+00, 1.72062057e+02
1.66127252e+00, 4.25089350e-01, 3.75760089e-01, 6.80171735e-01, 2.66598015e-01, 1.06892949e+00, 2.15054704e+00, 1.76085577e+02
1.70790980e+00, 4.32634194e-01, 3.69288519e-01, 6.86799624e-01, 2.59970125e-01, 1.08672161e+00, 2.13275492e+00, 1.80268924e+02
1.75585633e+00, 4.40256573e-01, 3.62863618e-01, 6.93339058e-01, 2.53430692e-01, 1.10458550e+00, 2.11489104e+00, 1.84618427e+02
1.80514888e+00, 4.47955916e-01, 3.56487318e-01, 6.99787747e-01, 2.46982003e-01, 1.12251498e+00, 2.09696155e+00, 1.89140663e+02
1.85582523e+00, 4.55731626e-01, 3.50161484e-01, 7.06143560e-01, 2.40626190e-01, 1.14050389e+00, 2.07897264e+00, 1.93842476e+02
1.90792422e+00, 4.63583085e-01, 3.43887915e-01, 7.12404525e-01, 2.34365225e-01, 1.15854604e+00, 2.06093049e+00, 1.98730983e+02
1.96148581e+00, 4.71509656e-01, 3.37668341e-01, 7.18568833e-01, 2.28200916e-01, 1.17663527e+00, 2.04284127e+00, 2.03813586e+02
2.01655104e+00, 4.79510678e-01, 3.31504419e-01, 7.24634836e-01, 2.22134914e-01, 1.19476543e+00, 2.02471110e+00, 2.09097985e+02
2.07316213e+00, 4.87585472e-01, 3.25397736e-01, 7.30601044e-01, 2.16168706e-01, 1.21293043e+00, 2.00654610e+00, 2.14592193e+02
2.13136247e+00, 4.95733342e-01, 3.19349807e-01, 7.36466130e-01, 2.10303620e-01, 1.23112418e+00, 1.98835235e+00, 2.20304545e+02
2.19119669e+00, 5.03953573e-01, 3.13362070e-01, 7.42228925e-01, 2.04540824e-01, 1.24934068e+00, 1.97013585e+00, 2.26243715e+02
2.25271064e+00, 5.12245431e-01, 3.07435893e-01, 7.47888417e-01, 1.98881332e-01, 1.26757397e+00, 1.95190256e+00, 2.32418730e+02
2.31595149e+00, 5.20608169e-01, 3.01572566e-01, 7.53443749e-01, 1.93326001e-01, 1.28581815e+00, 1.93365838e+00, 2.38838985e+02
2.38096772e+00, 5.29041024e-01, 2.95773306e-01, 7.58894213e-01, 1.87875537e-01, 1.30406742e+00, 1.91540911e+00, 2.45514259e+02
2.44780916e+00, 5.37543219e-01, 2.90039255e-01, 7.64239253e-01, 1.82530497e-01, 1.32231605e+00, 1.89716048e+00, 2.52454730e+02
2.51652705e+00, 5.46113963e-01, 2.84371479e-01, 7.69478456e-01, 1.77291294e-01, 1.34055840e+00, 1.87891813e+00, 2.59670997e+02
2.58717408e+00, 5.54752453e-01, 2.78770971e-01, 7.74611552e-01, 1.72158198e-01, 1.35878893e+00, 1.86068760e+00, 2.67174092e+02
2.65980440e+00, 5.63457874e-01, 2.73238647e-01, 7.79638406e-01, 1.67131344e-01, 1.37700220e+00, 1.84247433e+00, 2.74975501e+02
2.73447368e+00, 5.72229403e-01, 2.67775351e-01, 7.84559017e-01, 1.62210733e-01, 1.39519287e+00, 1.82428366e+00, 2.83087187e+02
2.81123917e+00, 5.81066203e-01, 2.62381854e-01, 7.89373510e-01, 1.57396240e-01, 1.41335573e+00, 1.80612080e+00, 2.91521604e+02
2.89015972e+00, 5.89967432e-01, 2.57058854e-01, 7.94082135e-01, 1.52687614e-01, 1.43148568e+00, 1.78799085e+00, 3.00291724e+02
2.97129582e+00, 5.98932239e-01, 2.51806978e-01, 7.98685260e-01, 1.48084490e-01, 1.44957774e+00, 1.76989879e+00, 3.09411058e+02
3.05470967e+00, 6.07959763e-01, 2.46626782e-01, 8.03183363e-01, 1.43586387e-01, 1.46762704e+00, 1.75184949e+00, 3.18893674e+02
3.14046522e+00, 6.17049141e-01, 2.41518754e-01, 8.07577032e-01, 1.39192717e-01, 1.48562887e+00, 1.73384766e+00, 3.28754228e+02
3.22862820e+00, 6.26199502e-01, 2.36483311e-01, 8.11866956e-01, 1.34902793e-01, 1.50357863e+00, 1.71589790e+00, 3.39007988e+02
3.31926620e+00, 6.35409971e-01, 2.31520808e-01, 8.16053921e-01, 1.30715829e-01, 1.52147184e+00, 1.69800469e+00, 3.49670853e+02
3.41244871e+00, 6.44679670e-01, 2.26631530e-01, 8.20138803e-01, 1.26630947e-01, 1.53930419e+00, 1.68017234e+00, 3.60759391e+02
3.50824714e+00, 6.54007716e-01, 2.21815701e-01, 8.24122564e-01, 1.22647186e-01, 1.55707146e+00, 1.66240507e+00, 3.72290860e+02
3.60673495e+00, 6.63393226e-01, 2.17073483e-01, 8.28006246e-01, 1.18763504e-01, 1.57476961e+00, 1.64470692e+00, 3.84283238e+02
3.70798763e+00, 6.72835313e-01, 2.12404976e-01, 8.31790968e-01, 1.14978782e-01, 1.59239471e+00, 1.62708182e+00, 3.96755259e+02
3.81208280e+00, 6.82333091e-01, 2.07810223e-01, 8.35477914e-01, 1.11291836e-01, 1.60994298e+00, 1.60953355e+00, 4.09726438e+02
3.91910025e+00, 6.91885673e-01, 2.03289209e-01, 8.39068336e-01, 1.07701413e-01, 1.62741077e+00, 1.59206576e+00, 4.23217111e+02
4.02912203e+00, 7.01492174e-01, 1.98841864e-01, 8.42563544e-01, 1.04206206e-01, 1.64479457e+00, 1.57468197e+00, 4.37248466e+02
4.14223247e+00, 7.11151707e-01, 1.94468065e-01, 8.45964900e-01, 1.00804849e-01, 1.66209100e+00, 1.55738553e+00, 4.51842580e+02
4.25851829e+00, 7.20863389e-01, 1.90167637e-01, 8.49273818e-01, 9.74959321e-02, 1.67929684e+00, 1.54017969e+00, 4.67022458e+02
4.37806863e+00, 7.30626340e-01, 1.85940357e-01, 8.52491753e-01, 9.42779971e-02, 1.69640897e+00, 1.52306756e+00, 4.82812072e+02
4.50097513e+00, 7.40439681e-01, 1.81785952e-01, 8.55620201e-01, 9.11495486e-02, 1.71342444e+00, 1.50605209e+00, 4.99236401e+02
4.62733201e+00, 7.50302539e-01, 1.77704105e-01, 8.58660694e-01, 8.81090556e-02, 1.73034041e+00, 1.48913612e+00, 5.16321475e+02
4.75723614e+00, 7.60214043e-01, 1.73694456e-01, 8.61614793e-01, 8.51549564e-02, 1.74715417e+00, 1.47232237e+00, 5.34094421e+02
4.89078709e+00, 7.70173327e-01, 1.69756602e-01, 8.64484087e-01, 8.22856631e-02, 1.76386314e+00, 1.45561339e+00, 5.52583506e+02
5.02808725e+00, 7.80179530e-01, 1.65890100e-01, 8.67270185e-01, 7.94995652e-02, 1.78046489e+00, 1.43901164e+00, 5.71818189e+02
5.16924187e+00, 7.90231798e-01, 1.62094471e-01, 8.69974716e-01, 7.67950336e-02, 1.79695709e+00, 1.42251944e+00, 5.91829169e+02
5.31435916e+00, 8.00329281e-01, 1.58369199e-01, 8.72599325e-01, 7.41704245e-02, 1.81333755e+00, 1.40613899e+00, 6.12648440e+02
5.46355035e+00, 8.10471136e-01, 1.54713732e-01, 8.75145667e-01, 7.16240826e-02, 1.82960417e+00, 1.38987236e+00, 6.34309344e+02
5.61692982e+00, 8.20656529e-01, 1.51127491e-01, 8.77615405e-01, 6.91543445e-02, 1.84575501e+00, 1.37372152e+00, 6.56846628e+02
5.77461515e+00, 8.30884629e-01, 1.47609861e-01, 8.80010208e-01, 6.67595418e-02, 1.86178822e+00, 1.35768831e+00, 6.80296507e+02
5.93672722e+00, 8.41154616e-01, 1.44160202e-01, 8.82331745e-01, 6.44380045e-02, 1.87770207e+00, 1.34177446e+00, 7.04696722e+02
6.10339029e+00, 8.51465677e-01, 1.40777848e-01, 8.84581687e-01, 6.21880630e-02, 1.89349494e+00, 1.32598159e+00, 7.30086607e+02
6.27473213e+00, 8.61817006e-01, 1.37462106e-01, 8.86761698e-01, 6.00080516e-02, 1.90916533e+00, 1.31031120e+00, 7.56507155e+02
6.45088409e+00, 8.72207807e-01, 1.34212261e-01, 8.88873439e-01, 5.78963105e-02, 1.92471182e+00, 1.29476471e+00, 7.84001090e+02
6.63198120e+00, 8.82637292e-01, 1.31027576e-01, 8.90918562e-01, 5.58511880e-02, 1.94013313e+00, 1.27934340e+00, 8.12612940e+02
6.81816229e+00, 8.93104682e-01, 1.27907296e-01, 8.92898707e-01, 5.38710431e-02, 1.95542804e+00, 1.26404849e+00, 8.42389113e+02
7.00957009e+00, 9.03609206e-01, 1.24850646e-01, 8.94815503e-01, 5.19542471e-02, 1.97059547e+00, 1.24888106e+00, 8.73377975e+02
7.20635132e+00, 9.14150106e-01, 1.21856835e-01, 8.96670564e-01, 5.00991857e-02, 1.98563439e+00, 1.23384214e+00, 9.05629938e+02
7.40865683e+00, 9.24726629e-01, 1.18925058e-01, 8.98465489e-01, 4.83042605e-02, 2.00054390e+00, 1.21893263e+00, 9.39197541e+02
7.61664172e+00, 9.35338035e-01, 1.16054495e-01, 9.00201859e-01, 4.65678907e-02, 2.01532317e+00, 1.20415336e+00, 9.74135541e+02
7.83046540e+00, 9.45983593e-01, 1.13244314e-01, 9.01881235e-01, 4.48885147e-02, 2.02997147e+00, 1.18950506e+00, 1.01050101e+03
8.05029181e+00, 9.56662583e-01, 1.10493675e-01, 9.03505159e-01, 4.32645910e-02, 2.04448814e+00, 1.17498839e+00, 1.04835344e+03
8.27628946e+00, 9.67374292e-01, 1.07801724e-01, 9.05075150e-01, 4.16945996e-02, 2.05887261e+00, 1.16060393e+00, 1.08775481e+03
8.50863158e+00, 9.78118021e-01, 1.05167604e-01, 9.06592707e-01, 4.01770431e-02, 2.07312438e+00, 1.14635215e+00, 1.12876975e+03
8.74749630e+00, 9.88893079e-01, 1.02590447e-01, 9.08059302e-01, 3.87104477e-02, 2.08724305e+00, 1.13223348e+00, 1.17146560e+03
8.99306672e+00, 9.99698787e-01, 1.00069381e-01, 9.09476386e-01, 3.72933638e-02, 2.10122826e+00, 1.11824827e+00, 1.21591257e+03
9.24553110e+00, 1.01053448e+00, 9.76035298e-02, 9.10845383e-01, 3.59243670e-02, 2.11507976e+00, 1.10439677e+00, 1.26218380e+03
9.50508296e+00, 1.02139949e+00, 9.51920136e-02, 9.12167691e-01, 3.46020584e-02, 2.12879733e+00, 1.09067920e+00, 1.31035555e+03
9.77192128e+00, 1.03229317e+00, 9.28339498e-02, 9.13444684e-01, 3.33250656e-02, 2.14238084e+00, 1.07709569e+00, 1.36050731e+03
1.00462506e+01, 1.04321489e+00, 9.05284548e-02, 9.14677707e-01, 3.20920428e-02, 2.15583022e+00, 1.06364631e+00, 1.41272190e+03
1.03282813e+01, 1.05416402e+00, 8.82746444e-02, 9.15868078e-01, 3.09016714e-02, 2.16914546e+00, 1.05033107e+00, 1.46708566e+03
1.06182294e+01, 1.06513995e+00, 8.60716349e-02, 9.17017090e-01, 2.97526601e-02, 2.18232661e+00, 1.03714992e+00, 1.52368859e+03
1.09163173e+01, 1.07614206e+00, 8.39185439e-02, 9.18126004e-01, 2.86437453e-02, 2.19537377e+00, 1.02410276e+00, 1.58262448e+03
1.12227736e+01, 1.08716977e+00, 8.18144912e-02, 9.19196059e-01, 2.75736911e-02, 2.20828710e+00, 1.01118943e+00, 1.64399109e+03
1.15378330e+01, 1.09822248e+00, 7.97585995e-02, 9.20228460e-01, 2.65412896e-02, 2.22106682e+00, 9.98409708e-01, 1.70789032e+03
1.18617372e+01, 1.10929963e+00, 7.77499950e-02, 9.21224389e-01, 2.55453608e-02, 2.23371319e+00, 9.85763339e-01, 1.77442838e+03
1.21947344e+01, 1.12040065e+00, 7.57878084e-02, 9.22184997e-01, 2.45847525e-02, 2.24622652e+00, 9.73250011e-01, 1.84371595e+03
1.25370799e+01, 1.13152499e+00, 7.38711753e-02, 9.23111409e-01, 2.36583406e-02, 2.25860716e+00, 9.60869367e-01, 1.91586841e+03
1.28890361e+01, 1.14267211e+00, 7.19992367e-02, 9.24004721e-01, 2.27650285e-02, 2.27085552e+00, 9.48621007e-01, 1.99100604e+03
1.32508729e+01, 1.15384147e+00, 7.01711401e-02, 9.24866002e-01, 2.19037472e-02, 2.28297204e+00, 9.36504487e-01, 2.06925417e+03
1.36228676e+01, 1.16503255e+00, 6.83860392e-02, 9.25696295e-01, 2.10734552e-02, 2.29495720e+00, 9.24519326e-01, 2.15074345e+03
1.40053055e+01, 1.17624484e+00, 6.66430952e-02, 9.26496612e-01, 2.02731380e-02, 2.30681153e+00, 9.12665003e-01, 2.23561006e+03
1.43984795e+01, 1.18747784e+00, 6.49414767e-02, 9.27267942e-01, 1.95018079e-02, 2.31853557e+00, 9.00940960e-01, 2.32399593e+03
1.48026913e+01, 1.19873106e+00, 6.32803605e-02, 9.28011246e-01, 1.87585040e-02, 2.33012993e+00, 8.89346605e-01, 2.41604901e+03
1.52182505e+01, 1.21000400e+00, 6.16589316e-02, 9.28727458e-01, 1.80422915e-02, 2.34159522e+00, 8.77881314e-01, 2.51192350e+03
1.56454759e+01, 1.22129622e+00, 6.00763839e-02, 9.29417488e-01, 1.73522615e-02, 2.35293210e+00, 8.66544432e-01, 2.61178012e+03
1.60846948e+01, 1.23260723e+00, 5.85319205e-02, 9.30082219e-01, 1.66875306e-02, 2.36414126e+00, 8.55335272e-01, 2.71578641e+03
1.65362441e+01, 1.24393658e+00, 5.70247538e-02, 9.30722509e-01, 1.60472405e-02, 2.37522341e+00, 8.44253122e-01, 2.82411697e+03
1.70004698e+01, 1.25528384e+00, 5.55541057e-02, 9.31339192e-01, 1.54305578e-02, 2.38617929e+00, 8.33297241e-01, 2.93695382e+03
1.74777277e+01, 1.26664856e+00, 5.41192085e-02, 9.31933077e-01, 1.48366731e-02, 2.39700967e+00, 8.22466864e-01, 3.05448667e+03
1.79683839e+01, 1.27803033e+00, 5.27193041e-02, 9.32504949e-01, 1.42648011e-02, 2.40771533e+00, 8.11761205e-01, 3.17691326e+03
1.84728144e+01, 1.28942872e+00, 5.13536452e-02, 9.33055570e-01, 1.37141797e-02, 2.41829708e+00, 8.01179451e-01, 3.30443968e+03
1.89914058e+01, 1.30084334e+00, 5.00214947e-02, 9.33585680e-01, 1.31840700e-02, 2.42875576e+00, 7.90720771e-01, 3.43728077e+03
1.95245558e+01, 1.31227377e+00, 4.87221263e-02, 9.34095995e-01, 1.26737552e-02, 2.43909222e+00, 7.80384315e-01, 3.57566046e+03
2.00726730e+01, 1.32371963e+00, 4.74548245e-02, 9.34587209e-01, 1.21825407e-02, 2.44930732e+00, 7.70169214e-01, 3.71981215e+03
2.06361777e+01, 1.33518054e+00, 4.62188846e-02, 9.35059996e-01, 1.17097536e-02, 2.45940195e+00, 7.60074581e-01, 3.86997912e+03
2.12155017e+01, 1.34665613e+00, 4.50136131e-02, 9.35515008e-01, 1.12547418e-02, 2.46937702e+00, 7.50099515e-01, 4.02641495e+03
2.18110892e+01, 1.35814602e+00, 4.38383275e-02, 9.35952876e-01, 1.08168737e-02, 2.47923343e+00, 7.40243099e-01, 4.18938397e+03
2.24233968e+01, 1.36964988e+00, 4.26923562e-02, 9.36374212e-01, 1.03955380e-02, 2.48897213e+00, 7.30504402e-01, 4.35916167e+03
2.30528939e+01, 1.38116734e+00, 4.15750390e-02, 9.36779607e-01, 9.99014281e-03, 2.49859405e+00, 7.20882482e-01, 4.53603523e+03
2.37000629e+01, 1.39269806e+00, 4.04857268e-02, 9.37169634e-01, 9.60011545e-03, 2.50810015e+00, 7.11376385e-01, 4.72030398e+03
2.43654001e+01, 1.40424172e+00, 3.94237819e-02, 9.37544848e-01, 9.22490181e-03, 2.51749139e+00, 7.01985145e-01, 4.91227992e+03
2.50494154e+01, 1.41579798e+00, 3.83885774e-02, 9.37905784e-01, 8.86396593e-03, 2.52676874e+00, 6.92707787e-01, 5.11228827e+03
2.57526333e+01, 1.42736654e+00, 3.73794979e-02, 9.38252960e-01, 8.51678952e-03, 2.53593320e+00, 6.83543329e-01, 5.32066801e+03
2.64755927e+01, 1.43894707e+00, 3.63959391e-02, 9.38586878e-01, 8.18287151e-03, 2.54498575e+00, 6.74490779e-01, 5.53777249e+03
2.72188479e+01, 1.45053928e+00, 3.54373078e-02, 9.38908022e-01, 7.86172753e-03, 2.55392739e+00, 6.65549140e-01, 5.76397001e+03
2.79829688e+01, 1.46214287e+00, 3.45030217e-02, 9.39216860e-01, 7.55288950e-03, 2.56275913e+00, 6.56717405e-01, 5.99964446e+03
2.87685409e+01, 1.47375755e+00, 3.35925097e-02, 9.39513845e-01, 7.25590518e-03, 2.57148196e+00, 6.47994566e-01, 6.24519600e+03
2.95761666e+01, 1.48538304e+00, 3.27052117e-02, 9.39799412e-01, 6.97033767e-03, 2.58009692e+00, 6.39379608e-01, 6.50104174e+03
3.04064649e+01, 1.49701906e+00, 3.18405781e-02, 9.40073985e-01, 6.69576501e-03, 2.58860502e+00, 6.30871513e-01, 6.76761645e+03
3.12600724e+01, 1.50866534e+00, 3.09980705e-02, 9.40337970e-01, 6.43177974e-03, 2.59700727e+00, 6.22469257e-01, 7.04537331e+03
3.21376434e+01, 1.52032162e+00, 3.01771610e-02, 9.40591761e-01, 6.17798848e-03, 2.60530471e+00, 6.14171818e-01, 7.33478470e+03
3.30398507e+01, 1.53198765e+00, 2.93773321e-02, 9.40835738e-01, 5.93401148e-03, 2.61349836e+00, 6.05978168e-01, 7.63634301e+03
3.39673858e+01, 1.54366317e+00, 2.85980772e-02, 9.41070267e-01, 5.69948226e-03, 2.62158925e+00, 5.97887280e-01, 7.95056147e+03
3.49209598e+01, 1.55534793e+00, 2.78388997e-02, 9.41295703e-01, 5.47404715e-03, 2.62957841e+00, 5.89898124e-01, 8.27797507e+03
3.59013038e+01, 1.56704171e+00, 2.70993135e-02, 9.41512385e-01, 5.25736494e-03, 2.63746686e+00, 5.82009671e-01, 8.61914145e+03
3.69091691e+01, 1.57874427e+00, 2.63788425e-02, 9.41720643e-01, 5.04910649e-03, 2.64525564e+00, 5.74220892e-01, 8.97464187e+03
3.79453285e+01, 1.59045537e+00, 2.56770206e-02, 9.41920795e-01, 4.84895430e-03, 2.65294577e+00, 5.66530760e-01, 9.34508223e+03
3.90105762e+01, 1.60217481e+00, 2.49933916e-02, 9.42113148e-01, 4.65660223e-03, 2.66053829e+00, 5.58938246e-01, 9.73109408e+03
4.01057288e+01, 1.61390235e+00, 2.43275093e-02, 9.42297995e-01, 4.47175507e-03, 2.66803421e+00, 5.51442325e-01, 1.01333357e+04
4.12316259e+01, 1.62563780e+00, 2.36789368e-02, 9.42475622e-01, 4.29412821e-03, 2.67543456e+00, 5.44041974e-01, 1.05524934e+04
4.23891306e+01, 1.63738095e+00, 2.30472468e-02, 9.42646302e-01, 4.12344729e-03, 2.68274036e+00, 5.36736172e-01, 1.09892823e+04
4.35791301e+01, 1.64913159e+00, 2.24320214e-02, 9.42810302e-01, 3.95944788e-03, 2.68995263e+00, 5.29523901e-01, 1.14444481e+04
4.48025368e+01, 1.66088953e+00, 2.18328518e-02, 9.42967875e-01, 3.80187516e-03, 2.69707238e+00, 5.22404146e-01, 1.19187678e+04
4.60602884e+01, 1.67265458e+00, 2.12493385e-02, 9.43119266e-01, 3.65048358e-03, 2.70410064e+00, 5.15375895e-01, 1.24130517e+04
4.73533492e+01, 1.68442656e+00, 2.06810907e-02, 9.43264713e-01, 3.50503654e-03, 2.71103839e+00, 5.08438142e-01, 1.29281440e+04
4.86827104e+01, 1.69620528e+00, 2.01277264e-02, 9.43404444e-01, 3.36530613e-03, 2.71788665e+00, 5.01589882e-01, 1.34649251e+04
5.00493910e+01, 1.70799057e+00, 1.95888723e-02, 9.43538677e-01, 3.23107283e-03, 2.72464641e+00, 4.94830118e-01, 1.40243124e+04
5.14544388e+01, 1.71978224e+00, 1.90641636e-02, 9.43667625e-01, 3.10212518e-03, 2.73131868e+00, 4.88157855e-01, 1.46072622e+04
5.28989308e+01, 1.73158015e+00, 1.85532437e-02, 9.43791490e-01, 2.97825956e-03, 2.73790443e+00, 4.81572105e-01, 1.52147714e+04
5.43839743e+01, 1.74338412e+00, 1.80557646e-02, 9.43910470e-01, 2.85927990e-03, 2.74440465e+00, 4.75071883e-01, 1.58478791e+04
5.59107078e+01, 1.75519399e+00, 1.75713858e-02, 9.44024752e-01, 2.74499740e-03, 2.75082032e+00, 4.68656213e-01, 1.65076686e+04
5.74803016e+01, 1.76700960e+00, 1.70997750e-02, 9.44134519e-01, 2.63523031e-03, 2.75715241e+00, 4.62324122e-01, 1.71952689e+04
5.90939590e+01, 1.77883082e+00, 1.66406078e-02, 9.44239946e-01, 2.52980367e-03, 2.76340189e+00, 4.56074644e-01, 1.79118568e+04
6.07529169e+01, 1.79065748e+00, 1.61935670e-02, 9.44341201e-01, 2.42854908e-03, 2.76956971e+00, 4.49906819e-01, 1.86586592e+04
6.24584471e+01, 1.80248944e+00, 1.57583434e-02, 9.44438445e-01, 2.33130443e-03, 2.77565684e+00, 4.43819693e-01, 1.94369548e+04
6.42118571e+01, 1.81432657e+00, 1.53346346e-02, 9.44531836e-01, 2.23791375e-03, 2.78166421e+00, 4.37812319e-01, 2.02480766e+04
6.60144909e+01, 1.82616872e+00, 1.49221457e-02, 9.44621523e-01, 2.14822693e-03, 2.78759277e+00, 4.31883757e-01, 2.10934140e+04
6.78677305e+01, 1.83801577e+00, 1.45205889e-02, 9.44707650e-01, 2.06209953e-03, 2.79344346e+00, 4.26033073e-01, 2.19744153e+04
6.97729965e+01, 1.84986758e+00, 1.41296829e-02, 9.44790357e-01, 1.97939260e-03, 2.79921719e+00, 4.20259341e-01, 2.28925903e+04
7.17317494e+01, 1.86172403e+00, 1.37491537e-02, 9.44869777e-01, 1.89997244e-03, 2.80491489e+00, 4.14561641e-01, 2.38495127e+04
7.37454909e+01, 1.87358500e+00, 1.33787335e-02, 9.44946039e-01, 1.82371045e-03, 2.81053747e+00, 4.08939060e-01, 2.48468228e+04
7.58157646e+01, 1.88545036e+00, 1.30181611e-02, 9.45019267e-01, 1.75048291e-03, 2.81608584e+00, 4.03390695e-01, 2.58862305e+04
7.79441575e+01, 1.89731999e+00, 1.26671819e-02, 9.45089579e-01, 1.68017086e-03, 2.82156088e+00, 3.97915647e-01, 2.69695182e+04
8.01323013e+01, 1.90919379e+00, 1.23255471e-02, 9.45157090e-01, 1.61265984e-03, 2.82696350e+00, 3.92513026e-01, 2.80985439e+04
8.23818733e+01, 1.92107165e+00, 1.19930143e-02, 9.45221910e-01, 1.54783982e-03, 2.83229458e+00, 3.87181950e-01, 2.92752442e+04
8.46945981e+01, 1.93295345e+00, 1.16693470e-02, 9.45284145e-01, 1.48560495e-03, 2.83755499e+00, 3.81921545e-01, 3.05016379e+04
8.70722485e+01, 1.94483908e+00, 1.13543144e-02, 9.45343896e-01, 1.42585348e-03, 2.84274559e+00, 3.76730943e-01, 3.17798293e+04
8.95166472e+01, 1.95672846e+00, 1.10476916e-02, 9.45401262e-01, 1.36848757e-03, 2.84786725e+00, 3.71609285e-01, 3.31120119e+04
9.20296681e+01, 1.96862147e+00, 1.07492590e-02, 9.45456337e-01, 1.31341313e-03, 2.85292081e+00, 3.66555719e-01, 3.45004722e+04
9.46132376e+01, 1.98051802e+00, 1.04588028e-02, 9.45509210e-01, 1.26053973e-03, 2.85790713e+00, 3.61569403e-01, 3.59475936e+04
9.72693362e+01, 1.99241802e+00, 1.01761143e-02, 9.45559969e-01, 1.20978043e-03, 2.86282703e+00, 3.56649501e-01, 3.74558605e+04
1.00000000e+02, 2.00432137e+00, 9.90099010e-03, 9.45608698e-01, 1.16105165e-03, 2.86768135e+00, 3.51795185e-01, 3.90278626e+04
