 --- Cosmological Parameters --- 
	 H0: 2.2027e-18 (1/s) = 67.9700 (km/s/Mpc) 
	 OmegaM: 3.2500e-01 
	 OmegaR: 0.0000e+00 
	 OmegaL: 6.7500e-01 
	 OmegaK: 0.0000e+00 
		 w0: -1.0000e+00 
		 wa: 0.0000e+00 
	 rho_crit: 8.6799e-30 (g/cm^3) 
z, log10(1+z), a, H0*t_look, H0*t_age, H0*t_conf, H0*t_conf_age, H(z) 
1.00000000e-04, 4.34272769e-05, 9.99900010e-01, 9.99925630e-05, 9.42527616e-01, 9.99975625e-05, 3.19910990e+00, 6.79733138e+01
1.02807322e-04, 4.46463579e-05, 9.99897203e-01, 1.02799462e-04, 9.42524809e-01, 1.02804746e-04, 3.19910710e+00, 6.79734068e+01
1.05693455e-04, 4.58996588e-05, 9.99894318e-01, 1.05685147e-04, 9.42521924e-01, 1.05690732e-04, 3.19910421e+00, 6.79735025e+01
1.08660611e-04, 4.71881402e-05, 9.99891351e-01, 1.08651830e-04, 9.42518957e-01, 1.08657733e-04, 3.19910124e+00, 6.79736008e+01
1.11711065e-04, 4.85127895e-05, 9.99888301e-01, 1.11701784e-04, 9.42515907e-01, 1.11708023e-04, 3.19909819e+00, 6.79737019e+01
1.14847155e-04, 4.98746217e-05, 9.99885166e-01, 1.14837346e-04, 9.42512772e-01, 1.14843940e-04, 3.19909506e+00, 6.79738058e+01
1.18071285e-04, 5.12746804e-05, 9.99881943e-01, 1.18060917e-04, 9.42509548e-01, 1.18067887e-04, 3.19909183e+00, 6.79739127e+01
1.21385926e-04, 5.27140387e-05, 9.99878629e-01, 1.21374968e-04, 9.42506234e-01, 1.21382335e-04, 3.19908852e+00, 6.79740225e+01
1.24793621e-04, 5.41937993e-05, 9.99875222e-01, 1.24782039e-04, 9.42502827e-01, 1.24789824e-04, 3.19908511e+00, 6.79741355e+01
1.28296980e-04, 5.57150964e-05, 9.99871719e-01, 1.28284739e-04, 9.42499324e-01, 1.28292968e-04, 3.19908161e+00, 6.79742516e+01
1.31898690e-04, 5.72790956e-05, 9.99868119e-01, 1.31885751e-04, 9.42495723e-01, 1.31894449e-04, 3.19907801e+00, 6.79743709e+01
1.35601511e-04, 5.88869955e-05, 9.99864417e-01, 1.35587836e-04, 9.42492021e-01, 1.35597029e-04, 3.19907430e+00, 6.79744937e+01
1.39408283e-04, 6.05400281e-05, 9.99860611e-01, 1.39393829e-04, 9.42488215e-01, 1.39403545e-04, 3.19907050e+00, 6.79746198e+01
1.43321923e-04, 6.22394601e-05, 9.99856699e-01, 1.43306646e-04, 9.42484302e-01, 1.43316916e-04, 3.19906658e+00, 6.79747495e+01
1.47345431e-04, 6.39865937e-05, 9.99852676e-01, 1.47329285e-04, 9.42480280e-01, 1.47340139e-04, 3.19906256e+00, 6.79748829e+01
1.51481892e-04, 6.57827676e-05, 9.99848541e-01, 1.51464827e-04, 9.42476144e-01, 1.51476299e-04, 3.19905842e+00, 6.79750200e+01
1.55734477e-04, 6.76293582e-05, 9.99844290e-01, 1.55716441e-04, 9.42471893e-01, 1.55728565e-04, 3.19905417e+00, 6.79751609e+01
1.60106446e-04, 6.95277803e-05, 9.99839919e-01, 1.60087383e-04, 9.42467522e-01, 1.60100198e-04, 3.19904980e+00, 6.79753058e+01
1.64601150e-04, 7.14794886e-05, 9.99835426e-01, 1.64581001e-04, 9.42463028e-01, 1.64594546e-04, 3.19904531e+00, 6.79754548e+01
1.69222035e-04, 7.34859785e-05, 9.99830807e-01, 1.69200739e-04, 9.42458408e-01, 1.69215055e-04, 3.19904069e+00, 6.79756080e+01
1.73972643e-04, 7.55487874e-05, 9.99826058e-01, 1.73950135e-04, 9.42453659e-01, 1.73965266e-04, 3.19903594e+00, 6.79757654e+01
1.78856616e-04, 7.76694958e-05, 9.99821175e-01, 1.78832826e-04, 9.42448776e-01, 1.78848818e-04, 3.19903105e+00, 6.79759273e+01
1.83877698e-04, 7.98497285e-05, 9.99816156e-01, 1.83852554e-04, 9.42443756e-01, 1.83869456e-04, 3.19902603e+00, 6.79760937e+01
1.89039738e-04, 8.20911560e-05, 9.99810996e-01, 1.89013162e-04, 9.42438596e-01, 1.89031027e-04, 3.19902087e+00, 6.79762648e+01
1.94346693e-04, 8.43954955e-05, 9.99805691e-01, 1.94318604e-04, 9.42433290e-01, 1.94337486e-04, 3.19901556e+00, 6.79764407e+01
1.99802631e-04, 8.67645125e-05, 9.99800237e-01, 1.99772943e-04, 9.42427836e-01, 1.99792900e-04, 3.19901011e+00, 6.79766215e+01
2.05411735e-04, 8.92000219e-05, 9.99794630e-01, 2.05380357e-04, 9.42422229e-01, 2.05401450e-04, 3.19900450e+00, 6.79768075e+01
2.11178304e-04, 9.17038897e-05, 9.99788866e-01, 2.11145140e-04, 9.42416464e-01, 2.11167434e-04, 3.19899873e+00, 6.79769986e+01
2.17106760e-04, 9.42780341e-05, 9.99782940e-01, 2.17071708e-04, 9.42410537e-01, 2.17095271e-04, 3.19899281e+00, 6.79771951e+01
2.23201647e-04, 9.69244272e-05, 9.99776848e-01, 2.23164599e-04, 9.42404444e-01, 2.23189503e-04, 3.19898671e+00, 6.79773971e+01
2.29467637e-04, 9.96450962e-05, 9.99770585e-01, 2.29428480e-04, 9.42398180e-01, 2.29454801e-04, 3.19898045e+00, 6.79776048e+01
2.35909533e-04, 1.02442125e-04, 9.99764146e-01, 2.35868147e-04, 9.42391741e-01, 2.35895967e-04, 3.19897400e+00, 6.79778183e+01
2.42532274e-04, 1.05317657e-04, 9.99757527e-01, 2.42488532e-04, 9.42385120e-01, 2.42517936e-04, 3.19896738e+00, 6.79780379e+01
2.49340937e-04, 1.08273895e-04, 9.99750721e-01, 2.49294704e-04, 9.42378314e-01, 2.49325782e-04, 3.19896057e+00, 6.79782636e+01
2.56340741e-04, 1.11313103e-04, 9.99743725e-01, 2.56291876e-04, 9.42371317e-01, 2.56324723e-04, 3.19895358e+00, 6.79784956e+01
2.63537052e-04, 1.14437609e-04, 9.99736532e-01, 2.63485405e-04, 9.42364124e-01, 2.63520122e-04, 3.19894638e+00, 6.79787341e+01
2.70935387e-04, 1.17649806e-04, 9.99729138e-01, 2.70880800e-04, 9.42356728e-01, 2.70917493e-04, 3.19893898e+00, 6.79789794e+01
2.78541416e-04, 1.20952156e-04, 9.99721536e-01, 2.78483722e-04, 9.42349125e-01, 2.78522504e-04, 3.19893138e+00, 6.79792315e+01
2.86360972e-04, 1.24347187e-04, 9.99713721e-01, 2.86299993e-04, 9.42341309e-01, 2.86340983e-04, 3.19892356e+00, 6.79794907e+01
2.94400048e-04, 1.27837499e-04, 9.99705687e-01, 2.94335597e-04, 9.42333273e-01, 2.94378920e-04, 3.19891552e+00, 6.79797572e+01
3.02664806e-04, 1.31425767e-04, 9.99697427e-01, 3.02596687e-04, 9.42325012e-01, 3.02642476e-04, 3.19890726e+00, 6.79800312e+01
3.11161583e-04, 1.35114738e-04, 9.99688935e-01, 3.11089585e-04, 9.42316519e-01, 3.11137981e-04, 3.19889876e+00, 6.79803129e+01
3.19896892e-04, 1.38907238e-04, 9.99680205e-01, 3.19820795e-04, 9.42307788e-01, 3.19871946e-04, 3.19889003e+00, 6.79806025e+01
3.28877429e-04, 1.42806171e-04, 9.99671231e-01, 3.28797000e-04, 9.42298812e-01, 3.28851063e-04, 3.19888105e+00, 6.79809002e+01
3.38110078e-04, 1.46814523e-04, 9.99662004e-01, 3.38025071e-04, 9.42289584e-01, 3.38082211e-04, 3.19887182e+00, 6.79812063e+01
3.47601918e-04, 1.50935364e-04, 9.99652519e-01, 3.47512072e-04, 9.42280097e-01, 3.47572465e-04, 3.19886233e+00, 6.79815209e+01
3.57360225e-04, 1.55171849e-04, 9.99642767e-01, 3.57265264e-04, 9.42270344e-01, 3.57329094e-04, 3.19885257e+00, 6.79818445e+01
3.67392478e-04, 1.59527223e-04, 9.99632742e-01, 3.67292111e-04, 9.42260317e-01, 3.67359575e-04, 3.19884254e+00, 6.79821771e+01
3.77706369e-04, 1.64004821e-04, 9.99622436e-01, 3.77600289e-04, 9.42250009e-01, 3.77671593e-04, 3.19883223e+00, 6.79825190e+01
3.88309805e-04, 1.68608072e-04, 9.99611841e-01, 3.88197685e-04, 9.42239411e-01, 3.88273049e-04, 3.19882163e+00, 6.79828706e+01
3.99210913e-04, 1.73340499e-04, 9.99600948e-01, 3.99092411e-04, 9.42228517e-01, 3.99172064e-04, 3.19881073e+00, 6.79832320e+01
4.10418050e-04, 1.78205728e-04, 9.99589750e-01, 4.10292802e-04, 9.42217316e-01, 4.10376989e-04, 3.19879952e+00, 6.79836036e+01
4.21939808e-04, 1.83207482e-04, 9.99578238e-01, 4.21807430e-04, 9.42205802e-01, 4.21896409e-04, 3.19878800e+00, 6.79839856e+01
4.33785019e-04, 1.88349591e-04, 9.99566403e-01, 4.33645105e-04, 9.42193964e-01, 4.33739149e-04, 3.19877616e+00, 6.79843783e+01
4.45962763e-04, 1.93635993e-04, 9.99554236e-01, 4.45814884e-04, 9.42181794e-01, 4.45914281e-04, 3.19876399e+00, 6.79847821e+01
4.58482375e-04, 1.99070734e-04, 9.99541728e-01, 4.58326078e-04, 9.42169283e-01, 4.58431133e-04, 3.19875147e+00, 6.79851973e+01
4.71353453e-04, 2.04657975e-04, 9.99528869e-01, 4.71188259e-04, 9.42156421e-01, 4.71299294e-04, 3.19873860e+00, 6.79856240e+01
4.84585864e-04, 2.10401992e-04, 9.99515649e-01, 4.84411266e-04, 9.42143198e-01, 4.84528621e-04, 3.19872537e+00, 6.79860628e+01
4.98189752e-04, 2.16307184e-04, 9.99502058e-01, 4.98005214e-04, 9.42129604e-01, 4.98129249e-04, 3.19871177e+00, 6.79865139e+01
5.12175544e-04, 2.22378069e-04, 9.99488087e-01, 5.11980502e-04, 9.42115628e-01, 5.12111597e-04, 3.19869779e+00, 6.79869777e+01
5.26553963e-04, 2.28619296e-04, 9.99473723e-01, 5.26347818e-04, 9.42101261e-01, 5.26486375e-04, 3.19868341e+00, 6.79874545e+01
5.41336030e-04, 2.35035640e-04, 9.99458957e-01, 5.41118150e-04, 9.42086491e-01, 5.41264594e-04, 3.19866864e+00, 6.79879447e+01
5.56533078e-04, 2.41632013e-04, 9.99443776e-01, 5.56302795e-04, 9.42071306e-01, 5.56457574e-04, 3.19865344e+00, 6.79884487e+01
5.72156756e-04, 2.48413463e-04, 9.99428170e-01, 5.71913364e-04, 9.42055696e-01, 5.72076953e-04, 3.19863782e+00, 6.79889668e+01
5.88219040e-04, 2.55385179e-04, 9.99412127e-01, 5.87961793e-04, 9.42039647e-01, 5.88134693e-04, 3.19862177e+00, 6.79894995e+01
6.04732245e-04, 2.62552498e-04, 9.99395633e-01, 6.04460355e-04, 9.42023149e-01, 6.04643096e-04, 3.19860526e+00, 6.79900472e+01
6.21709029e-04, 2.69920903e-04, 9.99378677e-01, 6.21421661e-04, 9.42006187e-01, 6.21614803e-04, 3.19858829e+00, 6.79906102e+01
6.39162405e-04, 2.77496033e-04, 9.99361246e-01, 6.38858680e-04, 9.41988750e-01, 6.39062815e-04, 3.19857084e+00, 6.79911891e+01
6.57105755e-04, 2.85283683e-04, 9.99343326e-01, 6.56784741e-04, 9.41970824e-01, 6.57000494e-04, 3.19855290e+00, 6.79917843e+01
6.75552832e-04, 2.93289812e-04, 9.99324903e-01, 6.75213544e-04, 9.41952395e-01, 6.75441577e-04, 3.19853446e+00, 6.79923961e+01
6.94517777e-04, 3.01520545e-04, 9.99305964e-01, 6.94159177e-04, 9.41933450e-01, 6.94400189e-04, 3.19851550e+00, 6.79930252e+01
7.14015130e-04, 3.09982178e-04, 9.99286494e-01, 7.13636118e-04, 9.41913973e-01, 7.13890846e-04, 3.19849601e+00, 6.79936719e+01
7.34059837e-04, 3.18681185e-04, 9.99266479e-01, 7.33659251e-04, 9.41893950e-01, 7.33928477e-04, 3.19847597e+00, 6.79943369e+01
7.54667263e-04, 3.27624220e-04, 9.99245902e-01, 7.54243875e-04, 9.41873365e-01, 7.54528423e-04, 3.19845537e+00, 6.79950205e+01
7.75853206e-04, 3.36818122e-04, 9.99224748e-01, 7.75405718e-04, 9.41852203e-01, 7.75706461e-04, 3.19843419e+00, 6.79957233e+01
7.97633907e-04, 3.46269924e-04, 9.99203002e-01, 7.97160948e-04, 9.41830448e-01, 7.97478806e-04, 3.19841242e+00, 6.79964458e+01
8.20026062e-04, 3.55986854e-04, 9.99180646e-01, 8.19526182e-04, 9.41808083e-01, 8.19862130e-04, 3.19839004e+00, 6.79971887e+01
8.43046837e-04, 3.65976343e-04, 9.99157663e-01, 8.42518504e-04, 9.41785090e-01, 8.42873571e-04, 3.19836703e+00, 6.79979525e+01
8.66713880e-04, 3.76246030e-04, 9.99134037e-01, 8.66155474e-04, 9.41761453e-01, 8.66530748e-04, 3.19834337e+00, 6.79987377e+01
8.91045332e-04, 3.86803767e-04, 9.99109748e-01, 8.90455143e-04, 9.41737154e-01, 8.90851773e-04, 3.19831905e+00, 6.79995450e+01
9.16059848e-04, 3.97657626e-04, 9.99084779e-01, 9.15436065e-04, 9.41712173e-01, 9.15855267e-04, 3.19829405e+00, 6.80003750e+01
9.41776601e-04, 4.08815904e-04, 9.99059110e-01, 9.41117314e-04, 9.41686492e-01, 9.41560372e-04, 3.19826834e+00, 6.80012283e+01
9.68215306e-04, 4.20287133e-04, 9.99032721e-01, 9.67518495e-04, 9.41660090e-01, 9.67986765e-04, 3.19824191e+00, 6.80021057e+01
9.95396231e-04, 4.32080081e-04, 9.99005594e-01, 9.94659759e-04, 9.41632949e-01, 9.95154677e-04, 3.19821475e+00, 6.80030077e+01
1.02334021e-03, 4.44203760e-04, 9.98977706e-01, 1.02256182e-03, 9.41605047e-01, 1.02308490e-03, 3.19818682e+00, 6.80039350e+01
1.05206867e-03, 4.56667438e-04, 9.98949037e-01, 1.05124598e-03, 9.41576363e-01, 1.05179883e-03, 3.19815810e+00, 6.80048884e+01
1.08160363e-03, 4.69480638e-04, 9.98919565e-01, 1.08073411e-03, 9.41546875e-01, 1.08131842e-03, 3.19812858e+00, 6.80058687e+01
1.11196773e-03, 4.82653152e-04, 9.98889267e-01, 1.11104873e-03, 9.41516560e-01, 1.11166628e-03, 3.19809823e+00, 6.80068765e+01
1.14318425e-03, 4.96195044e-04, 9.98858121e-01, 1.14221294e-03, 9.41485396e-01, 1.14286564e-03, 3.19806703e+00, 6.80079126e+01
1.17527712e-03, 5.10116661e-04, 9.98826103e-01, 1.17425053e-03, 9.41453358e-01, 1.17494036e-03, 3.19803496e+00, 6.80089779e+01
1.20827094e-03, 5.24428638e-04, 9.98793187e-01, 1.20718592e-03, 9.41420423e-01, 1.20791500e-03, 3.19800199e+00, 6.80100731e+01
1.24219100e-03, 5.39141905e-04, 9.98759350e-01, 1.24104423e-03, 9.41386565e-01, 1.24181480e-03, 3.19796809e+00, 6.80111991e+01
1.27706330e-03, 5.54267703e-04, 9.98724566e-01, 1.27585127e-03, 9.41351758e-01, 1.27666568e-03, 3.19793323e+00, 6.80123568e+01
1.31291459e-03, 5.69817580e-04, 9.98688807e-01, 1.31163357e-03, 9.41315975e-01, 1.31249432e-03, 3.19789741e+00, 6.80135471e+01
1.34977233e-03, 5.85803413e-04, 9.98652047e-01, 1.34841841e-03, 9.41279191e-01, 1.34932814e-03, 3.19786057e+00, 6.80147709e+01
1.38766479e-03, 6.02237406e-04, 9.98614258e-01, 1.38623382e-03, 9.41241375e-01, 1.38719531e-03, 3.19782271e+00, 6.80160290e+01
1.42662102e-03, 6.19132106e-04, 9.98575411e-01, 1.42510861e-03, 9.41202500e-01, 1.42612480e-03, 3.19778378e+00, 6.80173226e+01
1.46667087e-03, 6.36500410e-04, 9.98535477e-01, 1.46507239e-03, 9.41162537e-01, 1.46614639e-03, 3.19774375e+00, 6.80186526e+01
1.50784505e-03, 6.54355573e-04, 9.98494425e-01, 1.50615561e-03, 9.41121453e-01, 1.50729071e-03, 3.19770261e+00, 6.80200200e+01
1.55017512e-03, 6.72711224e-04, 9.98452224e-01, 1.54838954e-03, 9.41079219e-01, 1.54958921e-03, 3.19766031e+00, 6.80214258e+01
1.59369353e-03, 6.91581368e-04, 9.98408842e-01, 1.59180634e-03, 9.41035803e-01, 1.59307426e-03, 3.19761683e+00, 6.80228713e+01
1.63843365e-03, 7.10980403e-04, 9.98364246e-01, 1.63643906e-03, 9.40991170e-01, 1.63777912e-03, 3.19757212e+00, 6.80243574e+01
1.68442976e-03, 7.30923128e-04, 9.98318403e-01, 1.68232167e-03, 9.40945287e-01, 1.68373796e-03, 3.19752616e+00, 6.80258853e+01
1.73171713e-03, 7.51424755e-04, 9.98271277e-01, 1.72948909e-03, 9.40898120e-01, 1.73098594e-03, 3.19747891e+00, 6.80274562e+01
1.78033202e-03, 7.72500920e-04, 9.98222832e-01, 1.77797719e-03, 9.40849632e-01, 1.77955919e-03, 3.19743034e+00, 6.80290714e+01
1.83031168e-03, 7.94167695e-04, 9.98173032e-01, 1.82782285e-03, 9.40799786e-01, 1.82949484e-03, 3.19738041e+00, 6.80307320e+01
1.88169442e-03, 8.16441599e-04, 9.98121840e-01, 1.87906398e-03, 9.40748545e-01, 1.88083107e-03, 3.19732907e+00, 6.80324394e+01
1.93451965e-03, 8.39339613e-04, 9.98069215e-01, 1.93173954e-03, 9.40695869e-01, 1.93360714e-03, 3.19727629e+00, 6.80341948e+01
1.98882786e-03, 8.62879189e-04, 9.98015120e-01, 1.98588955e-03, 9.40641719e-01, 1.98786338e-03, 3.19722204e+00, 6.80359997e+01
2.04466067e-03, 8.87078267e-04, 9.97959511e-01, 2.04155518e-03, 9.40586054e-01, 2.04364126e-03, 3.19716626e+00, 6.80378553e+01
2.10206088e-03, 9.11955285e-04, 9.97902349e-01, 2.09877870e-03, 9.40528830e-01, 2.10098343e-03, 3.19710892e+00, 6.80397633e+01
2.16107251e-03, 9.37529196e-04, 9.97843588e-01, 2.15760358e-03, 9.40470005e-01, 2.15993370e-03, 3.19704997e+00, 6.80417250e+01
2.22174078e-03, 9.63819479e-04, 9.97783184e-01, 2.21807448e-03, 9.40409534e-01, 2.22053712e-03, 3.19698936e+00, 6.80437419e+01
2.28411221e-03, 9.90846156e-04, 9.97721093e-01, 2.28023732e-03, 9.40347372e-01, 2.28284000e-03, 3.19692706e+00, 6.80458156e+01
2.34823460e-03, 1.01862981e-03, 9.97657267e-01, 2.34413926e-03, 9.40283470e-01, 2.34688995e-03, 3.19686301e+00, 6.80479478e+01
2.41415712e-03, 1.04719158e-03, 9.97591657e-01, 2.40982878e-03, 9.40217780e-01, 2.41273589e-03, 3.19679716e+00, 6.80501400e+01
2.48193029e-03, 1.07655322e-03, 9.97524214e-01, 2.47735571e-03, 9.40150253e-01, 2.48042813e-03, 3.19672947e+00, 6.80523940e+01
2.55160607e-03, 1.10673706e-03, 9.97454888e-01, 2.54677125e-03, 9.40080838e-01, 2.55001837e-03, 3.19665988e+00, 6.80547116e+01
2.62323788e-03, 1.13776607e-03, 9.97383625e-01, 2.61812801e-03, 9.40009481e-01, 2.62155976e-03, 3.19658834e+00, 6.80570944e+01
2.69688063e-03, 1.16966386e-03, 9.97310373e-01, 2.69148006e-03, 9.39936129e-01, 2.69510694e-03, 3.19651479e+00, 6.80595444e+01
2.77259076e-03, 1.20245468e-03, 9.97235075e-01, 2.76688298e-03, 9.39860726e-01, 2.77071606e-03, 3.19643918e+00, 6.80620634e+01
2.85042632e-03, 1.23616346e-03, 9.97157676e-01, 2.84439386e-03, 9.39783215e-01, 2.84844486e-03, 3.19636146e+00, 6.80646535e+01
2.93044698e-03, 1.27081583e-03, 9.97078115e-01, 2.92407137e-03, 9.39703538e-01, 2.92835267e-03, 3.19628155e+00, 6.80673166e+01
3.01271407e-03, 1.30643812e-03, 9.96996335e-01, 3.00597581e-03, 9.39621633e-01, 3.01050050e-03, 3.19619940e+00, 6.80700548e+01
3.09729067e-03, 1.34305740e-03, 9.96912273e-01, 3.09016913e-03, 9.39537440e-01, 3.09495103e-03, 3.19611495e+00, 6.80728702e+01
3.18424160e-03, 1.38070148e-03, 9.96825866e-01, 3.17671500e-03, 9.39450894e-01, 3.18176872e-03, 3.19602813e+00, 6.80757651e+01
3.27363353e-03, 1.41939895e-03, 9.96737048e-01, 3.26567883e-03, 9.39361930e-01, 3.27101981e-03, 3.19593888e+00, 6.80787416e+01
3.36553498e-03, 1.45917918e-03, 9.96645754e-01, 3.35712785e-03, 9.39270481e-01, 3.36277241e-03, 3.19584713e+00, 6.80818021e+01
3.46001639e-03, 1.50007238e-03, 9.96551914e-01, 3.45113112e-03, 9.39176478e-01, 3.45709649e-03, 3.19575280e+00, 6.80849489e+01
3.55715021e-03, 1.54210957e-03, 9.96455458e-01, 3.54775961e-03, 9.39079849e-01, 3.55406401e-03, 3.19565584e+00, 6.80881845e+01
3.65701088e-03, 1.58532264e-03, 9.96356314e-01, 3.64708624e-03, 9.38980523e-01, 3.65374891e-03, 3.19555615e+00, 6.80915115e+01
3.75967497e-03, 1.62974435e-03, 9.96254407e-01, 3.74918592e-03, 9.38878423e-01, 3.75622721e-03, 3.19545367e+00, 6.80949324e+01
3.86522116e-03, 1.67540839e-03, 9.96149661e-01, 3.85413564e-03, 9.38773473e-01, 3.86157705e-03, 3.19534832e+00, 6.80984499e+01
3.97373038e-03, 1.72234936e-03, 9.96041998e-01, 3.96201448e-03, 9.38665594e-01, 3.96987871e-03, 3.19524002e+00, 6.81020667e+01
4.08528580e-03, 1.77060283e-03, 9.95931336e-01, 4.07290370e-03, 9.38554705e-01, 4.08121476e-03, 3.19512869e+00, 6.81057856e+01
4.19997295e-03, 1.82020534e-03, 9.95817593e-01, 4.18688678e-03, 9.38440722e-01, 4.19567004e-03, 3.19501423e+00, 6.81096096e+01
4.31787973e-03, 1.87119444e-03, 9.95700684e-01, 4.30404949e-03, 9.38323559e-01, 4.31333174e-03, 3.19489657e+00, 6.81135417e+01
4.43909653e-03, 1.92360874e-03, 9.95580522e-01, 4.42447995e-03, 9.38203129e-01, 4.43428950e-03, 3.19477561e+00, 6.81175848e+01
4.56371628e-03, 1.97748788e-03, 9.95457017e-01, 4.54826868e-03, 9.38079340e-01, 4.55863545e-03, 3.19465126e+00, 6.81217422e+01
4.69183451e-03, 2.03287261e-03, 9.95330076e-01, 4.67550868e-03, 9.37952100e-01, 4.68646429e-03, 3.19452344e+00, 6.81260172e+01
4.82354943e-03, 2.08980480e-03, 9.95199606e-01, 4.80629547e-03, 9.37821313e-01, 4.81787332e-03, 3.19439203e+00, 6.81304130e+01
4.95896201e-03, 2.14832749e-03, 9.95065508e-01, 4.94072721e-03, 9.37686882e-01, 4.95296260e-03, 3.19425694e+00, 6.81349331e+01
5.09817606e-03, 2.20848488e-03, 9.94927683e-01, 5.07890469e-03, 9.37548704e-01, 5.09183492e-03, 3.19411807e+00, 6.81395811e+01
5.24129830e-03, 2.27032240e-03, 9.94786030e-01, 5.22093149e-03, 9.37406677e-01, 5.23459596e-03, 3.19397530e+00, 6.81443606e+01
5.38843844e-03, 2.33388671e-03, 9.94640441e-01, 5.36691397e-03, 9.37260695e-01, 5.38135432e-03, 3.19382855e+00, 6.81492753e+01
5.53970928e-03, 2.39922578e-03, 9.94490810e-01, 5.51696141e-03, 9.37110648e-01, 5.53222163e-03, 3.19367768e+00, 6.81543292e+01
5.69522678e-03, 2.46638889e-03, 9.94337025e-01, 5.67118604e-03, 9.36956423e-01, 5.68731260e-03, 3.19352259e+00, 6.81595260e+01
5.85511016e-03, 2.53542665e-03, 9.94178973e-01, 5.82970312e-03, 9.36797906e-01, 5.84674515e-03, 3.19336316e+00, 6.81648701e+01
6.01948197e-03, 2.60639109e-03, 9.94016535e-01, 5.99263108e-03, 9.36634978e-01, 6.01064046e-03, 3.19319926e+00, 6.81703655e+01
6.18846824e-03, 2.67933564e-03, 9.93849593e-01, 6.16009150e-03, 9.36467517e-01, 6.17912306e-03, 3.19303078e+00, 6.81760166e+01
6.36219849e-03, 2.75431521e-03, 9.93678023e-01, 6.33220930e-03, 9.36295400e-01, 6.35232095e-03, 3.19285758e+00, 6.81818278e+01
6.54080591e-03, 2.83138620e-03, 9.93501698e-01, 6.50911273e-03, 9.36118496e-01, 6.53036567e-03, 3.19267953e+00, 6.81878038e+01
6.72442742e-03, 2.91060657e-03, 9.93320488e-01, 6.69093352e-03, 9.35936675e-01, 6.71339241e-03, 3.19249651e+00, 6.81939492e+01
6.91320378e-03, 2.99203585e-03, 9.93134260e-01, 6.87780696e-03, 9.35749802e-01, 6.90154011e-03, 3.19230836e+00, 6.82002688e+01
7.10727970e-03, 3.07573520e-03, 9.92942877e-01, 7.06987197e-03, 9.35557737e-01, 7.09495154e-03, 3.19211495e+00, 6.82067677e+01
7.30680395e-03, 3.16176744e-03, 9.92746198e-01, 7.26727121e-03, 9.35360338e-01, 7.29377344e-03, 3.19191613e+00, 6.82134511e+01
7.51192949e-03, 3.25019713e-03, 9.92544079e-01, 7.47015116e-03, 9.35157458e-01, 7.49815660e-03, 3.19171174e+00, 6.82203241e+01
7.72281357e-03, 3.34109055e-03, 9.92336371e-01, 7.67866224e-03, 9.34948947e-01, 7.70825599e-03, 3.19150164e+00, 6.82273923e+01
7.93961785e-03, 3.43451582e-03, 9.92122923e-01, 7.89295890e-03, 9.34734650e-01, 7.92423085e-03, 3.19128567e+00, 6.82346612e+01
8.16250851e-03, 3.53054289e-03, 9.91903579e-01, 8.11319972e-03, 9.34514409e-01, 8.14624483e-03, 3.19106366e+00, 6.82421367e+01
8.39165644e-03, 3.62924361e-03, 9.91678177e-01, 8.33954749e-03, 9.34288061e-01, 8.37446611e-03, 3.19083543e+00, 6.82498246e+01
8.62723729e-03, 3.73069181e-03, 9.91446555e-01, 8.57216939e-03, 9.34055440e-01, 8.60906749e-03, 3.19060083e+00, 6.82577311e+01
8.86943166e-03, 3.83496328e-03, 9.91208544e-01, 8.81123701e-03, 9.33816372e-01, 8.85022655e-03, 3.19035967e+00, 6.82658624e+01
9.11842520e-03, 3.94213590e-03, 9.90963969e-01, 9.05692653e-03, 9.33570682e-01, 9.09812578e-03, 3.19011177e+00, 6.82742250e+01
9.37440879e-03, 4.05228964e-03, 9.90712655e-01, 9.30941878e-03, 9.33318190e-01, 9.35295268e-03, 3.18985695e+00, 6.82828257e+01
9.63757866e-03, 4.16550662e-03, 9.90454418e-01, 9.56889940e-03, 9.33058710e-01, 9.61489992e-03, 3.18959500e+00, 6.82916712e+01
9.90813657e-03, 4.28187121e-03, 9.90189071e-01, 9.83555895e-03, 9.32792050e-01, 9.88416549e-03, 3.18932573e+00, 6.83007687e+01
1.01862899e-02, 4.40147004e-03, 9.89916424e-01, 1.01095930e-02, 9.32518016e-01, 1.01609528e-02, 3.18904895e+00, 6.83101254e+01
1.04722519e-02, 4.52439206e-03, 9.89636280e-01, 1.03912023e-02, 9.32236407e-01, 1.04454709e-02, 3.18876443e+00, 6.83197487e+01
1.07662418e-02, 4.65072864e-03, 9.89348436e-01, 1.06805929e-02, 9.31947016e-01, 1.07379346e-02, 3.18847197e+00, 6.83296465e+01
1.10684849e-02, 4.78057359e-03, 9.89052685e-01, 1.09779761e-02, 9.31649633e-01, 1.10385645e-02, 3.18817134e+00, 6.83398267e+01
1.13792129e-02, 4.91402325e-03, 9.88748817e-01, 1.12835691e-02, 9.31344040e-01, 1.13475874e-02, 3.18786231e+00, 6.83502974e+01
1.16986641e-02, 5.05117654e-03, 9.88436612e-01, 1.15975943e-02, 9.31030015e-01, 1.16652361e-02, 3.18754466e+00, 6.83610672e+01
1.20270833e-02, 5.19213502e-03, 9.88115848e-01, 1.19202803e-02, 9.30707329e-01, 1.19917501e-02, 3.18721815e+00, 6.83721445e+01
1.23647224e-02, 5.33700299e-03, 9.87786297e-01, 1.22518615e-02, 9.30375747e-01, 1.23273753e-02, 3.18688253e+00, 6.83835385e+01
1.27118400e-02, 5.48588750e-03, 9.87447723e-01, 1.25925785e-02, 9.30035030e-01, 1.26723642e-02, 3.18653754e+00, 6.83952583e+01
1.30687023e-02, 5.63889849e-03, 9.87099885e-01, 1.29426778e-02, 9.29684931e-01, 1.30269764e-02, 3.18618292e+00, 6.84073134e+01
1.34355829e-02, 5.79614881e-03, 9.86742539e-01, 1.33024128e-02, 9.29325196e-01, 1.33914786e-02, 3.18581842e+00, 6.84197136e+01
1.38127630e-02, 5.95775431e-03, 9.86375430e-01, 1.36720429e-02, 9.28955566e-01, 1.37661447e-02, 3.18544376e+00, 6.84324688e+01
1.42005318e-02, 6.12383394e-03, 9.85998300e-01, 1.40518346e-02, 9.28575774e-01, 1.41512560e-02, 3.18505864e+00, 6.84455896e+01
1.45991865e-02, 6.29450978e-03, 9.85610883e-01, 1.44420611e-02, 9.28185548e-01, 1.45471016e-02, 3.18466280e+00, 6.84590866e+01
1.50090328e-02, 6.46990713e-03, 9.85212907e-01, 1.48430025e-02, 9.27784606e-01, 1.49539786e-02, 3.18425592e+00, 6.84729707e+01
1.54303847e-02, 6.65015464e-03, 9.84804094e-01, 1.52549461e-02, 9.27372663e-01, 1.53721918e-02, 3.18383771e+00, 6.84872534e+01
1.58635653e-02, 6.83538432e-03, 9.84384158e-01, 1.56781866e-02, 9.26949422e-01, 1.58020548e-02, 3.18340785e+00, 6.85019463e+01
1.63089068e-02, 7.02573168e-03, 9.83952805e-01, 1.61130261e-02, 9.26514583e-01, 1.62438892e-02, 3.18296601e+00, 6.85170615e+01
1.67667503e-02, 7.22133576e-03, 9.83509738e-01, 1.65597743e-02, 9.26067835e-01, 1.66980257e-02, 3.18251187e+00, 6.85326113e+01
1.72374471e-02, 7.42233928e-03, 9.83054648e-01, 1.70187490e-02, 9.25608860e-01, 1.71648038e-02, 3.18204510e+00, 6.85486086e+01
1.77213578e-02, 7.62888867e-03, 9.82587220e-01, 1.74902755e-02, 9.25137333e-01, 1.76445723e-02, 3.18156533e+00, 6.85650665e+01
1.82188534e-02, 7.84113421e-03, 9.82107134e-01, 1.79746876e-02, 9.24652921e-01, 1.81376894e-02, 3.18107221e+00, 6.85819986e+01
1.87303154e-02, 8.05923009e-03, 9.81614059e-01, 1.84723275e-02, 9.24155281e-01, 1.86445229e-02, 3.18056538e+00, 6.85994190e+01
1.92561357e-02, 8.28333450e-03, 9.81107658e-01, 1.89835455e-02, 9.23644063e-01, 1.91654506e-02, 3.18004445e+00, 6.86173421e+01
1.97967175e-02, 8.51360975e-03, 9.80587585e-01, 1.95087011e-02, 9.23118908e-01, 1.97008606e-02, 3.17950904e+00, 6.86357827e+01
2.03524752e-02, 8.75022235e-03, 9.80053486e-01, 2.00481623e-02, 9.22579447e-01, 2.02511513e-02, 3.17895875e+00, 6.86547562e+01
2.09238348e-02, 8.99334311e-03, 9.79504999e-01, 2.06023064e-02, 9.22025303e-01, 2.08167318e-02, 3.17839317e+00, 6.86742785e+01
2.15112343e-02, 9.24314725e-03, 9.78941755e-01, 2.11715196e-02, 9.21456089e-01, 2.13980223e-02, 3.17781188e+00, 6.86943658e+01
2.21151240e-02, 9.49981449e-03, 9.78363373e-01, 2.17561979e-02, 9.20871411e-01, 2.19954543e-02, 3.17721445e+00, 6.87150349e+01
2.27359668e-02, 9.76352916e-03, 9.77769466e-01, 2.23567467e-02, 9.20270862e-01, 2.26094707e-02, 3.17660043e+00, 6.87363034e+01
2.33742387e-02, 1.00344803e-02, 9.77159637e-01, 2.29735812e-02, 9.19654028e-01, 2.32405264e-02, 3.17596937e+00, 6.87581889e+01
2.40304289e-02, 1.03128618e-02, 9.76533482e-01, 2.36071268e-02, 9.19020482e-01, 2.38890884e-02, 3.17532081e+00, 6.87807101e+01
2.47050406e-02, 1.05988725e-02, 9.75890584e-01, 2.42578187e-02, 9.18369790e-01, 2.45556361e-02, 3.17465426e+00, 6.88038859e+01
2.53985907e-02, 1.08927162e-02, 9.75230519e-01, 2.49261028e-02, 9.17701506e-01, 2.52406619e-02, 3.17396924e+00, 6.88277360e+01
2.61116110e-02, 1.11946019e-02, 9.74552855e-01, 2.56124354e-02, 9.17015174e-01, 2.59446710e-02, 3.17326523e+00, 6.88522807e+01
2.68446481e-02, 1.15047439e-02, 9.73857148e-01, 2.63172835e-02, 9.16310325e-01, 2.66681822e-02, 3.17254172e+00, 6.88775409e+01
2.75982639e-02, 1.18233619e-02, 9.73142944e-01, 2.70411253e-02, 9.15586484e-01, 2.74117280e-02, 3.17179817e+00, 6.89035382e+01
2.83730362e-02, 1.21506810e-02, 9.72409782e-01, 2.77844499e-02, 9.14843159e-01, 2.81758549e-02, 3.17103405e+00, 6.89302948e+01
2.91695588e-02, 1.24869320e-02, 9.71657189e-01, 2.85477577e-02, 9.14079851e-01, 2.89611240e-02, 3.17024878e+00, 6.89578338e+01
2.99884423e-02, 1.28323514e-02, 9.70884681e-01, 2.93315607e-02, 9.13296048e-01, 2.97681111e-02, 3.16944179e+00, 6.89861789e+01
3.08303146e-02, 1.31871818e-02, 9.70091766e-01, 3.01363827e-02, 9.12491226e-01, 3.05974071e-02, 3.16861249e+00, 6.90153546e+01
3.16958209e-02, 1.35516713e-02, 9.69277940e-01, 3.09627591e-02, 9.11664850e-01, 3.14496185e-02, 3.16776028e+00, 6.90453861e+01
3.25856248e-02, 1.39260747e-02, 9.68442690e-01, 3.18112376e-02, 9.10816371e-01, 3.23253677e-02, 3.16688453e+00, 6.90762997e+01
3.35004083e-02, 1.43106525e-02, 9.67585491e-01, 3.26823781e-02, 9.09945231e-01, 3.32252931e-02, 3.16598461e+00, 6.91081223e+01
3.44408728e-02, 1.47056720e-02, 9.66705808e-01, 3.35767528e-02, 9.09050856e-01, 3.41500502e-02, 3.16505985e+00, 6.91408817e+01
3.54077391e-02, 1.51114068e-02, 9.65803096e-01, 3.44949466e-02, 9.08132662e-01, 3.51003113e-02, 3.16410959e+00, 6.91746067e+01
3.64017485e-02, 1.55281370e-02, 9.64876798e-01, 3.54375573e-02, 9.07190052e-01, 3.60767660e-02, 3.16313313e+00, 6.92093270e+01
3.74236629e-02, 1.59561497e-02, 9.63926345e-01, 3.64051953e-02, 9.06222414e-01, 3.70801220e-02, 3.16212978e+00, 6.92450733e+01
3.84742658e-02, 1.63957388e-02, 9.62951161e-01, 3.73984844e-02, 9.05229125e-01, 3.81111053e-02, 3.16109880e+00, 6.92818774e+01
3.95543624e-02, 1.68472053e-02, 9.61950655e-01, 3.84180615e-02, 9.04209547e-01, 3.91704603e-02, 3.16003944e+00, 6.93197719e+01
4.06647809e-02, 1.73108570e-02, 9.60924227e-01, 3.94645769e-02, 9.03163032e-01, 4.02589509e-02, 3.15895095e+00, 6.93587908e+01
4.18063724e-02, 1.77870096e-02, 9.59871264e-01, 4.05386945e-02, 9.02088914e-01, 4.13773601e-02, 3.15783254e+00, 6.93989690e+01
4.29800121e-02, 1.82759856e-02, 9.58791145e-01, 4.16410918e-02, 9.00986517e-01, 4.25264914e-02, 3.15668341e+00, 6.94403427e+01
4.41865996e-02, 1.87781154e-02, 9.57683234e-01, 4.27724601e-02, 8.99855149e-01, 4.37071683e-02, 3.15550273e+00, 6.94829494e+01
4.54270599e-02, 1.92937372e-02, 9.56546887e-01, 4.39335048e-02, 8.98694104e-01, 4.49202355e-02, 3.15428966e+00, 6.95268275e+01
4.67023439e-02, 1.98231967e-02, 9.55381447e-01, 4.51249450e-02, 8.97502664e-01, 4.61665588e-02, 3.15304334e+00, 6.95720173e+01
4.80134292e-02, 2.03668477e-02, 9.54186246e-01, 4.63475141e-02, 8.96280095e-01, 4.74470260e-02, 3.15176287e+00, 6.96185599e+01
4.93613210e-02, 2.09250522e-02, 9.52960606e-01, 4.76019598e-02, 8.95025649e-01, 4.87625470e-02, 3.15044735e+00, 6.96664981e+01
5.07470524e-02, 2.14981804e-02, 9.51703836e-01, 4.88890439e-02, 8.93738565e-01, 5.01140548e-02, 3.14909585e+00, 6.97158761e+01
5.21716858e-02, 2.20866106e-02, 9.50415235e-01, 5.02095426e-02, 8.92418066e-01, 5.15025052e-02, 3.14770740e+00, 6.97667397e+01
5.36363132e-02, 2.26907300e-02, 9.49094092e-01, 5.15642464e-02, 8.91063363e-01, 5.29288779e-02, 3.14628102e+00, 6.98191363e+01
5.51420574e-02, 2.33109341e-02, 9.47739684e-01, 5.29539603e-02, 8.89673649e-01, 5.43941768e-02, 3.14481572e+00, 6.98731147e+01
5.66900727e-02, 2.39476274e-02, 9.46351277e-01, 5.43795037e-02, 8.88248105e-01, 5.58994306e-02, 3.14331047e+00, 6.99287256e+01
5.82815458e-02, 2.46012230e-02, 9.44928128e-01, 5.58417103e-02, 8.86785899e-01, 5.74456929e-02, 3.14176421e+00, 6.99860216e+01
5.99176967e-02, 2.52721433e-02, 9.43469482e-01, 5.73414283e-02, 8.85286181e-01, 5.90340431e-02, 3.14017586e+00, 7.00450569e+01
6.15997796e-02, 2.59608197e-02, 9.41974574e-01, 5.88795201e-02, 8.83748089e-01, 6.06655869e-02, 3.13854431e+00, 7.01058877e+01
6.33290840e-02, 2.66676928e-02, 9.40442630e-01, 6.04568624e-02, 8.82170747e-01, 6.23414565e-02, 3.13686844e+00, 7.01685723e+01
6.51069356e-02, 2.73932126e-02, 9.38872865e-01, 6.20743462e-02, 8.80553263e-01, 6.40628112e-02, 3.13514709e+00, 7.02331710e+01
6.69346971e-02, 2.81378388e-02, 9.37264486e-01, 6.37328762e-02, 8.78894733e-01, 6.58308380e-02, 3.13337906e+00, 7.02997461e+01
6.88137699e-02, 2.89020403e-02, 9.35616689e-01, 6.54333714e-02, 8.77194238e-01, 6.76467523e-02, 3.13156315e+00, 7.03683625e+01
7.07455942e-02, 2.96862961e-02, 9.33928662e-01, 6.71767642e-02, 8.75450845e-01, 6.95117977e-02, 3.12969810e+00, 7.04390870e+01
7.27316511e-02, 3.04910947e-02, 9.32199585e-01, 6.89640006e-02, 8.73663608e-01, 7.14272471e-02, 3.12778265e+00, 7.05119891e+01
7.47734631e-02, 3.13169348e-02, 9.30428629e-01, 7.07960400e-02, 8.71831569e-01, 7.33944032e-02, 3.12581550e+00, 7.05871409e+01
7.68725952e-02, 3.21643250e-02, 9.28614958e-01, 7.26738546e-02, 8.69953754e-01, 7.54145984e-02, 3.12379530e+00, 7.06646168e+01
7.90306568e-02, 3.30337838e-02, 9.26757728e-01, 7.45984295e-02, 8.68029179e-01, 7.74891960e-02, 3.12172070e+00, 7.07444943e+01
8.12493021e-02, 3.39258402e-02, 9.24856088e-01, 7.65707621e-02, 8.66056847e-01, 7.96195901e-02, 3.11959031e+00, 7.08268534e+01
8.35302320e-02, 3.48410332e-02, 9.22909182e-01, 7.85918617e-02, 8.64035747e-01, 8.18072064e-02, 3.11740269e+00, 7.09117774e+01
8.58751948e-02, 3.57799125e-02, 9.20916146e-01, 8.06627493e-02, 8.61964860e-01, 8.40535023e-02, 3.11515640e+00, 7.09993525e+01
8.82859884e-02, 3.67430377e-02, 9.18876114e-01, 8.27844568e-02, 8.59843152e-01, 8.63599679e-02, 3.11284993e+00, 7.10896680e+01
9.07644607e-02, 3.77309793e-02, 9.16788212e-01, 8.49580268e-02, 8.57669582e-01, 8.87281257e-02, 3.11048177e+00, 7.11828167e+01
9.33125118e-02, 3.87443182e-02, 9.14651565e-01, 8.71845121e-02, 8.55443097e-01, 9.11595315e-02, 3.10805037e+00, 7.12788950e+01
9.59320948e-02, 3.97836456e-02, 9.12465293e-01, 8.94649746e-02, 8.53162634e-01, 9.36557747e-02, 3.10555413e+00, 7.13780027e+01
9.86252179e-02, 4.08495636e-02, 9.10228514e-01, 9.18004851e-02, 8.50827124e-01, 9.62184786e-02, 3.10299142e+00, 7.14802435e+01
1.01393946e-01, 4.19426849e-02, 9.07940346e-01, 9.41921226e-02, 8.48435486e-01, 9.88493005e-02, 3.10036060e+00, 7.15857250e+01
1.04240401e-01, 4.30636326e-02, 9.05599903e-01, 9.66409732e-02, 8.45986636e-01, 1.01549933e-01, 3.09765997e+00, 7.16945589e+01
1.07166765e-01, 4.42130406e-02, 9.03206303e-01, 9.91481296e-02, 8.43479479e-01, 1.04322102e-01, 3.09488780e+00, 7.18068613e+01
1.10175281e-01, 4.53915533e-02, 9.00758661e-01, 1.01714690e-01, 8.40912919e-01, 1.07167570e-01, 3.09204233e+00, 7.19227526e+01
1.13268257e-01, 4.65998259e-02, 8.98256098e-01, 1.04341757e-01, 8.38285852e-01, 1.10088134e-01, 3.08912177e+00, 7.20423580e+01
1.16448062e-01, 4.78385241e-02, 8.95697735e-01, 1.07030437e-01, 8.35597172e-01, 1.13085628e-01, 3.08612427e+00, 7.21658075e+01
1.19717134e-01, 4.91083240e-02, 8.93082699e-01, 1.09781839e-01, 8.32845770e-01, 1.16161919e-01, 3.08304798e+00, 7.22932362e+01
1.23077980e-01, 5.04099123e-02, 8.90410121e-01, 1.12597073e-01, 8.30030536e-01, 1.19318913e-01, 3.07989099e+00, 7.24247843e+01
1.26533176e-01, 5.17439860e-02, 8.87679139e-01, 1.15477250e-01, 8.27150358e-01, 1.22558548e-01, 3.07665135e+00, 7.25605978e+01
1.30085370e-01, 5.31112527e-02, 8.84888900e-01, 1.18423480e-01, 8.24204129e-01, 1.25882801e-01, 3.07332710e+00, 7.27008282e+01
1.33737286e-01, 5.45124297e-02, 8.82038557e-01, 1.21436867e-01, 8.21190742e-01, 1.29293684e-01, 3.06991622e+00, 7.28456332e+01
1.37491723e-01, 5.59482450e-02, 8.79127276e-01, 1.24518517e-01, 8.18109092e-01, 1.32793244e-01, 3.06641666e+00, 7.29951765e+01
1.41351558e-01, 5.74194362e-02, 8.76154234e-01, 1.27669524e-01, 8.14958085e-01, 1.36383565e-01, 3.06282634e+00, 7.31496287e+01
1.45319752e-01, 5.89267507e-02, 8.73118619e-01, 1.30890980e-01, 8.11736629e-01, 1.40066765e-01, 3.05914314e+00, 7.33091668e+01
1.49399346e-01, 6.04709458e-02, 8.70019635e-01, 1.34183966e-01, 8.08443643e-01, 1.43844996e-01, 3.05536490e+00, 7.34739752e+01
1.53593468e-01, 6.20527881e-02, 8.66856504e-01, 1.37549551e-01, 8.05078058e-01, 1.47720449e-01, 3.05148945e+00, 7.36442457e+01
1.57905331e-01, 6.36730536e-02, 8.63628462e-01, 1.40988794e-01, 8.01638815e-01, 1.51695344e-01, 3.04751456e+00, 7.38201777e+01
1.62338243e-01, 6.53325272e-02, 8.60334766e-01, 1.44502737e-01, 7.98124872e-01, 1.55771938e-01, 3.04343796e+00, 7.40019787e+01
1.66895601e-01, 6.70320026e-02, 8.56974693e-01, 1.48092408e-01, 7.94535201e-01, 1.59952521e-01, 3.03925738e+00, 7.41898649e+01
1.71580899e-01, 6.87722823e-02, 8.53547545e-01, 1.51758814e-01, 7.90868795e-01, 1.64239414e-01, 3.03497049e+00, 7.43840609e+01
1.76397728e-01, 7.05541769e-02, 8.50052645e-01, 1.55502942e-01, 7.87124667e-01, 1.68634969e-01, 3.03057493e+00, 7.45848008e+01
1.81349780e-01, 7.23785049e-02, 8.46489343e-01, 1.59325755e-01, 7.83301854e-01, 1.73141572e-01, 3.02606833e+00, 7.47923283e+01
1.86440853e-01, 7.42460926e-02, 8.42857018e-01, 1.63228190e-01, 7.79399419e-01, 1.77761635e-01, 3.02144827e+00, 7.50068969e+01
1.91674849e-01, 7.61577735e-02, 8.39155077e-01, 1.67211157e-01, 7.75416452e-01, 1.82497601e-01, 3.01671230e+00, 7.52287708e+01
1.97055780e-01, 7.81143880e-02, 8.35382959e-01, 1.71275534e-01, 7.71352075e-01, 1.87351937e-01, 3.01185796e+00, 7.54582249e+01
2.02587771e-01, 8.01167833e-02, 8.31540137e-01, 1.75422164e-01, 7.67205444e-01, 1.92327140e-01, 3.00688276e+00, 7.56955458e+01
2.08275063e-01, 8.21658124e-02, 8.27626118e-01, 1.79651857e-01, 7.62975752e-01, 1.97425728e-01, 3.00178417e+00, 7.59410316e+01
2.14122015e-01, 8.42623342e-02, 8.23640447e-01, 1.83965379e-01, 7.58662230e-01, 2.02650243e-01, 2.99655966e+00, 7.61949933e+01
2.20133111e-01, 8.64072127e-02, 8.19582709e-01, 1.88363456e-01, 7.54264153e-01, 2.08003246e-01, 2.99120665e+00, 7.64577545e+01
2.26312957e-01, 8.86013169e-02, 8.15452527e-01, 1.92846769e-01, 7.49780840e-01, 2.13487318e-01, 2.98572258e+00, 7.67296525e+01
2.32666291e-01, 9.08455198e-02, 8.11249571e-01, 1.97415950e-01, 7.45211659e-01, 2.19105056e-01, 2.98010484e+00, 7.70110386e+01
2.39197984e-01, 9.31406982e-02, 8.06973553e-01, 2.02071577e-01, 7.40556032e-01, 2.24859072e-01, 2.97435083e+00, 7.73022791e+01
2.45913043e-01, 9.54877322e-02, 8.02624233e-01, 2.06814174e-01, 7.35813435e-01, 2.30751988e-01, 2.96845791e+00, 7.76037555e+01
2.52816614e-01, 9.78875042e-02, 7.98201419e-01, 2.11644208e-01, 7.30983401e-01, 2.36786436e-01, 2.96242346e+00, 7.79158653e+01
2.59913992e-01, 1.00340899e-01, 7.93704972e-01, 2.16562081e-01, 7.26065528e-01, 2.42965053e-01, 2.95624485e+00, 7.82390230e+01
2.67210616e-01, 1.02848802e-01, 7.89134803e-01, 2.21568132e-01, 7.21059477e-01, 2.49290479e-01, 2.94991942e+00, 7.85736604e+01
2.74712079e-01, 1.05412101e-01, 7.84490880e-01, 2.26662629e-01, 7.15964980e-01, 2.55765355e-01, 2.94344455e+00, 7.89202276e+01
2.82424133e-01, 1.08031682e-01, 7.79773224e-01, 2.31845768e-01, 7.10781841e-01, 2.62392316e-01, 2.93681758e+00, 7.92791936e+01
2.90352688e-01, 1.10708431e-01, 7.74981917e-01, 2.37117668e-01, 7.05509941e-01, 2.69173990e-01, 2.93003591e+00, 7.96510475e+01
2.98503825e-01, 1.13443233e-01, 7.70117100e-01, 2.42478370e-01, 7.00149239e-01, 2.76112993e-01, 2.92309691e+00, 8.00362988e+01
3.06883789e-01, 1.16236971e-01, 7.65178976e-01, 2.47927829e-01, 6.94699780e-01, 2.83211927e-01, 2.91599797e+00, 8.04354789e+01
3.15499006e-01, 1.19090524e-01, 7.60167811e-01, 2.53465915e-01, 6.89161694e-01, 2.90473370e-01, 2.90873653e+00, 8.08491415e+01
3.24356081e-01, 1.22004770e-01, 7.55083934e-01, 2.59092405e-01, 6.83535204e-01, 2.97899880e-01, 2.90131002e+00, 8.12778636e+01
3.33461802e-01, 1.24980579e-01, 7.49927744e-01, 2.64806984e-01, 6.77820625e-01, 3.05493982e-01, 2.89371592e+00, 8.17222469e+01
3.42823149e-01, 1.28018820e-01, 7.44699703e-01, 2.70609238e-01, 6.72018371e-01, 3.13258166e-01, 2.88595173e+00, 8.21829184e+01
3.52447300e-01, 1.31120351e-01, 7.39400345e-01, 2.76498650e-01, 6.66128959e-01, 3.21194885e-01, 2.87801502e+00, 8.26605318e+01
3.62341632e-01, 1.34286029e-01, 7.34030273e-01, 2.82474602e-01, 6.60153007e-01, 3.29306544e-01, 2.86990336e+00, 8.31557681e+01
3.72513730e-01, 1.37516698e-01, 7.28590161e-01, 2.88536366e-01, 6.54091243e-01, 3.37595497e-01, 2.86161440e+00, 8.36693373e+01
3.82971391e-01, 1.40813196e-01, 7.23080757e-01, 2.94683102e-01, 6.47944507e-01, 3.46064043e-01, 2.85314586e+00, 8.42019794e+01
3.93722633e-01, 1.44176353e-01, 7.17502878e-01, 3.00913858e-01, 6.41713751e-01, 3.54714415e-01, 2.84449549e+00, 8.47544654e+01
4.04775697e-01, 1.47606985e-01, 7.11857418e-01, 3.07227565e-01, 6.35400044e-01, 3.63548779e-01, 2.83566112e+00, 8.53275987e+01
4.16139055e-01, 1.51105900e-01, 7.06145344e-01, 3.13623033e-01, 6.29004576e-01, 3.72569223e-01, 2.82664068e+00, 8.59222167e+01
4.27821420e-01, 1.54673893e-01, 7.00367697e-01, 3.20098951e-01, 6.22528658e-01, 3.81777754e-01, 2.81743215e+00, 8.65391917e+01
4.39831747e-01, 1.58311745e-01, 6.94525595e-01, 3.26653885e-01, 6.15973724e-01, 3.91176289e-01, 2.80803361e+00, 8.71794325e+01
4.52179242e-01, 1.62020224e-01, 6.88620228e-01, 3.33286274e-01, 6.09341335e-01, 4.00766649e-01, 2.79844325e+00, 8.78438861e+01
4.64873371e-01, 1.65800084e-01, 6.82652863e-01, 3.39994428e-01, 6.02633181e-01, 4.10550551e-01, 2.78865935e+00, 8.85335386e+01
4.77923865e-01, 1.69652062e-01, 6.76624841e-01, 3.46776530e-01, 5.95851078e-01, 4.20529603e-01, 2.77868030e+00, 8.92494175e+01
4.91340729e-01, 1.73576879e-01, 6.70537578e-01, 3.53630634e-01, 5.88996975e-01, 4.30705293e-01, 2.76850461e+00, 8.99925925e+01
5.05134247e-01, 1.77575238e-01, 6.64392563e-01, 3.60554660e-01, 5.82072949e-01, 4.41078987e-01, 2.75813091e+00, 9.07641780e+01
5.19314994e-01, 1.81647824e-01, 6.58191359e-01, 3.67546399e-01, 5.75081210e-01, 4.51651918e-01, 2.74755798e+00, 9.15653339e+01
5.33893840e-01, 1.85795303e-01, 6.51935600e-01, 3.74603512e-01, 5.68024097e-01, 4.62425177e-01, 2.73678472e+00, 9.23972683e+01
5.48881961e-01, 1.90018322e-01, 6.45626991e-01, 3.81723527e-01, 5.60904082e-01, 4.73399713e-01, 2.72581019e+00, 9.32612386e+01
5.64290847e-01, 1.94317504e-01, 6.39267309e-01, 3.88903844e-01, 5.53723765e-01, 4.84576318e-01, 2.71463358e+00, 9.41585537e+01
5.80132310e-01, 1.98693454e-01, 6.32858396e-01, 3.96141737e-01, 5.46485872e-01, 4.95955626e-01, 2.70325427e+00, 9.50905758e+01
5.96418495e-01, 2.03146750e-01, 6.26402164e-01, 4.03434350e-01, 5.39193259e-01, 5.07538103e-01, 2.69167180e+00, 9.60587226e+01
6.13161884e-01, 2.07677952e-01, 6.19900588e-01, 4.10778706e-01, 5.31848903e-01, 5.19324039e-01, 2.67988586e+00, 9.70644692e+01
6.30375315e-01, 2.12287591e-01, 6.13355704e-01, 4.18171705e-01, 5.24455904e-01, 5.31313547e-01, 2.66789635e+00, 9.81093504e+01
6.48071983e-01, 2.16976176e-01, 6.06769614e-01, 4.25610132e-01, 5.17017477e-01, 5.43506553e-01, 2.65570335e+00, 9.91949625e+01
6.66265452e-01, 2.21744190e-01, 6.00144472e-01, 4.33090655e-01, 5.09536954e-01, 5.55902789e-01, 2.64330711e+00, 1.00322966e+02
6.84969672e-01, 2.26592088e-01, 5.93482492e-01, 4.40609836e-01, 5.02017773e-01, 5.68501793e-01, 2.63070811e+00, 1.01495089e+02
7.04198979e-01, 2.31520301e-01, 5.86785940e-01, 4.48164129e-01, 4.94463480e-01, 5.81302899e-01, 2.61790700e+00, 1.02713126e+02
7.23968114e-01, 2.36529229e-01, 5.80057132e-01, 4.55749893e-01, 4.86877716e-01, 5.94305234e-01, 2.60490467e+00, 1.03978946e+02
7.44292233e-01, 2.41619247e-01, 5.73298431e-01, 4.63363389e-01, 4.79264220e-01, 6.07507715e-01, 2.59170219e+00, 1.05294489e+02
7.65186915e-01, 2.46790700e-01, 5.66512244e-01, 4.71000796e-01, 4.71626813e-01, 6.20909045e-01, 2.57830085e+00, 1.06661774e+02
7.86668179e-01, 2.52043903e-01, 5.59701019e-01, 4.78658210e-01, 4.63969399e-01, 6.34507710e-01, 2.56470219e+00, 1.08082900e+02
8.08752491e-01, 2.57379142e-01, 5.52867241e-01, 4.86331655e-01, 4.56295954e-01, 6.48301977e-01, 2.55090792e+00, 1.09560045e+02
8.31456781e-01, 2.62796674e-01, 5.46013431e-01, 4.94017091e-01, 4.48610518e-01, 6.62289891e-01, 2.53692001e+00, 1.11095478e+02
8.54798453e-01, 2.68296725e-01, 5.39142136e-01, 5.01710421e-01, 4.40917188e-01, 6.76469276e-01, 2.52274062e+00, 1.12691551e+02
8.78795401e-01, 2.73879488e-01, 5.32255933e-01, 5.09407499e-01, 4.33220110e-01, 6.90837734e-01, 2.50837217e+00, 1.14350712e+02
9.03466021e-01, 2.79545129e-01, 5.25357421e-01, 5.17104140e-01, 4.25523469e-01, 7.05392646e-01, 2.49381725e+00, 1.16075503e+02
9.28829225e-01, 2.85293778e-01, 5.18449216e-01, 5.24796131e-01, 4.17831478e-01, 7.20131171e-01, 2.47907873e+00, 1.17868566e+02
9.54904456e-01, 2.91125536e-01, 5.11533951e-01, 5.32479235e-01, 4.10148374e-01, 7.35050251e-01, 2.46415965e+00, 1.19732644e+02
9.81711702e-01, 2.97040474e-01, 5.04614268e-01, 5.40149207e-01, 4.02478402e-01, 7.50146610e-01, 2.44906329e+00, 1.21670588e+02
1.00927151e+00, 3.03038627e-01, 4.97692817e-01, 5.47801799e-01, 3.94825810e-01, 7.65416762e-01, 2.43379314e+00, 1.23685358e+02
1.03760502e+00, 3.09120002e-01, 4.90772250e-01, 5.55432772e-01, 3.87194837e-01, 7.80857010e-01, 2.41835289e+00, 1.25780031e+02
1.06673394e+00, 3.15284571e-01, 4.83855218e-01, 5.63037907e-01, 3.79589702e-01, 7.96463457e-01, 2.40274644e+00, 1.27957801e+02
1.09668060e+00, 3.21532276e-01, 4.76944367e-01, 5.70613012e-01, 3.72014597e-01, 8.12232004e-01, 2.38697790e+00, 1.30221987e+02
1.12746796e+00, 3.27863028e-01, 4.70042332e-01, 5.78153935e-01, 3.64473674e-01, 8.28158364e-01, 2.37105154e+00, 1.32576037e+02
1.15911962e+00, 3.34276704e-01, 4.63151736e-01, 5.85656571e-01, 3.56971038e-01, 8.44238063e-01, 2.35497184e+00, 1.35023530e+02
1.19165984e+00, 3.40773150e-01, 4.56275185e-01, 5.93116874e-01, 3.49510735e-01, 8.60466451e-01, 2.33874345e+00, 1.37568187e+02
1.22511358e+00, 3.47352184e-01, 4.49415262e-01, 6.00530867e-01, 3.42096742e-01, 8.76838708e-01, 2.32237119e+00, 1.40213872e+02
1.25950646e+00, 3.54013588e-01, 4.42574525e-01, 6.07894649e-01, 3.34732960e-01, 8.93349855e-01, 2.30586005e+00, 1.42964599e+02
1.29486487e+00, 3.60757118e-01, 4.35755505e-01, 6.15204403e-01, 3.27423206e-01, 9.09994761e-01, 2.28921514e+00, 1.45824536e+02
1.33121590e+00, 3.67582497e-01, 4.28960698e-01, 6.22456409e-01, 3.20171200e-01, 9.26768156e-01, 2.27244174e+00, 1.48798018e+02
1.36858742e+00, 3.74489419e-01, 4.22192565e-01, 6.29647049e-01, 3.12980559e-01, 9.43664637e-01, 2.25554526e+00, 1.51889545e+02
1.40700809e+00, 3.81477549e-01, 4.15453528e-01, 6.36772816e-01, 3.05854793e-01, 9.60678680e-01, 2.23853122e+00, 1.55103794e+02
1.44650734e+00, 3.88546523e-01, 4.08745964e-01, 6.43830317e-01, 2.98797292e-01, 9.77804654e-01, 2.22140525e+00, 1.58445624e+02
1.48711546e+00, 3.95695948e-01, 4.02072206e-01, 6.50816289e-01, 2.91811320e-01, 9.95036825e-01, 2.20417308e+00, 1.61920088e+02
1.52886359e+00, 4.02925403e-01, 3.95434536e-01, 6.57727594e-01, 2.84900015e-01, 1.01236938e+00, 2.18684052e+00, 1.65532433e+02
1.57178372e+00, 4.10234442e-01, 3.88835186e-01, 6.64561235e-01, 2.78066374e-01, 1.02979641e+00, 2.16941349e+00, 1.69288116e+02
1.61590875e+00, 4.17622591e-01, 3.82276331e-01, 6.71314352e-01, 2.71313257e-01, 1.04731197e+00, 2.15189793e+00, 1.73192808e+02
1.66127252e+00, 4.25089350e-01, 3.75760089e-01, 6.77984235e-01, 2.64643374e-01, 1.06491004e+00, 2.13429986e+00, 1.77252405e+02
1.70790980e+00, 4.32634194e-01, 3.69288519e-01, 6.84568320e-01, 2.58059289e-01, 1.08258457e+00, 2.11662533e+00, 1.81473036e+02
1.75585633e+00, 4.40256573e-01, 3.62863618e-01, 6.91064197e-01, 2.51563412e-01, 1.10032947e+00, 2.09888043e+00, 1.85861075e+02
1.80514888e+00, 4.47955916e-01, 3.56487318e-01, 6.97469611e-01, 2.45157998e-01, 1.11813864e+00, 2.08107126e+00, 1.90423149e+02
1.85582523e+00, 4.55731626e-01, 3.50161484e-01, 7.03782467e-01, 2.38845142e-01, 1.13600596e+00, 2.06320394e+00, 1.95166153e+02
1.90792422e+00, 4.63583085e-01, 3.43887915e-01, 7.10000825e-01, 2.32626784e-01, 1.15392533e+00, 2.04528457e+00, 2.00097254e+02
1.96148581e+00, 4.71509656e-01, 3.37668341e-01, 7.16122907e-01, 2.26504702e-01, 1.17189065e+00, 2.02731925e+00, 2.05223911e+02
2.01655104e+00, 4.79510678e-01, 3.31504419e-01, 7.22147093e-01, 2.20480516e-01, 1.18989583e+00, 2.00931407e+00, 2.10553881e+02
2.07316213e+00, 4.87585472e-01, 3.25397736e-01, 7.28071925e-01, 2.14555684e-01, 1.20793485e+00, 1.99127505e+00, 2.16095237e+02
2.13136247e+00, 4.95733342e-01, 3.19349807e-01, 7.33896101e-01, 2.08731507e-01, 1.22600170e+00, 1.97320820e+00, 2.21856376e+02
2.19119669e+00, 5.03953573e-01, 3.13362070e-01, 7.39618478e-01, 2.03009131e-01, 1.24409043e+00, 1.95511947e+00, 2.27846038e+02
2.25271064e+00, 5.12245431e-01, 3.07435893e-01, 7.45238067e-01, 1.97389542e-01, 1.26219516e+00, 1.93701474e+00, 2.34073318e+02
2.31595149e+00, 5.20608169e-01, 3.01572566e-01, 7.50754033e-01, 1.91873576e-01, 1.28031007e+00, 1.91889984e+00, 2.40547683e+02
2.38096772e+00, 5.29041024e-01, 2.95773306e-01, 7.56165690e-01, 1.86461919e-01, 1.29842940e+00, 1.90078050e+00, 2.47278986e+02
2.44780916e+00, 5.37543219e-01, 2.90039255e-01, 7.61472499e-01, 1.81155110e-01, 1.31654751e+00, 1.88266240e+00, 2.54277484e+02
2.51652705e+00, 5.46113963e-01, 2.84371479e-01, 7.66674066e-01, 1.75953543e-01, 1.33465881e+00, 1.86455109e+00, 2.61553855e+02
2.58717408e+00, 5.54752453e-01, 2.78770971e-01, 7.71770135e-01, 1.70857474e-01, 1.35275783e+00, 1.84645207e+00, 2.69119217e+02
2.65980440e+00, 5.63457874e-01, 2.73238647e-01, 7.76760586e-01, 1.65867022e-01, 1.37083920e+00, 1.82837070e+00, 2.76985144e+02
2.73447368e+00, 5.72229403e-01, 2.67775351e-01, 7.81645431e-01, 1.60982178e-01, 1.38889765e+00, 1.81031225e+00, 2.85163691e+02
2.81123917e+00, 5.81066203e-01, 2.62381854e-01, 7.86424805e-01, 1.56202804e-01, 1.40692803e+00, 1.79228187e+00, 2.93667410e+02
2.89015972e+00, 5.89967432e-01, 2.57058854e-01, 7.91098969e-01, 1.51528640e-01, 1.42492528e+00, 1.77428462e+00, 3.02509371e+02
2.97129582e+00, 5.98932239e-01, 2.51806978e-01, 7.95668296e-01, 1.46959313e-01, 1.44288450e+00, 1.75632540e+00, 3.11703190e+02
3.05470967e+00, 6.07959763e-01, 2.46626782e-01, 8.00133273e-01, 1.42494336e-01, 1.46080088e+00, 1.73840902e+00, 3.21263046e+02
3.14046522e+00, 6.17049141e-01, 2.41518754e-01, 8.04494493e-01, 1.38133116e-01, 1.47866976e+00, 1.72054014e+00, 3.31203708e+02
3.22862820e+00, 6.26199502e-01, 2.36483311e-01, 8.08752648e-01, 1.33874961e-01, 1.49648659e+00, 1.70272331e+00, 3.41540561e+02
3.31926620e+00, 6.35409971e-01, 2.31520808e-01, 8.12908527e-01, 1.29719082e-01, 1.51424696e+00, 1.68496294e+00, 3.52289630e+02
3.41244871e+00, 6.44679670e-01, 2.26631530e-01, 8.16963007e-01, 1.25664602e-01, 1.53194659e+00, 1.66726331e+00, 3.63467611e+02
3.50824714e+00, 6.54007716e-01, 2.21815701e-01, 8.20917052e-01, 1.21710557e-01, 1.54958133e+00, 1.64962857e+00, 3.75091896e+02
3.60673495e+00, 6.63393226e-01, 2.17073483e-01, 8.24771702e-01, 1.17855907e-01, 1.56714718e+00, 1.63206272e+00, 3.87180605e+02
3.70798763e+00, 6.72835313e-01, 2.12404976e-01, 8.28528073e-01, 1.14099536e-01, 1.58464025e+00, 1.61456965e+00, 3.99752616e+02
3.81208280e+00, 6.82333091e-01, 2.07810223e-01, 8.32187349e-01, 1.10440260e-01, 1.60205682e+00, 1.59715308e+00, 4.12827599e+02
3.91910025e+00, 6.91885673e-01, 2.03289209e-01, 8.35750777e-01, 1.06876832e-01, 1.61939327e+00, 1.57981663e+00, 4.26426046e+02
4.02912203e+00, 7.01492174e-01, 1.98841864e-01, 8.39219660e-01, 1.03407949e-01, 1.63664614e+00, 1.56256376e+00, 4.40569313e+02
4.14223247e+00, 7.11151707e-01, 1.94468065e-01, 8.42595358e-01, 1.00032251e-01, 1.65381210e+00, 1.54539780e+00, 4.55279648e+02
4.25851829e+00, 7.20863389e-01, 1.90167637e-01, 8.45879277e-01, 9.67483319e-02, 1.67088795e+00, 1.52832195e+00, 4.70580236e+02
4.37806863e+00, 7.30626340e-01, 1.85940357e-01, 8.49072866e-01, 9.35547426e-02, 1.68787062e+00, 1.51133928e+00, 4.86495237e+02
4.50097513e+00, 7.40439681e-01, 1.81785952e-01, 8.52177615e-01, 9.04499944e-02, 1.70475718e+00, 1.49445272e+00, 5.03049824e+02
4.62733201e+00, 7.50302539e-01, 1.77704105e-01, 8.55195045e-01, 8.74325643e-02, 1.72154484e+00, 1.47766506e+00, 5.20270233e+02
4.75723614e+00, 7.60214043e-01, 1.73694456e-01, 8.58126710e-01, 8.45008991e-02, 1.73823091e+00, 1.46097899e+00, 5.38183800e+02
4.89078709e+00, 7.70173327e-01, 1.69756602e-01, 8.60974189e-01, 8.16534197e-02, 1.75481286e+00, 1.44439704e+00, 5.56819015e+02
5.02808725e+00, 7.80179530e-01, 1.65890100e-01, 8.63739084e-01, 7.88885253e-02, 1.77128826e+00, 1.42792164e+00, 5.76205567e+02
5.16924187e+00, 7.90231798e-01, 1.62094471e-01, 8.66423012e-01, 7.62045965e-02, 1.78765482e+00, 1.41155508e+00, 5.96374395e+02
5.31435916e+00, 8.00329281e-01, 1.58369199e-01, 8.69027609e-01, 7.35999996e-02, 1.80391038e+00, 1.39529952e+00, 6.17357743e+02
5.46355035e+00, 8.10471136e-01, 1.54713732e-01, 8.71554519e-01, 7.10730896e-02, 1.82005287e+00, 1.37915703e+00, 6.39189213e+02
5.61692982e+00, 8.20656529e-01, 1.51127491e-01, 8.74005395e-01, 6.86222140e-02, 1.83608035e+00, 1.36312955e+00, 6.61903825e+02
5.77461515e+00, 8.30884629e-01, 1.47609861e-01, 8.76381894e-01, 6.62457152e-02, 1.85199102e+00, 1.34721888e+00, 6.85538076e+02
5.93672722e+00, 8.41154616e-01, 1.44160202e-01, 8.78685675e-01, 6.39419342e-02, 1.86778315e+00, 1.33142675e+00, 7.10130002e+02
6.10339029e+00, 8.51465677e-01, 1.40777848e-01, 8.80918396e-01, 6.17092127e-02, 1.88345515e+00, 1.31575475e+00, 7.35719244e+02
6.27473213e+00, 8.61817006e-01, 1.37462106e-01, 8.83081713e-01, 5.95458964e-02, 1.89900553e+00, 1.30020437e+00, 7.62347115e+02
6.45088409e+00, 8.72207807e-01, 1.34212261e-01, 8.85177272e-01, 5.74503368e-02, 1.91443290e+00, 1.28477700e+00, 7.90056675e+02
6.63198120e+00, 8.82637292e-01, 1.31027576e-01, 8.87206715e-01, 5.54208937e-02, 1.92973597e+00, 1.26947393e+00, 8.18892797e+02
6.81816229e+00, 8.93104682e-01, 1.27907296e-01, 8.89171671e-01, 5.34559377e-02, 1.94491357e+00, 1.25429633e+00, 8.48902252e+02
7.00957009e+00, 9.03609206e-01, 1.24850646e-01, 8.91073757e-01, 5.15538515e-02, 1.95996459e+00, 1.23924531e+00, 8.80133786e+02
7.20635132e+00, 9.14150106e-01, 1.21856835e-01, 8.92914577e-01, 4.97130324e-02, 1.97488806e+00, 1.22432184e+00, 9.12638201e+02
7.40865683e+00, 9.24726629e-01, 1.18925058e-01, 8.94695716e-01, 4.79318933e-02, 1.98968305e+00, 1.20952685e+00, 9.46468447e+02
7.61664172e+00, 9.35338035e-01, 1.16054495e-01, 8.96418744e-01, 4.62088651e-02, 2.00434877e+00, 1.19486113e+00, 9.81679711e+02
7.83046540e+00, 9.45983593e-01, 1.13244314e-01, 8.98085212e-01, 4.45423972e-02, 2.01888447e+00, 1.18032543e+00, 1.01832951e+03
8.05029181e+00, 9.56662583e-01, 1.10493675e-01, 8.99696649e-01, 4.29309596e-02, 2.03328952e+00, 1.16592038e+00, 1.05647779e+03
8.27628946e+00, 9.67374292e-01, 1.07801724e-01, 9.01254566e-01, 4.13730433e-02, 2.04756336e+00, 1.15164654e+00, 1.09618703e+03
8.50863158e+00, 9.78118021e-01, 1.05167604e-01, 9.02760447e-01, 3.98671620e-02, 2.06170549e+00, 1.13750441e+00, 1.13752235e+03
8.74749630e+00, 9.88893079e-01, 1.02590447e-01, 9.04215756e-01, 3.84118527e-02, 2.07571550e+00, 1.12349440e+00, 1.18055163e+03
8.99306672e+00, 9.99698787e-01, 1.00069381e-01, 9.05621932e-01, 3.70056766e-02, 2.08959307e+00, 1.10961683e+00, 1.22534561e+03
9.24553110e+00, 1.01053448e+00, 9.76035298e-02, 9.06980389e-01, 3.56472198e-02, 2.10333792e+00, 1.09587198e+00, 1.27197801e+03
9.50508296e+00, 1.02139949e+00, 9.51920136e-02, 9.08292515e-01, 3.43350940e-02, 2.11694985e+00, 1.08226005e+00, 1.32052569e+03
9.77192128e+00, 1.03229317e+00, 9.28339498e-02, 9.09559672e-01, 3.30679371e-02, 2.13042874e+00, 1.06878116e+00, 1.37106875e+03
1.00462506e+01, 1.04321489e+00, 9.05284548e-02, 9.10783196e-01, 3.18444132e-02, 2.14377451e+00, 1.05543539e+00, 1.42369066e+03
1.03282813e+01, 1.05416402e+00, 8.82746444e-02, 9.11964395e-01, 3.06632137e-02, 2.15698716e+00, 1.04222274e+00, 1.47847843e+03
1.06182294e+01, 1.06513995e+00, 8.60716349e-02, 9.13104552e-01, 2.95230571e-02, 2.17006673e+00, 1.02914318e+00, 1.53552276e+03
1.09163173e+01, 1.07614206e+00, 8.39185439e-02, 9.14204920e-01, 2.84226892e-02, 2.18301333e+00, 1.01619658e+00, 1.59491818e+03
1.12227736e+01, 1.08716977e+00, 8.18144912e-02, 9.15266725e-01, 2.73608836e-02, 2.19582712e+00, 1.00338278e+00, 1.65676321e+03
1.15378330e+01, 1.09822248e+00, 7.97585995e-02, 9.16291167e-01, 2.63364414e-02, 2.20850831e+00, 9.90701590e-01, 1.72116053e+03
1.18617372e+01, 1.10929963e+00, 7.77499950e-02, 9.17279417e-01, 2.53481917e-02, 2.22105717e+00, 9.78152731e-01, 1.78821718e+03
1.21947344e+01, 1.12040065e+00, 7.57878084e-02, 9.18232618e-01, 2.43949911e-02, 2.23347400e+00, 9.65735897e-01, 1.85804472e+03
1.25370799e+01, 1.13152499e+00, 7.38711753e-02, 9.19151885e-01, 2.34757238e-02, 2.24575917e+00, 9.53450735e-01, 1.93075943e+03
1.28890361e+01, 1.14267211e+00, 7.19992367e-02, 9.20038307e-01, 2.25893017e-02, 2.25791306e+00, 9.41296844e-01, 2.00648249e+03
1.32508729e+01, 1.15384147e+00, 7.01711401e-02, 9.20892945e-01, 2.17346640e-02, 2.26993611e+00, 9.29273786e-01, 2.08534025e+03
1.36228676e+01, 1.16503255e+00, 6.83860392e-02, 9.21716832e-01, 2.09107770e-02, 2.28182882e+00, 9.17381081e-01, 2.16746435e+03
1.40053055e+01, 1.17624484e+00, 6.66430952e-02, 9.22510975e-01, 2.01166340e-02, 2.29359169e+00, 9.05618211e-01, 2.25299204e+03
1.43984795e+01, 1.18747784e+00, 6.49414767e-02, 9.23276354e-01, 1.93512550e-02, 2.30522528e+00, 8.93984623e-01, 2.34206636e+03
1.48026913e+01, 1.19873106e+00, 6.32803605e-02, 9.24013923e-01, 1.86136863e-02, 2.31673017e+00, 8.82479728e-01, 2.43483641e+03
1.52182505e+01, 1.21000400e+00, 6.16589316e-02, 9.24724609e-01, 1.79030003e-02, 2.32810699e+00, 8.71102908e-01, 2.53145758e+03
1.56454759e+01, 1.22129622e+00, 6.00763839e-02, 9.25409314e-01, 1.72182951e-02, 2.33935639e+00, 8.59853509e-01, 2.63209185e+03
1.60846948e+01, 1.23260723e+00, 5.85319205e-02, 9.26068915e-01, 1.65586940e-02, 2.35047905e+00, 8.48730852e-01, 2.73690806e+03
1.65362441e+01, 1.24393658e+00, 5.70247538e-02, 9.26704264e-01, 1.59233454e-02, 2.36147567e+00, 8.37734228e-01, 2.84608219e+03
1.70004698e+01, 1.25528384e+00, 5.55541057e-02, 9.27316187e-01, 1.53114221e-02, 2.37234700e+00, 8.26862903e-01, 2.95979765e+03
1.74777277e+01, 1.26664856e+00, 5.41192085e-02, 9.27905488e-01, 1.47221212e-02, 2.38309378e+00, 8.16116118e-01, 3.07824563e+03
1.79683839e+01, 1.27803033e+00, 5.27193041e-02, 9.28472946e-01, 1.41546632e-02, 2.39371681e+00, 8.05493090e-01, 3.20162541e+03
1.84728144e+01, 1.28942872e+00, 5.13536452e-02, 9.29019317e-01, 1.36082919e-02, 2.40421689e+00, 7.94993014e-01, 3.33014471e+03
1.89914058e+01, 1.30084334e+00, 5.00214947e-02, 9.29545335e-01, 1.30822741e-02, 2.41459484e+00, 7.84615065e-01, 3.46402002e+03
1.95245558e+01, 1.31227377e+00, 4.87221263e-02, 9.30051710e-01, 1.25758985e-02, 2.42485150e+00, 7.74358399e-01, 3.60347702e+03
2.00726730e+01, 1.32371963e+00, 4.74548245e-02, 9.30539133e-01, 1.20884760e-02, 2.43498775e+00, 7.64222153e-01, 3.74875091e+03
2.06361777e+01, 1.33518054e+00, 4.62188846e-02, 9.31008270e-01, 1.16193387e-02, 2.44500445e+00, 7.54205447e-01, 3.90008689e+03
2.12155017e+01, 1.34665613e+00, 4.50136131e-02, 9.31459770e-01, 1.11678394e-02, 2.45490251e+00, 7.44307387e-01, 4.05774050e+03
2.18110892e+01, 1.35814602e+00, 4.38383275e-02, 9.31894257e-01, 1.07333517e-02, 2.46468284e+00, 7.34527063e-01, 4.22197812e+03
2.24233968e+01, 1.36964988e+00, 4.26923562e-02, 9.32312340e-01, 1.03152688e-02, 2.47434635e+00, 7.24863551e-01, 4.39307740e+03
2.30528939e+01, 1.38116734e+00, 4.15750390e-02, 9.32714606e-01, 9.91300340e-03, 2.48389398e+00, 7.15315915e-01, 4.57132775e+03
2.37000629e+01, 1.39269806e+00, 4.04857268e-02, 9.33101622e-01, 9.52598724e-03, 2.49332669e+00, 7.05883210e-01, 4.75703083e+03
2.43654001e+01, 1.40424172e+00, 3.94237819e-02, 9.33473938e-01, 9.15367047e-03, 2.50264542e+00, 6.96564475e-01, 4.95050107e+03
2.50494154e+01, 1.41579798e+00, 3.83885774e-02, 9.33832088e-01, 8.79552128e-03, 2.51185115e+00, 6.87358746e-01, 5.15206621e+03
2.57526333e+01, 1.42736654e+00, 3.73794979e-02, 9.34176584e-01, 8.45102536e-03, 2.52094486e+00, 6.78265045e-01, 5.36206788e+03
2.64755927e+01, 1.43894707e+00, 3.63959391e-02, 9.34507923e-01, 8.11968550e-03, 2.52992751e+00, 6.69282389e-01, 5.58086218e+03
2.72188479e+01, 1.45053928e+00, 3.54373078e-02, 9.34826588e-01, 7.80102108e-03, 2.53880011e+00, 6.60409788e-01, 5.80882027e+03
2.79829688e+01, 1.46214287e+00, 3.45030217e-02, 9.35133041e-01, 7.49456763e-03, 2.54756366e+00, 6.51646244e-01, 6.04632903e+03
2.87685409e+01, 1.47375755e+00, 3.35925097e-02, 9.35427733e-01, 7.19987637e-03, 2.55621914e+00, 6.42990756e-01, 6.29379175e+03
2.95761666e+01, 1.48538304e+00, 3.27052117e-02, 9.35711095e-01, 6.91651380e-03, 2.56476758e+00, 6.34442316e-01, 6.55162876e+03
3.04064649e+01, 1.49701906e+00, 3.18405781e-02, 9.35983548e-01, 6.64406120e-03, 2.57320999e+00, 6.25999914e-01, 6.82027823e+03
3.12600724e+01, 1.50866534e+00, 3.09980705e-02, 9.36245495e-01, 6.38211427e-03, 2.58154736e+00, 6.17662536e-01, 7.10019686e+03
3.21376434e+01, 1.52032162e+00, 3.01771610e-02, 9.36497326e-01, 6.13028264e-03, 2.58978074e+00, 6.09429165e-01, 7.39186072e+03
3.30398507e+01, 1.53198765e+00, 2.93773321e-02, 9.36739419e-01, 5.88818951e-03, 2.59791112e+00, 6.01298783e-01, 7.69576601e+03
3.39673858e+01, 1.54366317e+00, 2.85980772e-02, 9.36972138e-01, 5.65547121e-03, 2.60593953e+00, 5.93270368e-01, 8.01242997e+03
3.49209598e+01, 1.55534793e+00, 2.78388997e-02, 9.37195832e-01, 5.43177682e-03, 2.61386700e+00, 5.85342901e-01, 8.34239175e+03
3.59013038e+01, 1.56704171e+00, 2.70993135e-02, 9.37410841e-01, 5.21676775e-03, 2.62169454e+00, 5.77515360e-01, 8.68621333e+03
3.69091691e+01, 1.57874427e+00, 2.63788425e-02, 9.37617492e-01, 5.01011740e-03, 2.62942318e+00, 5.69786724e-01, 9.04448051e+03
3.79453285e+01, 1.59045537e+00, 2.56770206e-02, 9.37816098e-01, 4.81151073e-03, 2.63705393e+00, 5.62155972e-01, 9.41780387e+03
3.90105762e+01, 1.60217481e+00, 2.49933916e-02, 9.38006965e-01, 4.62064396e-03, 2.64458781e+00, 5.54622085e-01, 9.80681990e+03
4.01057288e+01, 1.61390235e+00, 2.43275093e-02, 9.38190385e-01, 4.43722414e-03, 2.65202585e+00, 5.47184047e-01, 1.02121920e+04
4.12316259e+01, 1.62563780e+00, 2.36789368e-02, 9.38366640e-01, 4.26096887e-03, 2.65936906e+00, 5.39840840e-01, 1.06346118e+04
4.23891306e+01, 1.63738095e+00, 2.30472468e-02, 9.38536003e-01, 4.09160592e-03, 2.66661845e+00, 5.32591452e-01, 1.10748000e+04
4.35791301e+01, 1.64913159e+00, 2.24320214e-02, 9.38698736e-01, 3.92887289e-03, 2.67377503e+00, 5.25434873e-01, 1.15335081e+04
4.48025368e+01, 1.66088953e+00, 2.18328518e-02, 9.38855092e-01, 3.77251693e-03, 2.68083980e+00, 5.18370095e-01, 1.20115193e+04
4.60602884e+01, 1.67265458e+00, 2.12493385e-02, 9.39005315e-01, 3.62229437e-03, 2.68781378e+00, 5.11396116e-01, 1.25096499e+04
4.73533492e+01, 1.68442656e+00, 2.06810907e-02, 9.39149638e-01, 3.47797046e-03, 2.69469797e+00, 5.04511935e-01, 1.30287509e+04
4.86827104e+01, 1.69620528e+00, 2.01277264e-02, 9.39288290e-01, 3.33931904e-03, 2.70149334e+00, 4.97716557e-01, 1.35697094e+04
5.00493910e+01, 1.70799057e+00, 1.95888723e-02, 9.39421487e-01, 3.20612228e-03, 2.70820091e+00, 4.91008991e-01, 1.41334501e+04
5.14544388e+01, 1.71978224e+00, 1.90641636e-02, 9.39549439e-01, 3.07817036e-03, 2.71482165e+00, 4.84388251e-01, 1.47209366e+04
5.28989308e+01, 1.73158015e+00, 1.85532437e-02, 9.39672348e-01, 2.95526123e-03, 2.72135654e+00, 4.77853356e-01, 1.53331737e+04
5.43839743e+01, 1.74338412e+00, 1.80557646e-02, 9.39790409e-01, 2.83720032e-03, 2.72780657e+00, 4.71403329e-01, 1.59712085e+04
5.59107078e+01, 1.75519399e+00, 1.75713858e-02, 9.39903809e-01, 2.72380031e-03, 2.73417270e+00, 4.65037201e-01, 1.66361328e+04
5.74803016e+01, 1.76700960e+00, 1.70997750e-02, 9.40012728e-01, 2.61488084e-03, 2.74045589e+00, 4.58754006e-01, 1.73290842e+04
5.90939590e+01, 1.77883082e+00, 1.66406078e-02, 9.40117341e-01, 2.51026831e-03, 2.74665711e+00, 4.52552787e-01, 1.80512488e+04
6.07529169e+01, 1.79065748e+00, 1.61935670e-02, 9.40217813e-01, 2.40979560e-03, 2.75277731e+00, 4.46432590e-01, 1.88038631e+04
6.24584471e+01, 1.80248944e+00, 1.57583434e-02, 9.40314307e-01, 2.31330188e-03, 2.75881743e+00, 4.40392469e-01, 1.95882156e+04
6.42118571e+01, 1.81432657e+00, 1.53346346e-02, 9.40406977e-01, 2.22063237e-03, 2.76477842e+00, 4.34431484e-01, 2.04056498e+04
6.60144909e+01, 1.82616872e+00, 1.49221457e-02, 9.40495971e-01, 2.13163811e-03, 2.77066120e+00, 4.28548702e-01, 2.12575659e+04
6.78677305e+01, 1.83801577e+00, 1.45205889e-02, 9.40581433e-01, 2.04617580e-03, 2.77646670e+00, 4.22743198e-01, 2.21454234e+04
6.97729965e+01, 1.84986758e+00, 1.41296829e-02, 9.40663501e-01, 1.96410753e-03, 2.78219585e+00, 4.17014050e-01, 2.30707439e+04
7.17317494e+01, 1.86172403e+00, 1.37491537e-02, 9.40742308e-01, 1.88530066e-03, 2.78784955e+00, 4.11360348e-01, 2.40351133e+04
7.37454909e+01, 1.87358500e+00, 1.33787335e-02, 9.40817981e-01, 1.80962756e-03, 2.79342871e+00, 4.05781186e-01, 2.50401847e+04
7.58157646e+01, 1.88545036e+00, 1.30181611e-02, 9.40890643e-01, 1.73696550e-03, 2.79893424e+00, 4.00275665e-01, 2.60876814e+04
7.79441575e+01, 1.89731999e+00, 1.26671819e-02, 9.40960413e-01, 1.66719640e-03, 2.80436700e+00, 3.94842896e-01, 2.71793996e+04
8.01323013e+01, 1.90919379e+00, 1.23255471e-02, 9.41027402e-01, 1.60020671e-03, 2.80972791e+00, 3.89481994e-01, 2.83172117e+04
8.23818733e+01, 1.92107165e+00, 1.19930143e-02, 9.41091722e-01, 1.53588723e-03, 2.81501781e+00, 3.84192086e-01, 2.95030694e+04
8.46945981e+01, 1.93295345e+00, 1.16693470e-02, 9.41153476e-01, 1.47413294e-03, 2.82023760e+00, 3.78972302e-01, 3.07390072e+04
8.70722485e+01, 1.94483908e+00, 1.13543144e-02, 9.41212766e-01, 1.41484288e-03, 2.82538812e+00, 3.73821782e-01, 3.20271458e+04
8.95166472e+01, 1.95672846e+00, 1.10476916e-02, 9.41269689e-01, 1.35791995e-03, 2.83047023e+00, 3.68739674e-01, 3.33696958e+04
9.20296681e+01, 1.96862147e+00, 1.07492590e-02, 9.41324338e-01, 1.30327080e-03, 2.83548477e+00, 3.63725132e-01, 3.47689614e+04
9.46132376e+01, 1.98051802e+00, 1.04588028e-02, 9.41376803e-01, 1.25080570e-03, 2.84043258e+00, 3.58777321e-01, 3.62273446e+04
9.72693362e+01, 1.99241802e+00, 1.01761143e-02, 9.41427171e-01, 1.20043837e-03, 2.84531449e+00, 3.53895411e-01, 3.77473492e+04
1.00000000e+02, 2.00432137e+00, 9.90099010e-03, 9.41475523e-01, 1.15208588e-03, 2.85013132e+00, 3.49078580e-01, 3.93315851e+04
