 --- Cosmological Parameters --- 
	 H0: 2.2047e-18 (1/s) = 68.0300 (km/s/Mpc) 
	 OmegaM: 3.1500e-01 
	 OmegaR: 0.0000e+00 
	 OmegaL: 6.8500e-01 
	 OmegaK: 0.0000e+00 
		 w0: -8.2700e-01 
		 wa: -7.5000e-01 
	 rho_crit: 8.6952e-30 (g/cm^3) 
z, log10(1+z), a, H0*t_look, H0*t_age, H0*t_conf, H0*t_conf_age, H(z) 
1.00000000e-04, 4.34272769e-05, 9.99900010e-01, 9.99917495e-05, 9.49618619e-01, 9.99967489e-05, 3.24501358e+00, 6.80344236e+01
1.02807322e-04, 4.46463579e-05, 9.99897203e-01, 1.02798602e-04, 9.49615812e-01, 1.02803886e-04, 3.24501077e+00, 6.80345478e+01
1.05693455e-04, 4.58996588e-05, 9.99894318e-01, 1.05684239e-04, 9.49612926e-01, 1.05689824e-04, 3.24500788e+00, 6.80346754e+01
1.08660611e-04, 4.71881402e-05, 9.99891351e-01, 1.08650870e-04, 9.49609960e-01, 1.08656773e-04, 3.24500492e+00, 6.80348067e+01
1.11711065e-04, 4.85127895e-05, 9.99888301e-01, 1.11700769e-04, 9.49606910e-01, 1.11707008e-04, 3.24500187e+00, 6.80349416e+01
1.14847155e-04, 4.98746217e-05, 9.99885166e-01, 1.14836273e-04, 9.49603774e-01, 1.14842867e-04, 3.24499873e+00, 6.80350803e+01
1.18071285e-04, 5.12746804e-05, 9.99881943e-01, 1.18059783e-04, 9.49600551e-01, 1.18066752e-04, 3.24499551e+00, 6.80352230e+01
1.21385926e-04, 5.27140387e-05, 9.99878629e-01, 1.21373770e-04, 9.49597237e-01, 1.21381136e-04, 3.24499219e+00, 6.80353696e+01
1.24793621e-04, 5.41937993e-05, 9.99875222e-01, 1.24780772e-04, 9.49593830e-01, 1.24788558e-04, 3.24498878e+00, 6.80355203e+01
1.28296980e-04, 5.57150964e-05, 9.99871719e-01, 1.28283400e-04, 9.49590327e-01, 1.28291629e-04, 3.24498528e+00, 6.80356753e+01
1.31898690e-04, 5.72790956e-05, 9.99868119e-01, 1.31884336e-04, 9.49586726e-01, 1.31893034e-04, 3.24498168e+00, 6.80358346e+01
1.35601511e-04, 5.88869955e-05, 9.99864417e-01, 1.35586341e-04, 9.49583024e-01, 1.35595533e-04, 3.24497798e+00, 6.80359984e+01
1.39408283e-04, 6.05400281e-05, 9.99860611e-01, 1.39392249e-04, 9.49579218e-01, 1.39401964e-04, 3.24497417e+00, 6.80361668e+01
1.43321923e-04, 6.22394601e-05, 9.99856699e-01, 1.43304976e-04, 9.49575306e-01, 1.43315245e-04, 3.24497026e+00, 6.80363399e+01
1.47345431e-04, 6.39865937e-05, 9.99852676e-01, 1.47327519e-04, 9.49571283e-01, 1.47338373e-04, 3.24496623e+00, 6.80365179e+01
1.51481892e-04, 6.57827676e-05, 9.99848541e-01, 1.51462961e-04, 9.49567148e-01, 1.51474432e-04, 3.24496210e+00, 6.80367008e+01
1.55734477e-04, 6.76293582e-05, 9.99844290e-01, 1.55714468e-04, 9.49562896e-01, 1.55726593e-04, 3.24495785e+00, 6.80368890e+01
1.60106446e-04, 6.95277803e-05, 9.99839919e-01, 1.60085298e-04, 9.49558525e-01, 1.60098113e-04, 3.24495347e+00, 6.80370823e+01
1.64601150e-04, 7.14794886e-05, 9.99835426e-01, 1.64578798e-04, 9.49554032e-01, 1.64592342e-04, 3.24494898e+00, 6.80372812e+01
1.69222035e-04, 7.34859785e-05, 9.99830807e-01, 1.69198410e-04, 9.49549412e-01, 1.69212726e-04, 0.00000000e+00, 6.80374856e+01
1.73972643e-04, 7.55487874e-05, 9.99826058e-01, 1.73947673e-04, 9.49544663e-01, 1.73962804e-04, 3.24493961e+00, 6.80376957e+01
1.78856616e-04, 7.76694958e-05, 9.99821175e-01, 1.78830225e-04, 9.49539780e-01, 1.78846217e-04, 3.24493473e+00, 6.80379117e+01
1.83877698e-04, 7.98497285e-05, 9.99816156e-01, 1.83849804e-04, 9.49534761e-01, 1.83866706e-04, 3.24492971e+00, 6.80381338e+01
1.89039738e-04, 8.20911560e-05, 9.99810996e-01, 1.89010256e-04, 9.49529600e-01, 1.89028120e-04, 3.24492454e+00, 6.80383621e+01
1.94346693e-04, 8.43954955e-05, 9.99805691e-01, 1.94315532e-04, 9.49524295e-01, 1.94334414e-04, 3.24491924e+00, 6.80385969e+01
1.99802631e-04, 8.67645125e-05, 9.99800237e-01, 1.99769697e-04, 9.49518841e-01, 1.99789653e-04, 3.24491378e+00, 6.80388382e+01
2.05411735e-04, 8.92000219e-05, 9.99794630e-01, 2.05376926e-04, 9.49513234e-01, 2.05398018e-04, 3.24490817e+00, 6.80390863e+01
2.11178304e-04, 9.17038897e-05, 9.99788866e-01, 2.11141514e-04, 9.49507469e-01, 2.11163807e-04, 3.24490241e+00, 6.80393414e+01
2.17106760e-04, 9.42780341e-05, 9.99782940e-01, 2.17067875e-04, 9.49501543e-01, 2.17091437e-04, 3.24489648e+00, 6.80396036e+01
2.23201647e-04, 9.69244272e-05, 9.99776848e-01, 2.23160548e-04, 9.49495450e-01, 2.23185452e-04, 3.24489039e+00, 6.80398732e+01
2.29467637e-04, 9.96450962e-05, 9.99770585e-01, 2.29424198e-04, 9.49489186e-01, 2.29450519e-04, 3.24488412e+00, 6.80401504e+01
2.35909533e-04, 1.02442125e-04, 9.99764146e-01, 2.35863622e-04, 9.49482747e-01, 2.35891441e-04, 3.24487768e+00, 6.80404353e+01
2.42532274e-04, 1.05317657e-04, 9.99757527e-01, 2.42483749e-04, 9.49476127e-01, 2.42513152e-04, 3.24487106e+00, 6.80407282e+01
2.49340937e-04, 1.08273895e-04, 9.99750721e-01, 2.49289650e-04, 9.49469321e-01, 2.49320726e-04, 3.24486425e+00, 6.80410294e+01
2.56340741e-04, 1.11313103e-04, 9.99743725e-01, 2.56286534e-04, 9.49462324e-01, 2.56319380e-04, 3.24485725e+00, 6.80413390e+01
2.63537052e-04, 1.14437609e-04, 9.99736532e-01, 2.63479759e-04, 9.49455131e-01, 2.63514475e-04, 3.24485006e+00, 6.80416573e+01
2.70935387e-04, 1.17649806e-04, 9.99729138e-01, 2.70874832e-04, 9.49447736e-01, 2.70911524e-04, 3.24484266e+00, 6.80419845e+01
2.78541416e-04, 1.20952156e-04, 9.99721536e-01, 2.78477415e-04, 9.49440133e-01, 2.78516195e-04, 3.24483506e+00, 6.80423210e+01
2.86360972e-04, 1.24347187e-04, 9.99713721e-01, 2.86293327e-04, 9.49432317e-01, 2.86334315e-04, 3.24482724e+00, 6.80426668e+01
2.94400048e-04, 1.27837499e-04, 9.99705687e-01, 2.94328552e-04, 9.49424282e-01, 2.94371873e-04, 3.24481920e+00, 6.80430224e+01
3.02664806e-04, 1.31425767e-04, 9.99697427e-01, 3.02589240e-04, 9.49416021e-01, 3.02635028e-04, 3.24481094e+00, 6.80433879e+01
3.11161583e-04, 1.35114738e-04, 9.99688935e-01, 3.11081715e-04, 9.49407529e-01, 3.11130109e-04, 3.24480244e+00, 6.80437638e+01
3.19896892e-04, 1.38907238e-04, 9.99680205e-01, 3.19812477e-04, 9.49398798e-01, 3.19863626e-04, 3.24479371e+00, 6.80441501e+01
3.28877429e-04, 1.42806171e-04, 9.99671231e-01, 3.28788209e-04, 9.49389822e-01, 3.28842270e-04, 3.24478473e+00, 6.80445473e+01
3.38110078e-04, 1.46814523e-04, 9.99662004e-01, 3.38015780e-04, 9.49380595e-01, 3.38072918e-04, 3.24477550e+00, 6.80449557e+01
3.47601918e-04, 1.50935364e-04, 9.99652519e-01, 3.47502252e-04, 9.49371108e-01, 3.47562642e-04, 3.24476601e+00, 6.80453755e+01
3.57360225e-04, 1.55171849e-04, 9.99642767e-01, 3.57254885e-04, 9.49361356e-01, 3.57318713e-04, 3.24475625e+00, 6.80458071e+01
3.67392478e-04, 1.59527223e-04, 9.99632742e-01, 3.67281142e-04, 9.49351330e-01, 3.67348603e-04, 3.24474622e+00, 6.80462508e+01
3.77706369e-04, 1.64004821e-04, 9.99622436e-01, 3.77588695e-04, 9.49341022e-01, 3.77659996e-04, 3.24473591e+00, 6.80467070e+01
3.88309805e-04, 1.68608072e-04, 9.99611841e-01, 3.88185432e-04, 9.49330425e-01, 3.88260792e-04, 3.24472531e+00, 6.80471760e+01
3.99210913e-04, 1.73340499e-04, 9.99600948e-01, 3.99079460e-04, 9.49319531e-01, 3.99159110e-04, 3.24471441e+00, 6.80476581e+01
4.10418050e-04, 1.78205728e-04, 9.99589750e-01, 4.10279115e-04, 9.49308332e-01, 4.10363298e-04, 3.24470321e+00, 6.80481538e+01
4.21939808e-04, 1.83207482e-04, 9.99578238e-01, 4.21792964e-04, 9.49296818e-01, 4.21881939e-04, 3.24469169e+00, 6.80486633e+01
4.33785019e-04, 1.88349591e-04, 9.99566403e-01, 4.33629816e-04, 9.49284981e-01, 4.33723855e-04, 3.24467985e+00, 6.80491872e+01
4.45962763e-04, 1.93635993e-04, 9.99554236e-01, 4.45798725e-04, 9.49272812e-01, 4.45898118e-04, 3.24466767e+00, 6.80497258e+01
4.58482375e-04, 1.99070734e-04, 9.99541728e-01, 4.58309000e-04, 9.49260302e-01, 4.58414050e-04, 3.24465516e+00, 6.80502795e+01
4.71353453e-04, 2.04657975e-04, 9.99528869e-01, 4.71170209e-04, 9.49247440e-01, 4.71281239e-04, 3.24464229e+00, 6.80508488e+01
4.84585864e-04, 2.10401992e-04, 9.99515649e-01, 4.84392190e-04, 9.49234219e-01, 4.84509539e-04, 3.24462906e+00, 6.80514340e+01
4.98189752e-04, 2.16307184e-04, 9.99502058e-01, 4.97985053e-04, 9.49220626e-01, 4.98109082e-04, 3.24461546e+00, 6.80520356e+01
5.12175544e-04, 2.22378069e-04, 9.99488087e-01, 5.11959194e-04, 9.49206651e-01, 5.12090282e-04, 3.24460148e+00, 6.80526541e+01
5.26553963e-04, 2.28619296e-04, 9.99473723e-01, 5.26325298e-04, 9.49192285e-01, 5.26463847e-04, 3.24458711e+00, 6.80532900e+01
5.41336030e-04, 2.35035640e-04, 9.99458957e-01, 5.41094349e-04, 9.49177516e-01, 5.41240784e-04, 3.24457233e+00, 6.80539438e+01
5.56533078e-04, 2.41632013e-04, 9.99443776e-01, 5.56277640e-04, 9.49162333e-01, 5.56432410e-04, 3.24455714e+00, 6.80546159e+01
5.72156756e-04, 2.48413463e-04, 9.99428170e-01, 5.71886778e-04, 9.49146724e-01, 5.72050357e-04, 3.24454152e+00, 6.80553068e+01
5.88219040e-04, 2.55385179e-04, 9.99412127e-01, 5.87933696e-04, 9.49130677e-01, 5.88106585e-04, 3.24452547e+00, 6.80560171e+01
6.04732245e-04, 2.62552498e-04, 9.99395633e-01, 6.04430659e-04, 9.49114180e-01, 6.04613388e-04, 3.24450896e+00, 6.80567474e+01
6.21709029e-04, 2.69920903e-04, 9.99378677e-01, 6.21390277e-04, 9.49097220e-01, 6.21583406e-04, 3.24449199e+00, 6.80574982e+01
6.39162405e-04, 2.77496033e-04, 9.99361246e-01, 6.38825511e-04, 9.49079785e-01, 6.39029632e-04, 3.24447454e+00, 6.80582700e+01
6.57105755e-04, 2.85283683e-04, 9.99343326e-01, 6.56749686e-04, 9.49061861e-01, 6.56965424e-04, 3.24445661e+00, 6.80590635e+01
6.75552832e-04, 2.93289812e-04, 9.99324903e-01, 6.75176496e-04, 9.49043434e-01, 6.75404513e-04, 3.24443817e+00, 6.80598793e+01
6.94517777e-04, 3.01520545e-04, 9.99305964e-01, 6.94120022e-04, 9.49024491e-01, 6.94361016e-04, 3.24441921e+00, 6.80607179e+01
7.14015130e-04, 3.09982178e-04, 9.99286494e-01, 7.13594737e-04, 9.49005016e-01, 7.13849446e-04, 3.24439972e+00, 6.80615801e+01
7.34059837e-04, 3.18681185e-04, 9.99266479e-01, 7.33615517e-04, 9.48984995e-01, 7.33884721e-04, 3.24437969e+00, 6.80624665e+01
7.54667263e-04, 3.27624220e-04, 9.99245902e-01, 7.54197654e-04, 9.48964413e-01, 7.54482179e-04, 3.24435909e+00, 6.80633778e+01
7.75853206e-04, 3.36818122e-04, 9.99224748e-01, 7.75356870e-04, 9.48943254e-01, 7.75657587e-04, 3.24433792e+00, 6.80643146e+01
7.97633907e-04, 3.46269924e-04, 9.99203002e-01, 7.97109322e-04, 9.48921501e-01, 7.97427153e-04, 3.24431615e+00, 6.80652777e+01
8.20026062e-04, 3.55986854e-04, 9.99180646e-01, 8.19471622e-04, 9.48899139e-01, 8.19807540e-04, 3.24429377e+00, 6.80662679e+01
8.43046837e-04, 3.65976343e-04, 9.99157663e-01, 8.42460842e-04, 9.48876150e-01, 8.42815877e-04, 3.24427076e+00, 6.80672858e+01
8.66713880e-04, 3.76246030e-04, 9.99134037e-01, 8.66094535e-04, 9.48852516e-01, 8.66469773e-04, 3.24424710e+00, 6.80683323e+01
8.91045332e-04, 3.86803767e-04, 9.99109748e-01, 8.90390740e-04, 9.48828220e-01, 8.90787332e-04, 3.24422279e+00, 6.80694082e+01
9.16059848e-04, 3.97657626e-04, 9.99084779e-01, 9.15368001e-04, 9.48803243e-01, 9.15787162e-04, 3.24419779e+00, 6.80705143e+01
9.41776601e-04, 4.08815904e-04, 9.99059110e-01, 9.41045381e-04, 9.48777565e-01, 9.41488394e-04, 3.24417208e+00, 6.80716513e+01
9.68215306e-04, 4.20287133e-04, 9.99032721e-01, 9.67442474e-04, 9.48751168e-01, 9.67910695e-04, 3.24414566e+00, 6.80728203e+01
9.95396231e-04, 4.32080081e-04, 9.99005594e-01, 9.94579418e-04, 9.48724031e-01, 9.95074283e-04, 3.24411850e+00, 6.80740221e+01
1.02334021e-03, 4.44203760e-04, 9.98977706e-01, 1.02247692e-03, 9.48696134e-01, 1.02299994e-03, 3.24409057e+00, 6.80752577e+01
1.05206867e-03, 4.56667438e-04, 9.98949037e-01, 1.05115625e-03, 9.48667454e-01, 1.05170903e-03, 3.24406186e+00, 6.80765279e+01
1.08160363e-03, 4.69480638e-04, 9.98919565e-01, 1.08063928e-03, 9.48637971e-01, 1.08122352e-03, 3.24403235e+00, 6.80778337e+01
1.11196773e-03, 4.82653152e-04, 9.98889267e-01, 1.11094851e-03, 9.48607662e-01, 1.11156599e-03, 3.24400201e+00, 6.80791761e+01
1.14318425e-03, 4.96195044e-04, 9.98858121e-01, 1.14210703e-03, 9.48576504e-01, 1.14275964e-03, 3.24397081e+00, 6.80805563e+01
1.17527712e-03, 5.10116661e-04, 9.98826103e-01, 1.17413860e-03, 9.48544472e-01, 1.17482834e-03, 3.24393874e+00, 6.80819751e+01
1.20827094e-03, 5.24428638e-04, 9.98793187e-01, 1.20706763e-03, 9.48511543e-01, 1.20779662e-03, 3.24390578e+00, 6.80834338e+01
1.24219100e-03, 5.39141905e-04, 9.98759350e-01, 1.24091922e-03, 9.48477691e-01, 1.24168969e-03, 3.24387188e+00, 6.80849334e+01
1.27706330e-03, 5.54267703e-04, 9.98724566e-01, 1.27571916e-03, 9.48442892e-01, 1.27653346e-03, 3.24383704e+00, 6.80864750e+01
1.31291459e-03, 5.69817580e-04, 9.98688807e-01, 1.31149396e-03, 9.48407117e-01, 1.31235459e-03, 3.24380122e+00, 6.80880599e+01
1.34977233e-03, 5.85803413e-04, 9.98652047e-01, 1.34827087e-03, 9.48370340e-01, 1.34918047e-03, 3.24376439e+00, 6.80896893e+01
1.38766479e-03, 6.02237406e-04, 9.98614258e-01, 1.38607790e-03, 9.48332533e-01, 1.38703924e-03, 3.24372653e+00, 6.80913644e+01
1.42662102e-03, 6.19132106e-04, 9.98575411e-01, 1.42494384e-03, 9.48293667e-01, 1.42595987e-03, 3.24368761e+00, 6.80930865e+01
1.46667087e-03, 6.36500410e-04, 9.98535477e-01, 1.46489826e-03, 9.48253712e-01, 1.46597209e-03, 3.24364760e+00, 6.80948568e+01
1.50784505e-03, 6.54355573e-04, 9.98494425e-01, 1.50597159e-03, 9.48212639e-01, 1.50710651e-03, 3.24360647e+00, 6.80966769e+01
1.55017512e-03, 6.72711224e-04, 9.98452224e-01, 1.54819507e-03, 9.48170416e-01, 1.54939455e-03, 3.24356418e+00, 6.80985480e+01
1.59369353e-03, 6.91581368e-04, 9.98408842e-01, 1.59160084e-03, 9.48127010e-01, 1.59286854e-03, 3.24352070e+00, 6.81004716e+01
1.63843365e-03, 7.10980403e-04, 9.98364246e-01, 1.63622189e-03, 9.48082389e-01, 1.63756171e-03, 3.24347601e+00, 6.81024491e+01
1.68442976e-03, 7.30923128e-04, 9.98318403e-01, 1.68209218e-03, 9.48036519e-01, 1.68350821e-03, 3.24343006e+00, 6.81044821e+01
1.73171713e-03, 7.51424755e-04, 9.98271277e-01, 1.72924657e-03, 9.47989364e-01, 1.73074314e-03, 3.24338283e+00, 6.81065721e+01
1.78033202e-03, 7.72500920e-04, 9.98222832e-01, 1.77772091e-03, 9.47940890e-01, 1.77930260e-03, 3.24333427e+00, 6.81087208e+01
1.83031168e-03, 7.94167695e-04, 9.98173032e-01, 1.82755203e-03, 9.47891059e-01, 1.82922368e-03, 3.24328435e+00, 6.81109297e+01
1.88169442e-03, 8.16441599e-04, 9.98121840e-01, 1.87877780e-03, 9.47839833e-01, 1.88054452e-03, 3.24323303e+00, 6.81132006e+01
1.93451965e-03, 8.39339613e-04, 9.98069215e-01, 1.93143711e-03, 9.47787174e-01, 1.93330432e-03, 3.24318027e+00, 6.81155352e+01
1.98882786e-03, 8.62879189e-04, 9.98015120e-01, 1.98556997e-03, 9.47733041e-01, 1.98754337e-03, 3.24312603e+00, 6.81179352e+01
2.04466067e-03, 8.87078267e-04, 9.97959511e-01, 2.04121747e-03, 9.47677393e-01, 2.04330310e-03, 3.24307027e+00, 6.81204025e+01
2.10206088e-03, 9.11955285e-04, 9.97902349e-01, 2.09842184e-03, 9.47620189e-01, 2.10062607e-03, 3.24301295e+00, 6.81229391e+01
2.16107251e-03, 9.37529196e-04, 9.97843588e-01, 2.15722648e-03, 9.47561384e-01, 2.15955606e-03, 3.24295402e+00, 6.81255468e+01
2.22174078e-03, 9.63819479e-04, 9.97783184e-01, 2.21767601e-03, 9.47500935e-01, 2.22013805e-03, 3.24289343e+00, 6.81282276e+01
2.28411221e-03, 9.90846156e-04, 9.97721093e-01, 2.27981625e-03, 9.47438794e-01, 2.28241829e-03, 3.24283115e+00, 6.81309835e+01
2.34823460e-03, 1.01862981e-03, 9.97657267e-01, 2.34369431e-03, 9.47374916e-01, 2.34644431e-03, 3.24276713e+00, 6.81338168e+01
2.41415712e-03, 1.04719158e-03, 9.97591657e-01, 2.40935862e-03, 9.47309252e-01, 2.41226497e-03, 3.24270131e+00, 6.81367295e+01
2.48193029e-03, 1.07655322e-03, 9.97524214e-01, 2.47685890e-03, 9.47241752e-01, 2.47993050e-03, 3.24263364e+00, 6.81397238e+01
2.55160607e-03, 1.10673706e-03, 9.97454888e-01, 2.54624628e-03, 9.47172364e-01, 2.54949251e-03, 3.24256408e+00, 6.81428022e+01
2.62323788e-03, 1.13776607e-03, 9.97383625e-01, 2.61757330e-03, 9.47101037e-01, 2.62100408e-03, 3.24249257e+00, 6.81459668e+01
2.69688063e-03, 1.16966386e-03, 9.97310373e-01, 2.69089393e-03, 9.47027717e-01, 2.69451975e-03, 3.24241905e+00, 6.81492201e+01
2.77259076e-03, 1.20245468e-03, 9.97235075e-01, 2.76626365e-03, 9.46952347e-01, 2.77009559e-03, 3.24234348e+00, 6.81525647e+01
2.85042632e-03, 1.23616346e-03, 9.97157676e-01, 2.84373945e-03, 9.46874871e-01, 2.84778921e-03, 3.24226578e+00, 6.81560030e+01
2.93044698e-03, 1.27081583e-03, 9.97078115e-01, 2.92337990e-03, 9.46795231e-01, 2.92765986e-03, 3.24218591e+00, 6.81595377e+01
3.01271407e-03, 1.30643812e-03, 9.96996335e-01, 3.00524518e-03, 9.46713366e-01, 3.00976841e-03, 3.24210380e+00, 6.81631715e+01
3.09729067e-03, 1.34305740e-03, 9.96912273e-01, 3.08939714e-03, 9.46629214e-01, 3.09417746e-03, 3.24201940e+00, 6.81669071e+01
3.18424160e-03, 1.38070148e-03, 9.96825866e-01, 3.17589932e-03, 9.46542711e-01, 3.18095131e-03, 3.24193262e+00, 6.81707475e+01
3.27363353e-03, 1.41939895e-03, 9.96737048e-01, 3.26481699e-03, 9.46453794e-01, 3.27015610e-03, 3.24184342e+00, 6.81746955e+01
3.36553498e-03, 1.45917918e-03, 9.96645754e-01, 3.35621724e-03, 9.46362393e-01, 3.36185976e-03, 3.24175171e+00, 6.81787541e+01
3.46001639e-03, 1.50007238e-03, 9.96551914e-01, 3.45016900e-03, 9.46268442e-01, 3.45613215e-03, 3.24165744e+00, 6.81829265e+01
3.55715021e-03, 1.54210957e-03, 9.96455458e-01, 3.54674307e-03, 9.46171868e-01, 3.55304506e-03, 3.24156053e+00, 6.81872158e+01
3.65701088e-03, 1.58532264e-03, 9.96356314e-01, 3.64601220e-03, 9.46072598e-01, 3.65267226e-03, 3.24146090e+00, 6.81916253e+01
3.75967497e-03, 1.62974435e-03, 9.96254407e-01, 3.74805116e-03, 9.45970560e-01, 3.75508961e-03, 3.24135848e+00, 6.81961584e+01
3.86522116e-03, 1.67540839e-03, 9.96149661e-01, 3.85293673e-03, 9.45865674e-01, 3.86037505e-03, 3.24125320e+00, 6.82008185e+01
3.97373038e-03, 1.72234936e-03, 9.96041998e-01, 3.96074780e-03, 9.45757863e-01, 3.96860869e-03, 3.24114496e+00, 6.82056092e+01
4.08528580e-03, 1.77060283e-03, 9.95931336e-01, 4.07156545e-03, 9.45647045e-01, 4.07987288e-03, 3.24103370e+00, 6.82105341e+01
4.19997295e-03, 1.82020534e-03, 9.95817593e-01, 4.18547292e-03, 9.45533138e-01, 4.19425223e-03, 3.24091932e+00, 6.82155969e+01
4.31787973e-03, 1.87119444e-03, 9.95700684e-01, 4.30255578e-03, 9.45416055e-01, 4.31183373e-03, 3.24080174e+00, 6.82208016e+01
4.43909653e-03, 1.92360874e-03, 9.95580522e-01, 4.42290189e-03, 9.45295709e-01, 4.43270677e-03, 3.24068087e+00, 6.82261521e+01
4.56371628e-03, 1.97748788e-03, 9.95457017e-01, 4.54660152e-03, 9.45172009e-01, 4.55696323e-03, 3.24055661e+00, 6.82316525e+01
4.69183451e-03, 2.03287261e-03, 9.95330076e-01, 4.67374741e-03, 9.45044863e-01, 4.68469752e-03, 3.24042888e+00, 6.82373069e+01
4.82354943e-03, 2.08980480e-03, 9.95199606e-01, 4.80443482e-03, 9.44914176e-01, 4.81600670e-03, 3.24029757e+00, 6.82431197e+01
4.95896201e-03, 2.14832749e-03, 9.95065508e-01, 4.93876158e-03, 9.44779849e-01, 4.95099049e-03, 3.24016258e+00, 6.82490953e+01
5.09817606e-03, 2.20848488e-03, 9.94927683e-01, 5.07682820e-03, 9.44641782e-01, 5.08975138e-03, 3.24002382e+00, 6.82552382e+01
5.24129830e-03, 2.27032240e-03, 9.94786030e-01, 5.21873791e-03, 9.44499873e-01, 5.23239473e-03, 3.23988118e+00, 6.82615532e+01
5.38843844e-03, 2.33388671e-03, 9.94640441e-01, 5.36459673e-03, 9.44354014e-01, 5.37902877e-03, 3.23973454e+00, 6.82680450e+01
5.53970928e-03, 2.39922578e-03, 9.94490810e-01, 5.51451358e-03, 9.44204097e-01, 5.52976477e-03, 3.23958381e+00, 6.82747185e+01
5.69522678e-03, 2.46638889e-03, 9.94337025e-01, 5.66860029e-03, 9.44050010e-01, 5.68471706e-03, 3.23942886e+00, 6.82815789e+01
5.85511016e-03, 2.53542665e-03, 9.94178973e-01, 5.82697174e-03, 9.43891639e-01, 5.84400313e-03, 3.23926957e+00, 6.82886313e+01
6.01948197e-03, 2.60639109e-03, 9.94016535e-01, 5.98974590e-03, 9.43728865e-01, 6.00774373e-03, 3.23910583e+00, 6.82958812e+01
6.18846824e-03, 2.67933564e-03, 9.93849593e-01, 6.15704392e-03, 9.43561567e-01, 6.17606294e-03, 3.23893751e+00, 6.83033340e+01
6.36219849e-03, 2.75431521e-03, 9.93678023e-01, 6.32899022e-03, 9.43389620e-01, 6.34908826e-03, 3.23876448e+00, 6.83109954e+01
6.54080591e-03, 2.83138620e-03, 9.93501698e-01, 6.50571257e-03, 9.43212898e-01, 6.52695073e-03, 3.23858662e+00, 6.83188711e+01
6.72442742e-03, 2.91060657e-03, 9.93320488e-01, 6.68734217e-03, 9.43031269e-01, 6.70978500e-03, 3.23840379e+00, 6.83269673e+01
6.91320378e-03, 2.99203585e-03, 9.93134260e-01, 6.87401373e-03, 9.42844597e-01, 6.89772944e-03, 3.23821584e+00, 6.83352900e+01
7.10727970e-03, 3.07573520e-03, 9.92942877e-01, 7.06586558e-03, 9.42652745e-01, 7.09092622e-03, 3.23802265e+00, 6.83438456e+01
7.30680395e-03, 3.16176744e-03, 9.92746198e-01, 7.26303977e-03, 9.42455571e-01, 7.28952145e-03, 3.23782405e+00, 6.83526406e+01
7.51192949e-03, 3.25019713e-03, 9.92544079e-01, 7.46568212e-03, 9.42252929e-01, 7.49366525e-03, 3.23761991e+00, 6.83616816e+01
7.72281357e-03, 3.34109055e-03, 9.92336371e-01, 7.67394236e-03, 9.42044668e-01, 7.70351189e-03, 3.23741006e+00, 6.83709754e+01
7.93961785e-03, 3.43451582e-03, 9.92122923e-01, 7.88797420e-03, 9.41830636e-01, 7.91921986e-03, 3.23719435e+00, 6.83805293e+01
8.16250851e-03, 3.53054289e-03, 9.91903579e-01, 8.10793545e-03, 9.41610675e-01, 8.14095203e-03, 3.23697262e+00, 6.83903503e+01
8.39165644e-03, 3.62924361e-03, 9.91678177e-01, 8.33398812e-03, 9.41384623e-01, 8.36887575e-03, 3.23674470e+00, 6.84004459e+01
8.62723729e-03, 3.73069181e-03, 9.91446555e-01, 8.56629850e-03, 9.41152312e-01, 8.60316296e-03, 3.23651041e+00, 6.84108238e+01
8.86943166e-03, 3.83496328e-03, 9.91208544e-01, 8.80503729e-03, 9.40913573e-01, 8.84399032e-03, 3.23626958e+00, 6.84214919e+01
9.11842520e-03, 3.94213590e-03, 9.90963969e-01, 9.05037972e-03, 9.40668231e-01, 9.09153934e-03, 3.23602203e+00, 6.84324582e+01
9.37440879e-03, 4.05228964e-03, 9.90712655e-01, 9.30250563e-03, 9.40416105e-01, 9.34599650e-03, 3.23576758e+00, 6.84437310e+01
9.63757866e-03, 4.16550662e-03, 9.90454418e-01, 9.56159960e-03, 9.40157011e-01, 9.60755342e-03, 3.23550602e+00, 6.84553189e+01
9.90813657e-03, 4.28187121e-03, 9.90189071e-01, 9.82785108e-03, 9.39890760e-01, 9.87640693e-03, 3.23523717e+00, 6.84672307e+01
1.01862899e-02, 4.40147004e-03, 9.89916424e-01, 1.01014545e-02, 9.39617156e-01, 1.01527593e-02, 3.23496081e+00, 6.84794753e+01
1.04722519e-02, 4.52439206e-03, 9.89636280e-01, 1.03826093e-02, 9.39336001e-01, 1.04368182e-02, 3.23467675e+00, 6.84920620e+01
1.07662418e-02, 4.65072864e-03, 9.89348436e-01, 1.06715202e-02, 9.39047090e-01, 1.07287972e-02, 3.23438478e+00, 6.85050003e+01
1.10684849e-02, 4.78057359e-03, 9.89052685e-01, 1.09683974e-02, 9.38750213e-01, 1.10289155e-02, 3.23408466e+00, 6.85183000e+01
1.13792129e-02, 4.91402325e-03, 9.88748817e-01, 1.12734563e-02, 9.38445154e-01, 1.13373983e-02, 3.23377617e+00, 6.85319712e+01
1.16986641e-02, 5.05117654e-03, 9.88436612e-01, 1.15869182e-02, 9.38131693e-01, 1.16544772e-02, 3.23345910e+00, 6.85460242e+01
1.20270833e-02, 5.19213502e-03, 9.88115848e-01, 1.19090097e-02, 9.37809601e-01, 1.19803896e-02, 3.23313318e+00, 6.85604696e+01
1.23647224e-02, 5.33700299e-03, 9.87786297e-01, 1.22399638e-02, 9.37478647e-01, 1.23153800e-02, 3.23279819e+00, 6.85753183e+01
1.27118400e-02, 5.48588750e-03, 9.87447723e-01, 1.25800191e-02, 9.37138592e-01, 1.26596990e-02, 3.23245387e+00, 6.85905814e+01
1.30687023e-02, 5.63889849e-03, 9.87099885e-01, 1.29294204e-02, 9.36789190e-01, 1.30136042e-02, 3.23209997e+00, 6.86062706e+01
1.34355829e-02, 5.79614881e-03, 9.86742539e-01, 1.32884191e-02, 9.36430192e-01, 1.33773604e-02, 3.23173621e+00, 6.86223977e+01
1.38127630e-02, 5.95775431e-03, 9.86375430e-01, 1.36572727e-02, 9.36061338e-01, 1.37512393e-02, 3.23136233e+00, 6.86389747e+01
1.42005318e-02, 6.12383394e-03, 9.85998300e-01, 1.40362453e-02, 9.35682365e-01, 1.41355200e-02, 3.23097805e+00, 6.86560142e+01
1.45991865e-02, 6.29450978e-03, 9.85610883e-01, 1.44256079e-02, 9.35293003e-01, 1.45304894e-02, 3.23058308e+00, 6.86735291e+01
1.50090328e-02, 6.46990713e-03, 9.85212907e-01, 1.48256382e-02, 9.34892972e-01, 1.49364418e-02, 3.23017713e+00, 6.86915325e+01
1.54303847e-02, 6.65015464e-03, 9.84804094e-01, 1.52366211e-02, 9.34481990e-01, 1.53536797e-02, 3.22975989e+00, 6.87100379e+01
1.58635653e-02, 6.83538432e-03, 9.84384158e-01, 1.56588485e-02, 9.34059762e-01, 1.57825137e-02, 3.22933106e+00, 6.87290593e+01
1.63089068e-02, 7.02573168e-03, 9.83952805e-01, 1.60926199e-02, 9.33625991e-01, 1.62232628e-02, 3.22889031e+00, 6.87486111e+01
1.67667503e-02, 7.22133576e-03, 9.83509738e-01, 1.65382419e-02, 9.33180369e-01, 1.66762544e-02, 3.22843732e+00, 6.87687078e+01
1.72374471e-02, 7.42233928e-03, 9.83054648e-01, 1.69960292e-02, 9.32722581e-01, 1.71418250e-02, 3.22797175e+00, 6.87893646e+01
1.77213578e-02, 7.62888867e-03, 9.82587220e-01, 1.74663041e-02, 9.32252307e-01, 1.76203200e-02, 3.22749325e+00, 6.88105970e+01
1.82188534e-02, 7.84113421e-03, 9.82107134e-01, 1.79493969e-02, 9.31769214e-01, 1.81120940e-02, 3.22700148e+00, 6.88324209e+01
1.87303154e-02, 8.05923009e-03, 9.81614059e-01, 1.84456461e-02, 9.31272965e-01, 1.86175112e-02, 3.22649606e+00, 6.88548528e+01
1.92561357e-02, 8.28333450e-03, 9.81107658e-01, 1.89553985e-02, 9.30763212e-01, 1.91369455e-02, 3.22597663e+00, 6.88779095e+01
1.97967175e-02, 8.51360975e-03, 9.80587585e-01, 1.94790095e-02, 9.30239601e-01, 1.96707807e-02, 3.22544279e+00, 6.89016081e+01
2.03524752e-02, 8.75022235e-03, 9.80053486e-01, 2.00168431e-02, 9.29701768e-01, 2.02194110e-02, 3.22489416e+00, 6.89259666e+01
2.09238348e-02, 8.99334311e-03, 9.79504999e-01, 2.05692721e-02, 9.29149339e-01, 2.07832412e-02, 3.22433033e+00, 6.89510032e+01
2.15112343e-02, 9.24314725e-03, 9.78941755e-01, 2.11366784e-02, 9.28581932e-01, 2.13626864e-02, 3.22375089e+00, 6.89767366e+01
2.21151240e-02, 9.49981449e-03, 9.78363373e-01, 2.17194532e-02, 9.27999158e-01, 2.19581733e-02, 3.22315540e+00, 6.90031861e+01
2.27359668e-02, 9.76352916e-03, 9.77769466e-01, 2.23179968e-02, 9.27400614e-01, 2.25701395e-02, 3.22254343e+00, 6.90303714e+01
2.33742387e-02, 1.00344803e-02, 9.77159637e-01, 2.29327192e-02, 9.26785891e-01, 2.31990344e-02, 3.22191454e+00, 6.90583129e+01
2.40304289e-02, 1.03128618e-02, 9.76533482e-01, 2.35640403e-02, 9.26154570e-01, 2.38453193e-02, 3.22126825e+00, 6.90870316e+01
2.47050406e-02, 1.05988725e-02, 9.75890584e-01, 2.42123897e-02, 9.25506221e-01, 2.45094675e-02, 3.22060411e+00, 6.91165489e+01
2.53985907e-02, 1.08927162e-02, 9.75230519e-01, 2.48782072e-02, 9.24840403e-01, 2.51919649e-02, 3.21992161e+00, 6.91468867e+01
2.61116110e-02, 1.11946019e-02, 9.74552855e-01, 2.55619428e-02, 9.24156668e-01, 2.58933101e-02, 3.21922026e+00, 6.91780679e+01
2.68446481e-02, 1.15047439e-02, 9.73857148e-01, 2.62640570e-02, 9.23454554e-01, 2.66140149e-02, 3.21849956e+00, 6.92101156e+01
2.75982639e-02, 1.18233619e-02, 9.73142944e-01, 2.69850209e-02, 9.22733590e-01, 2.73546044e-02, 3.21775897e+00, 6.92430539e+01
2.83730362e-02, 1.21506810e-02, 9.72409782e-01, 2.77253165e-02, 9.21993294e-01, 2.81156176e-02, 3.21699796e+00, 6.92769072e+01
2.91695588e-02, 1.24869320e-02, 9.71657189e-01, 2.84854366e-02, 9.21233174e-01, 2.88976073e-02, 3.21621597e+00, 6.93117008e+01
2.99884423e-02, 1.28323514e-02, 9.70884681e-01, 2.92658854e-02, 9.20452725e-01, 2.97011409e-02, 3.21541243e+00, 6.93474607e+01
3.08303146e-02, 1.31871818e-02, 9.70091766e-01, 3.00671782e-02, 9.19651432e-01, 3.05268005e-02, 3.21458677e+00, 6.93842135e+01
3.16958209e-02, 1.35516713e-02, 9.69277940e-01, 3.08898421e-02, 9.18828769e-01, 3.13751833e-02, 3.21373839e+00, 6.94219867e+01
3.25856248e-02, 1.39260747e-02, 9.68442690e-01, 3.17344156e-02, 9.17984195e-01, 3.22469019e-02, 3.21286667e+00, 6.94608083e+01
3.35004083e-02, 1.43106525e-02, 9.67585491e-01, 3.26014492e-02, 9.17117162e-01, 3.31425848e-02, 3.21197099e+00, 6.95007072e+01
3.44408728e-02, 1.47056720e-02, 9.66705808e-01, 3.34915053e-02, 9.16227105e-01, 3.40628765e-02, 3.21105070e+00, 6.95417133e+01
3.54077391e-02, 1.51114068e-02, 9.65803096e-01, 3.44051586e-02, 9.15313452e-01, 3.50084384e-02, 3.21010513e+00, 6.95838569e+01
3.64017485e-02, 1.55281370e-02, 9.64876798e-01, 3.53429960e-02, 9.14375615e-01, 3.59799485e-02, 3.20913362e+00, 6.96271695e+01
3.74236629e-02, 1.59561497e-02, 9.63926345e-01, 3.63056170e-02, 9.13412994e-01, 3.69781023e-02, 3.20813547e+00, 6.96716834e+01
3.84742658e-02, 1.63957388e-02, 9.62951161e-01, 3.72936336e-02, 9.12424977e-01, 3.80036130e-02, 3.20710996e+00, 6.97174316e+01
3.95543624e-02, 1.68472053e-02, 9.61950655e-01, 3.83076707e-02, 9.11410940e-01, 3.90572119e-02, 3.20605636e+00, 6.97644481e+01
4.06647809e-02, 1.73108570e-02, 9.60924227e-01, 3.93483660e-02, 9.10370245e-01, 4.01396489e-02, 3.20497392e+00, 6.98127681e+01
4.18063724e-02, 1.77870096e-02, 9.59871264e-01, 4.04163703e-02, 9.09302240e-01, 4.12516928e-02, 3.20386188e+00, 6.98624274e+01
4.29800121e-02, 1.82759856e-02, 9.58791145e-01, 4.15123474e-02, 9.08206263e-01, 4.23941317e-02, 3.20271944e+00, 6.99134629e+01
4.41865996e-02, 1.87781154e-02, 9.57683234e-01, 4.26369746e-02, 9.07081636e-01, 4.35677736e-02, 3.20154580e+00, 6.99659128e+01
4.54270599e-02, 1.92937372e-02, 9.56546887e-01, 4.37909423e-02, 9.05927668e-01, 4.47734467e-02, 3.20034013e+00, 7.00198160e+01
4.67023439e-02, 1.98231967e-02, 9.55381447e-01, 4.49749546e-02, 9.04743656e-01, 4.60119999e-02, 3.19910157e+00, 7.00752126e+01
4.80134292e-02, 2.03668477e-02, 9.54186246e-01, 4.61897290e-02, 9.03528882e-01, 4.72843032e-02, 3.19782927e+00, 7.01321439e+01
4.93613210e-02, 2.09250522e-02, 9.52960606e-01, 4.74359967e-02, 9.02282614e-01, 4.85912481e-02, 3.19652232e+00, 7.01906523e+01
5.07470524e-02, 2.14981804e-02, 9.51703836e-01, 4.87145024e-02, 9.01004108e-01, 4.99337481e-02, 3.19517982e+00, 7.02507815e+01
5.21716858e-02, 2.20866106e-02, 9.50415235e-01, 5.00260048e-02, 8.99692606e-01, 5.13127392e-02, 3.19380083e+00, 7.03125763e+01
5.36363132e-02, 2.26907300e-02, 9.49094092e-01, 5.13712761e-02, 8.98347335e-01, 5.27291804e-02, 3.19238439e+00, 7.03760827e+01
5.51420574e-02, 2.33109341e-02, 9.47739684e-01, 5.27511025e-02, 8.96967508e-01, 5.41840540e-02, 3.19092952e+00, 7.04413482e+01
5.66900727e-02, 2.39476274e-02, 9.46351277e-01, 5.41662839e-02, 8.95552327e-01, 5.56783663e-02, 3.18943521e+00, 7.05084216e+01
5.82815458e-02, 2.46012230e-02, 9.44928128e-01, 5.56176339e-02, 8.94100977e-01, 5.72131478e-02, 3.18790042e+00, 7.05773530e+01
5.99176967e-02, 2.52721433e-02, 9.43469482e-01, 5.71059799e-02, 8.92612631e-01, 5.87894540e-02, 3.18632412e+00, 7.06481941e+01
6.15997796e-02, 2.59608197e-02, 9.41974574e-01, 5.86321630e-02, 8.91086448e-01, 6.04083655e-02, 3.18470521e+00, 7.07209978e+01
6.33290840e-02, 2.66676928e-02, 9.40442630e-01, 6.01970380e-02, 8.89521573e-01, 6.20709889e-02, 3.18304258e+00, 7.07958189e+01
6.51069356e-02, 2.73932126e-02, 9.38872865e-01, 6.18014731e-02, 8.87917138e-01, 6.37784570e-02, 3.18133512e+00, 7.08727135e+01
6.69346971e-02, 2.81378388e-02, 9.37264486e-01, 6.34463501e-02, 8.86272261e-01, 6.55319294e-02, 3.17958164e+00, 7.09517394e+01
6.88137699e-02, 2.89020403e-02, 9.35616689e-01, 6.51325638e-02, 8.84586047e-01, 6.73325929e-02, 3.17778098e+00, 7.10329563e+01
7.07455942e-02, 2.96862961e-02, 9.33928662e-01, 6.68610226e-02, 8.82857588e-01, 6.91816621e-02, 3.17593191e+00, 7.11164255e+01
7.27316511e-02, 3.04910947e-02, 9.32199585e-01, 6.86326473e-02, 8.81085963e-01, 7.10803799e-02, 3.17403319e+00, 7.12022099e+01
7.47734631e-02, 3.13169348e-02, 9.30428629e-01, 7.04483720e-02, 8.79270239e-01, 7.30300179e-02, 3.17208355e+00, 7.12903747e+01
7.68725952e-02, 3.21643250e-02, 9.28614958e-01, 7.23091428e-02, 8.77409468e-01, 7.50318769e-02, 3.17008170e+00, 7.13809868e+01
7.90306568e-02, 3.30337838e-02, 9.26757728e-01, 7.42159182e-02, 8.75502692e-01, 7.70872875e-02, 3.16802629e+00, 7.14741151e+01
8.12493021e-02, 3.39258402e-02, 9.24856088e-01, 7.61696688e-02, 8.73548942e-01, 7.91976104e-02, 3.16591596e+00, 7.15698308e+01
8.35302320e-02, 3.48410332e-02, 9.22909182e-01, 7.81713766e-02, 8.71547234e-01, 8.13642371e-02, 3.16374934e+00, 7.16682070e+01
8.58751948e-02, 3.57799125e-02, 9.20916146e-01, 8.02220348e-02, 8.69496576e-01, 8.35885901e-02, 3.16152498e+00, 7.17693193e+01
8.82859884e-02, 3.67430377e-02, 9.18876114e-01, 8.23226473e-02, 8.67395963e-01, 8.58721237e-02, 3.15924145e+00, 7.18732456e+01
9.07644607e-02, 3.77309793e-02, 9.16788212e-01, 8.44742286e-02, 8.65244382e-01, 8.82163241e-02, 3.15689725e+00, 7.19800661e+01
9.33125118e-02, 3.87443182e-02, 9.14651565e-01, 8.66778029e-02, 8.63040808e-01, 9.06227102e-02, 3.15449086e+00, 7.20898637e+01
9.59320948e-02, 3.97836456e-02, 9.12465293e-01, 8.89344037e-02, 8.60784207e-01, 9.30928339e-02, 3.15202074e+00, 7.22027239e+01
9.86252179e-02, 4.08495636e-02, 9.10228514e-01, 9.12450734e-02, 8.58473537e-01, 9.56282803e-02, 3.14948529e+00, 7.23187348e+01
1.01393946e-01, 4.19426849e-02, 9.07940346e-01, 9.36108623e-02, 8.56107748e-01, 9.82306685e-02, 3.14688290e+00, 7.24379875e+01
1.04240401e-01, 4.30636326e-02, 9.05599903e-01, 9.60328284e-02, 8.53685782e-01, 1.00901652e-01, 3.14421192e+00, 7.25605762e+01
1.07166765e-01, 4.42130406e-02, 9.03206303e-01, 9.85120363e-02, 8.51206574e-01, 1.03642918e-01, 3.14147065e+00, 7.26865979e+01
1.10175281e-01, 4.53915533e-02, 9.00758661e-01, 1.01049557e-01, 8.48669054e-01, 1.06456191e-01, 3.13865738e+00, 7.28161532e+01
1.13268257e-01, 4.65998259e-02, 8.98256098e-01, 1.03646465e-01, 8.46072146e-01, 1.09343227e-01, 3.13577035e+00, 7.29493459e+01
1.16448062e-01, 4.78385241e-02, 8.95697735e-01, 1.06303842e-01, 8.43414769e-01, 1.12305822e-01, 3.13280775e+00, 7.30862833e+01
1.19717134e-01, 4.91083240e-02, 8.93082699e-01, 1.09022771e-01, 8.40695840e-01, 1.15345805e-01, 3.12976777e+00, 7.32270765e+01
1.23077980e-01, 5.04099123e-02, 8.90410121e-01, 1.11804337e-01, 8.37914274e-01, 1.18465043e-01, 3.12664853e+00, 7.33718404e+01
1.26533176e-01, 5.17439860e-02, 8.87679139e-01, 1.14649628e-01, 8.35068983e-01, 1.21665438e-01, 3.12344813e+00, 7.35206940e+01
1.30085370e-01, 5.31112527e-02, 8.84888900e-01, 1.17559730e-01, 8.32158880e-01, 1.24948929e-01, 3.12016464e+00, 7.36737607e+01
1.33737286e-01, 5.45124297e-02, 8.82038557e-01, 1.20535731e-01, 8.29182879e-01, 1.28317494e-01, 3.11679608e+00, 7.38311680e+01
1.37491723e-01, 5.59482450e-02, 8.79127276e-01, 1.23578715e-01, 8.26139896e-01, 1.31773145e-01, 3.11334043e+00, 7.39930483e+01
1.41351558e-01, 5.74194362e-02, 8.76154234e-01, 1.26689762e-01, 8.23028849e-01, 1.35317933e-01, 3.10979564e+00, 7.41595390e+01
1.45319752e-01, 5.89267507e-02, 8.73118619e-01, 1.29869947e-01, 8.19848664e-01, 1.38953946e-01, 3.10615963e+00, 7.43307823e+01
1.49399346e-01, 6.04709458e-02, 8.70019635e-01, 1.33120340e-01, 8.16598271e-01, 1.42683309e-01, 3.10243026e+00, 7.45069261e+01
1.53593468e-01, 6.20527881e-02, 8.66856504e-01, 1.36442003e-01, 8.13276608e-01, 1.46508185e-01, 3.09860539e+00, 7.46881237e+01
1.57905331e-01, 6.36730536e-02, 8.63628462e-01, 1.39835987e-01, 8.09882624e-01, 1.50430772e-01, 3.09468280e+00, 7.48745347e+01
1.62338243e-01, 6.53325272e-02, 8.60334766e-01, 1.43303332e-01, 8.06415278e-01, 1.54453307e-01, 3.09066027e+00, 7.50663247e+01
1.66895601e-01, 6.70320026e-02, 8.56974693e-01, 1.46845068e-01, 8.02873543e-01, 1.58578064e-01, 3.08653551e+00, 7.52636658e+01
1.71580899e-01, 6.87722823e-02, 8.53547545e-01, 1.50462206e-01, 7.99256405e-01, 1.62807351e-01, 3.08230622e+00, 7.54667374e+01
1.76397728e-01, 7.05541769e-02, 8.50052645e-01, 1.54155743e-01, 7.95562867e-01, 1.67143513e-01, 3.07797006e+00, 7.56757258e+01
1.81349780e-01, 7.23785049e-02, 8.46489343e-01, 1.57926657e-01, 7.91791954e-01, 1.71588933e-01, 3.07352464e+00, 7.58908252e+01
1.86440853e-01, 7.42460926e-02, 8.42857018e-01, 1.61775903e-01, 7.87942708e-01, 1.76146026e-01, 3.06896755e+00, 7.61122380e+01
1.91674849e-01, 7.61577735e-02, 8.39155077e-01, 1.65704416e-01, 7.84014195e-01, 1.80817243e-01, 3.06429633e+00, 7.63401748e+01
1.97055780e-01, 7.81143880e-02, 8.35382959e-01, 1.69713104e-01, 7.80005506e-01, 1.85605067e-01, 3.05950851e+00, 7.65748555e+01
2.02587771e-01, 8.01167833e-02, 8.31540137e-01, 1.73802848e-01, 7.75915762e-01, 1.90512017e-01, 3.05460156e+00, 7.68165094e+01
2.08275063e-01, 8.21658124e-02, 8.27626118e-01, 1.77974499e-01, 7.71744112e-01, 1.95540640e-01, 3.04957293e+00, 7.70653758e+01
2.14122015e-01, 8.42623342e-02, 8.23640447e-01, 1.82228874e-01, 7.67489737e-01, 2.00693516e-01, 3.04442006e+00, 7.73217045e+01
2.20133111e-01, 8.64072127e-02, 8.19582709e-01, 1.86566757e-01, 7.63151854e-01, 2.05973254e-01, 3.03914032e+00, 7.75857566e+01
2.26312957e-01, 8.86013169e-02, 8.15452527e-01, 1.90988892e-01, 7.58729719e-01, 2.11382493e-01, 3.03373108e+00, 7.78578047e+01
2.32666291e-01, 9.08455198e-02, 8.11249571e-01, 1.95495984e-01, 7.54222626e-01, 2.16923895e-01, 3.02818968e+00, 7.81381341e+01
2.39197984e-01, 9.31406982e-02, 8.06973553e-01, 2.00088694e-01, 7.49629917e-01, 2.22600149e-01, 3.02251342e+00, 7.84270430e+01
2.45913043e-01, 9.54877322e-02, 8.02624233e-01, 2.04767635e-01, 7.44950976e-01, 2.28413969e-01, 3.01669960e+00, 7.87248435e+01
2.52816614e-01, 9.78875042e-02, 7.98201419e-01, 2.09533371e-01, 7.40185239e-01, 2.34368087e-01, 3.01074549e+00, 7.90318622e+01
2.59913992e-01, 1.00340899e-01, 7.93704972e-01, 2.14386416e-01, 7.35332195e-01, 2.40465256e-01, 3.00464832e+00, 7.93484412e+01
2.67210616e-01, 1.02848802e-01, 7.89134803e-01, 2.19327223e-01, 7.30391388e-01, 2.46708244e-01, 2.99840533e+00, 7.96749388e+01
2.74712079e-01, 1.05412101e-01, 7.84490880e-01, 2.24356190e-01, 7.25362420e-01, 2.53099835e-01, 2.99201374e+00, 8.00117303e+01
2.82424133e-01, 1.08031682e-01, 7.79773224e-01, 2.29473651e-01, 7.20244960e-01, 2.59642823e-01, 2.98547075e+00, 8.03592094e+01
2.90352688e-01, 1.10708431e-01, 7.74981917e-01, 2.34679872e-01, 7.15038739e-01, 2.66340009e-01, 2.97877356e+00, 8.07177886e+01
2.98503825e-01, 1.13443233e-01, 7.70117100e-01, 2.39975052e-01, 7.09743559e-01, 2.73194201e-01, 2.97191937e+00, 8.10879006e+01
3.06883789e-01, 1.16236971e-01, 7.65178976e-01, 2.45359316e-01, 7.04359295e-01, 2.80208206e-01, 2.96490537e+00, 8.14699992e+01
3.15499006e-01, 1.19090524e-01, 7.60167811e-01, 2.50832712e-01, 6.98885899e-01, 2.87384831e-01, 2.95772874e+00, 8.18645607e+01
3.24356081e-01, 1.22004770e-01, 7.55083934e-01, 2.56395208e-01, 6.93323403e-01, 2.94726875e-01, 2.95038670e+00, 8.22720850e+01
3.33461802e-01, 1.24980579e-01, 7.49927744e-01, 2.62046687e-01, 6.87671924e-01, 3.02237124e-01, 2.94287645e+00, 8.26930965e+01
3.42823149e-01, 1.28018820e-01, 7.44699703e-01, 2.67786945e-01, 6.81931666e-01, 3.09918353e-01, 2.93519522e+00, 8.31281459e+01
3.52447300e-01, 1.31120351e-01, 7.39400345e-01, 2.73615686e-01, 6.76102925e-01, 3.17773311e-01, 2.92734026e+00, 8.35778113e+01
3.62341632e-01, 1.34286029e-01, 7.34030273e-01, 2.79532520e-01, 6.70186091e-01, 3.25804726e-01, 2.91930885e+00, 8.40426999e+01
3.72513730e-01, 1.37516698e-01, 7.28590161e-01, 2.85536956e-01, 6.64181655e-01, 3.34015291e-01, 2.91109828e+00, 8.45234490e+01
3.82971391e-01, 1.40813196e-01, 7.23080757e-01, 2.91628401e-01, 6.58090210e-01, 3.42407663e-01, 2.90270591e+00, 8.50207278e+01
3.93722633e-01, 1.44176353e-01, 7.17502878e-01, 2.97806157e-01, 6.51912454e-01, 3.50984456e-01, 2.89412912e+00, 8.55352393e+01
4.04775697e-01, 1.47606985e-01, 7.11857418e-01, 3.04069414e-01, 6.45649196e-01, 3.59748232e-01, 2.88536534e+00, 8.60677214e+01
4.16139055e-01, 1.51105900e-01, 7.06145344e-01, 3.10417250e-01, 6.39301360e-01, 3.68701497e-01, 2.87641208e+00, 8.66189489e+01
4.27821420e-01, 1.54673893e-01, 7.00367697e-01, 3.16848626e-01, 6.32869984e-01, 3.77846694e-01, 2.86726688e+00, 8.71897353e+01
4.39831747e-01, 1.58311745e-01, 6.94525595e-01, 3.23362382e-01, 6.26356228e-01, 3.87186192e-01, 2.85792738e+00, 8.77809348e+01
4.52179242e-01, 1.62020224e-01, 6.88620228e-01, 3.29957236e-01, 6.19761375e-01, 3.96722282e-01, 2.84839129e+00, 8.83934435e+01
4.64873371e-01, 1.65800084e-01, 6.82652863e-01, 3.36631778e-01, 6.13086833e-01, 4.06457164e-01, 2.83865641e+00, 8.90282022e+01
4.77923865e-01, 1.69652062e-01, 6.76624841e-01, 3.43384470e-01, 6.06334141e-01, 4.16392947e-01, 2.82872063e+00, 8.96861979e+01
4.91340729e-01, 1.73576879e-01, 6.70537578e-01, 3.50213642e-01, 5.99504968e-01, 4.26531630e-01, 2.81858194e+00, 9.03684659e+01
5.05134247e-01, 1.77575238e-01, 6.64392563e-01, 3.57117492e-01, 5.92601119e-01, 4.36875101e-01, 2.80823847e+00, 9.10760918e+01
5.19314994e-01, 1.81647824e-01, 6.58191359e-01, 3.64094078e-01, 5.85624532e-01, 4.47425124e-01, 2.79768845e+00, 9.18102141e+01
5.33893840e-01, 1.85795303e-01, 6.51935600e-01, 3.71141325e-01, 5.78577286e-01, 4.58183329e-01, 2.78693024e+00, 9.25720258e+01
5.48881961e-01, 1.90018322e-01, 6.45626991e-01, 3.78257016e-01, 5.71461595e-01, 4.69151207e-01, 2.77596237e+00, 9.33627769e+01
5.64290847e-01, 1.94317504e-01, 6.39267309e-01, 3.85438794e-01, 5.64279816e-01, 4.80330093e-01, 2.76478348e+00, 9.41837768e+01
5.80132310e-01, 1.98693454e-01, 6.32858396e-01, 3.92684164e-01, 5.57034446e-01, 4.91721166e-01, 2.75339241e+00, 9.50363962e+01
5.96418495e-01, 2.03146750e-01, 6.26402164e-01, 3.99990489e-01, 5.49728122e-01, 5.03325427e-01, 2.74178815e+00, 9.59220698e+01
6.13161884e-01, 2.07677952e-01, 6.19900588e-01, 4.07354991e-01, 5.42363620e-01, 5.15143703e-01, 2.72996987e+00, 9.68422986e+01
6.30375315e-01, 2.12287591e-01, 6.13355704e-01, 4.14774754e-01, 5.34943857e-01, 5.27176624e-01, 2.71793695e+00, 9.77986519e+01
6.48071983e-01, 2.16976176e-01, 6.06769614e-01, 4.22246724e-01, 5.27471887e-01, 5.39424624e-01, 2.70568895e+00, 9.87927704e+01
6.66265452e-01, 2.21744190e-01, 6.00144472e-01, 4.29767712e-01, 5.19950899e-01, 5.51887925e-01, 2.69322565e+00, 9.98263679e+01
6.84969672e-01, 2.26592088e-01, 5.93482492e-01, 4.37334394e-01, 5.12384216e-01, 5.64566534e-01, 2.68054704e+00, 1.00901234e+02
7.04198979e-01, 2.31520301e-01, 5.86785940e-01, 4.44943320e-01, 5.04775291e-01, 5.77460226e-01, 2.66765335e+00, 1.02019237e+02
7.23968114e-01, 2.36529229e-01, 5.80057132e-01, 4.52590910e-01, 4.97127701e-01, 5.90568546e-01, 2.65454503e+00, 1.03182327e+02
7.44292233e-01, 2.41619247e-01, 5.73298431e-01, 4.60273465e-01, 4.89445146e-01, 6.03890793e-01, 2.64122278e+00, 1.04392534e+02
7.65186915e-01, 2.46790700e-01, 5.66512244e-01, 4.67987170e-01, 4.81731440e-01, 6.17426016e-01, 2.62768756e+00, 1.05651978e+02
7.86668179e-01, 2.52043903e-01, 5.59701019e-01, 4.75728102e-01, 4.73990509e-01, 6.31173011e-01, 2.61394056e+00, 1.06962865e+02
8.08752491e-01, 2.57379142e-01, 5.52867241e-01, 4.83492230e-01, 4.66226380e-01, 6.45130308e-01, 2.59998326e+00, 1.08327492e+02
8.31456781e-01, 2.62796674e-01, 5.46013431e-01, 4.91275432e-01, 4.58443178e-01, 6.59296175e-01, 2.58581740e+00, 1.09748251e+02
8.54798453e-01, 2.68296725e-01, 5.39142136e-01, 4.99073496e-01, 4.50645114e-01, 6.73668607e-01, 2.57144497e+00, 1.11227629e+02
8.78795401e-01, 2.73879488e-01, 5.32255933e-01, 5.06882131e-01, 4.42836480e-01, 6.88245326e-01, 2.55686825e+00, 1.12768212e+02
9.03466021e-01, 2.79545129e-01, 5.25357421e-01, 5.14696975e-01, 4.35021635e-01, 7.03023782e-01, 2.54208979e+00, 1.14372687e+02
9.28829225e-01, 2.85293778e-01, 5.18449216e-01, 5.22513609e-01, 4.27205002e-01, 7.18001147e-01, 2.52711243e+00, 1.16043848e+02
9.54904456e-01, 2.91125536e-01, 5.11533951e-01, 5.30327560e-01, 4.19391051e-01, 7.33174320e-01, 2.51193925e+00, 1.17784593e+02
9.81711702e-01, 2.97040474e-01, 5.04614268e-01, 5.38134320e-01, 4.11584290e-01, 7.48539925e-01, 2.49657365e+00, 1.19597932e+02
1.00927151e+00, 3.03038627e-01, 4.97692817e-01, 5.45929353e-01, 4.03789258e-01, 7.64094318e-01, 2.48101925e+00, 1.21486988e+02
1.03760502e+00, 3.09120002e-01, 4.90772250e-01, 5.53708104e-01, 3.96010507e-01, 7.79833589e-01, 2.46527998e+00, 1.23454999e+02
1.06673394e+00, 3.15284571e-01, 4.83855218e-01, 5.61466018e-01, 3.88252593e-01, 7.95753566e-01, 2.44936001e+00, 1.25505326e+02
1.09668060e+00, 3.21532276e-01, 4.76944367e-01, 5.69198546e-01, 3.80520065e-01, 8.11849823e-01, 2.43326375e+00, 1.27641450e+02
1.12746796e+00, 3.27863028e-01, 4.70042332e-01, 5.76901162e-01, 3.72817449e-01, 8.28117690e-01, 2.41699588e+00, 1.29866981e+02
1.15911962e+00, 3.34276704e-01, 4.63151736e-01, 5.84569370e-01, 3.65149240e-01, 8.44552257e-01, 2.40056132e+00, 1.32185658e+02
1.19165984e+00, 3.40773150e-01, 4.56275185e-01, 5.92198724e-01, 3.57519887e-01, 8.61148390e-01, 2.38396518e+00, 1.34601355e+02
1.22511358e+00, 3.47352184e-01, 4.49415262e-01, 5.99784832e-01, 3.49933779e-01, 8.77900738e-01, 2.36721283e+00, 1.37118086e+02
1.25950646e+00, 3.54013588e-01, 4.42574525e-01, 6.07323373e-01, 3.42395238e-01, 8.94803744e-01, 2.35030983e+00, 1.39740007e+02
1.29486487e+00, 3.60757118e-01, 4.35755505e-01, 6.14810109e-01, 3.34908501e-01, 9.11851663e-01, 2.33326191e+00, 1.42471425e+02
1.33121590e+00, 3.67582497e-01, 4.28960698e-01, 6.22240895e-01, 3.27477716e-01, 9.29038571e-01, 2.31607500e+00, 1.45316797e+02
1.36858742e+00, 3.74489419e-01, 4.22192565e-01, 6.29611689e-01, 3.20106922e-01, 9.46358383e-01, 2.29875519e+00, 1.48280742e+02
1.40700809e+00, 3.81477549e-01, 4.15453528e-01, 6.36918564e-01, 3.12800046e-01, 9.63804866e-01, 2.28130871e+00, 1.51368043e+02
1.44650734e+00, 3.88546523e-01, 4.08745964e-01, 6.44157720e-01, 3.05560891e-01, 9.81371654e-01, 2.26374192e+00, 1.54583653e+02
1.48711546e+00, 3.95695948e-01, 4.02072206e-01, 6.51325488e-01, 2.98393123e-01, 9.99052267e-01, 2.24606131e+00, 1.57932704e+02
1.52886359e+00, 4.02925403e-01, 3.95434536e-01, 6.58418343e-01, 2.91300268e-01, 1.01684012e+00, 2.22827345e+00, 1.61420512e+02
1.57178372e+00, 4.10234442e-01, 3.88835186e-01, 6.65432909e-01, 2.84285701e-01, 1.03472856e+00, 2.21038502e+00, 1.65052586e+02
1.61590875e+00, 4.17622591e-01, 3.82276331e-01, 6.72365969e-01, 2.77352641e-01, 1.05271084e+00, 2.19240274e+00, 1.68834635e+02
1.66127252e+00, 4.25089350e-01, 3.75760089e-01, 6.79214468e-01, 2.70504142e-01, 1.07078018e+00, 2.17433339e+00, 1.72772577e+02
1.70790980e+00, 4.32634194e-01, 3.69288519e-01, 6.85975520e-01, 2.63743090e-01, 1.08892977e+00, 2.15618380e+00, 1.76872546e+02
1.75585633e+00, 4.40256573e-01, 3.62863618e-01, 6.92646413e-01, 2.57072198e-01, 1.10715276e+00, 2.13796081e+00, 1.81140906e+02
1.80514888e+00, 4.47955916e-01, 3.56487318e-01, 6.99224609e-01, 2.50494002e-01, 1.12544232e+00, 2.11967125e+00, 1.85584255e+02
1.85582523e+00, 4.55731626e-01, 3.50161484e-01, 7.05707752e-01, 2.44010858e-01, 1.14379161e+00, 2.10132196e+00, 1.90209443e+02
1.90792422e+00, 4.63583085e-01, 3.43887915e-01, 7.12093668e-01, 2.37624943e-01, 1.16219382e+00, 2.08291975e+00, 1.95023575e+02
1.96148581e+00, 4.71509656e-01, 3.37668341e-01, 7.18380362e-01, 2.31338249e-01, 1.18064219e+00, 2.06447138e+00, 2.00034029e+02
2.01655104e+00, 4.79510678e-01, 3.31504419e-01, 7.24566025e-01, 2.25152586e-01, 1.19913000e+00, 2.04598357e+00, 2.05248464e+02
2.07316213e+00, 4.87585472e-01, 3.25397736e-01, 7.30649028e-01, 2.19069583e-01, 1.21765059e+00, 2.02746298e+00, 2.10674838e+02
2.13136247e+00, 4.95733342e-01, 3.19349807e-01, 7.36627924e-01, 2.13090687e-01, 1.23619738e+00, 2.00891619e+00, 2.16321418e+02
2.19119669e+00, 5.03953573e-01, 3.13362070e-01, 7.42501444e-01, 2.07217166e-01, 1.25476388e+00, 1.99034969e+00, 2.22196792e+02
2.25271064e+00, 5.12245431e-01, 3.07435893e-01, 7.48268497e-01, 2.01450113e-01, 1.27334369e+00, 1.97176988e+00, 2.28309891e+02
2.31595149e+00, 5.20608169e-01, 3.01572566e-01, 7.53928164e-01, 1.95790447e-01, 1.29193052e+00, 1.95318305e+00, 2.34669998e+02
2.38096772e+00, 5.29041024e-01, 2.95773306e-01, 7.59479694e-01, 1.90238916e-01, 1.31051817e+00, 1.93459540e+00, 2.41286769e+02
2.44780916e+00, 5.37543219e-01, 2.90039255e-01, 7.64922505e-01, 1.84796106e-01, 1.32910060e+00, 1.91601298e+00, 2.48170245e+02
2.51652705e+00, 5.46113963e-01, 2.84371479e-01, 7.70256173e-01, 1.79462438e-01, 1.34767185e+00, 1.89744172e+00, 2.55330876e+02
2.58717408e+00, 5.54752453e-01, 2.78770971e-01, 7.75480429e-01, 1.74238181e-01, 1.36622614e+00, 1.87888744e+00, 2.62779535e+02
2.65980440e+00, 5.63457874e-01, 2.73238647e-01, 7.80595158e-01, 1.69123453e-01, 1.38475778e+00, 1.86035579e+00, 2.70527539e+02
2.73447368e+00, 5.72229403e-01, 2.67775351e-01, 7.85600385e-01, 1.64118226e-01, 1.40326126e+00, 1.84185232e+00, 2.78586668e+02
2.81123917e+00, 5.81066203e-01, 2.62381854e-01, 7.90496277e-01, 1.59222334e-01, 1.42173119e+00, 1.82338238e+00, 2.86969187e+02
2.89015972e+00, 5.89967432e-01, 2.57058854e-01, 7.95283132e-01, 1.54435478e-01, 1.44016234e+00, 1.80495123e+00, 2.95687870e+02
2.97129582e+00, 5.98932239e-01, 2.51806978e-01, 7.99961377e-01, 1.49757234e-01, 1.45854964e+00, 1.78656393e+00, 3.04756019e+02
3.05470967e+00, 6.07959763e-01, 2.46626782e-01, 8.04531555e-01, 1.45187056e-01, 1.47688815e+00, 1.76822542e+00, 3.14187487e+02
3.14046522e+00, 6.17049141e-01, 2.41518754e-01, 8.08994326e-01, 1.40724284e-01, 1.49517310e+00, 1.74994047e+00, 3.23996709e+02
3.22862820e+00, 6.26199502e-01, 2.36483311e-01, 8.13350458e-01, 1.36368153e-01, 1.51339986e+00, 1.73171371e+00, 3.34198720e+02
3.31926620e+00, 6.35409971e-01, 2.31520808e-01, 8.17600816e-01, 1.32117795e-01, 1.53156399e+00, 1.71354959e+00, 3.44809187e+02
3.41244871e+00, 6.44679670e-01, 2.26631530e-01, 8.21746362e-01, 1.27972248e-01, 1.54966115e+00, 1.69545242e+00, 3.55844433e+02
3.50824714e+00, 6.54007716e-01, 2.21815701e-01, 8.25788149e-01, 1.23930462e-01, 1.56768721e+00, 1.67742636e+00, 3.67321470e+02
3.60673495e+00, 6.63393226e-01, 2.17073483e-01, 8.29727306e-01, 1.19991304e-01, 1.58563815e+00, 1.65947542e+00, 3.79258025e+02
3.70798763e+00, 6.72835313e-01, 2.12404976e-01, 8.33565044e-01, 1.16153567e-01, 1.60351013e+00, 1.64160344e+00, 3.91672572e+02
3.81208280e+00, 6.82333091e-01, 2.07810223e-01, 8.37302639e-01, 1.12415971e-01, 1.62129946e+00, 1.62381411e+00, 4.04584366e+02
3.91910025e+00, 6.91885673e-01, 2.03289209e-01, 8.40941435e-01, 1.08777176e-01, 1.63900258e+00, 1.60611099e+00, 4.18013476e+02
4.02912203e+00, 7.01492174e-01, 1.98841864e-01, 8.44482832e-01, 1.05235779e-01, 1.65661609e+00, 1.58849748e+00, 4.31980821e+02
4.14223247e+00, 7.11151707e-01, 1.94468065e-01, 8.47928283e-01, 1.01790328e-01, 1.67413675e+00, 1.57097682e+00, 4.46508202e+02
4.25851829e+00, 7.20863389e-01, 1.90167637e-01, 8.51279290e-01, 9.84393212e-02, 1.69156144e+00, 1.55355214e+00, 4.61618347e+02
4.37806863e+00, 7.30626340e-01, 1.85940357e-01, 8.54537396e-01, 9.51812151e-02, 1.70888718e+00, 1.53622639e+00, 4.77334945e+02
4.50097513e+00, 7.40439681e-01, 1.81785952e-01, 8.57704182e-01, 9.20144286e-02, 1.72611116e+00, 1.51900241e+00, 4.93682690e+02
4.62733201e+00, 7.50302539e-01, 1.77704105e-01, 8.60781263e-01, 8.89373479e-02, 1.74323068e+00, 1.50188289e+00, 5.10687323e+02
4.75723614e+00, 7.60214043e-01, 1.73694456e-01, 8.63770280e-01, 8.59483309e-02, 1.76024317e+00, 1.48487040e+00, 5.28375674e+02
4.89078709e+00, 7.70173327e-01, 1.69756602e-01, 8.66672899e-01, 8.30457119e-02, 1.77714621e+00, 1.46796736e+00, 5.46775715e+02
5.02808725e+00, 7.80179530e-01, 1.65890100e-01, 8.69490806e-01, 8.02278051e-02, 1.79393750e+00, 1.45117607e+00, 5.65916601e+02
5.16924187e+00, 7.90231798e-01, 1.62094471e-01, 8.72225701e-01, 7.74929093e-02, 1.81061486e+00, 1.43449872e+00, 5.85828725e+02
5.31435916e+00, 8.00329281e-01, 1.58369199e-01, 8.74879300e-01, 7.48393109e-02, 1.82717623e+00, 1.41793735e+00, 6.06543769e+02
5.46355035e+00, 8.10471136e-01, 1.54713732e-01, 8.77453323e-01, 7.22652880e-02, 1.84361968e+00, 1.40149389e+00, 6.28094758e+02
5.61692982e+00, 8.20656529e-01, 1.51127491e-01, 8.79949497e-01, 6.97691135e-02, 1.85994339e+00, 1.38517018e+00, 6.50516117e+02
5.77461515e+00, 8.30884629e-01, 1.47609861e-01, 8.82369553e-01, 6.73490580e-02, 1.87614566e+00, 1.36896791e+00, 6.73843732e+02
5.93672722e+00, 8.41154616e-01, 1.44160202e-01, 8.84715218e-01, 6.50033932e-02, 1.89222490e+00, 1.35288867e+00, 6.98115009e+02
6.10339029e+00, 8.51465677e-01, 1.40777848e-01, 8.86988216e-01, 6.27303942e-02, 1.90817961e+00, 1.33693396e+00, 7.23368940e+02
6.27473213e+00, 8.61817006e-01, 1.37462106e-01, 8.89190268e-01, 6.05283426e-02, 1.92400843e+00, 1.32110515e+00, 7.49646171e+02
6.45088409e+00, 8.72207807e-01, 1.34212261e-01, 8.91323082e-01, 5.83955284e-02, 1.93971006e+00, 1.30540351e+00, 7.76989068e+02
6.63198120e+00, 8.82637292e-01, 1.31027576e-01, 8.93388358e-01, 5.63302524e-02, 1.95528333e+00, 1.28983024e+00, 8.05441794e+02
6.81816229e+00, 8.93104682e-01, 1.27907296e-01, 8.95387782e-01, 5.43308284e-02, 1.97072715e+00, 1.27438642e+00, 8.35050383e+02
7.00957009e+00, 9.03609206e-01, 1.24850646e-01, 8.97323026e-01, 5.23955849e-02, 1.98604055e+00, 1.25907302e+00, 8.65862816e+02
7.20635132e+00, 9.14150106e-01, 1.21856835e-01, 8.99195744e-01, 5.05228670e-02, 2.00122261e+00, 1.24389096e+00, 8.97929111e+02
7.40865683e+00, 9.24726629e-01, 1.18925058e-01, 9.01007573e-01, 4.87110381e-02, 2.01627253e+00, 1.22884105e+00, 9.31301400e+02
7.61664172e+00, 9.35338035e-01, 1.16054495e-01, 9.02760130e-01, 4.69584811e-02, 2.03118957e+00, 1.21392400e+00, 9.66034024e+02
7.83046540e+00, 9.45983593e-01, 1.13244314e-01, 9.04455011e-01, 4.52635998e-02, 2.04597311e+00, 1.19914046e+00, 1.00218363e+03
8.05029181e+00, 9.56662583e-01, 1.10493675e-01, 9.06093790e-01, 4.36248204e-02, 2.06062258e+00, 1.18449100e+00, 1.03980924e+03
8.27628946e+00, 9.67374292e-01, 1.07801724e-01, 9.07678019e-01, 4.20405921e-02, 2.07513748e+00, 1.16997609e+00, 1.07897242e+03
8.50863158e+00, 9.78118021e-01, 1.05167604e-01, 9.09209222e-01, 4.05093885e-02, 2.08951742e+00, 1.15559615e+00, 1.11973729e+03
8.74749630e+00, 9.88893079e-01, 1.02590447e-01, 9.10688902e-01, 3.90297083e-02, 2.10376205e+00, 1.14135152e+00, 1.16217072e+03
8.99306672e+00, 9.99698787e-01, 1.00069381e-01, 9.12118535e-01, 3.76000759e-02, 2.11787110e+00, 1.12724247e+00, 1.20634239e+03
9.24553110e+00, 1.01053448e+00, 9.76035298e-02, 9.13499568e-01, 3.62190423e-02, 2.13184438e+00, 1.11326919e+00, 1.25232494e+03
9.50508296e+00, 1.02139949e+00, 9.51920136e-02, 9.14833425e-01, 3.48851854e-02, 2.14568175e+00, 1.09943182e+00, 1.30019409e+03
9.77192128e+00, 1.03229317e+00, 9.28339498e-02, 9.16121500e-01, 3.35971108e-02, 2.15938314e+00, 1.08573043e+00, 1.35002873e+03
1.00462506e+01, 1.04321489e+00, 9.05284548e-02, 9.17365159e-01, 3.23534519e-02, 2.17294854e+00, 1.07216504e+00, 1.40191113e+03
1.03282813e+01, 1.05416402e+00, 8.82746444e-02, 9.18565740e-01, 3.11528704e-02, 2.18637798e+00, 1.05873559e+00, 1.45592702e+03
1.06182294e+01, 1.06513995e+00, 8.60716349e-02, 9.19724555e-01, 2.99940562e-02, 2.19967159e+00, 1.04544199e+00, 1.51216575e+03
1.09163173e+01, 1.07614206e+00, 8.39185439e-02, 9.20842883e-01, 2.88757280e-02, 2.21282950e+00, 1.03228407e+00, 1.57072046e+03
1.12227736e+01, 1.08716977e+00, 8.18144912e-02, 9.21921977e-01, 2.77966333e-02, 2.22585193e+00, 1.01926164e+00, 1.63168824e+03
1.15378330e+01, 1.09822248e+00, 7.97585995e-02, 9.22963063e-01, 2.67555482e-02, 2.23873914e+00, 1.00637443e+00, 1.69517027e+03
1.18617372e+01, 1.10929963e+00, 7.77499950e-02, 9.23967333e-01, 2.57512775e-02, 2.25149144e+00, 9.93622134e-01, 1.76127202e+03
1.21947344e+01, 1.12040065e+00, 7.57878084e-02, 9.24935956e-01, 2.47826547e-02, 2.26410917e+00, 9.81004405e-01, 1.83010341e+03
1.25370799e+01, 1.13152499e+00, 7.38711753e-02, 9.25870069e-01, 2.38485420e-02, 2.27659273e+00, 9.68520848e-01, 1.90177904e+03
1.28890361e+01, 1.14267211e+00, 7.19992367e-02, 9.26770781e-01, 2.29478297e-02, 2.28894255e+00, 9.56171024e-01, 1.97641831e+03
1.32508729e+01, 1.15384147e+00, 7.01711401e-02, 9.27639174e-01, 2.20794367e-02, 2.30115912e+00, 9.43954457e-01, 2.05414573e+03
1.36228676e+01, 1.16503255e+00, 6.83860392e-02, 9.28476301e-01, 2.12423095e-02, 2.31324294e+00, 9.31870632e-01, 2.13509102e+03
1.40053055e+01, 1.17624484e+00, 6.66430952e-02, 9.29283188e-01, 2.04354225e-02, 2.32519458e+00, 9.19918997e-01, 2.21938943e+03
1.43984795e+01, 1.18747784e+00, 6.49414767e-02, 9.30060833e-01, 1.96577774e-02, 2.33701461e+00, 9.08098967e-01, 2.30718191e+03
1.48026913e+01, 1.19873106e+00, 6.32803605e-02, 9.30810208e-01, 1.89084029e-02, 2.34870365e+00, 8.96409921e-01, 2.39861539e+03
1.52182505e+01, 1.21000400e+00, 6.16589316e-02, 9.31532256e-01, 1.81863545e-02, 2.36026236e+00, 8.84851209e-01, 2.49384300e+03
1.56454759e+01, 1.22129622e+00, 6.00763839e-02, 9.32227897e-01, 1.74907140e-02, 2.37169142e+00, 8.73422150e-01, 2.59302436e+03
1.60846948e+01, 1.23260723e+00, 5.85319205e-02, 9.32898021e-01, 1.68205893e-02, 2.38299154e+00, 8.62122035e-01, 2.69632585e+03
1.65362441e+01, 1.24393658e+00, 5.70247538e-02, 9.33543497e-01, 1.61751134e-02, 2.39416344e+00, 8.50950129e-01, 2.80392088e+03
1.70004698e+01, 1.25528384e+00, 5.55541057e-02, 9.34165166e-01, 1.55534447e-02, 2.40520790e+00, 8.39905669e-01, 2.91599019e+03
1.74777277e+01, 1.26664856e+00, 5.41192085e-02, 9.34763844e-01, 1.49547663e-02, 2.41612570e+00, 8.28987871e-01, 3.03272219e+03
1.79683839e+01, 1.27803033e+00, 5.27193041e-02, 9.35340326e-01, 1.43782852e-02, 2.42691765e+00, 8.18195927e-01, 3.15431325e+03
1.84728144e+01, 1.28942872e+00, 5.13536452e-02, 9.35895378e-01, 1.38232322e-02, 2.43758456e+00, 8.07529008e-01, 3.28096806e+03
1.89914058e+01, 1.30084334e+00, 5.00214947e-02, 9.36429749e-01, 1.32888615e-02, 2.44812731e+00, 7.96986263e-01, 3.41289995e+03
1.95245558e+01, 1.31227377e+00, 4.87221263e-02, 9.36944161e-01, 1.27744499e-02, 2.45854675e+00, 7.86566826e-01, 3.55033132e+03
2.00726730e+01, 1.32371963e+00, 4.74548245e-02, 9.37439314e-01, 1.22792964e-02, 2.46884376e+00, 7.76269811e-01, 3.69349394e+03
2.06361777e+01, 1.33518054e+00, 4.62188846e-02, 9.37915889e-01, 1.18027220e-02, 2.47901926e+00, 7.66094315e-01, 3.84262942e+03
2.12155017e+01, 1.34665613e+00, 4.50136131e-02, 9.38374542e-01, 1.13440689e-02, 2.48907415e+00, 7.56039422e-01, 3.99798959e+03
2.18110892e+01, 1.35814602e+00, 4.38383275e-02, 9.38815911e-01, 1.09026999e-02, 2.49900937e+00, 7.46104200e-01, 4.15983694e+03
2.24233968e+01, 1.36964988e+00, 4.26923562e-02, 9.39240612e-01, 1.04779982e-02, 2.50882587e+00, 7.36287704e-01, 4.32844507e+03
2.30528939e+01, 1.38116734e+00, 4.15750390e-02, 9.39649244e-01, 1.00693670e-02, 2.51852459e+00, 7.26588978e-01, 4.50409915e+03
2.37000629e+01, 1.39269806e+00, 4.04857268e-02, 9.40042382e-01, 9.67622855e-03, 2.52810652e+00, 7.17007054e-01, 4.68709646e+03
2.43654001e+01, 1.40424172e+00, 3.94237819e-02, 9.40420587e-01, 9.29802397e-03, 2.53757262e+00, 7.07540954e-01, 4.87774683e+03
2.50494154e+01, 1.41579798e+00, 3.83885774e-02, 9.40784398e-01, 8.93421277e-03, 2.54692388e+00, 6.98189690e-01, 5.07637321e+03
2.57526333e+01, 1.42736654e+00, 3.73794979e-02, 9.41134338e-01, 8.58427225e-03, 2.55616131e+00, 6.88952268e-01, 5.28331226e+03
2.64755927e+01, 1.43894707e+00, 3.63959391e-02, 9.41470914e-01, 8.24769710e-03, 2.56528589e+00, 6.79827683e-01, 5.49891486e+03
2.72188479e+01, 1.45053928e+00, 3.54373078e-02, 9.41794612e-01, 7.92399890e-03, 2.57429865e+00, 6.70814926e-01, 5.72354675e+03
2.79829688e+01, 1.46214287e+00, 3.45030217e-02, 9.42105905e-01, 7.61270567e-03, 2.58320059e+00, 6.61912980e-01, 5.95758918e+03
2.87685409e+01, 1.47375755e+00, 3.35925097e-02, 9.42405249e-01, 7.31336138e-03, 2.59199275e+00, 6.53120826e-01, 6.20143953e+03
2.95761666e+01, 1.48538304e+00, 3.27052117e-02, 9.42693085e-01, 7.02552551e-03, 2.60067614e+00, 6.44437437e-01, 6.45551200e+03
3.04064649e+01, 1.49701906e+00, 3.18405781e-02, 9.42969838e-01, 6.74877263e-03, 2.60925179e+00, 6.35861783e-01, 6.72023834e+03
3.12600724e+01, 1.50866534e+00, 3.09980705e-02, 9.43235919e-01, 6.48269192e-03, 2.61772074e+00, 6.27392833e-01, 6.99606860e+03
3.21376434e+01, 1.52032162e+00, 3.01771610e-02, 9.43491724e-01, 6.22688676e-03, 2.62608402e+00, 6.19029552e-01, 7.28347187e+03
3.30398507e+01, 1.53198765e+00, 2.93773321e-02, 9.43737636e-01, 5.98097430e-03, 2.63434267e+00, 6.10770902e-01, 7.58293712e+03
3.39673858e+01, 1.54366317e+00, 2.85980772e-02, 9.43974026e-01, 5.74458507e-03, 2.64249773e+00, 6.02615846e-01, 7.89497402e+03
3.49209598e+01, 1.55534793e+00, 2.78388997e-02, 9.44201248e-01, 5.51736251e-03, 2.65055023e+00, 5.94563345e-01, 8.22011383e+03
3.59013038e+01, 1.56704171e+00, 2.70993135e-02, 9.44419648e-01, 5.29896265e-03, 2.65850121e+00, 5.86612360e-01, 8.55891033e+03
3.69091691e+01, 1.57874427e+00, 2.63788425e-02, 9.44629557e-01, 5.08905367e-03, 2.66635172e+00, 5.78761853e-01, 8.91194073e+03
3.79453285e+01, 1.59045537e+00, 2.56770206e-02, 9.44831295e-01, 4.88731551e-03, 2.67410279e+00, 5.71010785e-01, 9.27980672e+03
3.90105762e+01, 1.60217481e+00, 2.49933916e-02, 9.45025171e-01, 4.69343955e-03, 2.68175545e+00, 5.63358120e-01, 9.66313546e+03
4.01057288e+01, 1.61390235e+00, 2.43275093e-02, 9.45211482e-01, 4.50712820e-03, 2.68931075e+00, 5.55802823e-01, 1.00625807e+04
4.12316259e+01, 1.62563780e+00, 2.36789368e-02, 9.45390516e-01, 4.32809455e-03, 2.69676971e+00, 5.48343863e-01, 1.04788238e+04
4.23891306e+01, 1.63738095e+00, 2.30472468e-02, 9.45562549e-01, 4.15606206e-03, 2.70413336e+00, 5.40980208e-01, 1.09125751e+04
4.35791301e+01, 1.64913159e+00, 2.24320214e-02, 9.45727847e-01, 3.99076416e-03, 2.71140274e+00, 5.33710833e-01, 1.13645750e+04
4.48025368e+01, 1.66088953e+00, 2.18328518e-02, 9.45886667e-01, 3.83194398e-03, 2.71857886e+00, 5.26534712e-01, 1.18355953e+04
4.60602884e+01, 1.67265458e+00, 2.12493385e-02, 9.46039257e-01, 3.67935400e-03, 2.72566275e+00, 5.19450827e-01, 1.23264403e+04
4.73533492e+01, 1.68442656e+00, 2.06810907e-02, 9.46185855e-01, 3.53275574e-03, 2.73265541e+00, 5.12458161e-01, 1.28379487e+04
4.86827104e+01, 1.69620528e+00, 2.01277264e-02, 9.46326691e-01, 3.39191948e-03, 2.73955787e+00, 5.05555703e-01, 1.33709945e+04
5.00493910e+01, 1.70799057e+00, 1.95888723e-02, 9.46461987e-01, 3.25662391e-03, 2.74637113e+00, 4.98742444e-01, 1.39264887e+04
5.14544388e+01, 1.71978224e+00, 1.90641636e-02, 9.46591955e-01, 3.12665591e-03, 2.75309619e+00, 4.92017384e-01, 1.45053812e+04
5.28989308e+01, 1.73158015e+00, 1.85532437e-02, 9.46716800e-01, 3.00181023e-03, 2.75973405e+00, 4.85379526e-01, 1.51086618e+04
5.43839743e+01, 1.74338412e+00, 1.80557646e-02, 9.46836721e-01, 2.88188922e-03, 2.76628570e+00, 4.78827876e-01, 1.57373625e+04
5.59107078e+01, 1.75519399e+00, 1.75713858e-02, 9.46951908e-01, 2.76670260e-03, 2.77275212e+00, 4.72361450e-01, 1.63925588e+04
5.74803016e+01, 1.76700960e+00, 1.70997750e-02, 9.47062544e-01, 2.65606717e-03, 2.77913431e+00, 4.65979267e-01, 1.70753719e+04
5.90939590e+01, 1.77883082e+00, 1.66406078e-02, 9.47168804e-01, 2.54980657e-03, 2.78543322e+00, 4.59680353e-01, 1.77869707e+04
6.07529169e+01, 1.79065748e+00, 1.61935670e-02, 9.47270860e-01, 2.44775105e-03, 2.79164983e+00, 4.53463741e-01, 1.85285732e+04
6.24584471e+01, 1.80248944e+00, 1.57583434e-02, 9.47368873e-01, 2.34973724e-03, 2.79778510e+00, 4.47328468e-01, 1.93014493e+04
6.42118571e+01, 1.81432657e+00, 1.53346346e-02, 9.47463003e-01, 2.25560791e-03, 2.80383999e+00, 4.41273580e-01, 2.01069228e+04
6.60144909e+01, 1.82616872e+00, 1.49221457e-02, 9.47553399e-01, 2.16521176e-03, 2.80981544e+00, 4.35298130e-01, 2.09463734e+04
6.78677305e+01, 1.83801577e+00, 1.45205889e-02, 9.47640207e-01, 2.07840321e-03, 2.81571240e+00, 4.29401175e-01, 2.18212394e+04
6.97729965e+01, 1.84986758e+00, 1.41296829e-02, 9.47723568e-01, 1.99504220e-03, 2.82153179e+00, 4.23581781e-01, 2.27330199e+04
7.17317494e+01, 1.86172403e+00, 1.37491537e-02, 9.47803617e-01, 1.91499397e-03, 2.82727455e+00, 4.17839023e-01, 2.36832776e+04
7.37454909e+01, 1.87358500e+00, 1.33787335e-02, 9.47880482e-01, 1.83812891e-03, 2.83294159e+00, 4.12171980e-01, 2.46736416e+04
7.58157646e+01, 1.88545036e+00, 1.30181611e-02, 9.47954288e-01, 1.76432231e-03, 2.83853383e+00, 4.06579739e-01, 2.57058098e+04
7.79441575e+01, 1.89731999e+00, 1.26671819e-02, 9.48025156e-01, 1.69345426e-03, 2.84405218e+00, 4.01061397e-01, 2.67815522e+04
8.01323013e+01, 1.90919379e+00, 1.23255471e-02, 9.48093201e-01, 1.62540941e-03, 2.84949752e+00, 3.95616056e-01, 2.79027138e+04
8.23818733e+01, 1.92107165e+00, 1.19930143e-02, 9.48158534e-01, 1.56007685e-03, 2.85487075e+00, 3.90242827e-01, 2.90712177e+04
8.46945981e+01, 1.93295345e+00, 1.16693470e-02, 9.48221261e-01, 1.49734989e-03, 2.86017275e+00, 3.84940827e-01, 3.02890687e+04
8.70722485e+01, 1.94483908e+00, 1.13543144e-02, 9.48281485e-01, 1.43712597e-03, 2.86540439e+00, 3.79709183e-01, 3.15583564e+04
8.95166472e+01, 1.95672846e+00, 1.10476916e-02, 9.48339304e-01, 1.37930647e-03, 2.87056654e+00, 3.74547030e-01, 3.28812591e+04
9.20296681e+01, 1.96862147e+00, 1.07492590e-02, 9.48394814e-01, 1.32379658e-03, 2.87566007e+00, 3.69453507e-01, 3.42600472e+04
9.46132376e+01, 1.98051802e+00, 1.04588028e-02, 9.48448106e-01, 1.27050514e-03, 2.88068581e+00, 3.64427767e-01, 3.56970877e+04
9.72693362e+01, 1.99241802e+00, 1.01761143e-02, 9.48499266e-01, 1.21934452e-03, 2.88564461e+00, 3.59468966e-01, 3.71948475e+04
1.00000000e+02, 2.00432137e+00, 9.90099010e-03, 9.48548380e-01, 1.17023047e-03, 2.89053730e+00, 3.54576270e-01, 3.87558985e+04
