 --- Cosmological Parameters --- 
	 H0: 2.1561e-18 (1/s) = 66.5300 (km/s/Mpc) 
	 OmegaM: 3.2500e-01 
	 OmegaR: 0.0000e+00 
	 OmegaL: 6.7500e-01 
	 OmegaK: 0.0000e+00 
		 w0: -6.5000e-01 
		 wa: -1.2700e+00 
	 rho_crit: 8.3160e-30 (g/cm^3) 
z, log10(1+z), a, H0*t_look, H0*t_age, H0*t_conf, H0*t_conf_age, H(z) 
1.00000000e-04, 4.34272769e-05, 9.99900010e-01, 9.99907916e-05, 9.32522985e-01, 9.99957910e-05, 3.19210588e+00, 6.65356007e+01
1.02807322e-04, 4.46463579e-05, 9.99897203e-01, 1.02797590e-04, 9.32520178e-01, 1.02802874e-04, 3.19210307e+00, 6.65357579e+01
1.05693455e-04, 4.58996588e-05, 9.99894318e-01, 1.05683169e-04, 9.32517293e-01, 1.05688753e-04, 3.19210019e+00, 6.65359195e+01
1.08660611e-04, 4.71881402e-05, 9.99891351e-01, 1.08649739e-04, 9.32514326e-01, 1.08655642e-04, 3.19209722e+00, 6.65360857e+01
1.11711065e-04, 4.85127895e-05, 9.99888301e-01, 1.11699574e-04, 9.32511276e-01, 1.11705813e-04, 3.19209417e+00, 6.65362565e+01
1.14847155e-04, 4.98746217e-05, 9.99885166e-01, 1.14835009e-04, 9.32508141e-01, 1.14841603e-04, 3.19209103e+00, 6.65364321e+01
1.18071285e-04, 5.12746804e-05, 9.99881943e-01, 1.18058448e-04, 9.32504917e-01, 1.18065417e-04, 3.19208781e+00, 6.65366127e+01
1.21385926e-04, 5.27140387e-05, 9.99878629e-01, 1.21372358e-04, 9.32501604e-01, 1.21379725e-04, 3.19208450e+00, 6.65367983e+01
1.24793621e-04, 5.41937993e-05, 9.99875222e-01, 1.24779280e-04, 9.32498197e-01, 1.24787066e-04, 3.19208109e+00, 6.65369892e+01
1.28296980e-04, 5.57150964e-05, 9.99871719e-01, 1.28281823e-04, 9.32494694e-01, 1.28290052e-04, 3.19207759e+00, 6.65371854e+01
1.31898690e-04, 5.72790956e-05, 9.99868119e-01, 1.31882670e-04, 9.32491093e-01, 1.31891367e-04, 3.19207398e+00, 6.65373871e+01
1.35601511e-04, 5.88869955e-05, 9.99864417e-01, 1.35584580e-04, 9.32487391e-01, 1.35593772e-04, 3.19207028e+00, 6.65375944e+01
1.39408283e-04, 6.05400281e-05, 9.99860611e-01, 1.39390387e-04, 9.32483586e-01, 1.39400103e-04, 3.19206648e+00, 6.65378076e+01
1.43321923e-04, 6.22394601e-05, 9.99856699e-01, 1.43303008e-04, 9.32479673e-01, 1.43313277e-04, 3.19206256e+00, 6.65380268e+01
1.47345431e-04, 6.39865937e-05, 9.99852676e-01, 1.47325440e-04, 9.32475651e-01, 1.47336293e-04, 3.19205854e+00, 6.65382521e+01
1.51481892e-04, 6.57827676e-05, 9.99848541e-01, 1.51460763e-04, 9.32471515e-01, 1.51472234e-04, 3.19205440e+00, 6.65384837e+01
1.55734477e-04, 6.76293582e-05, 9.99844290e-01, 1.55712145e-04, 9.32467264e-01, 1.55724270e-04, 3.19205015e+00, 6.65387219e+01
1.60106446e-04, 6.95277803e-05, 9.99839919e-01, 1.60082843e-04, 9.32462893e-01, 1.60095657e-04, 3.19204578e+00, 6.65389667e+01
1.64601150e-04, 7.14794886e-05, 9.99835426e-01, 1.64576203e-04, 9.32458400e-01, 1.64589747e-04, 3.19204129e+00, 6.65392184e+01
1.69222035e-04, 7.34859785e-05, 9.99830807e-01, 1.69195668e-04, 9.32453780e-01, 1.69209983e-04, 3.19203667e+00, 6.65394772e+01
1.73972643e-04, 7.55487874e-05, 9.99826058e-01, 1.73944775e-04, 9.32449031e-01, 1.73959905e-04, 3.19203192e+00, 6.65397432e+01
1.78856616e-04, 7.76694958e-05, 9.99821175e-01, 1.78827162e-04, 9.32444149e-01, 1.78843153e-04, 3.19202703e+00, 6.65400167e+01
1.83877698e-04, 7.98497285e-05, 9.99816156e-01, 1.83846567e-04, 9.32439129e-01, 1.83863468e-04, 3.19202201e+00, 6.65402979e+01
1.89039738e-04, 8.20911560e-05, 9.99810996e-01, 1.89006834e-04, 9.32433969e-01, 1.89024698e-04, 3.19201685e+00, 6.65405869e+01
1.94346693e-04, 8.43954955e-05, 9.99805691e-01, 1.94311916e-04, 9.32428664e-01, 1.94330797e-04, 3.19201155e+00, 6.65408841e+01
1.99802631e-04, 8.67645125e-05, 9.99800237e-01, 1.99765874e-04, 9.32423210e-01, 1.99785830e-04, 3.19200609e+00, 6.65411896e+01
2.05411735e-04, 8.92000219e-05, 9.99794630e-01, 2.05372886e-04, 9.32417603e-01, 2.05393977e-04, 3.19200048e+00, 6.65415037e+01
2.11178304e-04, 9.17038897e-05, 9.99788866e-01, 2.11137244e-04, 9.32411839e-01, 2.11159536e-04, 3.19199472e+00, 6.65418266e+01
2.17106760e-04, 9.42780341e-05, 9.99782940e-01, 2.17063362e-04, 9.32405913e-01, 2.17086923e-04, 3.19198879e+00, 6.65421586e+01
2.23201647e-04, 9.69244272e-05, 9.99776848e-01, 2.23155778e-04, 9.32399820e-01, 2.23180681e-04, 3.19198270e+00, 6.65424999e+01
2.29467637e-04, 9.96450962e-05, 9.99770585e-01, 2.29419157e-04, 9.32393557e-01, 2.29445477e-04, 3.19197643e+00, 6.65428507e+01
2.35909533e-04, 1.02442125e-04, 9.99764146e-01, 2.35858293e-04, 9.32387118e-01, 2.35886112e-04, 3.19196999e+00, 6.65432114e+01
2.42532274e-04, 1.05317657e-04, 9.99757527e-01, 2.42478117e-04, 9.32380498e-01, 2.42507520e-04, 3.19196337e+00, 6.65435823e+01
2.49340937e-04, 1.08273895e-04, 9.99750721e-01, 2.49283697e-04, 9.32373692e-01, 2.49314773e-04, 3.19195656e+00, 6.65439635e+01
2.56340741e-04, 1.11313103e-04, 9.99743725e-01, 2.56280243e-04, 9.32366696e-01, 2.56313088e-04, 3.19194956e+00, 6.65443554e+01
2.63537052e-04, 1.14437609e-04, 9.99736532e-01, 2.63473110e-04, 9.32359503e-01, 2.63507824e-04, 3.19194237e+00, 6.65447584e+01
2.70935387e-04, 1.17649806e-04, 9.99729138e-01, 2.70867804e-04, 9.32352108e-01, 2.70904495e-04, 3.19193497e+00, 6.65451726e+01
2.78541416e-04, 1.20952156e-04, 9.99721536e-01, 2.78469987e-04, 9.32344506e-01, 2.78508766e-04, 3.19192737e+00, 6.65455985e+01
2.86360972e-04, 1.24347187e-04, 9.99713721e-01, 2.86285476e-04, 9.32336690e-01, 2.86326463e-04, 3.19191955e+00, 6.65460363e+01
2.94400048e-04, 1.27837499e-04, 9.99705687e-01, 2.94320255e-04, 9.32328656e-01, 2.94363575e-04, 3.19191151e+00, 6.65464864e+01
3.02664806e-04, 1.31425767e-04, 9.99697427e-01, 3.02580471e-04, 9.32320395e-01, 3.02626257e-04, 3.19190325e+00, 6.65469492e+01
3.11161583e-04, 1.35114738e-04, 9.99688935e-01, 3.11072447e-04, 9.32311903e-01, 3.11120839e-04, 3.19189476e+00, 6.65474249e+01
3.19896892e-04, 1.38907238e-04, 9.99680205e-01, 3.19802682e-04, 9.32303173e-01, 3.19853829e-04, 3.19188602e+00, 6.65479140e+01
3.28877429e-04, 1.42806171e-04, 9.99671231e-01, 3.28777856e-04, 9.32294198e-01, 3.28831914e-04, 3.19187704e+00, 6.65484168e+01
3.38110078e-04, 1.46814523e-04, 9.99662004e-01, 3.38004837e-04, 9.32284971e-01, 3.38061973e-04, 3.19186781e+00, 6.65489337e+01
3.47601918e-04, 1.50935364e-04, 9.99652519e-01, 3.47490687e-04, 9.32275485e-01, 3.47551074e-04, 3.19185833e+00, 6.65494651e+01
3.57360225e-04, 1.55171849e-04, 9.99642767e-01, 3.57242661e-04, 9.32265733e-01, 3.57306487e-04, 3.19184857e+00, 6.65500115e+01
3.67392478e-04, 1.59527223e-04, 9.99632742e-01, 3.67268223e-04, 9.32255708e-01, 3.67335681e-04, 3.19183854e+00, 6.65505731e+01
3.77706369e-04, 1.64004821e-04, 9.99622436e-01, 3.77575041e-04, 9.32245401e-01, 3.77646339e-04, 3.19182823e+00, 6.65511506e+01
3.88309805e-04, 1.68608072e-04, 9.99611841e-01, 3.88171001e-04, 9.32234805e-01, 3.88246358e-04, 3.19181763e+00, 6.65517442e+01
3.99210913e-04, 1.73340499e-04, 9.99600948e-01, 3.99064208e-04, 9.32223912e-01, 3.99143854e-04, 3.19180673e+00, 6.65523545e+01
4.10418050e-04, 1.78205728e-04, 9.99589750e-01, 4.10262995e-04, 9.32212713e-01, 4.10347174e-04, 3.19179553e+00, 6.65529819e+01
4.21939808e-04, 1.83207482e-04, 9.99578238e-01, 4.21775927e-04, 9.32201200e-01, 4.21864898e-04, 3.19178401e+00, 6.65536269e+01
4.33785019e-04, 1.88349591e-04, 9.99566403e-01, 4.33611809e-04, 9.32189364e-01, 4.33705844e-04, 3.19177217e+00, 6.65542900e+01
4.45962763e-04, 1.93635993e-04, 9.99554236e-01, 4.45779694e-04, 9.32177196e-01, 4.45879081e-04, 3.19176000e+00, 6.65549717e+01
4.58482375e-04, 1.99070734e-04, 9.99541728e-01, 4.58288886e-04, 9.32164687e-01, 4.58393930e-04, 3.19174748e+00, 6.65556726e+01
4.71353453e-04, 2.04657975e-04, 9.99528869e-01, 4.71148951e-04, 9.32151827e-01, 4.71259974e-04, 3.19173462e+00, 6.65563931e+01
4.84585864e-04, 2.10401992e-04, 9.99515649e-01, 4.84369722e-04, 9.32138606e-01, 4.84487064e-04, 3.19172139e+00, 6.65571338e+01
4.98189752e-04, 2.16307184e-04, 9.99502058e-01, 4.97961307e-04, 9.32125015e-01, 4.98085328e-04, 3.19170779e+00, 6.65578953e+01
5.12175544e-04, 2.22378069e-04, 9.99488087e-01, 5.11934097e-04, 9.32111042e-01, 5.12065177e-04, 3.19169381e+00, 6.65586782e+01
5.26553963e-04, 2.28619296e-04, 9.99473723e-01, 5.26298773e-04, 9.32096677e-01, 5.26437313e-04, 3.19167944e+00, 6.65594830e+01
5.41336030e-04, 2.35035640e-04, 9.99458957e-01, 5.41066316e-04, 9.32081910e-01, 5.41212741e-04, 3.19166466e+00, 6.65603104e+01
5.56533078e-04, 2.41632013e-04, 9.99443776e-01, 5.56248012e-04, 9.32066728e-01, 5.56402771e-04, 3.19164947e+00, 6.65611611e+01
5.72156756e-04, 2.48413463e-04, 9.99428170e-01, 5.71855465e-04, 9.32051120e-01, 5.72019031e-04, 3.19163386e+00, 6.65620356e+01
5.88219040e-04, 2.55385179e-04, 9.99412127e-01, 5.87900601e-04, 9.32035075e-01, 5.88073477e-04, 3.19161780e+00, 6.65629346e+01
6.04732245e-04, 2.62552498e-04, 9.99395633e-01, 6.04395682e-04, 9.32018580e-01, 6.04578397e-04, 3.19160130e+00, 6.65638588e+01
6.21709029e-04, 2.69920903e-04, 9.99378677e-01, 6.21353310e-04, 9.32001623e-01, 6.21546424e-04, 3.19158433e+00, 6.65648090e+01
6.39162405e-04, 2.77496033e-04, 9.99361246e-01, 6.38786441e-04, 9.31984190e-01, 6.38990546e-04, 3.19156689e+00, 6.65657858e+01
6.57105755e-04, 2.85283683e-04, 9.99343326e-01, 6.56708393e-04, 9.31966268e-01, 6.56924113e-04, 3.19154895e+00, 6.65667901e+01
6.75552832e-04, 2.93289812e-04, 9.99324903e-01, 6.75132855e-04, 9.31947843e-01, 6.75360852e-04, 3.19153052e+00, 6.65678225e+01
6.94517777e-04, 3.01520545e-04, 9.99305964e-01, 6.94073899e-04, 9.31928902e-01, 6.94314871e-04, 3.19151156e+00, 6.65688838e+01
7.14015130e-04, 3.09982178e-04, 9.99286494e-01, 7.13545990e-04, 9.31909430e-01, 7.13800676e-04, 3.19149208e+00, 6.65699750e+01
7.34059837e-04, 3.18681185e-04, 9.99266479e-01, 7.33563997e-04, 9.31889412e-01, 7.33833177e-04, 3.19147204e+00, 6.65710967e+01
7.54667263e-04, 3.27624220e-04, 9.99245902e-01, 7.54143205e-04, 9.31868833e-01, 7.54427703e-04, 3.19145145e+00, 6.65722499e+01
7.75853206e-04, 3.36818122e-04, 9.99224748e-01, 7.75299324e-04, 9.31847677e-01, 7.75600012e-04, 3.19143028e+00, 6.65734355e+01
7.97633907e-04, 3.46269924e-04, 9.99203002e-01, 7.97048504e-04, 9.31825927e-01, 7.97366302e-04, 3.19140851e+00, 6.65746543e+01
8.20026062e-04, 3.55986854e-04, 9.99180646e-01, 8.19407345e-04, 9.31803569e-01, 8.19743228e-04, 3.19138613e+00, 6.65759072e+01
8.43046837e-04, 3.65976343e-04, 9.99157663e-01, 8.42392910e-04, 9.31780583e-01, 8.42747906e-04, 3.19136313e+00, 6.65771953e+01
8.66713880e-04, 3.76246030e-04, 9.99134037e-01, 8.66022740e-04, 9.31756953e-01, 8.66397937e-04, 3.19133948e+00, 6.65785196e+01
8.91045332e-04, 3.86803767e-04, 9.99109748e-01, 8.90314862e-04, 9.31732661e-01, 8.90711409e-04, 3.19131516e+00, 6.65798810e+01
9.16059848e-04, 3.97657626e-04, 9.99084779e-01, 9.15287809e-04, 9.31707688e-01, 9.15706921e-04, 3.19129017e+00, 6.65812805e+01
9.41776601e-04, 4.08815904e-04, 9.99059110e-01, 9.40960630e-04, 9.31682015e-01, 9.41403589e-04, 3.19126447e+00, 6.65827193e+01
9.68215306e-04, 4.20287133e-04, 9.99032721e-01, 9.67352904e-04, 9.31655623e-01, 9.67821067e-04, 3.19123806e+00, 6.65841985e+01
9.95396231e-04, 4.32080081e-04, 9.99005594e-01, 9.94484755e-04, 9.31628491e-01, 9.94979558e-04, 3.19121090e+00, 6.65857191e+01
1.02334021e-03, 4.44203760e-04, 9.98977706e-01, 1.02237687e-03, 9.31600599e-01, 1.02289983e-03, 3.19118298e+00, 6.65872824e+01
1.05206867e-03, 4.56667438e-04, 9.98949037e-01, 1.05105052e-03, 9.31571925e-01, 1.05160323e-03, 3.19115427e+00, 6.65888895e+01
1.08160363e-03, 4.69480638e-04, 9.98919565e-01, 1.08052754e-03, 9.31542448e-01, 1.08111170e-03, 3.19112476e+00, 6.65905416e+01
1.11196773e-03, 4.82653152e-04, 9.98889267e-01, 1.11083041e-03, 9.31512146e-01, 1.11144781e-03, 3.19109443e+00, 6.65922401e+01
1.14318425e-03, 4.96195044e-04, 9.98858121e-01, 1.14198222e-03, 9.31480994e-01, 1.14263474e-03, 3.19106324e+00, 6.65939862e+01
1.17527712e-03, 5.10116661e-04, 9.98826103e-01, 1.17400670e-03, 9.31448969e-01, 1.17469634e-03, 3.19103118e+00, 6.65957813e+01
1.20827094e-03, 5.24428638e-04, 9.98793187e-01, 1.20692823e-03, 9.31416048e-01, 1.20765711e-03, 3.19099822e+00, 6.65976266e+01
1.24219100e-03, 5.39141905e-04, 9.98759350e-01, 1.24077190e-03, 9.31382204e-01, 1.24154224e-03, 3.19096433e+00, 6.65995237e+01
1.27706330e-03, 5.54267703e-04, 9.98724566e-01, 1.27556347e-03, 9.31347412e-01, 1.27637764e-03, 3.19092950e+00, 6.66014740e+01
1.31291459e-03, 5.69817580e-04, 9.98688807e-01, 1.31132942e-03, 9.31311647e-01, 1.31218991e-03, 3.19089369e+00, 6.66034789e+01
1.34977233e-03, 5.85803413e-04, 9.98652047e-01, 1.34809698e-03, 9.31274879e-01, 1.34900642e-03, 3.19085687e+00, 6.66055401e+01
1.38766479e-03, 6.02237406e-04, 9.98614258e-01, 1.38589413e-03, 9.31237082e-01, 1.38685530e-03, 3.19081902e+00, 6.66076590e+01
1.42662102e-03, 6.19132106e-04, 9.98575411e-01, 1.42474963e-03, 9.31198226e-01, 1.42576547e-03, 3.19078011e+00, 6.66098373e+01
1.46667087e-03, 6.36500410e-04, 9.98535477e-01, 1.46469302e-03, 9.31158283e-01, 1.46576665e-03, 3.19074011e+00, 6.66120766e+01
1.50784505e-03, 6.54355573e-04, 9.98494425e-01, 1.50575469e-03, 9.31117221e-01, 1.50688938e-03, 3.19069899e+00, 6.66143787e+01
1.55017512e-03, 6.72711224e-04, 9.98452224e-01, 1.54796585e-03, 9.31075010e-01, 1.54916509e-03, 3.19065671e+00, 6.66167453e+01
1.59369353e-03, 6.91581368e-04, 9.98408842e-01, 1.59135859e-03, 9.31031617e-01, 1.59262604e-03, 3.19061325e+00, 6.66191782e+01
1.63843365e-03, 7.10980403e-04, 9.98364246e-01, 1.63596589e-03, 9.30987010e-01, 1.63730542e-03, 3.19056857e+00, 6.66216793e+01
1.68442976e-03, 7.30923128e-04, 9.98318403e-01, 1.68182163e-03, 9.30941154e-01, 1.68323736e-03, 3.19052264e+00, 6.66242505e+01
1.73171713e-03, 7.51424755e-04, 9.98271277e-01, 1.72896066e-03, 9.30894015e-01, 1.73045690e-03, 3.19047542e+00, 6.66268937e+01
1.78033202e-03, 7.72500920e-04, 9.98222832e-01, 1.77741876e-03, 9.30845557e-01, 1.77900009e-03, 3.19042688e+00, 6.66296109e+01
1.83031168e-03, 7.94167695e-04, 9.98173032e-01, 1.82723272e-03, 9.30795743e-01, 1.82890398e-03, 3.19037697e+00, 6.66324043e+01
1.88169442e-03, 8.16441599e-04, 9.98121840e-01, 1.87844035e-03, 9.30744536e-01, 1.88020666e-03, 0.00000000e+00, 6.66352759e+01
1.93451965e-03, 8.39339613e-04, 9.98069215e-01, 1.93108051e-03, 9.30691895e-01, 1.93294726e-03, 3.19027293e+00, 6.66382280e+01
1.98882786e-03, 8.62879189e-04, 9.98015120e-01, 1.98519313e-03, 9.30637783e-01, 1.98716603e-03, 3.19021871e+00, 6.66412627e+01
2.04466067e-03, 8.87078267e-04, 9.97959511e-01, 2.04081923e-03, 9.30582157e-01, 2.04290432e-03, 3.19016297e+00, 6.66443824e+01
2.10206088e-03, 9.11955285e-04, 9.97902349e-01, 2.09800100e-03, 9.30524975e-01, 2.10020464e-03, 3.19010567e+00, 6.66475895e+01
2.16107251e-03, 9.37529196e-04, 9.97843588e-01, 2.15678175e-03, 9.30466194e-01, 2.15911069e-03, 3.19004677e+00, 6.66508864e+01
2.22174078e-03, 9.63819479e-04, 9.97783184e-01, 2.21720604e-03, 9.30405770e-01, 2.21966739e-03, 3.18998621e+00, 6.66542756e+01
2.28411221e-03, 9.90846156e-04, 9.97721093e-01, 2.27931961e-03, 9.30343656e-01, 2.28192090e-03, 3.18992396e+00, 6.66577597e+01
2.34823460e-03, 1.01862981e-03, 9.97657267e-01, 2.34316949e-03, 9.30279806e-01, 2.34591867e-03, 3.18985996e+00, 6.66613414e+01
2.41415712e-03, 1.04719158e-03, 9.97591657e-01, 2.40880402e-03, 9.30214172e-01, 2.41170948e-03, 3.18979417e+00, 6.66650233e+01
2.48193029e-03, 1.07655322e-03, 9.97524214e-01, 2.47627284e-03, 9.30146703e-01, 2.47934347e-03, 3.18972653e+00, 6.66688082e+01
2.55160607e-03, 1.10673706e-03, 9.97454888e-01, 2.54562697e-03, 9.30077349e-01, 2.54887215e-03, 3.18965700e+00, 6.66726992e+01
2.62323788e-03, 1.13776607e-03, 9.97383625e-01, 2.61691886e-03, 9.30006057e-01, 2.62034851e-03, 3.18958553e+00, 6.66766990e+01
2.69688063e-03, 1.16966386e-03, 9.97310373e-01, 2.69020238e-03, 9.29932774e-01, 2.69382696e-03, 3.18951205e+00, 6.66808107e+01
2.77259076e-03, 1.20245468e-03, 9.97235075e-01, 2.76553288e-03, 9.29857443e-01, 2.76936347e-03, 3.18943651e+00, 6.66850375e+01
2.85042632e-03, 1.23616346e-03, 9.97157676e-01, 2.84296724e-03, 9.29780009e-01, 2.84701554e-03, 3.18935886e+00, 6.66893826e+01
2.93044698e-03, 1.27081583e-03, 9.97078115e-01, 2.92256391e-03, 9.29700412e-01, 2.92684228e-03, 3.18927903e+00, 6.66938492e+01
3.01271407e-03, 1.30643812e-03, 9.96996335e-01, 3.00438294e-03, 9.29618593e-01, 3.00890444e-03, 3.18919697e+00, 6.66984408e+01
3.09729067e-03, 1.34305740e-03, 9.96912273e-01, 3.08848602e-03, 9.29534490e-01, 3.09326446e-03, 3.18911261e+00, 6.67031609e+01
3.18424160e-03, 1.38070148e-03, 9.96825866e-01, 3.17493656e-03, 9.29448039e-01, 3.17998651e-03, 3.18902589e+00, 6.67080129e+01
3.27363353e-03, 1.41939895e-03, 9.96737048e-01, 3.26379967e-03, 9.29359176e-01, 3.26913656e-03, 3.18893674e+00, 6.67130006e+01
3.36553498e-03, 1.45917918e-03, 9.96645754e-01, 3.35514229e-03, 9.29267834e-01, 3.36078239e-03, 3.18884509e+00, 6.67181279e+01
3.46001639e-03, 1.50007238e-03, 9.96551914e-01, 3.44903314e-03, 9.29173943e-01, 3.45499367e-03, 3.18875088e+00, 6.67233984e+01
3.55715021e-03, 1.54210957e-03, 9.96455458e-01, 3.54554287e-03, 9.29077433e-01, 3.55184201e-03, 3.18865403e+00, 6.67288164e+01
3.65701088e-03, 1.58532264e-03, 9.96356314e-01, 3.64474403e-03, 9.28978232e-01, 3.65140100e-03, 3.18855448e+00, 6.67343857e+01
3.75967497e-03, 1.62974435e-03, 9.96254407e-01, 3.74671117e-03, 9.28876265e-01, 3.75374627e-03, 3.18845213e+00, 6.67401108e+01
3.86522116e-03, 1.67540839e-03, 9.96149661e-01, 3.85152086e-03, 9.28771455e-01, 3.85895555e-03, 3.18834692e+00, 6.67459958e+01
3.97373038e-03, 1.72234936e-03, 9.96041998e-01, 3.95925179e-03, 9.28663724e-01, 3.96710872e-03, 3.18823877e+00, 6.67520453e+01
4.08528580e-03, 1.77060283e-03, 9.95931336e-01, 4.06998475e-03, 9.28552991e-01, 4.07828788e-03, 3.18812759e+00, 6.67582638e+01
4.19997295e-03, 1.82020534e-03, 9.95817593e-01, 4.18380277e-03, 9.28439173e-01, 4.19257741e-03, 3.18801330e+00, 6.67646561e+01
4.31787973e-03, 1.87119444e-03, 9.95700684e-01, 4.30079112e-03, 9.28322185e-01, 4.31006400e-03, 3.18789581e+00, 6.67712269e+01
4.43909653e-03, 1.92360874e-03, 9.95580522e-01, 4.42103740e-03, 9.28201939e-01, 4.43083677e-03, 3.18777504e+00, 6.67779812e+01
4.56371628e-03, 1.97748788e-03, 9.95457017e-01, 4.54463157e-03, 9.28078344e-01, 4.55498729e-03, 3.18765089e+00, 6.67849242e+01
4.69183451e-03, 2.03287261e-03, 9.95330076e-01, 4.67166605e-03, 9.27951310e-01, 4.68260966e-03, 3.18752327e+00, 6.67920610e+01
4.82354943e-03, 2.08980480e-03, 9.95199606e-01, 4.80223577e-03, 9.27820740e-01, 4.81380059e-03, 3.18739208e+00, 6.67993970e+01
4.95896201e-03, 2.14832749e-03, 9.95065508e-01, 4.93643821e-03, 9.27686538e-01, 4.94865945e-03, 3.18725722e+00, 6.68069378e+01
5.09817606e-03, 2.20848488e-03, 9.94927683e-01, 5.07437352e-03, 9.27548602e-01, 5.08728837e-03, 3.18711859e+00, 6.68146890e+01
5.24129830e-03, 2.27032240e-03, 9.94786030e-01, 5.21614451e-03, 9.27406831e-01, 5.22979229e-03, 3.18697608e+00, 6.68226566e+01
5.38843844e-03, 2.33388671e-03, 9.94640441e-01, 5.36185682e-03, 9.27261119e-01, 5.37627904e-03, 3.18682960e+00, 6.68308464e+01
5.53970928e-03, 2.39922578e-03, 9.94490810e-01, 5.51161890e-03, 9.27111357e-01, 5.52685943e-03, 3.18667902e+00, 6.68392646e+01
5.69522678e-03, 2.46638889e-03, 9.94337025e-01, 5.66554214e-03, 9.26957434e-01, 5.68164733e-03, 3.18652423e+00, 6.68479177e+01
5.85511016e-03, 2.53542665e-03, 9.94178973e-01, 5.82374093e-03, 9.26799235e-01, 5.84075974e-03, 3.18636512e+00, 6.68568120e+01
6.01948197e-03, 2.60639109e-03, 9.94016535e-01, 5.98633272e-03, 9.26636643e-01, 6.00431689e-03, 3.18620156e+00, 6.68659543e+01
6.18846824e-03, 2.67933564e-03, 9.93849593e-01, 6.15343813e-03, 9.26469538e-01, 6.17244230e-03, 3.18603343e+00, 6.68753514e+01
6.36219849e-03, 2.75431521e-03, 9.93678023e-01, 6.32518100e-03, 9.26297795e-01, 6.34526291e-03, 3.18586061e+00, 6.68850104e+01
6.54080591e-03, 2.83138620e-03, 9.93501698e-01, 6.50168849e-03, 9.26121287e-01, 6.52290914e-03, 3.18568297e+00, 6.68949385e+01
6.72442742e-03, 2.91060657e-03, 9.93320488e-01, 6.68309117e-03, 9.25939885e-01, 6.70551500e-03, 3.18550036e+00, 6.69051432e+01
6.91320378e-03, 2.99203585e-03, 9.93134260e-01, 6.86952308e-03, 9.25753453e-01, 6.89321815e-03, 3.18531266e+00, 6.69156321e+01
7.10727970e-03, 3.07573520e-03, 9.92942877e-01, 7.06112185e-03, 9.25561854e-01, 7.08616008e-03, 3.18511972e+00, 6.69264130e+01
7.30680395e-03, 3.16176744e-03, 9.92746198e-01, 7.25802877e-03, 9.25364947e-01, 7.28448610e-03, 3.18492139e+00, 6.69374941e+01
7.51192949e-03, 3.25019713e-03, 9.92544079e-01, 7.46038887e-03, 9.25162587e-01, 7.48834557e-03, 3.18471753e+00, 6.69488835e+01
7.72281357e-03, 3.34109055e-03, 9.92336371e-01, 7.66835105e-03, 9.24954625e-01, 7.69789187e-03, 3.18450798e+00, 6.69605899e+01
7.93961785e-03, 3.43451582e-03, 9.92122923e-01, 7.88206815e-03, 9.24740908e-01, 7.91328263e-03, 3.18429259e+00, 6.69726220e+01
8.16250851e-03, 3.53054289e-03, 9.91903579e-01, 8.10169705e-03, 9.24521279e-01, 8.13467978e-03, 3.18407120e+00, 6.69849886e+01
8.39165644e-03, 3.62924361e-03, 9.91678177e-01, 8.32739877e-03, 9.24295577e-01, 8.36224965e-03, 3.18384363e+00, 6.69976992e+01
8.62723729e-03, 3.73069181e-03, 9.91446555e-01, 8.55933859e-03, 9.24063637e-01, 8.59616315e-03, 3.18360971e+00, 6.70107630e+01
8.86943166e-03, 3.83496328e-03, 9.91208544e-01, 8.79768612e-03, 9.23825290e-01, 8.83659582e-03, 3.18336928e+00, 6.70241899e+01
9.11842520e-03, 3.94213590e-03, 9.90963969e-01, 9.04261544e-03, 9.23580361e-01, 9.08372801e-03, 3.18312215e+00, 6.70379898e+01
9.37440879e-03, 4.05228964e-03, 9.90712655e-01, 9.29430518e-03, 9.23328671e-01, 9.33774498e-03, 3.18286813e+00, 6.70521729e+01
9.63757866e-03, 4.16550662e-03, 9.90454418e-01, 9.55293866e-03, 9.23070037e-01, 9.59883702e-03, 3.18260704e+00, 6.70667499e+01
9.90813657e-03, 4.28187121e-03, 9.90189071e-01, 9.81870397e-03, 9.22804272e-01, 9.86719962e-03, 3.18233868e+00, 6.70817315e+01
1.01862899e-02, 4.40147004e-03, 9.89916424e-01, 1.00917941e-02, 9.22531182e-01, 1.01430336e-02, 3.18206284e+00, 6.70971289e+01
1.04722519e-02, 4.52439206e-03, 9.89636280e-01, 1.03724071e-02, 9.22250569e-01, 1.04265451e-02, 3.18177933e+00, 6.71129533e+01
1.07662418e-02, 4.65072864e-03, 9.89348436e-01, 1.06607461e-02, 9.21962230e-01, 1.07179460e-02, 3.18148793e+00, 6.71292166e+01
1.10684849e-02, 4.78057359e-03, 9.89052685e-01, 1.09570195e-02, 9.21665956e-01, 1.10174539e-02, 3.18118842e+00, 6.71459307e+01
1.13792129e-02, 4.91402325e-03, 9.88748817e-01, 1.12614411e-02, 9.21361535e-01, 1.13252923e-02, 3.18088058e+00, 6.71631081e+01
1.16986641e-02, 5.05117654e-03, 9.88436612e-01, 1.15742301e-02, 9.21048746e-01, 1.16416906e-02, 3.18056419e+00, 6.71807613e+01
1.20270833e-02, 5.19213502e-03, 9.88115848e-01, 1.18956116e-02, 9.20727364e-01, 1.19668846e-02, 3.18023899e+00, 6.71989033e+01
1.23647224e-02, 5.33700299e-03, 9.87786297e-01, 1.22258163e-02, 9.20397160e-01, 1.23011163e-02, 3.17990476e+00, 6.72175476e+01
1.27118400e-02, 5.48588750e-03, 9.87447723e-01, 1.25650806e-02, 9.20057895e-01, 1.26446344e-02, 3.17956124e+00, 6.72367078e+01
1.30687023e-02, 5.63889849e-03, 9.87099885e-01, 1.29136472e-02, 9.19709329e-01, 1.29976942e-02, 3.17920818e+00, 6.72563980e+01
1.34355829e-02, 5.79614881e-03, 9.86742539e-01, 1.32717649e-02, 9.19351211e-01, 1.33605577e-02, 3.17884532e+00, 6.72766326e+01
1.38127630e-02, 5.95775431e-03, 9.86375430e-01, 1.36396888e-02, 9.18983287e-01, 1.37334943e-02, 3.17847238e+00, 6.72974265e+01
1.42005318e-02, 6.12383394e-03, 9.85998300e-01, 1.40176805e-02, 9.18605295e-01, 1.41167803e-02, 3.17808910e+00, 6.73187949e+01
1.45991865e-02, 6.29450978e-03, 9.85610883e-01, 1.44060079e-02, 9.18216968e-01, 1.45106996e-02, 3.17769518e+00, 6.73407534e+01
1.50090328e-02, 6.46990713e-03, 9.85212907e-01, 1.48049460e-02, 9.17818030e-01, 1.49155436e-02, 3.17729033e+00, 6.73633181e+01
1.54303847e-02, 6.65015464e-03, 9.84804094e-01, 1.52147765e-02, 9.17408199e-01, 1.53316116e-02, 3.17687426e+00, 6.73865053e+01
1.58635653e-02, 6.83538432e-03, 9.84384158e-01, 1.56357882e-02, 9.16987188e-01, 1.57592108e-02, 3.17644667e+00, 6.74103320e+01
1.63089068e-02, 7.02573168e-03, 9.83952805e-01, 1.60682768e-02, 9.16554699e-01, 1.61986566e-02, 3.17600722e+00, 6.74348154e+01
1.67667503e-02, 7.22133576e-03, 9.83509738e-01, 1.65125458e-02, 9.16110430e-01, 1.66502727e-02, 3.17555560e+00, 6.74599735e+01
1.72374471e-02, 7.42233928e-03, 9.83054648e-01, 1.69689057e-02, 9.15654070e-01, 1.71143917e-02, 3.17509148e+00, 6.74858243e+01
1.77213578e-02, 7.62888867e-03, 9.82587220e-01, 1.74376750e-02, 9.15185301e-01, 1.75913548e-02, 3.17461452e+00, 6.75123867e+01
1.82188534e-02, 7.84113421e-03, 9.82107134e-01, 1.79191797e-02, 9.14703796e-01, 1.80815122e-02, 3.17412436e+00, 6.75396798e+01
1.87303154e-02, 8.05923009e-03, 9.81614059e-01, 1.84137540e-02, 9.14209222e-01, 1.85852235e-02, 3.17362065e+00, 6.75677233e+01
1.92561357e-02, 8.28333450e-03, 9.81107658e-01, 1.89217400e-02, 9.13701236e-01, 1.91028578e-02, 3.17310302e+00, 6.75965374e+01
1.97967175e-02, 8.51360975e-03, 9.80587585e-01, 1.94434881e-02, 9.13179488e-01, 1.96347938e-02, 3.17257108e+00, 6.76261429e+01
2.03524752e-02, 8.75022235e-03, 9.80053486e-01, 1.99793573e-02, 9.12643619e-01, 2.01814203e-02, 3.17202446e+00, 6.76565611e+01
2.09238348e-02, 8.99334311e-03, 9.79504999e-01, 2.05297150e-02, 9.12093261e-01, 2.07431364e-02, 3.17146274e+00, 6.76878136e+01
2.15112343e-02, 9.24314725e-03, 9.78941755e-01, 2.10949374e-02, 9.11528039e-01, 2.13203514e-02, 3.17088552e+00, 6.77199230e+01
2.21151240e-02, 9.49981449e-03, 9.78363373e-01, 2.16754097e-02, 9.10947566e-01, 2.19134855e-02, 3.17029239e+00, 6.77529122e+01
2.27359668e-02, 9.76352916e-03, 9.77769466e-01, 2.22715259e-02, 9.10351450e-01, 2.25229699e-02, 3.16968291e+00, 6.77868046e+01
2.33742387e-02, 1.00344803e-02, 9.77159637e-01, 2.28836895e-02, 9.09739286e-01, 2.31492470e-02, 3.16905663e+00, 6.78216245e+01
2.40304289e-02, 1.03128618e-02, 9.76533482e-01, 2.35123135e-02, 9.09110662e-01, 2.37927708e-02, 3.16841311e+00, 6.78573966e+01
2.47050406e-02, 1.05988725e-02, 9.75890584e-01, 2.41578201e-02, 9.08465156e-01, 2.44540069e-02, 3.16775187e+00, 6.78941462e+01
2.53985907e-02, 1.08927162e-02, 9.75230519e-01, 2.48206415e-02, 9.07802334e-01, 2.51334331e-02, 3.16707244e+00, 6.79318994e+01
2.61116110e-02, 1.11946019e-02, 9.74552855e-01, 2.55012197e-02, 9.07121756e-01, 2.58315397e-02, 3.16637434e+00, 6.79706828e+01
2.68446481e-02, 1.15047439e-02, 9.73857148e-01, 2.62000069e-02, 9.06422969e-01, 2.65488294e-02, 3.16565705e+00, 6.80105238e+01
2.75982639e-02, 1.18233619e-02, 9.73142944e-01, 2.69174653e-02, 9.05705511e-01, 2.72858179e-02, 3.16492006e+00, 6.80514505e+01
2.83730362e-02, 1.21506810e-02, 9.72409782e-01, 2.76540675e-02, 9.04968908e-01, 2.80430344e-02, 3.16416284e+00, 6.80934915e+01
2.91695588e-02, 1.24869320e-02, 9.71657189e-01, 2.84102968e-02, 9.04212679e-01, 2.88210214e-02, 3.16338485e+00, 6.81366764e+01
2.99884423e-02, 1.28323514e-02, 9.70884681e-01, 2.91866472e-02, 9.03436329e-01, 2.96203353e-02, 3.16258554e+00, 6.81810352e+01
3.08303146e-02, 1.31871818e-02, 9.70091766e-01, 2.99836232e-02, 9.02639353e-01, 3.04415468e-02, 3.16176433e+00, 6.82265991e+01
3.16958209e-02, 1.35516713e-02, 9.69277940e-01, 3.08017407e-02, 9.01821235e-01, 3.12852411e-02, 3.16092064e+00, 6.82733996e+01
3.25856248e-02, 1.39260747e-02, 9.68442690e-01, 3.16415266e-02, 9.00981449e-01, 3.21520182e-02, 3.16005386e+00, 6.83214693e+01
3.35004083e-02, 1.43106525e-02, 9.67585491e-01, 3.25035190e-02, 9.00119457e-01, 3.30424933e-02, 3.15916338e+00, 6.83708414e+01
3.44408728e-02, 1.47056720e-02, 9.66705808e-01, 3.33882674e-02, 8.99234709e-01, 3.39572971e-02, 3.15824858e+00, 6.84215502e+01
3.54077391e-02, 1.51114068e-02, 9.65803096e-01, 3.42963331e-02, 8.98326643e-01, 3.48970762e-02, 3.15730880e+00, 6.84736305e+01
3.64017485e-02, 1.55281370e-02, 9.64876798e-01, 3.52282888e-02, 8.97394687e-01, 3.58624934e-02, 3.15634338e+00, 6.85271182e+01
3.74236629e-02, 1.59561497e-02, 9.63926345e-01, 3.61847193e-02, 8.96438257e-01, 3.68542282e-02, 3.15535165e+00, 6.85820499e+01
3.84742658e-02, 1.63957388e-02, 9.62951161e-01, 3.71662212e-02, 8.95456755e-01, 3.78729769e-02, 3.15433290e+00, 6.86384633e+01
3.95543624e-02, 1.68472053e-02, 9.61950655e-01, 3.81734030e-02, 8.94449573e-01, 3.89194531e-02, 3.15328642e+00, 6.86963969e+01
4.06647809e-02, 1.73108570e-02, 9.60924227e-01, 3.92068857e-02, 8.93416090e-01, 3.99943881e-02, 3.15221149e+00, 6.87558900e+01
4.18063724e-02, 1.77870096e-02, 9.59871264e-01, 4.02673023e-02, 8.92355674e-01, 4.10985314e-02, 3.15110734e+00, 6.88169831e+01
4.29800121e-02, 1.82759856e-02, 9.58791145e-01, 4.13552982e-02, 8.91267678e-01, 4.22326507e-02, 3.14997323e+00, 6.88797176e+01
4.41865996e-02, 1.87781154e-02, 9.57683234e-01, 4.24715313e-02, 8.90151445e-01, 4.33975327e-02, 3.14880834e+00, 6.89441358e+01
4.54270599e-02, 1.92937372e-02, 9.56546887e-01, 4.36166720e-02, 8.89006304e-01, 4.45939833e-02, 3.14761189e+00, 6.90102810e+01
4.67023439e-02, 1.98231967e-02, 9.55381447e-01, 4.47914033e-02, 8.87831573e-01, 4.58228279e-02, 3.14638305e+00, 6.90781978e+01
4.80134292e-02, 2.03668477e-02, 9.54186246e-01, 4.59964207e-02, 8.86626555e-01, 4.70849121e-02, 3.14512096e+00, 6.91479316e+01
4.93613210e-02, 2.09250522e-02, 9.52960606e-01, 4.72324325e-02, 8.85390543e-01, 4.83811018e-02, 3.14382477e+00, 6.92195290e+01
5.07470524e-02, 2.14981804e-02, 9.51703836e-01, 4.85001597e-02, 8.84122816e-01, 4.97122837e-02, 3.14249359e+00, 6.92930376e+01
5.21716858e-02, 2.20866106e-02, 9.50415235e-01, 4.98003359e-02, 8.82822640e-01, 5.10793657e-02, 3.14112651e+00, 6.93685063e+01
5.36363132e-02, 2.26907300e-02, 9.49094092e-01, 5.11337075e-02, 8.81489268e-01, 5.24832776e-02, 3.13972260e+00, 6.94459850e+01
5.51420574e-02, 2.33109341e-02, 9.47739684e-01, 5.25010337e-02, 8.80121942e-01, 5.39249711e-02, 3.13828091e+00, 6.95255250e+01
5.66900727e-02, 2.39476274e-02, 9.46351277e-01, 5.39030862e-02, 8.78719890e-01, 5.54054204e-02, 3.13680046e+00, 6.96071786e+01
5.82815458e-02, 2.46012230e-02, 9.44928128e-01, 5.53406495e-02, 8.77282326e-01, 5.69256227e-02, 3.13528025e+00, 6.96909994e+01
5.99176967e-02, 2.52721433e-02, 9.43469482e-01, 5.68145206e-02, 8.75808455e-01, 5.84865984e-02, 3.13371928e+00, 6.97770424e+01
6.15997796e-02, 2.59608197e-02, 9.41974574e-01, 5.83255089e-02, 8.74297467e-01, 6.00893919e-02, 3.13211648e+00, 6.98653637e+01
6.33290840e-02, 2.66676928e-02, 9.40442630e-01, 5.98744366e-02, 8.72748539e-01, 6.17350718e-02, 3.13047080e+00, 6.99560208e+01
6.51069356e-02, 2.73932126e-02, 9.38872865e-01, 6.14621376e-02, 8.71160838e-01, 6.34247312e-02, 3.12878115e+00, 7.00490727e+01
6.69346971e-02, 2.81378388e-02, 9.37264486e-01, 6.30894585e-02, 8.69533517e-01, 6.51594884e-02, 3.12704639e+00, 7.01445796e+01
6.88137699e-02, 2.89020403e-02, 9.35616689e-01, 6.47572576e-02, 8.67865718e-01, 6.69404872e-02, 3.12526539e+00, 7.02426033e+01
7.07455942e-02, 2.96862961e-02, 9.33928662e-01, 6.64664050e-02, 8.66156571e-01, 6.87688975e-02, 3.12343698e+00, 7.03432069e+01
7.27316511e-02, 3.04910947e-02, 9.32199585e-01, 6.82177825e-02, 8.64405193e-01, 7.06459154e-02, 3.12155996e+00, 7.04464552e+01
7.47734631e-02, 3.13169348e-02, 9.30428629e-01, 7.00122832e-02, 8.62610693e-01, 7.25727641e-02, 3.11963311e+00, 7.05524144e+01
7.68725952e-02, 3.21643250e-02, 9.28614958e-01, 7.18508113e-02, 8.60772165e-01, 7.45506939e-02, 3.11765518e+00, 7.06611522e+01
7.90306568e-02, 3.30337838e-02, 9.26757728e-01, 7.37342819e-02, 8.58888694e-01, 7.65809828e-02, 3.11562489e+00, 7.07727382e+01
8.12493021e-02, 3.39258402e-02, 9.24856088e-01, 7.56636204e-02, 8.56959356e-01, 7.86649372e-02, 3.11354094e+00, 7.08872435e+01
8.35302320e-02, 3.48410332e-02, 9.22909182e-01, 7.76397625e-02, 8.54983213e-01, 8.08038918e-02, 3.11140198e+00, 7.10047410e+01
8.58751948e-02, 3.57799125e-02, 9.20916146e-01, 7.96636537e-02, 8.52959322e-01, 8.29992105e-02, 3.10920667e+00, 7.11253052e+01
8.82859884e-02, 3.67430377e-02, 9.18876114e-01, 8.17362487e-02, 8.50886727e-01, 8.52522867e-02, 3.10695359e+00, 7.12490128e+01
9.07644607e-02, 3.77309793e-02, 9.16788212e-01, 8.38585112e-02, 8.48764465e-01, 8.75645434e-02, 3.10464133e+00, 7.13759419e+01
9.33125118e-02, 3.87443182e-02, 9.14651565e-01, 8.60314134e-02, 8.46591563e-01, 8.99374342e-02, 3.10226844e+00, 7.15061730e+01
9.59320948e-02, 3.97836456e-02, 9.12465293e-01, 8.82559351e-02, 8.44367041e-01, 9.23724433e-02, 3.09983343e+00, 7.16397883e+01
9.86252179e-02, 4.08495636e-02, 9.10228514e-01, 9.05330638e-02, 8.42089912e-01, 9.48710857e-02, 3.09733479e+00, 7.17768723e+01
1.01393946e-01, 4.19426849e-02, 9.07940346e-01, 9.28637935e-02, 8.39759182e-01, 9.74349084e-02, 3.09477097e+00, 7.19175115e+01
1.04240401e-01, 4.30636326e-02, 9.05599903e-01, 9.52491245e-02, 8.37373851e-01, 1.00065490e-01, 3.09214039e+00, 7.20617947e+01
1.07166765e-01, 4.42130406e-02, 9.03206303e-01, 9.76900625e-02, 8.34932913e-01, 1.02764441e-01, 3.08944144e+00, 7.22098132e+01
1.10175281e-01, 4.53915533e-02, 9.00758661e-01, 1.00187618e-01, 8.32435358e-01, 1.05533405e-01, 3.08667247e+00, 7.23616603e+01
1.13268257e-01, 4.65998259e-02, 8.98256098e-01, 1.02742804e-01, 8.29880172e-01, 1.08374058e-01, 3.08383182e+00, 7.25174323e+01
1.16448062e-01, 4.78385241e-02, 8.95697735e-01, 1.05356640e-01, 8.27266336e-01, 1.11288111e-01, 3.08091777e+00, 7.26772277e+01
1.19717134e-01, 4.91083240e-02, 8.93082699e-01, 1.08030144e-01, 8.24592832e-01, 1.14277306e-01, 3.07792857e+00, 7.28411479e+01
1.23077980e-01, 5.04099123e-02, 8.90410121e-01, 1.10764339e-01, 8.21858637e-01, 1.17343420e-01, 3.07486246e+00, 7.30092973e+01
1.26533176e-01, 5.17439860e-02, 8.87679139e-01, 1.13560244e-01, 8.19062732e-01, 1.20488266e-01, 3.07171761e+00, 7.31817830e+01
1.30085370e-01, 5.31112527e-02, 8.84888900e-01, 1.16418881e-01, 8.16204095e-01, 1.23713688e-01, 3.06849219e+00, 7.33587154e+01
1.33737286e-01, 5.45124297e-02, 8.82038557e-01, 1.19341269e-01, 8.13281707e-01, 1.27021567e-01, 3.06518431e+00, 7.35402081e+01
1.37491723e-01, 5.59482450e-02, 8.79127276e-01, 1.22328425e-01, 8.10294551e-01, 1.30413819e-01, 3.06179206e+00, 7.37263782e+01
1.41351558e-01, 5.74194362e-02, 8.76154234e-01, 1.25381361e-01, 8.07241615e-01, 1.33892395e-01, 3.05831348e+00, 7.39173463e+01
1.45319752e-01, 5.89267507e-02, 8.73118619e-01, 1.28501084e-01, 8.04121892e-01, 1.37459279e-01, 3.05474660e+00, 7.41132368e+01
1.49399346e-01, 6.04709458e-02, 8.70019635e-01, 1.31688595e-01, 8.00934381e-01, 1.41116493e-01, 3.05108938e+00, 7.43141782e+01
1.53593468e-01, 6.20527881e-02, 8.66856504e-01, 1.34944886e-01, 7.97678090e-01, 1.44866093e-01, 3.04733978e+00, 7.45203031e+01
1.57905331e-01, 6.36730536e-02, 8.63628462e-01, 1.38270942e-01, 7.94352034e-01, 1.48710172e-01, 3.04349570e+00, 7.47317487e+01
1.62338243e-01, 6.53325272e-02, 8.60334766e-01, 1.41667735e-01, 7.90955241e-01, 1.52650857e-01, 3.03955502e+00, 7.49486566e+01
1.66895601e-01, 6.70320026e-02, 8.56974693e-01, 1.45136225e-01, 7.87486750e-01, 1.56690312e-01, 3.03551556e+00, 7.51711737e+01
1.71580899e-01, 6.87722823e-02, 8.53547545e-01, 1.48677361e-01, 7.83945615e-01, 1.60830733e-01, 3.03137514e+00, 7.53994520e+01
1.76397728e-01, 7.05541769e-02, 8.50052645e-01, 1.52292073e-01, 7.80330903e-01, 1.65074355e-01, 3.02713152e+00, 7.56336491e+01
1.81349780e-01, 7.23785049e-02, 8.46489343e-01, 1.55981274e-01, 7.76641702e-01, 1.69423447e-01, 3.02278243e+00, 7.58739286e+01
1.86440853e-01, 7.42460926e-02, 8.42857018e-01, 1.59745861e-01, 7.72877115e-01, 1.73880311e-01, 3.01832556e+00, 7.61204602e+01
1.91674849e-01, 7.61577735e-02, 8.39155077e-01, 1.63586707e-01, 7.69036269e-01, 1.78447287e-01, 3.01375859e+00, 7.63734205e+01
1.97055780e-01, 7.81143880e-02, 8.35382959e-01, 1.67504663e-01, 7.65118313e-01, 1.83126744e-01, 3.00907913e+00, 7.66329930e+01
2.02587771e-01, 8.01167833e-02, 8.31540137e-01, 1.71500556e-01, 7.61122419e-01, 1.87921089e-01, 3.00428479e+00, 7.68993690e+01
2.08275063e-01, 8.21658124e-02, 8.27626118e-01, 1.75575186e-01, 7.57047790e-01, 1.92832759e-01, 2.99937312e+00, 7.71727477e+01
2.14122015e-01, 8.42623342e-02, 8.23640447e-01, 1.79729322e-01, 7.52893654e-01, 1.97864226e-01, 2.99434165e+00, 7.74533370e+01
2.20133111e-01, 8.64072127e-02, 8.19582709e-01, 1.83963704e-01, 7.48659272e-01, 2.03017990e-01, 2.98918789e+00, 7.77413536e+01
2.26312957e-01, 8.86013169e-02, 8.15452527e-01, 1.88279037e-01, 7.44343939e-01, 2.08296585e-01, 2.98390929e+00, 7.80370244e+01
2.32666291e-01, 9.08455198e-02, 8.11249571e-01, 1.92675990e-01, 7.39946986e-01, 2.13702572e-01, 2.97850330e+00, 7.83405864e+01
2.39197984e-01, 9.31406982e-02, 8.06973553e-01, 1.97155194e-01, 7.35467782e-01, 2.19238542e-01, 2.97296733e+00, 7.86522879e+01
2.45913043e-01, 9.54877322e-02, 8.02624233e-01, 2.01717240e-01, 7.30905736e-01, 2.24907113e-01, 2.96729876e+00, 7.89723888e+01
2.52816614e-01, 9.78875042e-02, 7.98201419e-01, 2.06362673e-01, 7.26260303e-01, 2.30710927e-01, 2.96149495e+00, 7.93011617e+01
2.59913992e-01, 1.00340899e-01, 7.93704972e-01, 2.11091993e-01, 7.21530983e-01, 2.36652653e-01, 2.95555322e+00, 7.96388926e+01
2.67210616e-01, 1.02848802e-01, 7.89134803e-01, 2.15905650e-01, 7.16717326e-01, 2.42734980e-01, 2.94947090e+00, 7.99858822e+01
2.74712079e-01, 1.05412101e-01, 7.84490880e-01, 2.20804045e-01, 7.11818931e-01, 2.48960619e-01, 2.94324526e+00, 8.03424459e+01
2.82424133e-01, 1.08031682e-01, 7.79773224e-01, 2.25787521e-01, 7.06835455e-01, 2.55332298e-01, 2.93687358e+00, 8.07089161e+01
2.90352688e-01, 1.10708431e-01, 7.74981917e-01, 2.30856363e-01, 7.01766613e-01, 2.61852762e-01, 2.93035311e+00, 8.10856420e+01
2.98503825e-01, 1.13443233e-01, 7.70117100e-01, 2.36010797e-01, 6.96612179e-01, 2.68524768e-01, 2.92368111e+00, 8.14729918e+01
3.06883789e-01, 1.16236971e-01, 7.65178976e-01, 2.41250985e-01, 6.91371991e-01, 2.75351087e-01, 2.91685479e+00, 8.18713533e+01
3.15499006e-01, 1.19090524e-01, 7.60167811e-01, 2.46577019e-01, 6.86045957e-01, 2.82334493e-01, 2.90987138e+00, 8.22811354e+01
3.24356081e-01, 1.22004770e-01, 7.55083934e-01, 2.51988924e-01, 6.80634052e-01, 2.89477768e-01, 2.90272811e+00, 8.27027693e+01
3.33461802e-01, 1.24980579e-01, 7.49927744e-01, 2.57486648e-01, 6.75136328e-01, 2.96783692e-01, 2.89542218e+00, 8.31367102e+01
3.42823149e-01, 1.28018820e-01, 7.44699703e-01, 2.63070063e-01, 6.69552913e-01, 3.04255043e-01, 2.88795083e+00, 8.35834386e+01
3.52447300e-01, 1.31120351e-01, 7.39400345e-01, 2.68738960e-01, 6.63884016e-01, 3.11894591e-01, 2.88031129e+00, 8.40434620e+01
3.62341632e-01, 1.34286029e-01, 7.34030273e-01, 2.74493046e-01, 6.58129930e-01, 3.19705095e-01, 2.87250078e+00, 8.45173164e+01
3.72513730e-01, 1.37516698e-01, 7.28590161e-01, 2.80331940e-01, 6.52291036e-01, 3.27689295e-01, 2.86451658e+00, 8.50055684e+01
3.82971391e-01, 1.40813196e-01, 7.23080757e-01, 2.86255170e-01, 6.46367806e-01, 3.35849910e-01, 2.85635597e+00, 8.55088165e+01
3.93722633e-01, 1.44176353e-01, 7.17502878e-01, 2.92262166e-01, 6.40360810e-01, 3.44189632e-01, 2.84801624e+00, 8.60276936e+01
4.04775697e-01, 1.47606985e-01, 7.11857418e-01, 2.98352264e-01, 6.34270712e-01, 3.52711117e-01, 2.83949476e+00, 8.65628685e+01
4.16139055e-01, 1.51105900e-01, 7.06145344e-01, 3.04524695e-01, 6.28098281e-01, 3.61416983e-01, 2.83078889e+00, 8.71150482e+01
4.27821420e-01, 1.54673893e-01, 7.00367697e-01, 3.10778583e-01, 6.21844393e-01, 3.70309799e-01, 2.82189608e+00, 8.76849803e+01
4.39831747e-01, 1.58311745e-01, 6.94525595e-01, 3.17112945e-01, 6.15510031e-01, 3.79392080e-01, 2.81281380e+00, 8.82734545e+01
4.52179242e-01, 1.62020224e-01, 6.88620228e-01, 3.23526685e-01, 6.09096291e-01, 3.88666281e-01, 2.80353960e+00, 8.88813058e+01
4.64873371e-01, 1.65800084e-01, 6.82652863e-01, 3.30018587e-01, 6.02604389e-01, 3.98134784e-01, 2.79407109e+00, 8.95094163e+01
4.77923865e-01, 1.69652062e-01, 6.76624841e-01, 3.36587320e-01, 5.96035656e-01, 4.07799894e-01, 2.78440598e+00, 9.01587177e+01
4.91340729e-01, 1.73576879e-01, 6.70537578e-01, 3.43231428e-01, 5.89391548e-01, 4.17663828e-01, 2.77454205e+00, 9.08301940e+01
5.05134247e-01, 1.77575238e-01, 6.64392563e-01, 3.49949328e-01, 5.82673648e-01, 4.27728708e-01, 2.76447717e+00, 9.15248839e+01
5.19314994e-01, 1.81647824e-01, 6.58191359e-01, 3.56739310e-01, 5.75883665e-01, 4.37996548e-01, 2.75420933e+00, 9.22438838e+01
5.33893840e-01, 1.85795303e-01, 6.51935600e-01, 3.63599532e-01, 5.69023444e-01, 4.48469246e-01, 2.74373663e+00, 9.29883496e+01
5.48881961e-01, 1.90018322e-01, 6.45626991e-01, 3.70528017e-01, 5.62094959e-01, 4.59148573e-01, 2.73305730e+00, 9.37595006e+01
5.64290847e-01, 1.94317504e-01, 6.39267309e-01, 3.77522653e-01, 5.55100323e-01, 4.70036163e-01, 2.72216971e+00, 9.45586211e+01
5.80132310e-01, 1.98693454e-01, 6.32858396e-01, 3.84581190e-01, 5.48041786e-01, 4.81133502e-01, 2.71107237e+00, 9.53870639e+01
5.96418495e-01, 2.03146750e-01, 6.26402164e-01, 3.91701239e-01, 5.40921737e-01, 4.92441915e-01, 2.69976396e+00, 9.62462529e+01
6.13161884e-01, 2.07677952e-01, 6.19900588e-01, 3.98880270e-01, 5.33742706e-01, 5.03962557e-01, 2.68824332e+00, 9.71376856e+01
6.30375315e-01, 2.12287591e-01, 6.13355704e-01, 4.06115614e-01, 5.26507361e-01, 5.15696403e-01, 2.67650947e+00, 9.80629363e+01
6.48071983e-01, 2.16976176e-01, 6.06769614e-01, 4.13404460e-01, 5.19218516e-01, 5.27644230e-01, 2.66456165e+00, 9.90236585e+01
6.66265452e-01, 2.21744190e-01, 6.00144472e-01, 4.20743856e-01, 5.11879120e-01, 5.39806613e-01, 2.65239926e+00, 1.00021588e+02
6.84969672e-01, 2.26592088e-01, 5.93482492e-01, 4.28130712e-01, 5.04492264e-01, 5.52183911e-01, 2.64002197e+00, 1.01058545e+02
7.04198979e-01, 2.31520301e-01, 5.86785940e-01, 4.35561799e-01, 4.97061177e-01, 5.64776254e-01, 2.62742962e+00, 1.02136438e+02
7.23968114e-01, 2.36529229e-01, 5.80057132e-01, 4.43033755e-01, 4.89589221e-01, 5.77583535e-01, 2.61462234e+00, 1.03257264e+02
7.44292233e-01, 2.41619247e-01, 5.73298431e-01, 4.50543086e-01, 4.82079890e-01, 5.90605399e-01, 2.60160048e+00, 1.04423115e+02
7.65186915e-01, 2.46790700e-01, 5.66512244e-01, 4.58086166e-01, 4.74536810e-01, 6.03841233e-01, 2.58836464e+00, 1.05636175e+02
7.86668179e-01, 2.52043903e-01, 5.59701019e-01, 4.65659250e-01, 4.66963726e-01, 6.17290157e-01, 2.57491572e+00, 1.06898730e+02
8.08752491e-01, 2.57379142e-01, 5.52867241e-01, 4.73258473e-01, 4.59364503e-01, 6.30951016e-01, 2.56125486e+00, 1.08213161e+02
8.31456781e-01, 2.62796674e-01, 5.46013431e-01, 4.80879858e-01, 4.51743118e-01, 6.44822372e-01, 2.54738350e+00, 1.09581954e+02
8.54798453e-01, 2.68296725e-01, 5.39142136e-01, 4.88519322e-01, 4.44103654e-01, 6.58902499e-01, 2.53330338e+00, 1.11007701e+02
8.78795401e-01, 2.73879488e-01, 5.32255933e-01, 4.96172686e-01, 4.36450290e-01, 6.73189376e-01, 2.51901650e+00, 1.12493097e+02
9.03466021e-01, 2.79545129e-01, 5.25357421e-01, 5.03835683e-01, 4.28787293e-01, 6.87680683e-01, 2.50452519e+00, 1.14040949e+02
9.28829225e-01, 2.85293778e-01, 5.18449216e-01, 5.11503965e-01, 4.21119011e-01, 7.02373802e-01, 2.48983207e+00, 1.15654173e+02
9.54904456e-01, 2.91125536e-01, 5.11533951e-01, 5.19173117e-01, 4.13449858e-01, 7.17265810e-01, 2.47494007e+00, 1.17335801e+02
9.81711702e-01, 2.97040474e-01, 5.04614268e-01, 5.26838665e-01, 4.05784311e-01, 7.32353482e-01, 2.45985239e+00, 1.19088976e+02
1.00927151e+00, 3.03038627e-01, 4.97692817e-01, 5.34496087e-01, 3.98126889e-01, 7.47633294e-01, 2.44457258e+00, 1.20916962e+02
1.03760502e+00, 3.09120002e-01, 4.90772250e-01, 5.42140829e-01, 3.90482147e-01, 7.63101421e-01, 2.42910445e+00, 1.22823142e+02
1.06673394e+00, 3.15284571e-01, 4.83855218e-01, 5.49768313e-01, 3.82854663e-01, 7.78753750e-01, 2.41345213e+00, 1.24811018e+02
1.09668060e+00, 3.21532276e-01, 4.76944367e-01, 5.57373952e-01, 3.75249024e-01, 7.94585879e-01, 2.39762000e+00, 1.26884219e+02
1.12746796e+00, 3.27863028e-01, 4.70042332e-01, 5.64953165e-01, 3.67669811e-01, 8.10593127e-01, 2.38161275e+00, 1.29046500e+02
1.15911962e+00, 3.34276704e-01, 4.63151736e-01, 5.72501388e-01, 3.60121588e-01, 8.26770548e-01, 2.36543533e+00, 1.31301745e+02
1.19165984e+00, 3.40773150e-01, 4.56275185e-01, 5.80014088e-01, 3.52608888e-01, 8.43112933e-01, 2.34909294e+00, 1.33653969e+02
1.22511358e+00, 3.47352184e-01, 4.49415262e-01, 5.87486780e-01, 3.45136196e-01, 8.59614832e-01, 2.33259104e+00, 1.36107323e+02
1.25950646e+00, 3.54013588e-01, 4.42574525e-01, 5.94915036e-01, 3.37707939e-01, 8.76270563e-01, 2.31593531e+00, 1.38666097e+02
1.29486487e+00, 3.60757118e-01, 4.35755505e-01, 6.02294502e-01, 3.30328473e-01, 8.93074225e-01, 2.29913165e+00, 1.41334722e+02
1.33121590e+00, 3.67582497e-01, 4.28960698e-01, 6.09620910e-01, 3.23002066e-01, 9.10019719e-01, 2.28218616e+00, 1.44117776e+02
1.36858742e+00, 3.74489419e-01, 4.22192565e-01, 6.16890088e-01, 3.15732888e-01, 9.27100762e-01, 2.26510511e+00, 1.47019987e+02
1.40700809e+00, 3.81477549e-01, 4.15453528e-01, 6.24097979e-01, 3.08524997e-01, 9.44310907e-01, 2.24789497e+00, 1.50046238e+02
1.44650734e+00, 3.88546523e-01, 4.08745964e-01, 6.31240646e-01, 3.01382330e-01, 9.61643557e-01, 2.23056232e+00, 1.53201573e+02
1.48711546e+00, 3.95695948e-01, 4.02072206e-01, 6.38314286e-01, 2.94308690e-01, 9.79091990e-01, 2.21311389e+00, 1.56491204e+02
1.52886359e+00, 4.02925403e-01, 3.95434536e-01, 6.45315240e-01, 2.87307736e-01, 9.96649374e-01, 2.19555650e+00, 1.59920513e+02
1.57178372e+00, 4.10234442e-01, 3.88835186e-01, 6.52239999e-01, 2.80382977e-01, 1.01430879e+00, 2.17789709e+00, 1.63495062e+02
1.61590875e+00, 4.17622591e-01, 3.82276331e-01, 6.59085220e-01, 2.73537756e-01, 1.03206324e+00, 2.16014263e+00, 1.67220604e+02
1.66127252e+00, 4.25089350e-01, 3.75760089e-01, 6.65847723e-01, 2.66775253e-01, 1.04990569e+00, 2.14230018e+00, 1.71103081e+02
1.70790980e+00, 4.32634194e-01, 3.69288519e-01, 6.72524507e-01, 2.60098469e-01, 1.06782907e+00, 2.12437681e+00, 1.75148645e+02
1.75585633e+00, 4.40256573e-01, 3.62863618e-01, 6.79112748e-01, 2.53510228e-01, 1.08582629e+00, 2.10637959e+00, 1.79363656e+02
1.80514888e+00, 4.47955916e-01, 3.56487318e-01, 6.85609807e-01, 2.47013169e-01, 1.10389026e+00, 2.08831562e+00, 1.83754700e+02
1.85582523e+00, 4.55731626e-01, 3.50161484e-01, 6.92013235e-01, 2.40609741e-01, 1.12201393e+00, 2.07019195e+00, 1.88328597e+02
1.90792422e+00, 4.63583085e-01, 3.43887915e-01, 6.98320770e-01, 2.34302206e-01, 1.14019028e+00, 2.05201560e+00, 1.93092410e+02
1.96148581e+00, 4.71509656e-01, 3.37668341e-01, 7.04530341e-01, 2.28092635e-01, 1.15841233e+00, 2.03379355e+00, 1.98053463e+02
2.01655104e+00, 4.79510678e-01, 3.31504419e-01, 7.10640070e-01, 2.21982906e-01, 1.17667318e+00, 2.01553270e+00, 2.03219345e+02
2.07316213e+00, 4.87585472e-01, 3.25397736e-01, 7.16648269e-01, 2.15974707e-01, 1.19496602e+00, 1.99723986e+00, 2.08597932e+02
2.13136247e+00, 4.95733342e-01, 3.19349807e-01, 7.22553440e-01, 2.10069536e-01, 1.21328411e+00, 1.97892176e+00, 2.14197397e+02
2.19119669e+00, 5.03953573e-01, 3.13362070e-01, 7.28354272e-01, 2.04268704e-01, 1.23162084e+00, 1.96058504e+00, 2.20026224e+02
2.25271064e+00, 5.12245431e-01, 3.07435893e-01, 7.34049638e-01, 1.98573338e-01, 1.24996969e+00, 1.94223618e+00, 2.26093226e+02
2.31595149e+00, 5.20608169e-01, 3.01572566e-01, 7.39638591e-01, 1.92984385e-01, 1.26832429e+00, 1.92388159e+00, 2.32407560e+02
2.38096772e+00, 5.29041024e-01, 2.95773306e-01, 7.45120361e-01, 1.87502615e-01, 1.28667837e+00, 1.90552751e+00, 2.38978745e+02
2.44780916e+00, 5.37543219e-01, 2.90039255e-01, 7.50494351e-01, 1.82128624e-01, 1.30502583e+00, 1.88718005e+00, 2.45816677e+02
2.51652705e+00, 5.46113963e-01, 2.84371479e-01, 7.55760129e-01, 1.76862847e-01, 1.32336069e+00, 1.86884518e+00, 2.52931653e+02
2.58717408e+00, 5.54752453e-01, 2.78770971e-01, 7.60917422e-01, 1.71705553e-01, 1.34167715e+00, 1.85052873e+00, 2.60334383e+02
2.65980440e+00, 5.63457874e-01, 2.73238647e-01, 7.65966116e-01, 1.66656860e-01, 1.35996953e+00, 1.83223634e+00, 2.68036017e+02
2.73447368e+00, 5.72229403e-01, 2.67775351e-01, 7.70906240e-01, 1.61716736e-01, 1.37823233e+00, 1.81397354e+00, 2.76048162e+02
2.81123917e+00, 5.81066203e-01, 2.62381854e-01, 7.75737970e-01, 1.56885006e-01, 1.39646021e+00, 1.79574567e+00, 2.84382903e+02
2.89015972e+00, 5.89967432e-01, 2.57058854e-01, 7.80461614e-01, 1.52161362e-01, 1.41464797e+00, 1.77755790e+00, 2.93052829e+02
2.97129582e+00, 5.98932239e-01, 2.51806978e-01, 7.85077610e-01, 1.47545366e-01, 1.43279061e+00, 1.75941527e+00, 3.02071053e+02
3.05470967e+00, 6.07959763e-01, 2.46626782e-01, 7.89586517e-01, 1.43036459e-01, 1.45088325e+00, 1.74132262e+00, 3.11451238e+02
3.14046522e+00, 6.17049141e-01, 2.41518754e-01, 7.93989009e-01, 1.38633967e-01, 1.46892122e+00, 1.72328466e+00, 3.21207621e+02
3.22862820e+00, 6.26199502e-01, 2.36483311e-01, 7.98285867e-01, 1.34337109e-01, 1.48689998e+00, 1.70530590e+00, 3.31355040e+02
3.31926620e+00, 6.35409971e-01, 2.31520808e-01, 8.02477974e-01, 1.30145002e-01, 1.50481515e+00, 1.68739072e+00, 3.41908961e+02
3.41244871e+00, 6.44679670e-01, 2.26631530e-01, 8.06566307e-01, 1.26056669e-01, 1.52266255e+00, 1.66954332e+00, 3.52885505e+02
3.50824714e+00, 6.54007716e-01, 2.21815701e-01, 8.10551930e-01, 1.22071046e-01, 1.54043812e+00, 1.65176775e+00, 3.64301478e+02
3.60673495e+00, 6.63393226e-01, 2.17073483e-01, 8.14435990e-01, 1.18186986e-01, 1.55813798e+00, 1.63406790e+00, 3.76174400e+02
3.70798763e+00, 6.72835313e-01, 2.12404976e-01, 8.18219706e-01, 1.14403270e-01, 1.57575839e+00, 1.61644749e+00, 3.88522538e+02
3.81208280e+00, 6.82333091e-01, 2.07810223e-01, 8.21904368e-01, 1.10718608e-01, 1.59329577e+00, 1.59891011e+00, 4.01364938e+02
3.91910025e+00, 6.91885673e-01, 2.03289209e-01, 8.25491327e-01, 1.07131649e-01, 1.61074669e+00, 1.58145918e+00, 4.14721459e+02
4.02912203e+00, 7.01492174e-01, 1.98841864e-01, 8.28981991e-01, 1.03640985e-01, 1.62810788e+00, 1.56409799e+00, 4.28612804e+02
4.14223247e+00, 7.11151707e-01, 1.94468065e-01, 8.32377821e-01, 1.00245155e-01, 1.64537621e+00, 1.54682967e+00, 4.43060564e+02
4.25851829e+00, 7.20863389e-01, 1.90167637e-01, 8.35680322e-01, 9.69426542e-02, 1.66254867e+00, 1.52965721e+00, 4.58087248e+02
4.37806863e+00, 7.30626340e-01, 1.85940357e-01, 8.38891039e-01, 9.37319368e-02, 1.67962241e+00, 1.51258346e+00, 4.73716330e+02
4.50097513e+00, 7.40439681e-01, 1.81785952e-01, 8.42011555e-01, 9.06114208e-02, 1.69659473e+00, 1.49561115e+00, 4.89972282e+02
4.62733201e+00, 7.50302539e-01, 1.77704105e-01, 8.45043482e-01, 8.75794936e-02, 1.71346303e+00, 1.47874285e+00, 5.06880622e+02
4.75723614e+00, 7.60214043e-01, 1.73694456e-01, 8.47988460e-01, 8.46345160e-02, 1.73022486e+00, 1.46198102e+00, 5.24467957e+02
4.89078709e+00, 7.70173327e-01, 1.69756602e-01, 8.50848149e-01, 8.17748267e-02, 1.74687790e+00, 1.44532797e+00, 5.42762029e+02
5.02808725e+00, 7.80179530e-01, 1.65890100e-01, 8.53624230e-01, 7.89987464e-02, 1.76341995e+00, 1.42878592e+00, 5.61791762e+02
5.16924187e+00, 7.90231798e-01, 1.62094471e-01, 8.56318395e-01, 7.63045814e-02, 1.77984893e+00, 1.41235695e+00, 5.81587311e+02
5.31435916e+00, 8.00329281e-01, 1.58369199e-01, 8.58932348e-01, 7.36906275e-02, 1.79616287e+00, 1.39604300e+00, 6.02180118e+02
5.46355035e+00, 8.10471136e-01, 1.54713732e-01, 8.61467803e-01, 7.11551734e-02, 1.81235994e+00, 1.37984594e+00, 6.23602961e+02
5.61692982e+00, 8.20656529e-01, 1.51127491e-01, 8.63926472e-01, 6.86965036e-02, 1.82843839e+00, 1.36376749e+00, 6.45890014e+02
5.77461515e+00, 8.30884629e-01, 1.47609861e-01, 8.66310074e-01, 6.63129022e-02, 1.84439660e+00, 1.34780928e+00, 6.69076906e+02
5.93672722e+00, 8.41154616e-01, 1.44160202e-01, 8.68620321e-01, 6.40026547e-02, 1.86023305e+00, 1.33197282e+00, 6.93200777e+02
6.10339029e+00, 8.51465677e-01, 1.40777848e-01, 8.70858924e-01, 6.17640517e-02, 1.87594633e+00, 1.31625954e+00, 7.18300347e+02
6.27473213e+00, 8.61817006e-01, 1.37462106e-01, 8.73027585e-01, 5.95953905e-02, 1.89153513e+00, 1.30067075e+00, 7.44415981e+02
6.45088409e+00, 8.72207807e-01, 1.34212261e-01, 8.75127998e-01, 5.74949780e-02, 1.90699822e+00, 1.28520766e+00, 7.71589757e+02
6.63198120e+00, 8.82637292e-01, 1.31027576e-01, 8.77161843e-01, 5.54611327e-02, 1.92233448e+00, 1.26987139e+00, 7.99865539e+02
6.81816229e+00, 8.93104682e-01, 1.27907296e-01, 8.79130790e-01, 5.34921863e-02, 1.93754290e+00, 1.25466298e+00, 8.29289052e+02
7.00957009e+00, 9.03609206e-01, 1.24850646e-01, 8.81036490e-01, 5.15864862e-02, 1.95262252e+00, 1.23958336e+00, 8.59907959e+02
7.20635132e+00, 9.14150106e-01, 1.21856835e-01, 8.82880579e-01, 4.97423965e-02, 1.96757249e+00, 1.22463339e+00, 8.91771946e+02
7.40865683e+00, 9.24726629e-01, 1.18925058e-01, 8.84664676e-01, 4.79582999e-02, 1.98239205e+00, 1.20981383e+00, 9.24932801e+02
7.61664172e+00, 9.35338035e-01, 1.16054495e-01, 8.86390377e-01, 4.62325991e-02, 1.99708051e+00, 1.19512537e+00, 9.59444509e+02
7.83046540e+00, 9.45983593e-01, 1.13244314e-01, 8.88059258e-01, 4.45637180e-02, 2.01163726e+00, 1.18056862e+00, 9.95363342e+02
8.05029181e+00, 9.56662583e-01, 1.10493675e-01, 8.89672873e-01, 4.29501026e-02, 2.02606177e+00, 1.16614410e+00, 1.03274795e+03
8.27628946e+00, 9.67374292e-01, 1.07801724e-01, 8.91232753e-01, 4.13902225e-02, 2.04035360e+00, 1.15185228e+00, 1.07165948e+03
8.50863158e+00, 9.78118021e-01, 1.05167604e-01, 8.92740405e-01, 3.98825714e-02, 2.05451235e+00, 1.13769353e+00, 1.11216166e+03
8.74749630e+00, 9.88893079e-01, 1.02590447e-01, 8.94197308e-01, 3.84256682e-02, 2.06853771e+00, 1.12366817e+00, 1.15432090e+03
8.99306672e+00, 9.99698787e-01, 1.00069381e-01, 8.95604918e-01, 3.70180574e-02, 2.08242943e+00, 1.10977645e+00, 1.19820644e+03
9.24553110e+00, 1.01053448e+00, 9.76035298e-02, 8.96964666e-01, 3.56583101e-02, 2.09618733e+00, 1.09601854e+00, 1.24389045e+03
9.50508296e+00, 1.02139949e+00, 9.51920136e-02, 8.98277952e-01, 3.43450241e-02, 2.10981130e+00, 1.08239457e+00, 1.29144814e+03
9.77192128e+00, 1.03229317e+00, 9.28339498e-02, 8.99546151e-01, 3.30768246e-02, 2.12330128e+00, 1.06890460e+00, 1.34095792e+03
1.00462506e+01, 1.04321489e+00, 9.05284548e-02, 9.00770611e-01, 3.18523645e-02, 2.13665726e+00, 1.05554862e+00, 1.39250150e+03
1.03282813e+01, 1.05416402e+00, 8.82746444e-02, 9.01952651e-01, 3.06703246e-02, 2.14987930e+00, 1.04232657e+00, 1.44616406e+03
1.06182294e+01, 1.06513995e+00, 8.60716349e-02, 9.03093562e-01, 2.95294139e-02, 2.16296752e+00, 1.02923836e+00, 1.50203437e+03
1.09163173e+01, 1.07614206e+00, 8.39185439e-02, 9.04194606e-01, 2.84283699e-02, 2.17592207e+00, 1.01628380e+00, 1.56020497e+03
1.12227736e+01, 1.08716977e+00, 8.18144912e-02, 9.05257018e-01, 2.73659583e-02, 2.18874318e+00, 1.00346270e+00, 1.62077230e+03
1.15378330e+01, 1.09822248e+00, 7.97585995e-02, 9.06282003e-01, 2.63409732e-02, 2.20143109e+00, 9.90774785e-01, 1.68383690e+03
1.18617372e+01, 1.10929963e+00, 7.77499950e-02, 9.07270739e-01, 2.53522373e-02, 2.21398612e+00, 9.78219754e-01, 1.74950353e+03
1.21947344e+01, 1.12040065e+00, 7.57878084e-02, 9.08224374e-01, 2.43986015e-02, 2.22640862e+00, 9.65797252e-01, 1.81788142e+03
1.25370799e+01, 1.13152499e+00, 7.38711753e-02, 9.09144031e-01, 2.34789448e-02, 2.23869899e+00, 9.53506886e-01, 1.88908438e+03
1.28890361e+01, 1.14267211e+00, 7.19992367e-02, 9.10030801e-01, 2.25921745e-02, 2.25085765e+00, 9.41348222e-01, 1.96323107e+03
1.32508729e+01, 1.15384147e+00, 7.01711401e-02, 9.10885751e-01, 2.17372254e-02, 2.26288509e+00, 9.29320784e-01, 2.04044515e+03
1.36228676e+01, 1.16503255e+00, 6.83860392e-02, 9.11709916e-01, 2.09130601e-02, 2.27478181e+00, 9.17424063e-01, 2.12085552e+03
1.40053055e+01, 1.17624484e+00, 6.66430952e-02, 9.12504307e-01, 2.01186685e-02, 2.28654837e+00, 9.05657511e-01, 2.20459651e+03
1.43984795e+01, 1.18747784e+00, 6.49414767e-02, 9.13269908e-01, 1.93530675e-02, 2.29818533e+00, 8.94020549e-01, 2.29180817e+03
1.48026913e+01, 1.19873106e+00, 6.32803605e-02, 9.14007675e-01, 1.86153006e-02, 2.30969331e+00, 8.82512563e-01, 2.38263644e+03
1.52182505e+01, 1.21000400e+00, 6.16589316e-02, 9.14718538e-01, 1.79044377e-02, 2.32107297e+00, 8.71132910e-01, 2.47723346e+03
1.56454759e+01, 1.22129622e+00, 6.00763839e-02, 9.15403401e-01, 1.72195746e-02, 2.33232496e+00, 8.59880919e-01, 2.57575780e+03
1.60846948e+01, 1.23260723e+00, 5.85319205e-02, 9.16063143e-01, 1.65598328e-02, 2.34344999e+00, 8.48755889e-01, 2.67837472e+03
1.65362441e+01, 1.24393658e+00, 5.70247538e-02, 9.16698617e-01, 1.59243587e-02, 2.35444878e+00, 8.37757093e-01, 2.78525650e+03
1.70004698e+01, 1.25528384e+00, 5.55541057e-02, 9.17310652e-01, 1.53123235e-02, 2.36532210e+00, 8.26883781e-01, 2.89658269e+03
1.74777277e+01, 1.26664856e+00, 5.41192085e-02, 9.17900053e-01, 1.47229229e-02, 2.37607070e+00, 8.16135178e-01, 3.01254046e+03
1.79683839e+01, 1.27803033e+00, 5.27193041e-02, 9.18467600e-01, 1.41553760e-02, 2.38669539e+00, 8.05510487e-01, 3.13332486e+03
1.84728144e+01, 1.28942872e+00, 5.13536452e-02, 9.19014050e-01, 1.36089257e-02, 2.39719699e+00, 7.95008891e-01, 3.25913925e+03
1.89914058e+01, 1.30084334e+00, 5.00214947e-02, 9.19540139e-01, 1.30828374e-02, 2.40757632e+00, 7.84629552e-01, 3.39019554e+03
1.95245558e+01, 1.31227377e+00, 4.87221263e-02, 9.20046577e-01, 1.25763991e-02, 2.41783426e+00, 7.74371616e-01, 3.52671465e+03
2.00726730e+01, 1.32371963e+00, 4.74548245e-02, 9.20534055e-01, 1.20889208e-02, 2.42797167e+00, 7.64234210e-01, 3.66892683e+03
2.06361777e+01, 1.33518054e+00, 4.62188846e-02, 9.21003242e-01, 1.16197338e-02, 2.43798943e+00, 7.54216444e-01, 3.81707208e+03
2.12155017e+01, 1.34665613e+00, 4.50136131e-02, 9.21454786e-01, 1.11681904e-02, 2.44788846e+00, 7.44317416e-01, 3.97140056e+03
2.18110892e+01, 1.35814602e+00, 4.38383275e-02, 9.21889313e-01, 1.07336634e-02, 2.45766967e+00, 7.34536207e-01, 4.13217303e+03
2.24233968e+01, 1.36964988e+00, 4.26923562e-02, 9.22307430e-01, 1.03155455e-02, 2.46733399e+00, 7.24871887e-01, 4.29966126e+03
2.30528939e+01, 1.38116734e+00, 4.15750390e-02, 9.22709727e-01, 9.91324906e-03, 2.47688236e+00, 7.15323515e-01, 4.47414855e+03
2.37000629e+01, 1.39269806e+00, 4.04857268e-02, 9.23096771e-01, 9.52620529e-03, 2.48631574e+00, 7.05890136e-01, 4.65593018e+03
2.43654001e+01, 1.40424172e+00, 3.94237819e-02, 9.23469112e-01, 9.15386398e-03, 2.49563509e+00, 6.96570788e-01, 4.84531395e+03
2.50494154e+01, 1.41579798e+00, 3.83885774e-02, 9.23827283e-01, 8.79569299e-03, 2.50484138e+00, 6.87364499e-01, 5.04262067e+03
2.57526333e+01, 1.42736654e+00, 3.73794979e-02, 9.24171798e-01, 8.45117771e-03, 2.51393559e+00, 6.78270287e-01, 5.24818474e+03
2.64755927e+01, 1.43894707e+00, 3.63959391e-02, 9.24503155e-01, 8.11982065e-03, 2.52291871e+00, 6.69287165e-01, 5.46235473e+03
2.72188479e+01, 1.45053928e+00, 3.54373078e-02, 9.24821835e-01, 7.80114095e-03, 2.53179174e+00, 6.60414138e-01, 5.68549395e+03
2.79829688e+01, 1.46214287e+00, 3.45030217e-02, 9.25128302e-01, 7.49467394e-03, 2.54055567e+00, 6.51650207e-01, 5.91798111e+03
2.87685409e+01, 1.47375755e+00, 3.35925097e-02, 9.25423005e-01, 7.19997064e-03, 2.54921151e+00, 6.42994365e-01, 6.16021095e+03
2.95761666e+01, 1.48538304e+00, 3.27052117e-02, 9.25706379e-01, 6.91659738e-03, 2.55776027e+00, 6.34445603e-01, 6.41259494e+03
3.04064649e+01, 1.49701906e+00, 3.18405781e-02, 9.25978841e-01, 6.64413530e-03, 2.56620297e+00, 6.26002907e-01, 6.67556195e+03
3.12600724e+01, 1.50866534e+00, 3.09980705e-02, 9.26240796e-01, 6.38217995e-03, 2.57454062e+00, 6.17665261e-01, 6.94955903e+03
3.21376434e+01, 1.52032162e+00, 3.01771610e-02, 9.26492635e-01, 6.13034086e-03, 2.58277423e+00, 6.09431646e-01, 7.23505216e+03
3.30398507e+01, 1.53198765e+00, 2.93773321e-02, 9.26734735e-01, 5.88824111e-03, 2.59090484e+00, 6.01301041e-01, 7.53252707e+03
3.39673858e+01, 1.54366317e+00, 2.85980772e-02, 9.26967459e-01, 5.65551694e-03, 2.59893345e+00, 5.93272424e-01, 7.84249004e+03
3.49209598e+01, 1.55534793e+00, 2.78388997e-02, 9.27191159e-01, 5.43181734e-03, 2.60686110e+00, 5.85344772e-01, 8.16546880e+03
3.59013038e+01, 1.56704171e+00, 2.70993135e-02, 9.27406172e-01, 5.21680365e-03, 2.61468881e+00, 5.77517063e-01, 8.50201344e+03
3.69091691e+01, 1.57874427e+00, 2.63788425e-02, 9.27612827e-01, 5.01014920e-03, 2.62241760e+00, 5.69788274e-01, 8.85269735e+03
3.79453285e+01, 1.59045537e+00, 2.56770206e-02, 9.27811437e-01, 4.81153890e-03, 2.63004849e+00, 5.62157382e-01, 9.21811822e+03
3.90105762e+01, 1.60217481e+00, 2.49933916e-02, 9.28002307e-01, 4.62066890e-03, 2.63758251e+00, 5.54623369e-01, 9.59889902e+03
4.01057288e+01, 1.61390235e+00, 2.43275093e-02, 9.28185730e-01, 4.43724623e-03, 2.64502066e+00, 5.47185214e-01, 9.99568916e+03
4.12316259e+01, 1.62563780e+00, 2.36789368e-02, 9.28361988e-01, 4.26098844e-03, 2.65236397e+00, 5.39841902e-01, 1.04091655e+04
4.23891306e+01, 1.63738095e+00, 2.30472468e-02, 9.28531353e-01, 4.09162324e-03, 2.65961346e+00, 5.32592419e-01, 1.08400337e+04
4.35791301e+01, 1.64913159e+00, 2.24320214e-02, 9.28694088e-01, 3.92888823e-03, 2.66677012e+00, 5.25435752e-01, 1.12890292e+04
4.48025368e+01, 1.66088953e+00, 2.18328518e-02, 9.28850445e-01, 3.77253051e-03, 2.67383498e+00, 5.18370895e-01, 1.17569185e+04
4.60602884e+01, 1.67265458e+00, 2.12493385e-02, 9.29000670e-01, 3.62230639e-03, 2.68080903e+00, 5.11396844e-01, 1.22445008e+04
4.73533492e+01, 1.68442656e+00, 2.06810907e-02, 9.29144995e-01, 3.47798110e-03, 2.68769328e+00, 5.04512597e-01, 1.27526092e+04
4.86827104e+01, 1.69620528e+00, 2.01277264e-02, 9.29283647e-01, 3.33932846e-03, 2.69448872e+00, 4.97717159e-01, 1.32821117e+04
5.00493910e+01, 1.70799057e+00, 1.95888723e-02, 9.29416845e-01, 3.20613062e-03, 2.70119634e+00, 4.91009539e-01, 1.38339135e+04
5.14544388e+01, 1.71978224e+00, 1.90641636e-02, 9.29544798e-01, 3.07817774e-03, 2.70781713e+00, 4.84388749e-01, 1.44089579e+04
5.28989308e+01, 1.73158015e+00, 1.85532437e-02, 9.29667708e-01, 2.95526776e-03, 2.71435207e+00, 4.77853808e-01, 1.50082284e+04
5.43839743e+01, 1.74338412e+00, 1.80557646e-02, 9.29785770e-01, 2.83720610e-03, 2.72080214e+00, 4.71403741e-01, 1.56327499e+04
5.59107078e+01, 1.75519399e+00, 1.75713858e-02, 9.29899171e-01, 2.72380542e-03, 2.72716830e+00, 4.65037575e-01, 1.62835910e+04
5.74803016e+01, 1.76700960e+00, 1.70997750e-02, 9.30008091e-01, 2.61488537e-03, 2.73345153e+00, 4.58754347e-01, 1.69618653e+04
5.90939590e+01, 1.77883082e+00, 1.66406078e-02, 9.30112704e-01, 2.51027231e-03, 2.73965278e+00, 4.52553096e-01, 1.76687339e+04
6.07529169e+01, 1.79065748e+00, 1.61935670e-02, 9.30213177e-01, 2.40979914e-03, 2.74577301e+00, 4.46432871e-01, 1.84054067e+04
6.24584471e+01, 1.80248944e+00, 1.57583434e-02, 9.30309671e-01, 2.31330502e-03, 2.75181315e+00, 4.40392724e-01, 1.91731454e+04
6.42118571e+01, 1.81432657e+00, 1.53346346e-02, 9.30402341e-01, 2.22063514e-03, 2.75777416e+00, 4.34431716e-01, 1.99732647e+04
6.60144909e+01, 1.82616872e+00, 1.49221457e-02, 9.30491335e-01, 2.13164056e-03, 2.76365696e+00, 4.28548914e-01, 2.08071352e+04
6.78677305e+01, 1.83801577e+00, 1.45205889e-02, 9.30576798e-01, 2.04617796e-03, 2.76946249e+00, 4.22743390e-01, 2.16761856e+04
6.97729965e+01, 1.84986758e+00, 1.41296829e-02, 9.30658866e-01, 1.96410945e-03, 2.77519165e+00, 4.17014225e-01, 2.25819052e+04
7.17317494e+01, 1.86172403e+00, 1.37491537e-02, 9.30737674e-01, 1.88530235e-03, 2.78084537e+00, 4.11360507e-01, 2.35258463e+04
7.37454909e+01, 1.87358500e+00, 1.33787335e-02, 9.30813347e-01, 1.80962906e-03, 2.78642455e+00, 4.05781330e-01, 2.45096270e+04
7.58157646e+01, 1.88545036e+00, 1.30181611e-02, 9.30886009e-01, 1.73696683e-03, 2.79193008e+00, 4.00275796e-01, 2.55349341e+04
7.79441575e+01, 1.89731999e+00, 1.26671819e-02, 9.30955778e-01, 1.66719757e-03, 2.79736286e+00, 3.94843015e-01, 2.66035256e+04
8.01323013e+01, 1.90919379e+00, 1.23255471e-02, 9.31022768e-01, 1.60020775e-03, 2.80272377e+00, 3.89482103e-01, 2.77172345e+04
8.23818733e+01, 1.92107165e+00, 1.19930143e-02, 9.31087088e-01, 1.53588815e-03, 2.80801369e+00, 3.84192184e-01, 2.88779710e+04
8.46945981e+01, 1.93295345e+00, 1.16693470e-02, 9.31148842e-01, 1.47413376e-03, 2.81323349e+00, 3.78972391e-01, 3.00877266e+04
8.70722485e+01, 1.94483908e+00, 1.13543144e-02, 9.31208132e-01, 1.41484360e-03, 2.81838401e+00, 3.73821863e-01, 3.13485769e+04
8.95166472e+01, 1.95672846e+00, 1.10476916e-02, 9.31265055e-01, 1.35792058e-03, 2.82346613e+00, 3.68739747e-01, 3.26626858e+04
9.20296681e+01, 1.96862147e+00, 1.07492590e-02, 9.31319705e-01, 1.30327137e-03, 2.82848068e+00, 3.63725199e-01, 3.40323086e+04
9.46132376e+01, 1.98051802e+00, 1.04588028e-02, 9.31372170e-01, 1.25080620e-03, 2.83342849e+00, 3.58777382e-01, 3.54597966e+04
9.72693362e+01, 1.99241802e+00, 1.01761143e-02, 9.31422537e-01, 1.20043881e-03, 2.83831041e+00, 3.53895466e-01, 3.69476004e+04
1.00000000e+02, 2.00432137e+00, 9.90099010e-03, 9.31470890e-01, 1.15208627e-03, 2.84312725e+00, 3.49078631e-01, 3.84982745e+04
