 --- Cosmological Parameters --- 
	 H0: 2.2047e-18 (1/s) = 68.0300 (km/s/Mpc) 
	 OmegaM: 3.1000e-01 
	 OmegaR: 0.0000e+00 
	 OmegaL: 6.9000e-01 
	 OmegaK: 0.0000e+00 
		 w0: -8.2700e-01 
		 wa: -7.5000e-01 
	 rho_crit: 8.6952e-30 (g/cm^3) 
z, log10(1+z), a, H0*t_look, H0*t_age, H0*t_conf, H0*t_conf_age, H(z) 
1.00000000e-04, 4.34272769e-05, 9.99900010e-01, 9.99917805e-05, 9.53950993e-01, 9.99967799e-05, 3.26641046e+00, 6.80343814e+01
1.02807322e-04, 4.46463579e-05, 9.99897203e-01, 1.02798635e-04, 9.53948186e-01, 1.02803919e-04, 3.26640766e+00, 6.80345044e+01
1.05693455e-04, 4.58996588e-05, 9.99894318e-01, 1.05684273e-04, 9.53945300e-01, 1.05689858e-04, 3.26640477e+00, 6.80346308e+01
1.08660611e-04, 4.71881402e-05, 9.99891351e-01, 1.08650907e-04, 9.53942334e-01, 1.08656809e-04, 3.26640180e+00, 6.80347608e+01
1.11711065e-04, 4.85127895e-05, 9.99888301e-01, 1.11700808e-04, 9.53939284e-01, 1.11707047e-04, 3.26639875e+00, 6.80348945e+01
1.14847155e-04, 4.98746217e-05, 9.99885166e-01, 1.14836313e-04, 9.53936148e-01, 1.14842908e-04, 3.26639562e+00, 6.80350319e+01
1.18071285e-04, 5.12746804e-05, 9.99881943e-01, 1.18059826e-04, 9.53932925e-01, 1.18066796e-04, 3.26639239e+00, 6.80351731e+01
1.21385926e-04, 5.27140387e-05, 9.99878629e-01, 1.21373815e-04, 9.53929611e-01, 1.21381182e-04, 3.26638908e+00, 6.80353184e+01
1.24793621e-04, 5.41937993e-05, 9.99875222e-01, 1.24780820e-04, 9.53926204e-01, 1.24788606e-04, 3.26638567e+00, 6.80354677e+01
1.28296980e-04, 5.57150964e-05, 9.99871719e-01, 1.28283451e-04, 9.53922701e-01, 1.28291680e-04, 3.26638217e+00, 6.80356211e+01
1.31898690e-04, 5.72790956e-05, 9.99868119e-01, 1.31884390e-04, 9.53919100e-01, 1.31893088e-04, 3.26637857e+00, 6.80357789e+01
1.35601511e-04, 5.88869955e-05, 9.99864417e-01, 1.35586398e-04, 9.53915398e-01, 1.35595590e-04, 3.26637486e+00, 6.80359412e+01
1.39408283e-04, 6.05400281e-05, 9.99860611e-01, 1.39392309e-04, 9.53911592e-01, 1.39402025e-04, 3.26637106e+00, 6.80361080e+01
1.43321923e-04, 6.22394601e-05, 9.99856699e-01, 1.43305039e-04, 9.53907679e-01, 1.43315308e-04, 3.26636714e+00, 6.80362794e+01
1.47345431e-04, 6.39865937e-05, 9.99852676e-01, 1.47327587e-04, 9.53903657e-01, 1.47338440e-04, 3.26636312e+00, 6.80364557e+01
1.51481892e-04, 6.57827676e-05, 9.99848541e-01, 1.51463032e-04, 9.53899521e-01, 1.51474503e-04, 3.26635899e+00, 6.80366369e+01
1.55734477e-04, 6.76293582e-05, 9.99844290e-01, 1.55714543e-04, 9.53895270e-01, 1.55726668e-04, 3.26635473e+00, 6.80368232e+01
1.60106446e-04, 6.95277803e-05, 9.99839919e-01, 1.60085377e-04, 9.53890899e-01, 1.60098192e-04, 3.26635036e+00, 6.80370148e+01
1.64601150e-04, 7.14794886e-05, 9.99835426e-01, 1.64578882e-04, 9.53886406e-01, 1.64592426e-04, 3.26634587e+00, 6.80372117e+01
1.69222035e-04, 7.34859785e-05, 9.99830807e-01, 1.69198499e-04, 9.53881786e-01, 1.69212815e-04, 3.26634125e+00, 6.80374141e+01
1.73972643e-04, 7.55487874e-05, 9.99826058e-01, 1.73947767e-04, 9.53877037e-01, 1.73962898e-04, 3.26633650e+00, 6.80376223e+01
1.78856616e-04, 7.76694958e-05, 9.99821175e-01, 1.78830324e-04, 9.53872154e-01, 1.78846316e-04, 3.26633161e+00, 6.80378362e+01
1.83877698e-04, 7.98497285e-05, 9.99816156e-01, 1.83849909e-04, 9.53867135e-01, 1.83866811e-04, 3.26632659e+00, 6.80380562e+01
1.89039738e-04, 8.20911560e-05, 9.99810996e-01, 1.89010367e-04, 9.53861974e-01, 1.89028231e-04, 3.26632143e+00, 6.80382824e+01
1.94346693e-04, 8.43954955e-05, 9.99805691e-01, 1.94315650e-04, 9.53856669e-01, 1.94334531e-04, 3.26631613e+00, 6.80385149e+01
1.99802631e-04, 8.67645125e-05, 9.99800237e-01, 1.99769821e-04, 9.53851215e-01, 1.99789777e-04, 3.26631067e+00, 6.80387539e+01
2.05411735e-04, 8.92000219e-05, 9.99794630e-01, 2.05377057e-04, 9.53845607e-01, 2.05398149e-04, 3.26630506e+00, 6.80389996e+01
2.11178304e-04, 9.17038897e-05, 9.99788866e-01, 2.11141652e-04, 9.53839843e-01, 2.11163945e-04, 3.26629930e+00, 6.80392523e+01
2.17106760e-04, 9.42780341e-05, 9.99782940e-01, 2.17068021e-04, 9.53833916e-01, 2.17091583e-04, 3.26629337e+00, 6.80395120e+01
2.23201647e-04, 9.69244272e-05, 9.99776848e-01, 2.23160703e-04, 9.53827824e-01, 2.23185606e-04, 3.26628727e+00, 6.80397790e+01
2.29467637e-04, 9.96450962e-05, 9.99770585e-01, 2.29424362e-04, 9.53821560e-01, 2.29450683e-04, 3.26628101e+00, 6.80400535e+01
2.35909533e-04, 1.02442125e-04, 9.99764146e-01, 2.35863794e-04, 9.53815121e-01, 2.35891614e-04, 3.26627457e+00, 6.80403357e+01
2.42532274e-04, 1.05317657e-04, 9.99757527e-01, 2.42483932e-04, 9.53808501e-01, 2.42513335e-04, 3.26626795e+00, 6.80406259e+01
2.49340937e-04, 1.08273895e-04, 9.99750721e-01, 2.49289842e-04, 9.53801695e-01, 2.49320919e-04, 3.26626114e+00, 6.80409242e+01
2.56340741e-04, 1.11313103e-04, 9.99743725e-01, 2.56286738e-04, 9.53794698e-01, 2.56319584e-04, 3.26625414e+00, 6.80412308e+01
2.63537052e-04, 1.14437609e-04, 9.99736532e-01, 2.63479974e-04, 9.53787505e-01, 2.63514690e-04, 3.26624695e+00, 6.80415461e+01
2.70935387e-04, 1.17649806e-04, 9.99729138e-01, 2.70875060e-04, 9.53780109e-01, 2.70911752e-04, 3.26623955e+00, 6.80418702e+01
2.78541416e-04, 1.20952156e-04, 9.99721536e-01, 2.78477655e-04, 9.53772507e-01, 2.78516436e-04, 3.26623194e+00, 6.80422034e+01
2.86360972e-04, 1.24347187e-04, 9.99713721e-01, 2.86293581e-04, 9.53764691e-01, 2.86334569e-04, 3.26622413e+00, 6.80425460e+01
2.94400048e-04, 1.27837499e-04, 9.99705687e-01, 2.94328820e-04, 9.53756656e-01, 2.94372142e-04, 3.26621609e+00, 6.80428981e+01
3.02664806e-04, 1.31425767e-04, 9.99697427e-01, 3.02589524e-04, 9.53748395e-01, 3.02635312e-04, 3.26620782e+00, 6.80432602e+01
3.11161583e-04, 1.35114738e-04, 9.99688935e-01, 3.11082015e-04, 9.53739902e-01, 3.11130409e-04, 3.26619933e+00, 6.80436324e+01
3.19896892e-04, 1.38907238e-04, 9.99680205e-01, 3.19812795e-04, 9.53731172e-01, 3.19863944e-04, 3.26619060e+00, 6.80440151e+01
3.28877429e-04, 1.42806171e-04, 9.99671231e-01, 3.28788544e-04, 9.53722196e-01, 3.28842605e-04, 3.26618162e+00, 6.80444085e+01
3.38110078e-04, 1.46814523e-04, 9.99662004e-01, 3.38016134e-04, 9.53712968e-01, 3.38073272e-04, 3.26617239e+00, 6.80448130e+01
3.47601918e-04, 1.50935364e-04, 9.99652519e-01, 3.47502626e-04, 9.53703482e-01, 3.47563017e-04, 3.26616290e+00, 6.80452288e+01
3.57360225e-04, 1.55171849e-04, 9.99642767e-01, 3.57255280e-04, 9.53693729e-01, 3.57319109e-04, 3.26615314e+00, 6.80456563e+01
3.67392478e-04, 1.59527223e-04, 9.99632742e-01, 3.67281560e-04, 9.53683703e-01, 3.67349022e-04, 3.26614311e+00, 6.80460957e+01
3.77706369e-04, 1.64004821e-04, 9.99622436e-01, 3.77589137e-04, 9.53673395e-01, 3.77660439e-04, 3.26613280e+00, 6.80465475e+01
3.88309805e-04, 1.68608072e-04, 9.99611841e-01, 3.88185899e-04, 9.53662799e-01, 3.88261260e-04, 3.26612220e+00, 6.80470120e+01
3.99210913e-04, 1.73340499e-04, 9.99600948e-01, 3.99079954e-04, 9.53651905e-01, 3.99159604e-04, 3.26611130e+00, 6.80474896e+01
4.10418050e-04, 1.78205728e-04, 9.99589750e-01, 4.10279637e-04, 9.53640705e-01, 4.10363821e-04, 3.26610010e+00, 6.80479805e+01
4.21939808e-04, 1.83207482e-04, 9.99578238e-01, 4.21793516e-04, 9.53629191e-01, 4.21882491e-04, 3.26608858e+00, 6.80484852e+01
4.33785019e-04, 1.88349591e-04, 9.99566403e-01, 4.33630399e-04, 9.53617354e-01, 4.33724439e-04, 3.26607674e+00, 6.80490041e+01
4.45962763e-04, 1.93635993e-04, 9.99554236e-01, 4.45799342e-04, 9.53605185e-01, 4.45898734e-04, 3.26606456e+00, 6.80495375e+01
4.58482375e-04, 1.99070734e-04, 9.99541728e-01, 4.58309652e-04, 9.53592675e-01, 4.58414702e-04, 3.26605205e+00, 6.80500860e+01
4.71353453e-04, 2.04657975e-04, 9.99528869e-01, 4.71170898e-04, 9.53579814e-01, 4.71281928e-04, 3.26603918e+00, 6.80506498e+01
4.84585864e-04, 2.10401992e-04, 9.99515649e-01, 4.84392918e-04, 9.53566592e-01, 4.84510267e-04, 3.26602595e+00, 6.80512294e+01
4.98189752e-04, 2.16307184e-04, 9.99502058e-01, 4.97985822e-04, 9.53552999e-01, 4.98109851e-04, 3.26601235e+00, 6.80518253e+01
5.12175544e-04, 2.22378069e-04, 9.99488087e-01, 5.11960007e-04, 9.53539024e-01, 5.12091095e-04, 3.26599837e+00, 6.80524379e+01
5.26553963e-04, 2.28619296e-04, 9.99473723e-01, 5.26326157e-04, 9.53524658e-01, 5.26464707e-04, 3.26598400e+00, 6.80530677e+01
5.41336030e-04, 2.35035640e-04, 9.99458957e-01, 5.41095257e-04, 9.53509889e-01, 5.41241693e-04, 3.26596922e+00, 6.80537152e+01
5.56533078e-04, 2.41632013e-04, 9.99443776e-01, 5.56278600e-04, 9.53494706e-01, 5.56433370e-04, 3.26595403e+00, 6.80543809e+01
5.72156756e-04, 2.48413463e-04, 9.99428170e-01, 5.71887793e-04, 9.53479097e-01, 5.72051372e-04, 3.26593841e+00, 6.80550652e+01
5.88219040e-04, 2.55385179e-04, 9.99412127e-01, 5.87934769e-04, 9.53463050e-01, 5.88107658e-04, 3.26592235e+00, 6.80557688e+01
6.04732245e-04, 2.62552498e-04, 9.99395633e-01, 6.04431793e-04, 9.53446553e-01, 6.04614522e-04, 3.26590585e+00, 6.80564921e+01
6.21709029e-04, 2.69920903e-04, 9.99378677e-01, 6.21391476e-04, 9.53429593e-01, 6.21584605e-04, 3.26588888e+00, 6.80572357e+01
6.39162405e-04, 2.77496033e-04, 9.99361246e-01, 6.38826778e-04, 9.53412158e-01, 6.39030899e-04, 3.26587143e+00, 6.80580001e+01
6.57105755e-04, 2.85283683e-04, 9.99343326e-01, 6.56751024e-04, 9.53394233e-01, 6.56966763e-04, 3.26585349e+00, 6.80587860e+01
6.75552832e-04, 2.93289812e-04, 9.99324903e-01, 6.75177911e-04, 9.53375807e-01, 6.75405928e-04, 3.26583505e+00, 6.80595940e+01
6.94517777e-04, 3.01520545e-04, 9.99305964e-01, 6.94121517e-04, 9.53356863e-01, 6.94362511e-04, 3.26581610e+00, 6.80604247e+01
7.14015130e-04, 3.09982178e-04, 9.99286494e-01, 7.13596317e-04, 9.53337388e-01, 7.13851026e-04, 3.26579661e+00, 6.80612786e+01
7.34059837e-04, 3.18681185e-04, 9.99266479e-01, 7.33617187e-04, 9.53317367e-01, 7.33886392e-04, 3.26577657e+00, 6.80621565e+01
7.54667263e-04, 3.27624220e-04, 9.99245902e-01, 7.54199419e-04, 9.53296785e-01, 7.54483945e-04, 3.26575598e+00, 6.80630591e+01
7.75853206e-04, 3.36818122e-04, 9.99224748e-01, 7.75358735e-04, 9.53275626e-01, 7.75659454e-04, 3.26573480e+00, 6.80639870e+01
7.97633907e-04, 3.46269924e-04, 9.99203002e-01, 7.97111294e-04, 9.53253873e-01, 7.97429126e-04, 3.26571303e+00, 6.80649409e+01
8.20026062e-04, 3.55986854e-04, 9.99180646e-01, 8.19473706e-04, 9.53231511e-01, 8.19809625e-04, 3.26569065e+00, 6.80659216e+01
8.43046837e-04, 3.65976343e-04, 9.99157663e-01, 8.42463045e-04, 9.53208521e-01, 8.42818081e-04, 3.26566764e+00, 6.80669298e+01
8.66713880e-04, 3.76246030e-04, 9.99134037e-01, 8.66096863e-04, 9.53184888e-01, 8.66472102e-04, 3.26564399e+00, 6.80679663e+01
8.91045332e-04, 3.86803767e-04, 9.99109748e-01, 8.90393200e-04, 9.53160591e-01, 8.90789794e-04, 3.26561967e+00, 6.80690319e+01
9.16059848e-04, 3.97657626e-04, 9.99084779e-01, 9.15370602e-04, 9.53135614e-01, 9.15789764e-04, 3.26559467e+00, 6.80701273e+01
9.41776601e-04, 4.08815904e-04, 9.99059110e-01, 9.41048130e-04, 9.53109936e-01, 9.41491144e-04, 3.26556897e+00, 6.80712536e+01
9.68215306e-04, 4.20287133e-04, 9.99032721e-01, 9.67445379e-04, 9.53083539e-01, 9.67913602e-04, 3.26554255e+00, 6.80724114e+01
9.95396231e-04, 4.32080081e-04, 9.99005594e-01, 9.94582488e-04, 9.53056402e-01, 9.95077355e-04, 3.26551538e+00, 6.80736017e+01
1.02334021e-03, 4.44203760e-04, 9.98977706e-01, 1.02248016e-03, 9.53028504e-01, 1.02300319e-03, 3.26548746e+00, 6.80748254e+01
1.05206867e-03, 4.56667438e-04, 9.98949037e-01, 1.05115968e-03, 9.52999825e-01, 1.05171246e-03, 3.26545875e+00, 6.80760834e+01
1.08160363e-03, 4.69480638e-04, 9.98919565e-01, 1.08064291e-03, 9.52970342e-01, 1.08122715e-03, 3.26542923e+00, 6.80773768e+01
1.11196773e-03, 4.82653152e-04, 9.98889267e-01, 1.11095234e-03, 9.52940032e-01, 1.11156982e-03, 3.26539889e+00, 6.80787064e+01
1.14318425e-03, 4.96195044e-04, 9.98858121e-01, 1.14211108e-03, 9.52908873e-01, 1.14276369e-03, 3.26536770e+00, 6.80800733e+01
1.17527712e-03, 5.10116661e-04, 9.98826103e-01, 1.17414288e-03, 9.52876842e-01, 1.17483263e-03, 3.26533563e+00, 6.80814786e+01
1.20827094e-03, 5.24428638e-04, 9.98793187e-01, 1.20707215e-03, 9.52843912e-01, 1.20780115e-03, 3.26530266e+00, 6.80829233e+01
1.24219100e-03, 5.39141905e-04, 9.98759350e-01, 1.24092400e-03, 9.52810060e-01, 1.24169447e-03, 3.26526877e+00, 6.80844085e+01
1.27706330e-03, 5.54267703e-04, 9.98724566e-01, 1.27572421e-03, 9.52775260e-01, 1.27653852e-03, 3.26523392e+00, 6.80859354e+01
1.31291459e-03, 5.69817580e-04, 9.98688807e-01, 1.31149930e-03, 9.52739485e-01, 1.31235994e-03, 3.26519810e+00, 6.80875052e+01
1.34977233e-03, 5.85803413e-04, 9.98652047e-01, 1.34827652e-03, 9.52702708e-01, 1.34918611e-03, 3.26516127e+00, 6.80891189e+01
1.38766479e-03, 6.02237406e-04, 9.98614258e-01, 1.38608387e-03, 9.52664901e-01, 1.38704521e-03, 3.26512341e+00, 6.80907780e+01
1.42662102e-03, 6.19132106e-04, 9.98575411e-01, 1.42495014e-03, 9.52626034e-01, 1.42596618e-03, 3.26508449e+00, 6.80924836e+01
1.46667087e-03, 6.36500410e-04, 9.98535477e-01, 1.46490493e-03, 9.52586080e-01, 1.46597876e-03, 3.26504448e+00, 6.80942370e+01
1.50784505e-03, 6.54355573e-04, 9.98494425e-01, 1.50597863e-03, 9.52545006e-01, 1.50711356e-03, 3.26500335e+00, 6.80960396e+01
1.55017512e-03, 6.72711224e-04, 9.98452224e-01, 1.54820252e-03, 9.52502782e-01, 1.54940200e-03, 3.26496106e+00, 6.80978928e+01
1.59369353e-03, 6.91581368e-04, 9.98408842e-01, 1.59160870e-03, 9.52459376e-01, 1.59287642e-03, 3.26491758e+00, 6.80997980e+01
1.63843365e-03, 7.10980403e-04, 9.98364246e-01, 1.63623021e-03, 9.52414754e-01, 1.63757003e-03, 3.26487289e+00, 6.81017565e+01
1.68442976e-03, 7.30923128e-04, 9.98318403e-01, 1.68210097e-03, 9.52368884e-01, 1.68351701e-03, 3.26482694e+00, 6.81037701e+01
1.73171713e-03, 7.51424755e-04, 9.98271277e-01, 1.72925586e-03, 9.52321729e-01, 1.73075244e-03, 3.26477971e+00, 6.81058401e+01
1.78033202e-03, 7.72500920e-04, 9.98222832e-01, 1.77773072e-03, 9.52273254e-01, 1.77931243e-03, 3.26473115e+00, 6.81079682e+01
1.83031168e-03, 7.94167695e-04, 9.98173032e-01, 1.82756240e-03, 9.52223422e-01, 1.82923407e-03, 3.26468123e+00, 6.81101559e+01
1.88169442e-03, 8.16441599e-04, 9.98121840e-01, 1.87878876e-03, 9.52172196e-01, 1.88055550e-03, 3.26462990e+00, 6.81124050e+01
1.93451965e-03, 8.39339613e-04, 9.98069215e-01, 1.93144870e-03, 9.52119536e-01, 1.93331592e-03, 3.26457714e+00, 6.81147172e+01
1.98882786e-03, 8.62879189e-04, 9.98015120e-01, 1.98558222e-03, 9.52065402e-01, 1.98755564e-03, 3.26452290e+00, 6.81170942e+01
2.04466067e-03, 8.87078267e-04, 9.97959511e-01, 2.04123041e-03, 9.52009754e-01, 2.04331606e-03, 3.26446714e+00, 6.81195379e+01
2.10206088e-03, 9.11955285e-04, 9.97902349e-01, 2.09843552e-03, 9.51952549e-01, 2.10063977e-03, 3.26440982e+00, 6.81220501e+01
2.16107251e-03, 9.37529196e-04, 9.97843588e-01, 2.15724094e-03, 9.51893744e-01, 2.15957054e-03, 3.26435089e+00, 6.81246328e+01
2.22174078e-03, 9.63819479e-04, 9.97783184e-01, 2.21769129e-03, 9.51833293e-01, 2.22015336e-03, 3.26429031e+00, 6.81272879e+01
2.28411221e-03, 9.90846156e-04, 9.97721093e-01, 2.27983240e-03, 9.51771152e-01, 2.28243447e-03, 3.26422803e+00, 6.81300174e+01
2.34823460e-03, 1.01862981e-03, 9.97657267e-01, 2.34371138e-03, 9.51707273e-01, 2.34646141e-03, 3.26416400e+00, 6.81328235e+01
2.41415712e-03, 1.04719158e-03, 9.97591657e-01, 2.40937665e-03, 9.51641608e-01, 2.41228304e-03, 3.26409818e+00, 6.81357082e+01
2.48193029e-03, 1.07655322e-03, 9.97524214e-01, 2.47687796e-03, 9.51574107e-01, 2.47994960e-03, 3.26403051e+00, 6.81386738e+01
2.55160607e-03, 1.10673706e-03, 9.97454888e-01, 2.54626643e-03, 9.51504718e-01, 2.54951270e-03, 3.26396095e+00, 6.81417226e+01
2.62323788e-03, 1.13776607e-03, 9.97383625e-01, 2.61759459e-03, 9.51433390e-01, 2.62102542e-03, 3.26388943e+00, 6.81448568e+01
2.69688063e-03, 1.16966386e-03, 9.97310373e-01, 2.69091644e-03, 9.51360068e-01, 2.69454230e-03, 3.26381592e+00, 6.81480789e+01
2.77259076e-03, 1.20245468e-03, 9.97235075e-01, 2.76628743e-03, 9.51284697e-01, 2.77011942e-03, 3.26374034e+00, 6.81513913e+01
2.85042632e-03, 1.23616346e-03, 9.97157676e-01, 2.84376458e-03, 9.51207220e-01, 2.84781439e-03, 3.26366265e+00, 6.81547966e+01
2.93044698e-03, 1.27081583e-03, 9.97078115e-01, 2.92340647e-03, 9.51127578e-01, 2.92768648e-03, 3.26358277e+00, 6.81582973e+01
3.01271407e-03, 1.30643812e-03, 9.96996335e-01, 3.00527326e-03, 9.51045711e-01, 3.00979655e-03, 3.26350066e+00, 6.81618962e+01
3.09729067e-03, 1.34305740e-03, 9.96912273e-01, 3.08942682e-03, 9.50961558e-01, 3.09420719e-03, 3.26341625e+00, 6.81655959e+01
3.18424160e-03, 1.38070148e-03, 9.96825866e-01, 3.17593068e-03, 9.50875054e-01, 3.18098274e-03, 3.26332948e+00, 6.81693993e+01
3.27363353e-03, 1.41939895e-03, 9.96737048e-01, 3.26485014e-03, 9.50786134e-01, 3.27018931e-03, 3.26324027e+00, 6.81733093e+01
3.36553498e-03, 1.45917918e-03, 9.96645754e-01, 3.35625227e-03, 9.50694732e-01, 3.36189487e-03, 3.26314857e+00, 6.81773289e+01
3.46001639e-03, 1.50007238e-03, 9.96551914e-01, 3.45020602e-03, 9.50600778e-01, 3.45616926e-03, 3.26305429e+00, 6.81814612e+01
3.55715021e-03, 1.54210957e-03, 9.96455458e-01, 3.54678219e-03, 9.50504202e-01, 3.55308427e-03, 3.26295738e+00, 6.81857092e+01
3.65701088e-03, 1.58532264e-03, 9.96356314e-01, 3.64605355e-03, 9.50404931e-01, 3.65271372e-03, 3.26285775e+00, 6.81900762e+01
3.75967497e-03, 1.62974435e-03, 9.96254407e-01, 3.74809486e-03, 9.50302890e-01, 3.75513343e-03, 3.26275533e+00, 6.81945656e+01
3.86522116e-03, 1.67540839e-03, 9.96149661e-01, 3.85298291e-03, 9.50198002e-01, 3.86042136e-03, 3.26265004e+00, 6.81991808e+01
3.97373038e-03, 1.72234936e-03, 9.96041998e-01, 3.96079662e-03, 9.50090188e-01, 3.96865763e-03, 3.26254180e+00, 6.82039253e+01
4.08528580e-03, 1.77060283e-03, 9.95931336e-01, 4.07161703e-03, 9.49979367e-01, 4.07992460e-03, 3.26243054e+00, 6.82088027e+01
4.19997295e-03, 1.82020534e-03, 9.95817593e-01, 4.18552744e-03, 9.49865457e-01, 4.19430690e-03, 3.26231615e+00, 6.82138168e+01
4.31787973e-03, 1.87119444e-03, 9.95700684e-01, 4.30261340e-03, 9.49748371e-01, 4.31189151e-03, 3.26219857e+00, 6.82189713e+01
4.43909653e-03, 1.92360874e-03, 9.95580522e-01, 4.42296278e-03, 9.49628022e-01, 4.43276784e-03, 3.26207769e+00, 6.82242702e+01
4.56371628e-03, 1.97748788e-03, 9.95457017e-01, 4.54666587e-03, 9.49504319e-01, 4.55702778e-03, 3.26195343e+00, 6.82297174e+01
4.69183451e-03, 2.03287261e-03, 9.95330076e-01, 4.67381542e-03, 9.49377169e-01, 4.68476574e-03, 3.26182569e+00, 6.82353173e+01
4.82354943e-03, 2.08980480e-03, 9.95199606e-01, 4.80450669e-03, 9.49246478e-01, 4.81607880e-03, 3.26169438e+00, 6.82410739e+01
4.95896201e-03, 2.14832749e-03, 9.95065508e-01, 4.93883753e-03, 9.49112147e-01, 4.95106669e-03, 3.26155939e+00, 6.82469918e+01
5.09817606e-03, 2.20848488e-03, 9.94927683e-01, 5.07690847e-03, 9.48974076e-01, 5.08983192e-03, 3.26142063e+00, 6.82530754e+01
5.24129830e-03, 2.27032240e-03, 9.94786030e-01, 5.21882274e-03, 9.48832162e-01, 5.23247985e-03, 3.26127798e+00, 6.82593293e+01
5.38843844e-03, 2.33388671e-03, 9.94640441e-01, 5.36468638e-03, 9.48686298e-01, 5.37911874e-03, 3.26113134e+00, 6.82657583e+01
5.53970928e-03, 2.39922578e-03, 9.94490810e-01, 5.51460832e-03, 9.48536376e-01, 5.52985987e-03, 3.26098060e+00, 6.82723672e+01
5.69522678e-03, 2.46638889e-03, 9.94337025e-01, 5.66870041e-03, 9.48382284e-01, 5.68481757e-03, 3.26082564e+00, 6.82791612e+01
5.85511016e-03, 2.53542665e-03, 9.94178973e-01, 5.82707755e-03, 9.48223907e-01, 5.84410936e-03, 3.26066635e+00, 6.82861454e+01
6.01948197e-03, 2.60639109e-03, 9.94016535e-01, 5.98985772e-03, 9.48061127e-01, 6.00785600e-03, 3.26050260e+00, 6.82933250e+01
6.18846824e-03, 2.67933564e-03, 9.93849593e-01, 6.15716209e-03, 9.47893822e-01, 6.17618159e-03, 3.26033428e+00, 6.83007055e+01
6.36219849e-03, 2.75431521e-03, 9.93678023e-01, 6.32911510e-03, 9.47721869e-01, 6.34921367e-03, 3.26016125e+00, 6.83082926e+01
6.54080591e-03, 2.83138620e-03, 9.93501698e-01, 6.50584454e-03, 9.47545140e-01, 6.52708328e-03, 3.25998338e+00, 6.83160920e+01
6.72442742e-03, 2.91060657e-03, 9.93320488e-01, 6.68748163e-03, 9.47363503e-01, 6.70992509e-03, 3.25980053e+00, 6.83241096e+01
6.91320378e-03, 2.99203585e-03, 9.93134260e-01, 6.87416111e-03, 9.47176823e-01, 6.89787750e-03, 3.25961258e+00, 6.83323516e+01
7.10727970e-03, 3.07573520e-03, 9.92942877e-01, 7.06602133e-03, 9.46984963e-01, 7.09108271e-03, 3.25941938e+00, 6.83408240e+01
7.30680395e-03, 3.16176744e-03, 9.92746198e-01, 7.26320436e-03, 9.46787780e-01, 7.28968684e-03, 3.25922077e+00, 6.83495335e+01
7.51192949e-03, 3.25019713e-03, 9.92544079e-01, 7.46585605e-03, 9.46585128e-01, 7.49384005e-03, 3.25901662e+00, 6.83584866e+01
7.72281357e-03, 3.34109055e-03, 9.92336371e-01, 7.67412616e-03, 9.46376858e-01, 7.70369663e-03, 3.25880676e+00, 6.83676900e+01
7.93961785e-03, 3.43451582e-03, 9.92122923e-01, 7.88816843e-03, 9.46162816e-01, 7.91941511e-03, 3.25859104e+00, 6.83771509e+01
8.16250851e-03, 3.53054289e-03, 9.91903579e-01, 8.10814070e-03, 9.45942844e-01, 8.14115840e-03, 3.25836930e+00, 6.83868762e+01
8.39165644e-03, 3.62924361e-03, 9.91678177e-01, 8.33420501e-03, 9.45716779e-01, 8.36909386e-03, 3.25814137e+00, 6.83968735e+01
8.62723729e-03, 3.73069181e-03, 9.91446555e-01, 8.56652770e-03, 9.45484457e-01, 8.60339348e-03, 3.25790707e+00, 6.84071502e+01
8.86943166e-03, 3.83496328e-03, 9.91208544e-01, 8.80527949e-03, 9.45245705e-01, 8.84423395e-03, 3.25766623e+00, 6.84177142e+01
9.11842520e-03, 3.94213590e-03, 9.90963969e-01, 9.05063566e-03, 9.45000349e-01, 9.09179683e-03, 3.25741866e+00, 6.84285734e+01
9.37440879e-03, 4.05228964e-03, 9.90712655e-01, 9.30277608e-03, 9.44748208e-01, 9.34626865e-03, 3.25716419e+00, 6.84397361e+01
9.63757866e-03, 4.16550662e-03, 9.90454418e-01, 9.56188539e-03, 9.44489099e-01, 9.60784105e-03, 3.25690262e+00, 6.84512107e+01
9.90813657e-03, 4.28187121e-03, 9.90189071e-01, 9.82815307e-03, 9.44222831e-01, 9.87671092e-03, 3.25663375e+00, 6.84630059e+01
1.01862899e-02, 4.40147004e-03, 9.89916424e-01, 1.01017736e-02, 9.43949211e-01, 1.01530806e-02, 3.25635738e+00, 6.84751307e+01
1.04722519e-02, 4.52439206e-03, 9.89636280e-01, 1.03829465e-02, 9.43668038e-01, 1.04371578e-02, 3.25607330e+00, 6.84875941e+01
1.07662418e-02, 4.65072864e-03, 9.89348436e-01, 1.06718766e-02, 9.43379108e-01, 1.07291561e-02, 3.25578130e+00, 6.85004056e+01
1.10684849e-02, 4.78057359e-03, 9.89052685e-01, 1.09687739e-02, 9.43082211e-01, 1.10292948e-02, 3.25548117e+00, 6.85135748e+01
1.13792129e-02, 4.91402325e-03, 9.88748817e-01, 1.12738542e-02, 9.42777130e-01, 1.13377992e-02, 3.25517266e+00, 6.85271118e+01
1.16986641e-02, 5.05117654e-03, 9.88436612e-01, 1.15873385e-02, 9.42463646e-01, 1.16549008e-02, 3.25485556e+00, 6.85410267e+01
1.20270833e-02, 5.19213502e-03, 9.88115848e-01, 1.19094539e-02, 9.42141531e-01, 1.19808374e-02, 3.25452962e+00, 6.85553300e+01
1.23647224e-02, 5.33700299e-03, 9.87786297e-01, 1.22404331e-02, 9.41810551e-01, 1.23158532e-02, 3.25419461e+00, 6.85700325e+01
1.27118400e-02, 5.48588750e-03, 9.87447723e-01, 1.25805150e-02, 9.41470469e-01, 1.26601991e-02, 3.25385026e+00, 6.85851454e+01
1.30687023e-02, 5.63889849e-03, 9.87099885e-01, 1.29299445e-02, 9.41121040e-01, 1.30141328e-02, 3.25349633e+00, 6.86006799e+01
1.34355829e-02, 5.79614881e-03, 9.86742539e-01, 1.32889728e-02, 9.40762012e-01, 1.33779191e-02, 3.25313254e+00, 6.86166478e+01
1.38127630e-02, 5.95775431e-03, 9.86375430e-01, 1.36578577e-02, 9.40393127e-01, 1.37518297e-02, 3.25275863e+00, 6.86330611e+01
1.42005318e-02, 6.12383394e-03, 9.85998300e-01, 1.40368635e-02, 9.40014121e-01, 1.41361440e-02, 3.25237432e+00, 6.86499322e+01
1.45991865e-02, 6.29450978e-03, 9.85610883e-01, 1.44262610e-02, 9.39624723e-01, 1.45311489e-02, 3.25197931e+00, 6.86672737e+01
1.50090328e-02, 6.46990713e-03, 9.85212907e-01, 1.48263283e-02, 9.39224656e-01, 1.49371388e-02, 3.25157332e+00, 6.86850987e+01
1.54303847e-02, 6.65015464e-03, 9.84804094e-01, 1.52373503e-02, 9.38813634e-01, 1.53544163e-02, 3.25115604e+00, 6.87034207e+01
1.58635653e-02, 6.83538432e-03, 9.84384158e-01, 1.56596189e-02, 9.38391366e-01, 1.57832922e-02, 3.25072717e+00, 6.87222533e+01
1.63089068e-02, 7.02573168e-03, 9.83952805e-01, 1.60934338e-02, 9.37957551e-01, 1.62240855e-02, 3.25028637e+00, 6.87416107e+01
1.67667503e-02, 7.22133576e-03, 9.83509738e-01, 1.65391019e-02, 9.37511883e-01, 1.66771240e-02, 3.24983334e+00, 6.87615075e+01
1.72374471e-02, 7.42233928e-03, 9.83054648e-01, 1.69969378e-02, 9.37054047e-01, 1.71427441e-02, 3.24936772e+00, 6.87819586e+01
1.77213578e-02, 7.62888867e-03, 9.82587220e-01, 1.74672640e-02, 9.36583720e-01, 1.76212913e-02, 3.24888917e+00, 6.88029793e+01
1.82188534e-02, 7.84113421e-03, 9.82107134e-01, 1.79504111e-02, 9.36100573e-01, 1.81131205e-02, 3.24839734e+00, 6.88245854e+01
1.87303154e-02, 8.05923009e-03, 9.81614059e-01, 1.84467176e-02, 9.35604267e-01, 1.86185960e-02, 3.24789186e+00, 6.88467931e+01
1.92561357e-02, 8.28333450e-03, 9.81107658e-01, 1.89565305e-02, 9.35094454e-01, 1.91380920e-02, 3.24737237e+00, 6.88696190e+01
1.97967175e-02, 8.51360975e-03, 9.80587585e-01, 1.94802054e-02, 9.34570779e-01, 1.96719924e-02, 3.24683847e+00, 6.88930802e+01
2.03524752e-02, 8.75022235e-03, 9.80053486e-01, 2.00181065e-02, 9.34032878e-01, 2.02206916e-02, 3.24628977e+00, 6.89171943e+01
2.09238348e-02, 8.99334311e-03, 9.79504999e-01, 2.05706069e-02, 9.33480378e-01, 2.07845945e-02, 3.24572587e+00, 6.89419794e+01
2.15112343e-02, 9.24314725e-03, 9.78941755e-01, 2.11380885e-02, 9.32912896e-01, 2.13641167e-02, 3.24514634e+00, 6.89674538e+01
2.21151240e-02, 9.49981449e-03, 9.78363373e-01, 2.17209428e-02, 9.32330042e-01, 2.19596848e-02, 3.24455078e+00, 6.89936368e+01
2.27359668e-02, 9.76352916e-03, 9.77769466e-01, 2.23195704e-02, 9.31731414e-01, 2.25717370e-02, 3.24393872e+00, 6.90205479e+01
2.33742387e-02, 1.00344803e-02, 9.77159637e-01, 2.29343816e-02, 9.31116603e-01, 2.32007227e-02, 3.24330974e+00, 6.90482071e+01
2.40304289e-02, 1.03128618e-02, 9.76533482e-01, 2.35657964e-02, 9.30485188e-01, 2.38471034e-02, 3.24266336e+00, 6.90766351e+01
2.47050406e-02, 1.05988725e-02, 9.75890584e-01, 2.42142448e-02, 9.29836740e-01, 2.45113530e-02, 3.24199911e+00, 6.91058532e+01
2.53985907e-02, 1.08927162e-02, 9.75230519e-01, 2.48801668e-02, 9.29170818e-01, 2.51939575e-02, 3.24131650e+00, 6.91358831e+01
2.61116110e-02, 1.11946019e-02, 9.74552855e-01, 2.55640127e-02, 9.28486972e-01, 2.58954159e-02, 3.24061504e+00, 6.91667472e+01
2.68446481e-02, 1.15047439e-02, 9.73857148e-01, 2.62662435e-02, 9.27784741e-01, 2.66162404e-02, 3.23989422e+00, 6.91984685e+01
2.75982639e-02, 1.18233619e-02, 9.73142944e-01, 2.69873304e-02, 9.27063654e-01, 2.73569563e-02, 3.23915350e+00, 6.92310706e+01
2.83730362e-02, 1.21506810e-02, 9.72409782e-01, 2.77277559e-02, 9.26323229e-01, 2.81181031e-02, 3.23839236e+00, 6.92645779e+01
2.91695588e-02, 1.24869320e-02, 9.71657189e-01, 2.84880133e-02, 9.25562971e-01, 2.89002339e-02, 3.23761023e+00, 6.92990153e+01
2.99884423e-02, 1.28323514e-02, 9.70884681e-01, 2.92686070e-02, 9.24782378e-01, 2.97039167e-02, 3.23680654e+00, 6.93344083e+01
3.08303146e-02, 1.31871818e-02, 9.70091766e-01, 3.00700528e-02, 9.23980932e-01, 3.05297340e-02, 3.23598073e+00, 6.93707834e+01
3.16958209e-02, 1.35516713e-02, 9.69277940e-01, 3.08928782e-02, 9.23158106e-01, 3.13782834e-02, 3.23513218e+00, 6.94081675e+01
3.25856248e-02, 1.39260747e-02, 9.68442690e-01, 3.17376223e-02, 9.22313362e-01, 3.22501780e-02, 3.23426028e+00, 6.94465885e+01
3.35004083e-02, 1.43106525e-02, 9.67585491e-01, 3.26048359e-02, 9.21446149e-01, 3.31460469e-02, 3.23336441e+00, 6.94860749e+01
3.44408728e-02, 1.47056720e-02, 9.66705808e-01, 3.34950821e-02, 9.20555902e-01, 3.40665352e-02, 3.23244392e+00, 6.95266561e+01
3.54077391e-02, 1.51114068e-02, 9.65803096e-01, 3.44089361e-02, 9.19642048e-01, 3.50123048e-02, 3.23149816e+00, 6.95683622e+01
3.64017485e-02, 1.55281370e-02, 9.64876798e-01, 3.53469853e-02, 9.18703999e-01, 3.59840343e-02, 3.23052643e+00, 6.96112241e+01
3.74236629e-02, 1.59561497e-02, 9.63926345e-01, 3.63098300e-02, 9.17741155e-01, 3.69824200e-02, 3.22952804e+00, 6.96552737e+01
3.84742658e-02, 1.63957388e-02, 9.62951161e-01, 3.72980827e-02, 9.16752902e-01, 3.80081757e-02, 3.22850228e+00, 6.97005437e+01
3.95543624e-02, 1.68472053e-02, 9.61950655e-01, 3.83123690e-02, 9.15738616e-01, 3.90620336e-02, 3.22744843e+00, 6.97470677e+01
4.06647809e-02, 1.73108570e-02, 9.60924227e-01, 3.93533273e-02, 9.14697657e-01, 4.01447441e-02, 3.22636572e+00, 6.97948802e+01
4.18063724e-02, 1.77870096e-02, 9.59871264e-01, 4.04216092e-02, 9.13629375e-01, 4.12570770e-02, 3.22525338e+00, 6.98440167e+01
4.29800121e-02, 1.82759856e-02, 9.58791145e-01, 4.15178793e-02, 9.12533105e-01, 4.23998214e-02, 3.22411064e+00, 6.98945136e+01
4.41865996e-02, 1.87781154e-02, 9.57683234e-01, 4.26428157e-02, 9.11408169e-01, 4.35737860e-02, 3.22293667e+00, 6.99464086e+01
4.54270599e-02, 1.92937372e-02, 9.56546887e-01, 4.37971098e-02, 9.10253875e-01, 4.47798002e-02, 3.22173066e+00, 6.99997399e+01
4.67023439e-02, 1.98231967e-02, 9.55381447e-01, 4.49814665e-02, 9.09069518e-01, 4.60187137e-02, 3.22049175e+00, 7.00545473e+01
4.80134292e-02, 2.03668477e-02, 9.54186246e-01, 4.61966044e-02, 9.07854380e-01, 4.72913976e-02, 3.21921906e+00, 7.01108715e+01
4.93613210e-02, 2.09250522e-02, 9.52960606e-01, 4.74432556e-02, 9.06607729e-01, 4.85987447e-02, 3.21791172e+00, 7.01687542e+01
5.07470524e-02, 2.14981804e-02, 9.51703836e-01, 4.87221660e-02, 9.05328818e-01, 4.99416696e-02, 3.21656879e+00, 7.02282386e+01
5.21716858e-02, 2.20866106e-02, 9.50415235e-01, 5.00340954e-02, 9.04016889e-01, 5.13211097e-02, 3.21518935e+00, 7.02893687e+01
5.36363132e-02, 2.26907300e-02, 9.49094092e-01, 5.13798173e-02, 9.02671167e-01, 5.27380253e-02, 3.21377243e+00, 7.03521901e+01
5.51420574e-02, 2.33109341e-02, 9.47739684e-01, 5.27601190e-02, 9.01290865e-01, 5.41934001e-02, 3.21231706e+00, 7.04167495e+01
5.66900727e-02, 2.39476274e-02, 9.46351277e-01, 5.41758018e-02, 8.99875183e-01, 5.56882418e-02, 3.21082222e+00, 7.04830949e+01
5.82815458e-02, 2.46012230e-02, 9.44928128e-01, 5.56276807e-02, 8.98423304e-01, 5.72235827e-02, 3.20928688e+00, 7.05512760e+01
5.99176967e-02, 2.52721433e-02, 9.43469482e-01, 5.71165847e-02, 8.96934400e-01, 5.88004799e-02, 3.20770998e+00, 7.06213433e+01
6.15997796e-02, 2.59608197e-02, 9.41974574e-01, 5.86433564e-02, 8.95407628e-01, 6.04200158e-02, 3.20609044e+00, 7.06933494e+01
6.33290840e-02, 2.66676928e-02, 9.40442630e-01, 6.02088522e-02, 8.93842132e-01, 6.20832987e-02, 3.20442716e+00, 7.07673480e+01
6.51069356e-02, 2.73932126e-02, 9.38872865e-01, 6.18139421e-02, 8.92237042e-01, 6.37914636e-02, 3.20271900e+00, 7.08433945e+01
6.69346971e-02, 2.81378388e-02, 9.37264486e-01, 6.34595095e-02, 8.90591475e-01, 6.55456721e-02, 3.20096479e+00, 7.09215459e+01
6.88137699e-02, 2.89020403e-02, 9.35616689e-01, 6.51464515e-02, 8.88904533e-01, 6.73471131e-02, 3.19916335e+00, 7.10018608e+01
7.07455942e-02, 2.96862961e-02, 9.33928662e-01, 6.68756781e-02, 8.87175306e-01, 6.91970038e-02, 3.19731346e+00, 7.10843996e+01
7.27316511e-02, 3.04910947e-02, 9.32199585e-01, 6.86481125e-02, 8.85402872e-01, 7.10965893e-02, 3.19541387e+00, 7.11692245e+01
7.47734631e-02, 3.13169348e-02, 9.30428629e-01, 7.04646907e-02, 8.83586294e-01, 7.30471439e-02, 3.19346332e+00, 7.12563995e+01
7.68725952e-02, 3.21643250e-02, 9.28614958e-01, 7.23263615e-02, 8.81724623e-01, 7.50499711e-02, 3.19146049e+00, 7.13459905e+01
7.90306568e-02, 3.30337838e-02, 9.26757728e-01, 7.42340857e-02, 8.79816899e-01, 7.71064044e-02, 3.18940406e+00, 7.14380654e+01
8.12493021e-02, 3.39258402e-02, 9.24856088e-01, 7.61888364e-02, 8.77862148e-01, 7.92178076e-02, 3.18729265e+00, 7.15326942e+01
8.35302320e-02, 3.48410332e-02, 9.22909182e-01, 7.81915983e-02, 8.75859386e-01, 8.13855753e-02, 3.18512488e+00, 7.16299490e+01
8.58751948e-02, 3.57799125e-02, 9.20916146e-01, 8.02433675e-02, 8.73807617e-01, 8.36111334e-02, 3.18289933e+00, 7.17299042e+01
8.82859884e-02, 3.67430377e-02, 9.18876114e-01, 8.23451510e-02, 8.71705834e-01, 8.58959399e-02, 3.18061452e+00, 7.18326362e+01
9.07644607e-02, 3.77309793e-02, 9.16788212e-01, 8.44979662e-02, 8.69553018e-01, 8.82414847e-02, 3.17826898e+00, 7.19382243e+01
9.33125118e-02, 3.87443182e-02, 9.14651565e-01, 8.67028406e-02, 8.67348144e-01, 9.06492906e-02, 3.17586117e+00, 7.20467497e+01
9.59320948e-02, 3.97836456e-02, 9.12465293e-01, 8.89608113e-02, 8.65090173e-01, 9.31209138e-02, 3.17338955e+00, 7.21582968e+01
9.86252179e-02, 4.08495636e-02, 9.10228514e-01, 9.12729241e-02, 8.62778060e-01, 9.56579437e-02, 3.17085252e+00, 7.22729522e+01
1.01393946e-01, 4.19426849e-02, 9.07940346e-01, 9.36402333e-02, 8.60410751e-01, 9.82620043e-02, 3.16824846e+00, 7.23908056e+01
1.04240401e-01, 4.30636326e-02, 9.05599903e-01, 9.60638007e-02, 8.57987184e-01, 1.00934754e-01, 3.16557571e+00, 7.25119495e+01
1.07166765e-01, 4.42130406e-02, 9.03206303e-01, 9.85446952e-02, 8.55506289e-01, 1.03677885e-01, 3.16283258e+00, 7.26364795e+01
1.10175281e-01, 4.53915533e-02, 9.00758661e-01, 1.01083992e-01, 8.52966993e-01, 1.06493126e-01, 3.16001733e+00, 7.27644943e+01
1.13268257e-01, 4.65998259e-02, 8.98256098e-01, 1.03682771e-01, 8.50368214e-01, 1.09382242e-01, 3.15712822e+00, 7.28960962e+01
1.16448062e-01, 4.78385241e-02, 8.95697735e-01, 1.06342117e-01, 8.47708868e-01, 1.12347033e-01, 3.15416343e+00, 7.30313905e+01
1.19717134e-01, 4.91083240e-02, 8.93082699e-01, 1.09063118e-01, 8.44987866e-01, 1.15389334e-01, 3.15112113e+00, 7.31704867e+01
1.23077980e-01, 5.04099123e-02, 8.90410121e-01, 1.11846867e-01, 8.42204118e-01, 1.18511019e-01, 3.14799944e+00, 7.33134977e+01
1.26533176e-01, 5.17439860e-02, 8.87679139e-01, 1.14694455e-01, 8.39356530e-01, 1.21713997e-01, 3.14479646e+00, 7.34605405e+01
1.30085370e-01, 5.31112527e-02, 8.84888900e-01, 1.17606975e-01, 8.36444009e-01, 1.25000216e-01, 3.14151024e+00, 7.36117363e+01
1.33737286e-01, 5.45124297e-02, 8.82038557e-01, 1.20585520e-01, 8.33465465e-01, 1.28371660e-01, 3.13813880e+00, 7.37672107e+01
1.37491723e-01, 5.59482450e-02, 8.79127276e-01, 1.23631180e-01, 8.30419804e-01, 1.31830351e-01, 3.13468011e+00, 7.39270937e+01
1.41351558e-01, 5.74194362e-02, 8.76154234e-01, 1.26745042e-01, 8.27305942e-01, 1.35378347e-01, 3.13113211e+00, 7.40915204e+01
1.45319752e-01, 5.89267507e-02, 8.73118619e-01, 1.29928189e-01, 8.24122795e-01, 1.39017747e-01, 3.12749271e+00, 7.42606307e+01
1.49399346e-01, 6.04709458e-02, 8.70019635e-01, 1.33181698e-01, 8.20869287e-01, 1.42750684e-01, 3.12375978e+00, 7.44345699e+01
1.53593468e-01, 6.20527881e-02, 8.66856504e-01, 1.36506636e-01, 8.17544348e-01, 1.46579332e-01, 3.11993113e+00, 7.46134888e+01
1.57905331e-01, 6.36730536e-02, 8.63628462e-01, 1.39904064e-01, 8.14146920e-01, 1.50505900e-01, 3.11600456e+00, 7.47975443e+01
1.62338243e-01, 6.53325272e-02, 8.60334766e-01, 1.43375031e-01, 8.10675954e-01, 1.54532636e-01, 3.11197782e+00, 7.49868992e+01
1.66895601e-01, 6.70320026e-02, 8.56974693e-01, 1.46920572e-01, 8.07130412e-01, 1.58661824e-01, 3.10784864e+00, 7.51817228e+01
1.71580899e-01, 6.87722823e-02, 8.53547545e-01, 1.50541710e-01, 8.03509275e-01, 1.62895787e-01, 3.10361467e+00, 7.53821914e+01
1.76397728e-01, 7.05541769e-02, 8.50052645e-01, 1.54239449e-01, 7.99811535e-01, 1.67236884e-01, 3.09927358e+00, 7.55884882e+01
1.81349780e-01, 7.23785049e-02, 8.46489343e-01, 1.58014778e-01, 7.96036207e-01, 1.71687509e-01, 3.09482295e+00, 7.58008043e+01
1.86440853e-01, 7.42460926e-02, 8.42857018e-01, 1.61868662e-01, 7.92182323e-01, 1.76250092e-01, 3.09026037e+00, 7.60193386e+01
1.91674849e-01, 7.61577735e-02, 8.39155077e-01, 1.65802045e-01, 7.88248939e-01, 1.80927100e-01, 3.08558336e+00, 7.62442984e+01
1.97055780e-01, 7.81143880e-02, 8.35382959e-01, 1.69815847e-01, 7.84235137e-01, 1.85721033e-01, 3.08078943e+00, 7.64759000e+01
2.02587771e-01, 8.01167833e-02, 8.31540137e-01, 1.73910960e-01, 7.80140025e-01, 1.90634423e-01, 3.07587604e+00, 7.67143688e+01
2.08275063e-01, 8.21658124e-02, 8.27626118e-01, 1.78088245e-01, 7.75962739e-01, 1.95669838e-01, 3.07084062e+00, 7.69599404e+01
2.14122015e-01, 8.42623342e-02, 8.23640447e-01, 1.82348533e-01, 7.71702451e-01, 2.00829876e-01, 3.06568058e+00, 7.72128606e+01
2.20133111e-01, 8.64072127e-02, 8.19582709e-01, 1.86692619e-01, 7.67358365e-01, 2.06117165e-01, 3.06039330e+00, 7.74733863e+01
2.26312957e-01, 8.86013169e-02, 8.15452527e-01, 1.91121261e-01, 7.62929724e-01, 2.11534362e-01, 3.05497610e+00, 7.77417859e+01
2.32666291e-01, 9.08455198e-02, 8.11249571e-01, 1.95635176e-01, 7.58415808e-01, 2.17084153e-01, 3.04942631e+00, 7.80183402e+01
2.39197984e-01, 9.31406982e-02, 8.06973553e-01, 2.00235039e-01, 7.53815945e-01, 2.22769249e-01, 3.04374121e+00, 7.83033428e+01
2.45913043e-01, 9.54877322e-02, 8.02624233e-01, 2.04921478e-01, 7.49129507e-01, 2.28592386e-01, 3.03791807e+00, 7.85971011e+01
2.52816614e-01, 9.78875042e-02, 7.98201419e-01, 2.09695072e-01, 7.44355913e-01, 2.34556320e-01, 3.03195414e+00, 7.88999367e+01
2.59913992e-01, 1.00340899e-01, 7.93704972e-01, 2.14556347e-01, 7.39494637e-01, 2.40663830e-01, 3.02584663e+00, 7.92121867e+01
2.67210616e-01, 1.02848802e-01, 7.89134803e-01, 2.19505775e-01, 7.34545209e-01, 2.46917711e-01, 3.01959275e+00, 7.95342040e+01
2.74712079e-01, 1.05412101e-01, 7.84490880e-01, 2.24543768e-01, 7.29507216e-01, 2.53320774e-01, 3.01318969e+00, 7.98663587e+01
2.82424133e-01, 1.08031682e-01, 7.79773224e-01, 2.29670676e-01, 7.24380308e-01, 2.59875841e-01, 3.00663462e+00, 8.02090386e+01
2.90352688e-01, 1.10708431e-01, 7.74981917e-01, 2.34886784e-01, 7.19164201e-01, 2.66585745e-01, 2.99992471e+00, 8.05626506e+01
2.98503825e-01, 1.13443233e-01, 7.70117100e-01, 2.40192306e-01, 7.13858679e-01, 2.73453324e-01, 2.99305714e+00, 8.09276213e+01
3.06883789e-01, 1.16236971e-01, 7.65178976e-01, 2.45587385e-01, 7.08463600e-01, 2.80481418e-01, 2.98602904e+00, 8.13043984e+01
3.15499006e-01, 1.19090524e-01, 7.60167811e-01, 2.51072087e-01, 7.02978898e-01, 2.87672867e-01, 2.97883759e+00, 8.16934518e+01
3.24356081e-01, 1.22004770e-01, 7.55083934e-01, 2.56646398e-01, 6.97404587e-01, 2.95030506e-01, 2.97147995e+00, 8.20952747e+01
3.33461802e-01, 1.24980579e-01, 7.49927744e-01, 2.62310219e-01, 6.91740765e-01, 3.02557158e-01, 2.96395330e+00, 8.25103849e+01
3.42823149e-01, 1.28018820e-01, 7.44699703e-01, 2.68063367e-01, 6.85987617e-01, 3.10255635e-01, 2.95625483e+00, 8.29393260e+01
3.52447300e-01, 1.31120351e-01, 7.39400345e-01, 2.73905564e-01, 6.80145421e-01, 3.18128726e-01, 2.94838173e+00, 8.33826691e+01
3.62341632e-01, 1.34286029e-01, 7.34030273e-01, 2.79836437e-01, 6.74214547e-01, 3.26179199e-01, 2.94033126e+00, 8.38410137e+01
3.72513730e-01, 1.37516698e-01, 7.28590161e-01, 2.85855518e-01, 6.68195467e-01, 3.34409789e-01, 2.93210067e+00, 8.43149897e+01
3.82971391e-01, 1.40813196e-01, 7.23080757e-01, 2.91962231e-01, 6.62088753e-01, 3.42823197e-01, 2.92368726e+00, 8.48052586e+01
3.93722633e-01, 1.44176353e-01, 7.17502878e-01, 2.98155899e-01, 6.55895086e-01, 3.51422081e-01, 2.91508838e+00, 8.53125151e+01
4.04775697e-01, 1.47606985e-01, 7.11857418e-01, 3.04435731e-01, 6.49615253e-01, 3.60209050e-01, 2.90630141e+00, 8.58374889e+01
4.16139055e-01, 1.51105900e-01, 7.06145344e-01, 3.10800825e-01, 6.43250159e-01, 3.69186657e-01, 2.89732380e+00, 8.63809466e+01
4.27821420e-01, 1.54673893e-01, 7.00367697e-01, 3.17250161e-01, 6.36800823e-01, 3.78357393e-01, 2.88815307e+00, 8.69436929e+01
4.39831747e-01, 1.58311745e-01, 6.94525595e-01, 3.23782598e-01, 6.30268386e-01, 3.87723677e-01, 2.87878678e+00, 8.75265730e+01
4.52179242e-01, 1.62020224e-01, 6.88620228e-01, 3.30396873e-01, 6.23654111e-01, 3.97287850e-01, 2.86922261e+00, 8.81304741e+01
4.64873371e-01, 1.65800084e-01, 6.82652863e-01, 3.37091595e-01, 6.16959389e-01, 4.07052166e-01, 2.85945829e+00, 8.87563276e+01
4.77923865e-01, 1.69652062e-01, 6.76624841e-01, 3.43865244e-01, 6.10185740e-01, 4.17018785e-01, 2.84949167e+00, 8.94051110e+01
4.91340729e-01, 1.73576879e-01, 6.70537578e-01, 3.50716168e-01, 6.03334816e-01, 4.27189762e-01, 2.83932070e+00, 9.00778499e+01
5.05134247e-01, 1.77575238e-01, 6.64392563e-01, 3.57642580e-01, 5.96408404e-01, 4.37567037e-01, 2.82894342e+00, 9.07756200e+01
5.19314994e-01, 1.81647824e-01, 6.58191359e-01, 3.64642557e-01, 5.89408428e-01, 4.48152430e-01, 2.81835803e+00, 9.14995497e+01
5.33893840e-01, 1.85795303e-01, 6.51935600e-01, 3.71714035e-01, 5.82336949e-01, 4.58947629e-01, 2.80756283e+00, 9.22508215e+01
5.48881961e-01, 1.90018322e-01, 6.45626991e-01, 3.78854815e-01, 5.75196170e-01, 4.69954177e-01, 2.79655628e+00, 9.30306751e+01
5.64290847e-01, 1.94317504e-01, 6.39267309e-01, 3.86062551e-01, 5.67988434e-01, 4.81173470e-01, 2.78533699e+00, 9.38404090e+01
5.80132310e-01, 1.98693454e-01, 6.32858396e-01, 3.93334760e-01, 5.60716225e-01, 4.92606739e-01, 2.77390372e+00, 9.46813831e+01
5.96418495e-01, 2.03146750e-01, 6.26402164e-01, 4.00668814e-01, 5.53382170e-01, 5.04255044e-01, 2.76225542e+00, 9.55550209e+01
6.13161884e-01, 2.07677952e-01, 6.19900588e-01, 4.08061947e-01, 5.45989038e-01, 5.16119264e-01, 2.75039120e+00, 9.64628119e+01
6.30375315e-01, 2.12287591e-01, 6.13355704e-01, 4.15511247e-01, 5.38539737e-01, 5.28200089e-01, 2.73831037e+00, 9.74063142e+01
6.48071983e-01, 2.16976176e-01, 6.06769614e-01, 4.23013667e-01, 5.31037317e-01, 5.40498003e-01, 2.72601246e+00, 9.83871565e+01
6.66265452e-01, 2.21744190e-01, 6.00144472e-01, 4.30566021e-01, 5.23484964e-01, 5.53013283e-01, 2.71349718e+00, 9.94070407e+01
6.84969672e-01, 2.26592088e-01, 5.93482492e-01, 4.38164986e-01, 5.15885998e-01, 5.65745985e-01, 2.70076447e+00, 1.00467744e+02
7.04198979e-01, 2.31520301e-01, 5.86785940e-01, 4.45807111e-01, 5.08243873e-01, 5.78695938e-01, 2.68781452e+00, 1.01571124e+02
7.23968114e-01, 2.36529229e-01, 5.80057132e-01, 4.53488815e-01, 5.00562170e-01, 5.91862731e-01, 2.67464773e+00, 1.02719114e+02
7.44292233e-01, 2.41619247e-01, 5.73298431e-01, 4.61206391e-01, 4.92844593e-01, 6.05245709e-01, 2.66126475e+00, 1.03913736e+02
7.65186915e-01, 2.46790700e-01, 5.66512244e-01, 4.68956019e-01, 4.85094966e-01, 6.18843966e-01, 2.64766649e+00, 1.05157094e+02
7.86668179e-01, 2.52043903e-01, 5.59701019e-01, 4.76733762e-01, 4.77317222e-01, 6.32656336e-01, 2.63385412e+00, 1.06451382e+02
8.08752491e-01, 2.57379142e-01, 5.52867241e-01, 4.84535580e-01, 4.69515404e-01, 6.46681388e-01, 2.61982907e+00, 1.07798883e+02
8.31456781e-01, 2.62796674e-01, 5.46013431e-01, 4.92357333e-01, 4.61693651e-01, 6.60917420e-01, 2.60559304e+00, 1.09201974e+02
8.54798453e-01, 2.68296725e-01, 5.39142136e-01, 5.00194791e-01, 4.53856193e-01, 6.75362460e-01, 2.59114800e+00, 1.10663128e+02
8.78795401e-01, 2.73879488e-01, 5.32255933e-01, 5.08043642e-01, 4.46007342e-01, 6.90014256e-01, 2.57649620e+00, 1.12184916e+02
9.03466021e-01, 2.79545129e-01, 5.25357421e-01, 5.15899502e-01, 4.38151482e-01, 7.04870276e-01, 2.56164018e+00, 1.13770013e+02
9.28829225e-01, 2.85293778e-01, 5.18449216e-01, 5.23757924e-01, 4.30293061e-01, 7.19927712e-01, 2.54658275e+00, 1.15421193e+02
9.54904456e-01, 2.91125536e-01, 5.11533951e-01, 5.31614407e-01, 4.22436578e-01, 7.35183474e-01, 2.53132699e+00, 1.17141340e+02
9.81711702e-01, 2.97040474e-01, 5.04614268e-01, 5.39464410e-01, 4.14586574e-01, 7.50634195e-01, 2.51587627e+00, 1.18933447e+02
1.00927151e+00, 3.03038627e-01, 4.97692817e-01, 5.47303363e-01, 4.06747621e-01, 7.66276231e-01, 2.50023423e+00, 1.20800620e+02
1.03760502e+00, 3.09120002e-01, 4.90772250e-01, 5.55126677e-01, 3.98924308e-01, 7.82105669e-01, 2.48440479e+00, 1.22746081e+02
1.06673394e+00, 3.15284571e-01, 4.83855218e-01, 5.62929756e-01, 3.91121229e-01, 7.98118330e-01, 2.46839213e+00, 1.24773170e+02
1.09668060e+00, 3.21532276e-01, 4.76944367e-01, 5.70708010e-01, 3.83342974e-01, 8.14309775e-01, 2.45220069e+00, 1.26885349e+02
1.12746796e+00, 3.27863028e-01, 4.70042332e-01, 5.78456871e-01, 3.75594113e-01, 8.30675312e-01, 2.43583515e+00, 1.29086208e+02
1.15911962e+00, 3.34276704e-01, 4.63151736e-01, 5.86171799e-01, 3.67879186e-01, 8.47210009e-01, 2.41930045e+00, 1.31379465e+02
1.19165984e+00, 3.40773150e-01, 4.56275185e-01, 5.93848298e-01, 3.60202686e-01, 8.63908701e-01, 2.40260176e+00, 1.33768973e+02
1.22511358e+00, 3.47352184e-01, 4.49415262e-01, 6.01481931e-01, 3.52569053e-01, 8.80766000e-01, 2.38574446e+00, 1.36258723e+02
1.25950646e+00, 3.54013588e-01, 4.42574525e-01, 6.09068328e-01, 3.44982656e-01, 8.97776311e-01, 2.36873415e+00, 1.38852846e+02
1.29486487e+00, 3.60757118e-01, 4.35755505e-01, 6.16603201e-01, 3.37447784e-01, 9.14933842e-01, 2.35157662e+00, 1.41555622e+02
1.33121590e+00, 3.67582497e-01, 4.28960698e-01, 6.24082352e-01, 3.29968633e-01, 9.32232618e-01, 2.33427784e+00, 1.44371485e+02
1.36858742e+00, 3.74489419e-01, 4.22192565e-01, 6.31501689e-01, 3.22549295e-01, 9.49666499e-01, 2.31684396e+00, 1.47305023e+02
1.40700809e+00, 3.81477549e-01, 4.15453528e-01, 6.38857235e-01, 3.15193750e-01, 9.67229191e-01, 2.29928127e+00, 1.50360991e+02
1.44650734e+00, 3.88546523e-01, 4.08745964e-01, 6.46145135e-01, 3.07905850e-01, 9.84914266e-01, 2.28159619e+00, 1.53544309e+02
1.48711546e+00, 3.95695948e-01, 4.02072206e-01, 6.53361670e-01, 3.00689314e-01, 1.00271517e+00, 2.26379529e+00, 1.56860078e+02
1.52886359e+00, 4.02925403e-01, 3.95434536e-01, 6.60503264e-01, 2.93547720e-01, 1.02062526e+00, 2.24588520e+00, 1.60313580e+02
1.57178372e+00, 4.10234442e-01, 3.88835186e-01, 6.67566491e-01, 2.86484493e-01, 1.03863779e+00, 2.22787267e+00, 1.63910285e+02
1.61590875e+00, 4.17622591e-01, 3.82276331e-01, 6.74548083e-01, 2.79502901e-01, 1.05674595e+00, 2.20976451e+00, 1.67655866e+02
1.66127252e+00, 4.25089350e-01, 3.75760089e-01, 6.81444938e-01, 2.72606047e-01, 1.07494288e+00, 2.19156758e+00, 1.71556198e+02
1.70790980e+00, 4.32634194e-01, 3.69288519e-01, 6.88254121e-01, 2.65796864e-01, 1.09322167e+00, 2.17328879e+00, 1.75617376e+02
1.75585633e+00, 4.40256573e-01, 3.62863618e-01, 6.94972873e-01, 2.59078111e-01, 1.11157541e+00, 2.15493505e+00, 1.79845716e+02
1.80514888e+00, 4.47955916e-01, 3.56487318e-01, 7.01598616e-01, 2.52452369e-01, 1.12999716e+00, 2.13651330e+00, 1.84247771e+02
1.85582523e+00, 4.55731626e-01, 3.50161484e-01, 7.08128948e-01, 2.45922036e-01, 1.14848001e+00, 2.11803045e+00, 1.88830340e+02
1.90792422e+00, 4.63583085e-01, 3.43887915e-01, 7.14561654e-01, 2.39489330e-01, 1.16701706e+00, 2.09949340e+00, 1.93600477e+02
1.96148581e+00, 4.71509656e-01, 3.37668341e-01, 7.20894702e-01, 2.33156282e-01, 1.18560146e+00, 2.08090900e+00, 1.98565503e+02
2.01655104e+00, 4.79510678e-01, 3.31504419e-01, 7.27126245e-01, 2.26924739e-01, 1.20422640e+00, 2.06228406e+00, 2.03733023e+02
2.07316213e+00, 4.87585472e-01, 3.25397736e-01, 7.33254620e-01, 2.20796365e-01, 1.22288513e+00, 2.04362533e+00, 2.09110932e+02
2.13136247e+00, 4.95733342e-01, 3.19349807e-01, 7.39278346e-01, 2.14772638e-01, 1.24157099e+00, 2.02493947e+00, 2.14707434e+02
2.19119669e+00, 5.03953573e-01, 3.13362070e-01, 7.45196126e-01, 2.08854859e-01, 1.26027739e+00, 2.00623307e+00, 2.20531051e+02
2.25271064e+00, 5.12245431e-01, 3.07435893e-01, 7.51006838e-01, 2.03044146e-01, 1.27899786e+00, 1.98751260e+00, 2.26590645e+02
2.31595149e+00, 5.20608169e-01, 3.01572566e-01, 7.56709539e-01, 1.97341446e-01, 1.29772602e+00, 1.96878444e+00, 2.32895425e+02
2.38096772e+00, 5.29041024e-01, 2.95773306e-01, 7.62303454e-01, 1.91747530e-01, 1.31645559e+00, 1.95005487e+00, 2.39454971e+02
2.44780916e+00, 5.37543219e-01, 2.90039255e-01, 7.67787980e-01, 1.86263005e-01, 1.33518043e+00, 1.93133003e+00, 2.46279246e+02
2.51652705e+00, 5.46113963e-01, 2.84371479e-01, 7.73162672e-01, 1.80888312e-01, 1.35389453e+00, 1.91261593e+00, 2.53378615e+02
2.58717408e+00, 5.54752453e-01, 2.78770971e-01, 7.78427247e-01, 1.75623738e-01, 1.37259201e+00, 1.89391845e+00, 2.60763863e+02
2.65980440e+00, 5.63457874e-01, 2.73238647e-01, 7.83581572e-01, 1.70469413e-01, 1.39126712e+00, 1.87524334e+00, 2.68446217e+02
2.73447368e+00, 5.72229403e-01, 2.67775351e-01, 7.88625660e-01, 1.65425324e-01, 1.40991426e+00, 1.85659620e+00, 2.76437362e+02
2.81123917e+00, 5.81066203e-01, 2.62381854e-01, 7.93559668e-01, 1.60491316e-01, 1.42852798e+00, 1.83798248e+00, 2.84749465e+02
2.89015972e+00, 5.89967432e-01, 2.57058854e-01, 7.98383885e-01, 1.55667100e-01, 1.44710299e+00, 1.81940747e+00, 2.93395194e+02
2.97129582e+00, 5.98932239e-01, 2.51806978e-01, 8.03098728e-01, 1.50952257e-01, 1.46563414e+00, 1.80087632e+00, 3.02387744e+02
3.05470967e+00, 6.07959763e-01, 2.46626782e-01, 8.07704737e-01, 1.46346247e-01, 1.48411642e+00, 1.78239404e+00, 3.11740855e+02
3.14046522e+00, 6.17049141e-01, 2.41518754e-01, 8.12202568e-01, 1.41848417e-01, 1.50254502e+00, 1.76396544e+00, 3.21468845e+02
3.22862820e+00, 6.26199502e-01, 2.36483311e-01, 8.16592984e-01, 1.37458000e-01, 1.52091524e+00, 1.74559522e+00, 3.31586625e+02
3.31926620e+00, 6.35409971e-01, 2.31520808e-01, 8.20876853e-01, 1.33174132e-01, 1.53922257e+00, 1.72728789e+00, 3.42109736e+02
3.41244871e+00, 6.44679670e-01, 2.26631530e-01, 8.25055136e-01, 1.28995849e-01, 1.55746265e+00, 1.70904781e+00, 3.53054367e+02
3.50824714e+00, 6.54007716e-01, 2.21815701e-01, 8.29128885e-01, 1.24922099e-01, 1.57563126e+00, 1.69087920e+00, 3.64437390e+02
3.60673495e+00, 6.63393226e-01, 2.17073483e-01, 8.33099237e-01, 1.20951747e-01, 1.59372435e+00, 1.67278611e+00, 3.76276389e+02
3.70798763e+00, 6.72835313e-01, 2.12404976e-01, 8.36967404e-01, 1.17083581e-01, 1.61173804e+00, 1.65477242e+00, 3.88589687e+02
3.81208280e+00, 6.82333091e-01, 2.07810223e-01, 8.40734668e-01, 1.13316317e-01, 1.62966858e+00, 1.63684188e+00, 4.01396382e+02
3.91910025e+00, 6.91885673e-01, 2.03289209e-01, 8.44402378e-01, 1.09648606e-01, 1.64751237e+00, 1.61899809e+00, 4.14716380e+02
4.02912203e+00, 7.01492174e-01, 1.98841864e-01, 8.47971943e-01, 1.06079042e-01, 1.66526598e+00, 1.60124448e+00, 4.28570427e+02
4.14223247e+00, 7.11151707e-01, 1.94468065e-01, 8.51444823e-01, 1.02606161e-01, 1.68292612e+00, 1.58358434e+00, 4.42980151e+02
4.25851829e+00, 7.20863389e-01, 1.90167637e-01, 8.54822529e-01, 9.92284553e-02, 1.70048964e+00, 1.56602082e+00, 4.57968092e+02
4.37806863e+00, 7.30626340e-01, 1.85940357e-01, 8.58106614e-01, 9.59443710e-02, 1.71795353e+00, 1.54855693e+00, 4.73557747e+02
4.50097513e+00, 7.40439681e-01, 1.81785952e-01, 8.61298667e-01, 9.27523172e-02, 1.73531494e+00, 1.53119552e+00, 4.89773611e+02
4.62733201e+00, 7.50302539e-01, 1.77704105e-01, 8.64400315e-01, 8.96506697e-02, 1.75257114e+00, 1.51393932e+00, 5.06641214e+02
4.75723614e+00, 7.60214043e-01, 1.73694456e-01, 8.67413209e-01, 8.66377755e-02, 1.76971953e+00, 1.49679093e+00, 5.24187172e+02
4.89078709e+00, 7.70173327e-01, 1.69756602e-01, 8.70339027e-01, 8.37119574e-02, 1.78675767e+00, 1.47975279e+00, 5.42439228e+02
5.02808725e+00, 7.80179530e-01, 1.65890100e-01, 8.73179467e-01, 8.08715180e-02, 1.80368322e+00, 1.46282724e+00, 5.61426302e+02
5.16924187e+00, 7.90231798e-01, 1.62094471e-01, 8.75936241e-01, 7.81147438e-02, 1.82049399e+00, 1.44601647e+00, 5.81178541e+02
5.31435916e+00, 8.00329281e-01, 1.58369199e-01, 8.78611075e-01, 7.54399092e-02, 1.83718790e+00, 1.42932256e+00, 6.01727372e+02
5.46355035e+00, 8.10471136e-01, 1.54713732e-01, 8.81205705e-01, 7.28452796e-02, 1.85376299e+00, 1.41274747e+00, 6.23105553e+02
5.61692982e+00, 8.20656529e-01, 1.51127491e-01, 8.83721869e-01, 7.03291151e-02, 1.87021743e+00, 1.39629303e+00, 6.45347233e+02
5.77461515e+00, 8.30884629e-01, 1.47609861e-01, 8.86161311e-01, 6.78896735e-02, 1.88654949e+00, 1.37996097e+00, 6.68488007e+02
5.93672722e+00, 8.41154616e-01, 1.44160202e-01, 8.88525771e-01, 6.55252135e-02, 1.90275756e+00, 1.36375290e+00, 6.92564981e+02
6.10339029e+00, 8.51465677e-01, 1.40777848e-01, 8.90816987e-01, 6.32339973e-02, 1.91884015e+00, 1.34767031e+00, 7.17616833e+02
6.27473213e+00, 8.61817006e-01, 1.37462106e-01, 8.93036691e-01, 6.10142932e-02, 1.93479585e+00, 1.33171461e+00, 7.43683883e+02
6.45088409e+00, 8.72207807e-01, 1.34212261e-01, 8.95186606e-01, 5.88643780e-02, 1.95062338e+00, 1.31588708e+00, 7.70808157e+02
6.63198120e+00, 8.82637292e-01, 1.31027576e-01, 8.97268445e-01, 5.67825397e-02, 1.96632154e+00, 1.30018892e+00, 7.99033462e+02
6.81816229e+00, 8.93104682e-01, 1.27907296e-01, 8.99283906e-01, 5.47670788e-02, 1.98188924e+00, 1.28462122e+00, 8.28405463e+02
7.00957009e+00, 9.03609206e-01, 1.24850646e-01, 9.01234673e-01, 5.28163110e-02, 1.99732547e+00, 1.26918499e+00, 8.58971758e+02
7.20635132e+00, 9.14150106e-01, 1.21856835e-01, 9.03122416e-01, 5.09285684e-02, 2.01262934e+00, 1.25388112e+00, 8.90781963e+02
7.40865683e+00, 9.24726629e-01, 1.18925058e-01, 9.04948783e-01, 4.91022016e-02, 2.02780001e+00, 1.23871045e+00, 9.23887792e+02
7.61664172e+00, 9.35338035e-01, 1.16054495e-01, 9.06715404e-01, 4.73355807e-02, 2.04283677e+00, 1.22367369e+00, 9.58343152e+02
7.83046540e+00, 9.45983593e-01, 1.13244314e-01, 9.08423887e-01, 4.56270970e-02, 2.05773895e+00, 1.20877151e+00, 9.94204231e+02
8.05029181e+00, 9.56662583e-01, 1.10493675e-01, 9.10075820e-01, 4.39751644e-02, 2.07250600e+00, 1.19400446e+00, 1.03152960e+03
8.27628946e+00, 9.67374292e-01, 1.07801724e-01, 9.11672765e-01, 4.23782197e-02, 2.08713741e+00, 1.17937305e+00, 1.07038030e+03
8.50863158e+00, 9.78118021e-01, 1.05167604e-01, 9.13216260e-01, 4.08347245e-02, 2.10163278e+00, 1.16487768e+00, 1.11081996e+03
8.74749630e+00, 9.88893079e-01, 1.02590447e-01, 9.14707819e-01, 3.93431654e-02, 2.11599177e+00, 1.15051869e+00, 1.15291491e+03
8.99306672e+00, 9.99698787e-01, 1.00069381e-01, 9.16148929e-01, 3.79020554e-02, 2.13021410e+00, 1.13629636e+00, 1.19673427e+03
9.24553110e+00, 1.01053448e+00, 9.76035298e-02, 9.17541051e-01, 3.65099337e-02, 2.14429957e+00, 1.12221089e+00, 1.24235011e+03
9.50508296e+00, 1.02139949e+00, 9.51920136e-02, 9.18885617e-01, 3.51653670e-02, 2.15824804e+00, 1.10826242e+00, 1.28983753e+03
9.77192128e+00, 1.03229317e+00, 9.28339498e-02, 9.20184035e-01, 3.38669498e-02, 2.17205944e+00, 1.09445102e+00, 1.33927481e+03
1.00462506e+01, 1.04321489e+00, 9.05284548e-02, 9.21437680e-01, 3.26133046e-02, 2.18573376e+00, 1.08077670e+00, 1.39074354e+03
1.03282813e+01, 1.05416402e+00, 8.82746444e-02, 9.22647902e-01, 3.14030823e-02, 2.19927105e+00, 1.06723941e+00, 1.44432878e+03
1.06182294e+01, 1.06513995e+00, 8.60716349e-02, 9.23816022e-01, 3.02349625e-02, 2.21267140e+00, 1.05383906e+00, 1.50011917e+03
1.09163173e+01, 1.07614206e+00, 8.39185439e-02, 9.24943331e-01, 2.91076536e-02, 2.22593498e+00, 1.04057548e+00, 1.55820710e+03
1.12227736e+01, 1.08716977e+00, 8.18144912e-02, 9.26031091e-01, 2.80198930e-02, 2.23906200e+00, 1.02744846e+00, 1.61868889e+03
1.15378330e+01, 1.09822248e+00, 7.97585995e-02, 9.27080537e-01, 2.69704470e-02, 2.25205270e+00, 1.01445776e+00, 1.68166490e+03
1.18617372e+01, 1.10929963e+00, 7.77499950e-02, 9.28092874e-01, 2.59581110e-02, 2.26490741e+00, 1.00160305e+00, 1.74723977e+03
1.21947344e+01, 1.12040065e+00, 7.57878084e-02, 9.29069275e-01, 2.49817090e-02, 2.27762647e+00, 9.88883986e-01, 1.81552255e+03
1.25370799e+01, 1.13152499e+00, 7.38711753e-02, 9.30010890e-01, 2.40400942e-02, 2.29021029e+00, 9.76300169e-01, 1.88662690e+03
1.28890361e+01, 1.14267211e+00, 7.19992367e-02, 9.30918836e-01, 2.31321480e-02, 2.30265930e+00, 9.63851159e-01, 1.96067130e+03
1.32508729e+01, 1.15384147e+00, 7.01711401e-02, 9.31794204e-01, 2.22567805e-02, 2.31497399e+00, 9.51536475e-01, 2.03777924e+03
1.36228676e+01, 1.16503255e+00, 6.83860392e-02, 9.32638055e-01, 2.14129299e-02, 2.32715486e+00, 9.39355598e-01, 2.11807943e+03
1.40053055e+01, 1.17624484e+00, 6.66430952e-02, 9.33451422e-01, 2.05995622e-02, 2.33920249e+00, 9.27307972e-01, 2.20170602e+03
1.43984795e+01, 1.18747784e+00, 6.49414767e-02, 9.34235313e-01, 1.98156712e-02, 2.35111745e+00, 9.15393006e-01, 2.28879885e+03
1.48026913e+01, 1.19873106e+00, 6.32803605e-02, 9.34990707e-01, 1.90602779e-02, 2.36290038e+00, 9.03610076e-01, 2.37950368e+03
1.52182505e+01, 1.21000400e+00, 6.16589316e-02, 9.35718554e-01, 1.83324302e-02, 2.37455193e+00, 8.91958527e-01, 2.47397241e+03
1.56454759e+01, 1.22129622e+00, 6.00763839e-02, 9.36419782e-01, 1.76312024e-02, 2.38607279e+00, 8.80437671e-01, 2.57236340e+03
1.60846948e+01, 1.23260723e+00, 5.85319205e-02, 9.37095289e-01, 1.69556953e-02, 2.39746367e+00, 8.69046795e-01, 2.67484168e+03
1.65362441e+01, 1.24393658e+00, 5.70247538e-02, 9.37745950e-01, 1.63050349e-02, 2.40872530e+00, 8.57785156e-01, 2.78157930e+03
1.70004698e+01, 1.25528384e+00, 5.55541057e-02, 9.38372611e-01, 1.56783731e-02, 2.41985847e+00, 8.46651988e-01, 2.89275555e+03
1.74777277e+01, 1.26664856e+00, 5.41192085e-02, 9.38976098e-01, 1.50748860e-02, 2.43086396e+00, 8.35646498e-01, 3.00855735e+03
1.79683839e+01, 1.27803033e+00, 5.27193041e-02, 9.39557210e-01, 1.44937746e-02, 2.44174259e+00, 8.24767872e-01, 3.12917949e+03
1.84728144e+01, 1.28942872e+00, 5.13536452e-02, 9.40116721e-01, 1.39342634e-02, 2.45249518e+00, 8.14015275e-01, 3.25482503e+03
1.89914058e+01, 1.30084334e+00, 5.00214947e-02, 9.40655384e-01, 1.33956005e-02, 2.46312261e+00, 8.03387850e-01, 3.38570561e+03
1.95245558e+01, 1.31227377e+00, 4.87221263e-02, 9.41173927e-01, 1.28770571e-02, 2.47362574e+00, 7.92884723e-01, 3.52204185e+03
2.00726730e+01, 1.32371963e+00, 4.74548245e-02, 9.41673058e-01, 1.23779265e-02, 2.48400546e+00, 7.82505001e-01, 3.66406368e+03
2.06361777e+01, 1.33518054e+00, 4.62188846e-02, 9.42153460e-01, 1.18975242e-02, 2.49426269e+00, 7.72247774e-01, 3.81201078e+03
2.12155017e+01, 1.34665613e+00, 4.50136131e-02, 9.42615797e-01, 1.14351871e-02, 2.50439834e+00, 7.62112119e-01, 3.96613297e+03
2.18110892e+01, 1.35814602e+00, 4.38383275e-02, 9.43060712e-01, 1.09902729e-02, 2.51441336e+00, 7.52097095e-01, 4.12669064e+03
2.24233968e+01, 1.36964988e+00, 4.26923562e-02, 9.43488824e-01, 1.05621600e-02, 2.52430871e+00, 7.42201751e-01, 4.29395523e+03
2.30528939e+01, 1.38116734e+00, 4.15750390e-02, 9.43900738e-01, 1.01502466e-02, 2.53408534e+00, 7.32425123e-01, 4.46820964e+03
2.37000629e+01, 1.39269806e+00, 4.04857268e-02, 9.44297034e-01, 9.75395037e-03, 2.54374422e+00, 7.22766235e-01, 4.64974875e+03
2.43654001e+01, 1.40424172e+00, 3.94237819e-02, 9.44678277e-01, 9.37270798e-03, 2.55328636e+00, 7.13224101e-01, 4.83887994e+03
2.50494154e+01, 1.41579798e+00, 3.83885774e-02, 9.45045010e-01, 9.00597457e-03, 2.56271273e+00, 7.03797727e-01, 5.03592361e+03
2.57526333e+01, 1.42736654e+00, 3.73794979e-02, 9.45397761e-01, 8.65322325e-03, 2.57202435e+00, 6.94486107e-01, 5.24121369e+03
2.64755927e+01, 1.43894707e+00, 3.63959391e-02, 9.45737040e-01, 8.31394465e-03, 2.58122223e+00, 6.85288231e-01, 5.45509830e+03
2.72188479e+01, 1.45053928e+00, 3.54373078e-02, 9.46063338e-01, 7.98764644e-03, 2.59030738e+00, 6.76203082e-01, 5.67794025e+03
2.79829688e+01, 1.46214287e+00, 3.45030217e-02, 9.46377132e-01, 7.67385283e-03, 2.59928083e+00, 6.67229634e-01, 5.91011776e+03
2.87685409e+01, 1.47375755e+00, 3.35925097e-02, 9.46678880e-01, 7.37210414e-03, 2.60814360e+00, 6.58366859e-01, 6.15202503e+03
2.95761666e+01, 1.48538304e+00, 3.27052117e-02, 9.46969028e-01, 7.08195630e-03, 2.61689674e+00, 6.49613723e-01, 6.40407297e+03
3.04064649e+01, 1.49701906e+00, 3.18405781e-02, 9.47248004e-01, 6.80298048e-03, 2.62554127e+00, 6.40969188e-01, 6.66668990e+03
3.12600724e+01, 1.50866534e+00, 3.09980705e-02, 9.47516222e-01, 6.53476254e-03, 2.63407825e+00, 6.32432213e-01, 6.94032226e+03
3.21376434e+01, 1.52032162e+00, 3.01771610e-02, 9.47774082e-01, 6.27690269e-03, 2.64250870e+00, 6.24001756e-01, 7.22543542e+03
3.30398507e+01, 1.53198765e+00, 2.93773321e-02, 9.48021969e-01, 6.02901501e-03, 2.65083369e+00, 6.15676771e-01, 7.52251444e+03
3.39673858e+01, 1.54366317e+00, 2.85980772e-02, 9.48260257e-01, 5.79072704e-03, 2.65905425e+00, 6.07456211e-01, 7.83206495e+03
3.49209598e+01, 1.55534793e+00, 2.78388997e-02, 9.48489305e-01, 5.56167938e-03, 2.66717143e+00, 5.99339031e-01, 8.15461396e+03
3.59013038e+01, 1.56704171e+00, 2.70993135e-02, 9.48709459e-01, 5.34152527e-03, 2.67518628e+00, 5.91324181e-01, 8.49071083e+03
3.69091691e+01, 1.57874427e+00, 2.63788425e-02, 9.48921054e-01, 5.12993025e-03, 2.68309984e+00, 5.83410616e-01, 8.84092819e+03
3.79453285e+01, 1.59045537e+00, 2.56770206e-02, 9.49124413e-01, 4.92657168e-03, 2.69091317e+00, 5.75597290e-01, 9.20586292e+03
3.90105762e+01, 1.60217481e+00, 2.49933916e-02, 9.49319846e-01, 4.73113846e-03, 2.69862730e+00, 5.67883157e-01, 9.58613719e+03
4.01057288e+01, 1.61390235e+00, 2.43275093e-02, 9.49507654e-01, 4.54333061e-03, 2.70624329e+00, 5.60267174e-01, 9.98239952e+03
4.12316259e+01, 1.62563780e+00, 2.36789368e-02, 9.49688126e-01, 4.36285892e-03, 2.71376216e+00, 5.52748302e-01, 1.03953259e+04
4.23891306e+01, 1.63738095e+00, 2.30472468e-02, 9.49861540e-01, 4.18944461e-03, 2.72118496e+00, 5.45325500e-01, 1.08256210e+04
4.35791301e+01, 1.64913159e+00, 2.24320214e-02, 9.50028165e-01, 4.02281900e-03, 2.72851272e+00, 5.37997735e-01, 1.12740192e+04
4.48025368e+01, 1.66088953e+00, 2.18328518e-02, 9.50188261e-01, 3.86272314e-03, 2.73574649e+00, 5.30763975e-01, 1.17412863e+04
4.60602884e+01, 1.67265458e+00, 2.12493385e-02, 9.50342077e-01, 3.70890752e-03, 2.74288727e+00, 5.23623190e-01, 1.22282201e+04
4.73533492e+01, 1.68442656e+00, 2.06810907e-02, 9.50489853e-01, 3.56113175e-03, 2.74993610e+00, 5.16574357e-01, 1.27356527e+04
4.86827104e+01, 1.69620528e+00, 2.01277264e-02, 9.50631820e-01, 3.41916425e-03, 2.75689400e+00, 5.09616456e-01, 1.32644510e+04
5.00493910e+01, 1.70799057e+00, 1.95888723e-02, 9.50768203e-01, 3.28278195e-03, 2.76376199e+00, 5.02748472e-01, 1.38155190e+04
5.14544388e+01, 1.71978224e+00, 1.90641636e-02, 9.50899214e-01, 3.15177001e-03, 2.77054107e+00, 4.95969395e-01, 1.43897987e+04
5.28989308e+01, 1.73158015e+00, 1.85532437e-02, 9.51025063e-01, 3.02592154e-03, 2.77723224e+00, 4.89278219e-01, 1.49882722e+04
5.43839743e+01, 1.74338412e+00, 1.80557646e-02, 9.51145947e-01, 2.90503730e-03, 2.78383652e+00, 4.82673945e-01, 1.56119632e+04
5.59107078e+01, 1.75519399e+00, 1.75713858e-02, 9.51262059e-01, 2.78892547e-03, 2.79035488e+00, 4.76155579e-01, 1.62619387e+04
5.74803016e+01, 1.76700960e+00, 1.70997750e-02, 9.51373583e-01, 2.67740139e-03, 2.79678833e+00, 4.69722133e-01, 1.69393110e+04
5.90939590e+01, 1.77883082e+00, 1.66406078e-02, 9.51480697e-01, 2.57028727e-03, 2.80313784e+00, 4.63372624e-01, 1.76452396e+04
6.07529169e+01, 1.79065748e+00, 1.61935670e-02, 9.51583572e-01, 2.46741202e-03, 2.80940438e+00, 4.57106078e-01, 1.83809328e+04
6.24584471e+01, 1.80248944e+00, 1.57583434e-02, 9.51682374e-01, 2.36861094e-03, 2.81558893e+00, 4.50921526e-01, 1.91476505e+04
6.42118571e+01, 1.81432657e+00, 1.53346346e-02, 9.51777259e-01, 2.27372553e-03, 2.82169246e+00, 4.44818003e-01, 1.99467058e+04
6.60144909e+01, 1.82616872e+00, 1.49221457e-02, 9.51868381e-01, 2.18260330e-03, 2.82771590e+00, 4.38794556e-01, 2.07794674e+04
6.78677305e+01, 1.83801577e+00, 1.45205889e-02, 9.51955887e-01, 2.09509748e-03, 2.83366022e+00, 4.32850236e-01, 2.16473622e+04
6.97729965e+01, 1.84986758e+00, 1.41296829e-02, 9.52039918e-01, 2.01106689e-03, 2.83952636e+00, 4.26984099e-01, 2.25518774e+04
7.17317494e+01, 1.86172403e+00, 1.37491537e-02, 9.52120609e-01, 1.93037570e-03, 2.84531525e+00, 4.21195214e-01, 2.34945632e+04
7.37454909e+01, 1.87358500e+00, 1.33787335e-02, 9.52198091e-01, 1.85289323e-03, 2.85102781e+00, 4.15482651e-01, 2.44770357e+04
7.58157646e+01, 1.88545036e+00, 1.30181611e-02, 9.52272491e-01, 1.77849380e-03, 2.85666497e+00, 4.09845493e-01, 2.55009794e+04
7.79441575e+01, 1.89731999e+00, 1.26671819e-02, 9.52343928e-01, 1.70705652e-03, 2.86222763e+00, 4.04282826e-01, 2.65681500e+04
8.01323013e+01, 1.90919379e+00, 1.23255471e-02, 9.52412519e-01, 1.63846512e-03, 2.86771671e+00, 3.98793746e-01, 2.76803778e+04
8.23818733e+01, 1.92107165e+00, 1.19930143e-02, 9.52478377e-01, 1.57260778e-03, 2.87313310e+00, 3.93377358e-01, 2.88395709e+04
8.46945981e+01, 1.93295345e+00, 1.16693470e-02, 9.52541607e-01, 1.50937699e-03, 2.87847769e+00, 3.88032771e-01, 3.00477177e+04
8.70722485e+01, 1.94483908e+00, 1.13543144e-02, 9.52602315e-01, 1.44866934e-03, 2.88375135e+00, 3.82759105e-01, 3.13068914e+04
8.95166472e+01, 1.95672846e+00, 1.10476916e-02, 9.52660599e-01, 1.39038542e-03, 2.88895497e+00, 3.77555488e-01, 3.26192528e+04
9.20296681e+01, 1.96862147e+00, 1.07492590e-02, 9.52716555e-01, 1.33442966e-03, 2.89408941e+00, 3.72421053e-01, 3.39870544e+04
9.46132376e+01, 1.98051802e+00, 1.04588028e-02, 9.52770274e-01, 1.28071017e-03, 2.89915552e+00, 3.67354945e-01, 3.54126442e+04
9.72693362e+01, 1.99241802e+00, 1.01761143e-02, 9.52821846e-01, 1.22913861e-03, 2.90415415e+00, 3.62356313e-01, 3.68984695e+04
1.00000000e+02, 2.00432137e+00, 9.90099010e-03, 9.52871354e-01, 1.17963007e-03, 2.90908614e+00, 3.57424318e-01, 3.84470817e+04
