 --- Cosmological Parameters --- 
	 H0: 2.2027e-18 (1/s) = 67.9700 (km/s/Mpc) 
	 OmegaM: 3.3000e-01 
	 OmegaR: 0.0000e+00 
	 OmegaL: 6.7000e-01 
	 OmegaK: 0.0000e+00 
		 w0: -1.0000e+00 
		 wa: 0.0000e+00 
	 rho_crit: 8.6799e-30 (g/cm^3) 
z, log10(1+z), a, H0*t_look, H0*t_age, H0*t_conf, H0*t_conf_age, H(z) 
1.00000000e-04, 4.34272769e-05, 9.99900010e-01, 9.99925255e-05, 9.38456743e-01, 9.99975250e-05, 3.17926369e+00, 6.79733648e+01
1.02807322e-04, 4.46463579e-05, 9.99897203e-01, 1.02799422e-04, 9.38453936e-01, 1.02804706e-04, 3.17926088e+00, 6.79734592e+01
1.05693455e-04, 4.58996588e-05, 9.99894318e-01, 1.05685105e-04, 9.38451050e-01, 1.05690690e-04, 3.17925799e+00, 6.79735564e+01
1.08660611e-04, 4.71881402e-05, 9.99891351e-01, 1.08651786e-04, 9.38448084e-01, 1.08657689e-04, 3.17925503e+00, 6.79736562e+01
1.11711065e-04, 4.85127895e-05, 9.99888301e-01, 1.11701737e-04, 9.38445034e-01, 1.11707976e-04, 3.17925197e+00, 6.79737589e+01
1.14847155e-04, 4.98746217e-05, 9.99885166e-01, 1.14837296e-04, 9.38441898e-01, 1.14843890e-04, 3.17924884e+00, 6.79738644e+01
1.18071285e-04, 5.12746804e-05, 9.99881943e-01, 1.18060865e-04, 9.38438675e-01, 1.18067834e-04, 3.17924562e+00, 6.79739729e+01
1.21385926e-04, 5.27140387e-05, 9.99878629e-01, 1.21374913e-04, 9.38435361e-01, 1.21382279e-04, 3.17924230e+00, 6.79740844e+01
1.24793621e-04, 5.41937993e-05, 9.99875222e-01, 1.24781980e-04, 9.38431954e-01, 1.24789766e-04, 3.17923889e+00, 6.79741991e+01
1.28296980e-04, 5.57150964e-05, 9.99871719e-01, 1.28284677e-04, 9.38428451e-01, 1.28292906e-04, 3.17923539e+00, 6.79743170e+01
1.31898690e-04, 5.72790956e-05, 9.99868119e-01, 1.31885686e-04, 9.38424850e-01, 1.31894384e-04, 3.17923179e+00, 6.79744382e+01
1.35601511e-04, 5.88869955e-05, 9.99864417e-01, 1.35587767e-04, 9.38421148e-01, 1.35596960e-04, 3.17922809e+00, 6.79745628e+01
1.39408283e-04, 6.05400281e-05, 9.99860611e-01, 1.39393756e-04, 9.38417342e-01, 1.39403472e-04, 3.17922428e+00, 6.79746909e+01
1.43321923e-04, 6.22394601e-05, 9.99856699e-01, 1.43306569e-04, 9.38413429e-01, 1.43316838e-04, 3.17922037e+00, 6.79748226e+01
1.47345431e-04, 6.39865937e-05, 9.99852676e-01, 1.47329204e-04, 9.38409406e-01, 1.47340057e-04, 0.00000000e+00, 6.79749580e+01
1.51481892e-04, 6.57827676e-05, 9.99848541e-01, 1.51464741e-04, 9.38405271e-01, 1.51476213e-04, 3.17921221e+00, 6.79750972e+01
1.55734477e-04, 6.76293582e-05, 9.99844290e-01, 1.55716350e-04, 9.38401019e-01, 1.55728474e-04, 3.17920795e+00, 6.79752403e+01
1.60106446e-04, 6.95277803e-05, 9.99839919e-01, 1.60087287e-04, 9.38396648e-01, 1.60100102e-04, 3.17920358e+00, 6.79753875e+01
1.64601150e-04, 7.14794886e-05, 9.99835426e-01, 1.64580900e-04, 9.38392155e-01, 1.64594444e-04, 3.17919909e+00, 6.79755387e+01
1.69222035e-04, 7.34859785e-05, 9.99830807e-01, 1.69200632e-04, 9.38387535e-01, 1.69214948e-04, 3.17919447e+00, 6.79756942e+01
1.73972643e-04, 7.55487874e-05, 9.99826058e-01, 1.73950021e-04, 9.38382786e-01, 1.73965152e-04, 3.17918972e+00, 6.79758541e+01
1.78856616e-04, 7.76694958e-05, 9.99821175e-01, 1.78832707e-04, 9.38377903e-01, 1.78848698e-04, 3.17918483e+00, 6.79760185e+01
1.83877698e-04, 7.98497285e-05, 9.99816156e-01, 1.83852427e-04, 9.38372883e-01, 1.83869330e-04, 3.17917981e+00, 6.79761874e+01
1.89039738e-04, 8.20911560e-05, 9.99810996e-01, 1.89013028e-04, 9.38367723e-01, 1.89030893e-04, 3.17917465e+00, 6.79763612e+01
1.94346693e-04, 8.43954955e-05, 9.99805691e-01, 1.94318462e-04, 9.38362417e-01, 1.94337344e-04, 3.17916935e+00, 6.79765398e+01
1.99802631e-04, 8.67645125e-05, 9.99800237e-01, 1.99772793e-04, 9.38356963e-01, 1.99792750e-04, 3.17916389e+00, 6.79767234e+01
2.05411735e-04, 8.92000219e-05, 9.99794630e-01, 2.05380199e-04, 9.38351355e-01, 2.05401291e-04, 3.17915828e+00, 6.79769122e+01
2.11178304e-04, 9.17038897e-05, 9.99788866e-01, 2.11144973e-04, 9.38345591e-01, 2.11167266e-04, 3.17915252e+00, 6.79771063e+01
2.17106760e-04, 9.42780341e-05, 9.99782940e-01, 2.17071531e-04, 9.38339664e-01, 2.17095094e-04, 3.17914659e+00, 6.79773058e+01
2.23201647e-04, 9.69244272e-05, 9.99776848e-01, 2.23164412e-04, 9.38333571e-01, 2.23189316e-04, 3.17914049e+00, 6.79775109e+01
2.29467637e-04, 9.96450962e-05, 9.99770585e-01, 2.29428282e-04, 9.38327307e-01, 2.29454604e-04, 3.17913423e+00, 6.79777218e+01
2.35909533e-04, 1.02442125e-04, 9.99764146e-01, 2.35867938e-04, 9.38320868e-01, 2.35895758e-04, 3.17912779e+00, 6.79779386e+01
2.42532274e-04, 1.05317657e-04, 9.99757527e-01, 2.42488311e-04, 9.38314247e-01, 2.42517715e-04, 3.17912117e+00, 6.79781615e+01
2.49340937e-04, 1.08273895e-04, 9.99750721e-01, 2.49294471e-04, 9.38307441e-01, 2.49325549e-04, 3.17911436e+00, 6.79783907e+01
2.56340741e-04, 1.11313103e-04, 9.99743725e-01, 2.56291630e-04, 9.38300444e-01, 2.56324477e-04, 3.17910736e+00, 6.79786263e+01
2.63537052e-04, 1.14437609e-04, 9.99736532e-01, 2.63485145e-04, 9.38293250e-01, 2.63519862e-04, 3.17910016e+00, 6.79788685e+01
2.70935387e-04, 1.17649806e-04, 9.99729138e-01, 2.70880525e-04, 9.38285855e-01, 2.70917218e-04, 3.17909277e+00, 6.79791175e+01
2.78541416e-04, 1.20952156e-04, 9.99721536e-01, 2.78483431e-04, 9.38278252e-01, 2.78522213e-04, 3.17908516e+00, 6.79793735e+01
2.86360972e-04, 1.24347187e-04, 9.99713721e-01, 2.86299686e-04, 9.38270436e-01, 2.86340675e-04, 3.17907734e+00, 6.79796367e+01
2.94400048e-04, 1.27837499e-04, 9.99705687e-01, 2.94335272e-04, 9.38262400e-01, 2.94378595e-04, 3.17906930e+00, 6.79799073e+01
3.02664806e-04, 1.31425767e-04, 9.99697427e-01, 3.02596343e-04, 9.38254139e-01, 3.02642132e-04, 3.17906104e+00, 6.79801855e+01
3.11161583e-04, 1.35114738e-04, 9.99688935e-01, 3.11089222e-04, 9.38245646e-01, 3.11137618e-04, 3.17905255e+00, 6.79804715e+01
3.19896892e-04, 1.38907238e-04, 9.99680205e-01, 3.19820412e-04, 9.38236915e-01, 3.19871562e-04, 3.17904381e+00, 6.79807656e+01
3.28877429e-04, 1.42806171e-04, 9.99671231e-01, 3.28796595e-04, 9.38227939e-01, 3.28850657e-04, 3.17903483e+00, 6.79810679e+01
3.38110078e-04, 1.46814523e-04, 9.99662004e-01, 3.38024643e-04, 9.38218711e-01, 3.38081783e-04, 3.17902560e+00, 6.79813787e+01
3.47601918e-04, 1.50935364e-04, 9.99652519e-01, 3.47511619e-04, 9.38209224e-01, 3.47572012e-04, 3.17901611e+00, 6.79816982e+01
3.57360225e-04, 1.55171849e-04, 9.99642767e-01, 3.57264785e-04, 9.38199471e-01, 3.57328615e-04, 3.17900635e+00, 6.79820267e+01
3.67392478e-04, 1.59527223e-04, 9.99632742e-01, 3.67291605e-04, 9.38189444e-01, 3.67359069e-04, 3.17899632e+00, 6.79823644e+01
3.77706369e-04, 1.64004821e-04, 9.99622436e-01, 3.77599754e-04, 9.38179136e-01, 3.77671058e-04, 3.17898601e+00, 6.79827116e+01
3.88309805e-04, 1.68608072e-04, 9.99611841e-01, 3.88197120e-04, 9.38168538e-01, 3.88272483e-04, 3.17897541e+00, 6.79830686e+01
3.99210913e-04, 1.73340499e-04, 9.99600948e-01, 3.99091813e-04, 9.38157644e-01, 3.99171466e-04, 3.17896451e+00, 6.79834355e+01
4.10418050e-04, 1.78205728e-04, 9.99589750e-01, 4.10292171e-04, 9.38146443e-01, 4.10376358e-04, 3.17895331e+00, 6.79838128e+01
4.21939808e-04, 1.83207482e-04, 9.99578238e-01, 4.21806762e-04, 9.38134929e-01, 4.21895742e-04, 3.17894179e+00, 6.79842007e+01
4.33785019e-04, 1.88349591e-04, 9.99566403e-01, 4.33644399e-04, 9.38123091e-01, 4.33738443e-04, 3.17892994e+00, 6.79845995e+01
4.45962763e-04, 1.93635993e-04, 9.99554236e-01, 4.45814138e-04, 9.38110921e-01, 4.45913535e-04, 3.17891777e+00, 6.79850095e+01
4.58482375e-04, 1.99070734e-04, 9.99541728e-01, 4.58325290e-04, 9.38098410e-01, 4.58430345e-04, 3.17890525e+00, 6.79854310e+01
4.71353453e-04, 2.04657975e-04, 9.99528869e-01, 4.71187426e-04, 9.38085548e-01, 4.71298461e-04, 3.17889238e+00, 6.79858644e+01
4.84585864e-04, 2.10401992e-04, 9.99515649e-01, 4.84410386e-04, 9.38072325e-01, 4.84527741e-04, 3.17887916e+00, 6.79863099e+01
4.98189752e-04, 2.16307184e-04, 9.99502058e-01, 4.98004284e-04, 9.38058731e-01, 4.98128319e-04, 3.17886555e+00, 6.79867680e+01
5.12175544e-04, 2.22378069e-04, 9.99488087e-01, 5.11979519e-04, 9.38044756e-01, 5.12110613e-04, 3.17885157e+00, 6.79872389e+01
5.26553963e-04, 2.28619296e-04, 9.99473723e-01, 5.26346778e-04, 9.38030389e-01, 5.26485335e-04, 3.17883720e+00, 6.79877230e+01
5.41336030e-04, 2.35035640e-04, 9.99458957e-01, 5.41117052e-04, 9.38015619e-01, 5.41263495e-04, 3.17882242e+00, 6.79882208e+01
5.56533078e-04, 2.41632013e-04, 9.99443776e-01, 5.56301634e-04, 9.38000434e-01, 5.56456413e-04, 3.17880723e+00, 6.79887325e+01
5.72156756e-04, 2.48413463e-04, 9.99428170e-01, 5.71912137e-04, 9.37984823e-01, 5.72075725e-04, 3.17879161e+00, 6.79892586e+01
5.88219040e-04, 2.55385179e-04, 9.99412127e-01, 5.87960497e-04, 9.37968775e-01, 5.88133396e-04, 3.17877555e+00, 6.79897995e+01
6.04732245e-04, 2.62552498e-04, 9.99395633e-01, 6.04458984e-04, 9.37952277e-01, 6.04641725e-04, 3.17875904e+00, 6.79903556e+01
6.21709029e-04, 2.69920903e-04, 9.99378677e-01, 6.21420213e-04, 9.37935315e-01, 6.21613354e-04, 3.17874207e+00, 6.79909273e+01
6.39162405e-04, 2.77496033e-04, 9.99361246e-01, 6.38857149e-04, 9.37917878e-01, 6.39061283e-04, 3.17872462e+00, 6.79915151e+01
6.57105755e-04, 2.85283683e-04, 9.99343326e-01, 6.56783122e-04, 9.37899952e-01, 6.56998875e-04, 3.17870668e+00, 6.79921194e+01
6.75552832e-04, 2.93289812e-04, 9.99324903e-01, 6.75211834e-04, 9.37881524e-01, 6.75439866e-04, 3.17868824e+00, 6.79927406e+01
6.94517777e-04, 3.01520545e-04, 9.99305964e-01, 6.94157370e-04, 9.37862578e-01, 6.94398380e-04, 3.17866928e+00, 6.79933794e+01
7.14015130e-04, 3.09982178e-04, 9.99286494e-01, 7.13634208e-04, 9.37843101e-01, 7.13888935e-04, 3.17864979e+00, 6.79940361e+01
7.34059837e-04, 3.18681185e-04, 9.99266479e-01, 7.33657231e-04, 9.37823078e-01, 7.33926456e-04, 3.17862976e+00, 6.79947112e+01
7.54667263e-04, 3.27624220e-04, 9.99245902e-01, 7.54241741e-04, 9.37802494e-01, 7.54526288e-04, 3.17860916e+00, 6.79954053e+01
7.75853206e-04, 3.36818122e-04, 9.99224748e-01, 7.75403463e-04, 9.37781332e-01, 7.75704204e-04, 3.17858798e+00, 6.79961189e+01
7.97633907e-04, 3.46269924e-04, 9.99203002e-01, 7.97158564e-04, 9.37759577e-01, 7.97476421e-04, 3.17856621e+00, 6.79968526e+01
8.20026062e-04, 3.55986854e-04, 9.99180646e-01, 8.19523662e-04, 9.37737212e-01, 8.19859609e-04, 3.17854382e+00, 6.79976069e+01
8.43046837e-04, 3.65976343e-04, 9.99157663e-01, 8.42515841e-04, 9.37714220e-01, 8.42870907e-04, 3.17852081e+00, 6.79983824e+01
8.66713880e-04, 3.76246030e-04, 9.99134037e-01, 8.66152660e-04, 9.37690583e-01, 8.66527932e-04, 3.17849715e+00, 6.79991797e+01
8.91045332e-04, 3.86803767e-04, 9.99109748e-01, 8.90452168e-04, 9.37666283e-01, 8.90848797e-04, 3.17847283e+00, 6.79999995e+01
9.16059848e-04, 3.97657626e-04, 9.99084779e-01, 9.15432921e-04, 9.37641303e-01, 9.15852121e-04, 3.17844783e+00, 6.80008422e+01
9.41776601e-04, 4.08815904e-04, 9.99059110e-01, 9.41113991e-04, 9.37615622e-01, 9.41557047e-04, 3.17842213e+00, 6.80017087e+01
9.68215306e-04, 4.20287133e-04, 9.99032721e-01, 9.67514982e-04, 9.37589221e-01, 9.67983251e-04, 3.17839570e+00, 6.80025995e+01
9.95396231e-04, 4.32080081e-04, 9.99005594e-01, 9.94656047e-04, 9.37562080e-01, 9.95150963e-04, 3.17836853e+00, 6.80035153e+01
1.02334021e-03, 4.44203760e-04, 9.98977706e-01, 1.02255790e-03, 9.37534178e-01, 1.02308098e-03, 3.17834060e+00, 6.80044569e+01
1.05206867e-03, 4.56667438e-04, 9.98949037e-01, 1.05124183e-03, 9.37505494e-01, 1.05179468e-03, 3.17831189e+00, 6.80054250e+01
1.08160363e-03, 4.69480638e-04, 9.98919565e-01, 1.08072973e-03, 9.37476006e-01, 1.08131403e-03, 3.17828237e+00, 6.80064203e+01
1.11196773e-03, 4.82653152e-04, 9.98889267e-01, 1.11104409e-03, 9.37445691e-01, 1.11166165e-03, 3.17825202e+00, 6.80074436e+01
1.14318425e-03, 4.96195044e-04, 9.98858121e-01, 1.14220805e-03, 9.37414528e-01, 1.14286074e-03, 3.17822082e+00, 6.80084957e+01
1.17527712e-03, 5.10116661e-04, 9.98826103e-01, 1.17424535e-03, 9.37382490e-01, 1.17493518e-03, 3.17818875e+00, 6.80095773e+01
1.20827094e-03, 5.24428638e-04, 9.98793187e-01, 1.20718045e-03, 9.37349555e-01, 1.20790953e-03, 3.17815577e+00, 6.80106894e+01
1.24219100e-03, 5.39141905e-04, 9.98759350e-01, 1.24103845e-03, 9.37315697e-01, 1.24180901e-03, 3.17812187e+00, 6.80118328e+01
1.27706330e-03, 5.54267703e-04, 9.98724566e-01, 1.27584516e-03, 9.37280890e-01, 1.27665957e-03, 3.17808702e+00, 6.80130083e+01
1.31291459e-03, 5.69817580e-04, 9.98688807e-01, 1.31162712e-03, 9.37245108e-01, 1.31248786e-03, 3.17805119e+00, 6.80142168e+01
1.34977233e-03, 5.85803413e-04, 9.98652047e-01, 1.34841159e-03, 9.37208324e-01, 1.34932131e-03, 3.17801436e+00, 6.80154594e+01
1.38766479e-03, 6.02237406e-04, 9.98614258e-01, 1.38622661e-03, 9.37170509e-01, 1.38718809e-03, 3.17797649e+00, 6.80167369e+01
1.42662102e-03, 6.19132106e-04, 9.98575411e-01, 1.42510099e-03, 9.37131635e-01, 1.42611717e-03, 3.17793757e+00, 6.80180504e+01
1.46667087e-03, 6.36500410e-04, 9.98535477e-01, 1.46506434e-03, 9.37091671e-01, 1.46613833e-03, 3.17789754e+00, 6.80194008e+01
1.50784505e-03, 6.54355573e-04, 9.98494425e-01, 1.50614709e-03, 9.37050588e-01, 1.50728219e-03, 3.17785640e+00, 6.80207892e+01
1.55017512e-03, 6.72711224e-04, 9.98452224e-01, 1.54838054e-03, 9.37008355e-01, 1.54958021e-03, 3.17781410e+00, 6.80222167e+01
1.59369353e-03, 6.91581368e-04, 9.98408842e-01, 1.59179683e-03, 9.36964939e-01, 1.59306474e-03, 0.00000000e+00, 6.80236844e+01
1.63843365e-03, 7.10980403e-04, 9.98364246e-01, 1.63642901e-03, 9.36920307e-01, 1.63776905e-03, 3.17772591e+00, 6.80251933e+01
1.68442976e-03, 7.30923128e-04, 9.98318403e-01, 1.68231105e-03, 9.36874425e-01, 1.68372732e-03, 3.17767996e+00, 6.80267447e+01
1.73171713e-03, 7.51424755e-04, 9.98271277e-01, 1.72947786e-03, 9.36827258e-01, 1.73097470e-03, 3.17763271e+00, 6.80283398e+01
1.78033202e-03, 7.72500920e-04, 9.98222832e-01, 1.77796532e-03, 9.36778770e-01, 1.77954731e-03, 3.17758414e+00, 6.80299798e+01
1.83031168e-03, 7.94167695e-04, 9.98173032e-01, 1.82781031e-03, 9.36728925e-01, 1.82948228e-03, 3.17753420e+00, 6.80316659e+01
1.88169442e-03, 8.16441599e-04, 9.98121840e-01, 1.87905073e-03, 9.36677685e-01, 1.88081780e-03, 3.17748287e+00, 6.80333995e+01
1.93451965e-03, 8.39339613e-04, 9.98069215e-01, 1.93172553e-03, 9.36625010e-01, 1.93359311e-03, 3.17743009e+00, 6.80351819e+01
1.98882786e-03, 8.62879189e-04, 9.98015120e-01, 1.98587475e-03, 9.36570861e-01, 1.98784855e-03, 3.17737583e+00, 6.80370145e+01
2.04466067e-03, 8.87078267e-04, 9.97959511e-01, 2.04153953e-03, 9.36515196e-01, 2.04362560e-03, 3.17732006e+00, 6.80388987e+01
2.10206088e-03, 9.11955285e-04, 9.97902349e-01, 2.09876216e-03, 9.36457973e-01, 2.10096687e-03, 3.17726272e+00, 6.80408360e+01
2.16107251e-03, 9.37529196e-04, 9.97843588e-01, 2.15758610e-03, 9.36399149e-01, 2.15991620e-03, 3.17720377e+00, 6.80428278e+01
2.22174078e-03, 9.63819479e-04, 9.97783184e-01, 2.21805601e-03, 9.36338680e-01, 2.22051862e-03, 3.17714316e+00, 6.80448758e+01
2.28411221e-03, 9.90846156e-04, 9.97721093e-01, 2.28021780e-03, 9.36276518e-01, 2.28282045e-03, 3.17708086e+00, 6.80469814e+01
2.34823460e-03, 1.01862981e-03, 9.97657267e-01, 2.34411863e-03, 9.36212617e-01, 2.34686929e-03, 3.17701681e+00, 6.80491463e+01
2.41415712e-03, 1.04719158e-03, 9.97591657e-01, 2.40980698e-03, 9.36146929e-01, 2.41271405e-03, 3.17695097e+00, 6.80513722e+01
2.48193029e-03, 1.07655322e-03, 9.97524214e-01, 2.47733266e-03, 9.36079403e-01, 2.48040505e-03, 3.17688328e+00, 6.80536609e+01
2.55160607e-03, 1.10673706e-03, 9.97454888e-01, 2.54674689e-03, 9.36009989e-01, 2.54999397e-03, 3.17681369e+00, 6.80560140e+01
2.62323788e-03, 1.13776607e-03, 9.97383625e-01, 2.61810227e-03, 9.35938633e-01, 2.62153398e-03, 3.17674215e+00, 6.80584334e+01
2.69688063e-03, 1.16966386e-03, 9.97310373e-01, 2.69145286e-03, 9.35865283e-01, 2.69507969e-03, 3.17666860e+00, 6.80609211e+01
2.77259076e-03, 1.20245468e-03, 9.97235075e-01, 2.76685423e-03, 9.35789881e-01, 2.77068726e-03, 3.17659300e+00, 6.80634788e+01
2.85042632e-03, 1.23616346e-03, 9.97157676e-01, 2.84436347e-03, 9.35712372e-01, 2.84841442e-03, 3.17651527e+00, 6.80661087e+01
2.93044698e-03, 1.27081583e-03, 9.97078115e-01, 2.92403926e-03, 9.35632696e-01, 2.92832050e-03, 3.17643536e+00, 6.80688127e+01
3.01271407e-03, 1.30643812e-03, 9.96996335e-01, 3.00594187e-03, 9.35550794e-01, 3.01046649e-03, 3.17635322e+00, 6.80715930e+01
3.09729067e-03, 1.34305740e-03, 9.96912273e-01, 3.09013326e-03, 9.35466602e-01, 3.09491509e-03, 3.17626877e+00, 6.80744517e+01
3.18424160e-03, 1.38070148e-03, 9.96825866e-01, 3.17667709e-03, 9.35380058e-01, 3.18173074e-03, 3.17618195e+00, 6.80773910e+01
3.27363353e-03, 1.41939895e-03, 9.96737048e-01, 3.26563877e-03, 9.35291097e-01, 3.27097967e-03, 3.17609270e+00, 6.80804132e+01
3.36553498e-03, 1.45917918e-03, 9.96645754e-01, 3.35708552e-03, 9.35199650e-01, 3.36272998e-03, 3.17600095e+00, 6.80835207e+01
3.46001639e-03, 1.50007238e-03, 9.96551914e-01, 3.45108638e-03, 9.35105649e-01, 3.45705164e-03, 3.17590663e+00, 6.80867158e+01
3.55715021e-03, 1.54210957e-03, 9.96455458e-01, 3.54771233e-03, 9.35009023e-01, 3.55401661e-03, 3.17580967e+00, 6.80900011e+01
3.65701088e-03, 1.58532264e-03, 9.96356314e-01, 3.64703626e-03, 9.34909699e-01, 3.65369882e-03, 3.17570998e+00, 6.80933792e+01
3.75967497e-03, 1.62974435e-03, 9.96254407e-01, 3.74913311e-03, 9.34807602e-01, 3.75617427e-03, 3.17560751e+00, 6.80968526e+01
3.86522116e-03, 1.67540839e-03, 9.96149661e-01, 3.85407982e-03, 9.34702656e-01, 3.86152109e-03, 3.17550216e+00, 6.81004241e+01
3.97373038e-03, 1.72234936e-03, 9.96041998e-01, 3.96195549e-03, 9.34594780e-01, 3.96981958e-03, 3.17539386e+00, 6.81040965e+01
4.08528580e-03, 1.77060283e-03, 9.95931336e-01, 4.07284136e-03, 9.34483894e-01, 4.08115226e-03, 3.17528253e+00, 6.81078725e+01
4.19997295e-03, 1.82020534e-03, 9.95817593e-01, 4.18682090e-03, 9.34369915e-01, 4.19560398e-03, 3.17516808e+00, 6.81117552e+01
4.31787973e-03, 1.87119444e-03, 9.95700684e-01, 4.30397988e-03, 9.34252756e-01, 4.31326192e-03, 3.17505042e+00, 6.81157476e+01
4.43909653e-03, 1.92360874e-03, 9.95580522e-01, 4.42440638e-03, 9.34132329e-01, 4.43421571e-03, 3.17492947e+00, 6.81198529e+01
4.56371628e-03, 1.97748788e-03, 9.95457017e-01, 4.54819093e-03, 9.34008545e-01, 4.55855746e-03, 3.17480513e+00, 6.81240741e+01
4.69183451e-03, 2.03287261e-03, 9.95330076e-01, 4.67542651e-03, 9.33881309e-01, 4.68638186e-03, 3.17467730e+00, 6.81284147e+01
4.82354943e-03, 2.08980480e-03, 9.95199606e-01, 4.80620864e-03, 9.33750527e-01, 4.81778621e-03, 3.17454590e+00, 6.81328780e+01
4.95896201e-03, 2.14832749e-03, 9.95065508e-01, 4.94063544e-03, 9.33616100e-01, 4.95287053e-03, 3.17441081e+00, 6.81374675e+01
5.09817606e-03, 2.20848488e-03, 9.94927683e-01, 5.07880771e-03, 9.33477928e-01, 5.09173761e-03, 3.17427195e+00, 6.81421868e+01
5.24129830e-03, 2.27032240e-03, 9.94786030e-01, 5.22082900e-03, 9.33335907e-01, 5.23449311e-03, 3.17412919e+00, 6.81470396e+01
5.38843844e-03, 2.33388671e-03, 9.94640441e-01, 5.36680567e-03, 9.33189930e-01, 5.38124562e-03, 3.17398244e+00, 6.81520297e+01
5.53970928e-03, 2.39922578e-03, 9.94490810e-01, 5.51684696e-03, 9.33039889e-01, 5.53210675e-03, 3.17383158e+00, 6.81571611e+01
5.69522678e-03, 2.46638889e-03, 9.94337025e-01, 5.67106508e-03, 9.32885671e-01, 5.68719119e-03, 3.17367649e+00, 6.81624377e+01
5.85511016e-03, 2.53542665e-03, 9.94178973e-01, 5.82957530e-03, 9.32727160e-01, 5.84661683e-03, 3.17351707e+00, 6.81678637e+01
6.01948197e-03, 2.60639109e-03, 9.94016535e-01, 5.99249600e-03, 9.32564240e-01, 6.01050484e-03, 3.17335318e+00, 6.81734435e+01
6.18846824e-03, 2.67933564e-03, 9.93849593e-01, 6.15994876e-03, 9.32396787e-01, 6.17897972e-03, 3.17318470e+00, 6.81791812e+01
6.36219849e-03, 2.75431521e-03, 9.93678023e-01, 6.33205845e-03, 9.32224677e-01, 6.35216946e-03, 3.17301151e+00, 6.81850816e+01
6.54080591e-03, 2.83138620e-03, 9.93501698e-01, 6.50895332e-03, 9.32047782e-01, 6.53020557e-03, 3.17283348e+00, 6.81911492e+01
6.72442742e-03, 2.91060657e-03, 9.93320488e-01, 6.69076507e-03, 9.31865971e-01, 6.71322320e-03, 3.17265046e+00, 6.81973888e+01
6.91320378e-03, 2.99203585e-03, 9.93134260e-01, 6.87762896e-03, 9.31679107e-01, 6.90136128e-03, 3.17246232e+00, 6.82038053e+01
7.10727970e-03, 3.07573520e-03, 9.92942877e-01, 7.06968387e-03, 9.31487052e-01, 7.09476254e-03, 3.17226892e+00, 6.82104039e+01
7.30680395e-03, 3.16176744e-03, 9.92746198e-01, 7.26707243e-03, 9.31289663e-01, 7.29357369e-03, 3.17207011e+00, 6.82171897e+01
7.51192949e-03, 3.25019713e-03, 9.92544079e-01, 7.46994111e-03, 9.31086794e-01, 7.49794550e-03, 3.17186574e+00, 6.82241681e+01
7.72281357e-03, 3.34109055e-03, 9.92336371e-01, 7.67844028e-03, 9.30878295e-01, 7.70803288e-03, 3.17165565e+00, 6.82313446e+01
7.93961785e-03, 3.43451582e-03, 9.92122923e-01, 7.89272435e-03, 9.30664011e-01, 7.92399506e-03, 3.17143969e+00, 6.82387249e+01
8.16250851e-03, 3.53054289e-03, 9.91903579e-01, 8.11295186e-03, 9.30443784e-01, 8.14599563e-03, 3.17121769e+00, 6.82463149e+01
8.39165644e-03, 3.62924361e-03, 9.91678177e-01, 8.33928559e-03, 9.30217450e-01, 8.37420274e-03, 3.17098948e+00, 6.82541206e+01
8.62723729e-03, 3.73069181e-03, 9.91446555e-01, 8.57189264e-03, 9.29984843e-01, 8.60878915e-03, 3.17075489e+00, 6.82621482e+01
8.86943166e-03, 3.83496328e-03, 9.91208544e-01, 8.81094458e-03, 9.29745791e-01, 8.84993239e-03, 3.17051375e+00, 6.82704041e+01
9.11842520e-03, 3.94213590e-03, 9.90963969e-01, 9.05661752e-03, 9.29500118e-01, 9.09781489e-03, 3.17026587e+00, 6.82788948e+01
9.37440879e-03, 4.05228964e-03, 9.90712655e-01, 9.30909226e-03, 9.29247643e-01, 9.35262411e-03, 3.17001106e+00, 6.82876272e+01
9.63757866e-03, 4.16550662e-03, 9.90454418e-01, 9.56855438e-03, 9.28988181e-01, 9.61455268e-03, 3.16974913e+00, 6.82966082e+01
9.90813657e-03, 4.28187121e-03, 9.90189071e-01, 9.83519438e-03, 9.28721541e-01, 9.88379852e-03, 3.16947988e+00, 6.83058449e+01
1.01862899e-02, 4.40147004e-03, 9.89916424e-01, 1.01092078e-02, 9.28447528e-01, 1.01605650e-02, 3.16920312e+00, 6.83153448e+01
1.04722519e-02, 4.52439206e-03, 9.89636280e-01, 1.03907953e-02, 9.28165940e-01, 1.04450611e-02, 3.16891862e+00, 6.83251155e+01
1.07662418e-02, 4.65072864e-03, 9.89348436e-01, 1.06801628e-02, 9.27876573e-01, 1.07375014e-02, 3.16862618e+00, 6.83351648e+01
1.10684849e-02, 4.78057359e-03, 9.89052685e-01, 1.09775217e-02, 9.27579214e-01, 1.10381067e-02, 3.16832558e+00, 6.83455007e+01
1.13792129e-02, 4.91402325e-03, 9.88748817e-01, 1.12830889e-02, 9.27273647e-01, 1.13471035e-02, 3.16801658e+00, 6.83561317e+01
1.16986641e-02, 5.05117654e-03, 9.88436612e-01, 1.15970870e-02, 9.26959649e-01, 1.16647248e-02, 3.16769896e+00, 6.83670661e+01
1.20270833e-02, 5.19213502e-03, 9.88115848e-01, 1.19197443e-02, 9.26636991e-01, 1.19912098e-02, 3.16737247e+00, 6.83783129e+01
1.23647224e-02, 5.33700299e-03, 9.87786297e-01, 1.22512952e-02, 9.26305440e-01, 1.23268042e-02, 3.16703688e+00, 6.83898811e+01
1.27118400e-02, 5.48588750e-03, 9.87447723e-01, 1.25919800e-02, 9.25964756e-01, 1.26717607e-02, 3.16669192e+00, 6.84017801e+01
1.30687023e-02, 5.63889849e-03, 9.87099885e-01, 1.29420455e-02, 9.25614690e-01, 1.30263386e-02, 3.16633734e+00, 6.84140195e+01
1.34355829e-02, 5.79614881e-03, 9.86742539e-01, 1.33017447e-02, 9.25254991e-01, 1.33908046e-02, 3.16597288e+00, 6.84266091e+01
1.38127630e-02, 5.95775431e-03, 9.86375430e-01, 1.36713371e-02, 9.24885398e-01, 1.37654324e-02, 3.16559825e+00, 6.84395593e+01
1.42005318e-02, 6.12383394e-03, 9.85998300e-01, 1.40510889e-02, 9.24505647e-01, 1.41505032e-02, 3.16521318e+00, 6.84528806e+01
1.45991865e-02, 6.29450978e-03, 9.85610883e-01, 1.44412732e-02, 9.24115462e-01, 1.45463061e-02, 3.16481738e+00, 6.84665837e+01
1.50090328e-02, 6.46990713e-03, 9.85212907e-01, 1.48421701e-02, 9.23714565e-01, 1.49531379e-02, 3.16441054e+00, 6.84806799e+01
1.54303847e-02, 6.65015464e-03, 9.84804094e-01, 1.52540667e-02, 9.23302669e-01, 1.53713034e-02, 3.16399238e+00, 6.84951807e+01
1.58635653e-02, 6.83538432e-03, 9.84384158e-01, 1.56772575e-02, 9.22879478e-01, 1.58011159e-02, 3.16356257e+00, 6.85100979e+01
1.63089068e-02, 7.02573168e-03, 9.83952805e-01, 1.61120445e-02, 9.22444691e-01, 1.62428970e-02, 3.16312079e+00, 6.85254437e+01
1.67667503e-02, 7.22133576e-03, 9.83509738e-01, 1.65587374e-02, 9.21997998e-01, 1.66969772e-02, 3.16266671e+00, 6.85412308e+01
1.72374471e-02, 7.42233928e-03, 9.83054648e-01, 1.70176535e-02, 9.21539082e-01, 1.71636958e-02, 3.16219999e+00, 6.85574721e+01
1.77213578e-02, 7.62888867e-03, 9.82587220e-01, 1.74891182e-02, 9.21067617e-01, 1.76434014e-02, 3.16172028e+00, 6.85741810e+01
1.82188534e-02, 7.84113421e-03, 9.82107134e-01, 1.79734650e-02, 9.20583271e-01, 1.81364520e-02, 3.16122723e+00, 6.85913714e+01
1.87303154e-02, 8.05923009e-03, 9.81614059e-01, 1.84710359e-02, 9.20085700e-01, 1.86432153e-02, 3.16072047e+00, 6.86090573e+01
1.92561357e-02, 8.28333450e-03, 9.81107658e-01, 1.89821812e-02, 9.19574554e-01, 1.91640688e-02, 3.16019961e+00, 6.86272535e+01
1.97967175e-02, 8.51360975e-03, 9.80587585e-01, 1.95072599e-02, 9.19049476e-01, 1.96994004e-02, 3.15966428e+00, 6.86459751e+01
2.03524752e-02, 8.75022235e-03, 9.80053486e-01, 2.00466398e-02, 9.18510096e-01, 2.02496082e-02, 3.15911407e+00, 6.86652376e+01
2.09238348e-02, 8.99334311e-03, 9.79504999e-01, 2.06006981e-02, 9.17956037e-01, 2.08151012e-02, 3.15854858e+00, 6.86850571e+01
2.15112343e-02, 9.24314725e-03, 9.78941755e-01, 2.11698207e-02, 9.17386915e-01, 2.13962992e-02, 3.15796738e+00, 6.87054502e+01
2.21151240e-02, 9.49981449e-03, 9.78363373e-01, 2.17544034e-02, 9.16802332e-01, 2.19936334e-02, 3.15737005e+00, 6.87264339e+01
2.27359668e-02, 9.76352916e-03, 9.77769466e-01, 2.23548512e-02, 9.16201884e-01, 2.26075465e-02, 3.15675614e+00, 6.87480259e+01
2.33742387e-02, 1.00344803e-02, 9.77159637e-01, 2.29715791e-02, 9.15585157e-01, 2.32384931e-02, 3.15612519e+00, 6.87702444e+01
2.40304289e-02, 1.03128618e-02, 9.76533482e-01, 2.36050120e-02, 9.14951724e-01, 2.38869398e-02, 3.15547674e+00, 6.87931079e+01
2.47050406e-02, 1.05988725e-02, 9.75890584e-01, 2.42555850e-02, 9.14301151e-01, 2.45533658e-02, 3.15481032e+00, 6.88166360e+01
2.53985907e-02, 1.08927162e-02, 9.75230519e-01, 2.49237435e-02, 9.13632992e-01, 2.52382629e-02, 3.15412542e+00, 6.88408485e+01
2.61116110e-02, 1.11946019e-02, 9.74552855e-01, 2.56099436e-02, 9.12946792e-01, 2.59421360e-02, 3.15342155e+00, 6.88657660e+01
2.68446481e-02, 1.15047439e-02, 9.73857148e-01, 2.63146518e-02, 9.12242084e-01, 2.66655035e-02, 3.15269818e+00, 6.88914097e+01
2.75982639e-02, 1.18233619e-02, 9.73142944e-01, 2.70383458e-02, 9.11518390e-01, 2.74088975e-02, 3.15195479e+00, 6.89178015e+01
2.83730362e-02, 1.21506810e-02, 9.72409782e-01, 2.77815144e-02, 9.10775221e-01, 2.81728641e-02, 3.15119082e+00, 6.89449641e+01
2.91695588e-02, 1.24869320e-02, 9.71657189e-01, 2.85446575e-02, 9.10012078e-01, 2.89579638e-02, 3.15040572e+00, 6.89729207e+01
2.99884423e-02, 1.28323514e-02, 9.70884681e-01, 2.93282867e-02, 9.09228449e-01, 2.97647718e-02, 3.14959891e+00, 6.90016955e+01
3.08303146e-02, 1.31871818e-02, 9.70091766e-01, 3.01329251e-02, 9.08423810e-01, 3.05938787e-02, 3.14876980e+00, 6.90313133e+01
3.16958209e-02, 1.35516713e-02, 9.69277940e-01, 3.09591078e-02, 9.07597628e-01, 3.14458904e-02, 3.14791779e+00, 6.90617998e+01
3.25856248e-02, 1.39260747e-02, 9.68442690e-01, 3.18073818e-02, 9.06749354e-01, 3.23214284e-02, 3.14704225e+00, 6.90931814e+01
3.35004083e-02, 1.43106525e-02, 9.67585491e-01, 3.26783064e-02, 9.05878429e-01, 3.32211310e-02, 3.14614255e+00, 6.91254855e+01
3.44408728e-02, 1.47056720e-02, 9.66705808e-01, 3.35724534e-02, 9.04984282e-01, 3.41456525e-02, 3.14521803e+00, 6.91587404e+01
3.54077391e-02, 1.51114068e-02, 9.65803096e-01, 3.44904068e-02, 9.04066329e-01, 3.50956647e-02, 3.14426802e+00, 6.91929753e+01
3.64017485e-02, 1.55281370e-02, 9.64876798e-01, 3.54327637e-02, 9.03123972e-01, 3.60718566e-02, 3.14329183e+00, 6.92282203e+01
3.74236629e-02, 1.59561497e-02, 9.63926345e-01, 3.64001339e-02, 9.02156602e-01, 3.70749350e-02, 3.14228875e+00, 6.92645065e+01
3.84742658e-02, 1.63957388e-02, 9.62951161e-01, 3.73931404e-02, 9.01163595e-01, 3.81056249e-02, 3.14125806e+00, 6.93018661e+01
3.95543624e-02, 1.68472053e-02, 9.61950655e-01, 3.84124193e-02, 9.00144316e-01, 3.91646701e-02, 3.14019901e+00, 6.93403324e+01
4.06647809e-02, 1.73108570e-02, 9.60924227e-01, 3.94586201e-02, 8.99098116e-01, 4.02528334e-02, 3.13911085e+00, 6.93799397e+01
4.18063724e-02, 1.77870096e-02, 9.59871264e-01, 4.05324057e-02, 8.98024330e-01, 4.13708970e-02, 3.13799279e+00, 6.94207234e+01
4.29800121e-02, 1.82759856e-02, 9.58791145e-01, 4.16344527e-02, 8.96922283e-01, 4.25196631e-02, 3.13684402e+00, 6.94627203e+01
4.41865996e-02, 1.87781154e-02, 9.57683234e-01, 4.27654514e-02, 8.95791284e-01, 4.36999543e-02, 3.13566373e+00, 6.95059683e+01
4.54270599e-02, 1.92937372e-02, 9.56546887e-01, 4.39261062e-02, 8.94630629e-01, 4.49126141e-02, 3.13445107e+00, 6.95505066e+01
4.67023439e-02, 1.98231967e-02, 9.55381447e-01, 4.51171351e-02, 8.93439601e-01, 4.61585071e-02, 3.13320518e+00, 6.95963757e+01
4.80134292e-02, 2.03668477e-02, 9.54186246e-01, 4.63392703e-02, 8.92217465e-01, 4.74385199e-02, 3.13192516e+00, 6.96436175e+01
4.93613210e-02, 2.09250522e-02, 9.52960606e-01, 4.75932584e-02, 8.90963477e-01, 4.87535610e-02, 3.13061012e+00, 6.96922755e+01
5.07470524e-02, 2.14981804e-02, 9.51703836e-01, 4.88798597e-02, 8.89676876e-01, 5.01045619e-02, 3.12925912e+00, 6.97423944e+01
5.21716858e-02, 2.20866106e-02, 9.50415235e-01, 5.01998493e-02, 8.88356886e-01, 5.14924769e-02, 3.12787121e+00, 6.97940206e+01
5.36363132e-02, 2.26907300e-02, 9.49094092e-01, 5.15540162e-02, 8.87002719e-01, 5.29182843e-02, 3.12644540e+00, 6.98472021e+01
5.51420574e-02, 2.33109341e-02, 9.47739684e-01, 5.29431639e-02, 8.85613572e-01, 5.43829862e-02, 3.12498070e+00, 6.99019886e+01
5.66900727e-02, 2.39476274e-02, 9.46351277e-01, 5.43681102e-02, 8.84188625e-01, 5.58876095e-02, 3.12347607e+00, 6.99584315e+01
5.82815458e-02, 2.46012230e-02, 9.44928128e-01, 5.58296872e-02, 8.82727048e-01, 5.74332060e-02, 3.12193048e+00, 7.00165839e+01
5.99176967e-02, 2.52721433e-02, 9.43469482e-01, 5.73287414e-02, 8.81227994e-01, 5.90208533e-02, 3.12034283e+00, 7.00765009e+01
6.15997796e-02, 2.59608197e-02, 9.41974574e-01, 5.88661334e-02, 8.79690602e-01, 6.06516547e-02, 3.11871203e+00, 7.01382395e+01
6.33290840e-02, 2.66676928e-02, 9.40442630e-01, 6.04427380e-02, 8.78113998e-01, 6.23267405e-02, 3.11703694e+00, 7.02018587e+01
6.51069356e-02, 2.73932126e-02, 9.38872865e-01, 6.20594441e-02, 8.76497291e-01, 6.40472676e-02, 3.11531642e+00, 7.02674197e+01
6.69346971e-02, 2.81378388e-02, 9.37264486e-01, 6.37171545e-02, 8.74839581e-01, 6.58144207e-02, 3.11354926e+00, 7.03349856e+01
6.88137699e-02, 2.89020403e-02, 9.35616689e-01, 6.54167858e-02, 8.73139950e-01, 6.76294124e-02, 3.11173427e+00, 7.04046222e+01
7.07455942e-02, 2.96862961e-02, 9.33928662e-01, 6.71592681e-02, 8.71397467e-01, 6.94934839e-02, 3.10987020e+00, 7.04763973e+01
7.27316511e-02, 3.04910947e-02, 9.32199585e-01, 6.89455452e-02, 8.69611190e-01, 7.14079051e-02, 3.10795578e+00, 7.05503813e+01
7.47734631e-02, 3.13169348e-02, 9.30428629e-01, 7.07765737e-02, 8.67780162e-01, 7.33739757e-02, 3.10598971e+00, 7.06266471e+01
7.68725952e-02, 3.21643250e-02, 9.28614958e-01, 7.26533233e-02, 8.65903412e-01, 7.53930252e-02, 3.10397066e+00, 7.07052704e+01
7.90306568e-02, 3.30337838e-02, 9.26757728e-01, 7.45767763e-02, 8.63979959e-01, 7.74664133e-02, 3.10189727e+00, 7.07863294e+01
8.12493021e-02, 3.39258402e-02, 9.24856088e-01, 7.65479269e-02, 8.62008809e-01, 7.95955308e-02, 3.09976815e+00, 7.08699055e+01
8.35302320e-02, 3.48410332e-02, 9.22909182e-01, 7.85677817e-02, 8.59988954e-01, 8.17817996e-02, 3.09758188e+00, 7.09560829e+01
8.58751948e-02, 3.57799125e-02, 9.20916146e-01, 8.06373581e-02, 8.57919377e-01, 8.40266734e-02, 3.09533701e+00, 7.10449490e+01
8.82859884e-02, 3.67430377e-02, 9.18876114e-01, 8.27576850e-02, 8.55799051e-01, 8.63316381e-02, 3.09303204e+00, 7.11365943e+01
9.07644607e-02, 3.77309793e-02, 9.16788212e-01, 8.49298013e-02, 8.53626934e-01, 8.86982120e-02, 3.09066547e+00, 7.12311128e+01
9.33125118e-02, 3.87443182e-02, 9.14651565e-01, 8.71547559e-02, 8.51401980e-01, 9.11279463e-02, 3.08823574e+00, 7.13286022e+01
9.59320948e-02, 3.97836456e-02, 9.12465293e-01, 8.94336072e-02, 8.49123128e-01, 9.36224258e-02, 3.08574126e+00, 7.14291635e+01
9.86252179e-02, 4.08495636e-02, 9.10228514e-01, 9.17674217e-02, 8.46789314e-01, 9.61832687e-02, 3.08318041e+00, 7.15329018e+01
1.01393946e-01, 4.19426849e-02, 9.07940346e-01, 9.41572742e-02, 8.44399461e-01, 9.88121271e-02, 3.08055156e+00, 7.16399262e+01
1.04240401e-01, 4.30636326e-02, 9.05599903e-01, 9.66042464e-02, 8.41952489e-01, 1.01510688e-01, 3.07785300e+00, 7.17503497e+01
1.07166765e-01, 4.42130406e-02, 9.03206303e-01, 9.91094262e-02, 8.39447309e-01, 1.04280671e-01, 3.07508301e+00, 7.18642899e+01
1.10175281e-01, 4.53915533e-02, 9.00758661e-01, 1.01673907e-01, 8.36882829e-01, 1.07123834e-01, 3.07223985e+00, 7.19818688e+01
1.13268257e-01, 4.65998259e-02, 8.98256098e-01, 1.04298787e-01, 8.34257949e-01, 1.10041967e-01, 3.06932172e+00, 7.21032132e+01
1.16448062e-01, 4.78385241e-02, 8.95697735e-01, 1.06985166e-01, 8.31571570e-01, 1.13036896e-01, 3.06632679e+00, 7.22284547e+01
1.19717134e-01, 4.91083240e-02, 8.93082699e-01, 1.09734149e-01, 8.28822587e-01, 1.16110482e-01, 3.06325320e+00, 7.23577300e+01
1.23077980e-01, 5.04099123e-02, 8.90410121e-01, 1.12546839e-01, 8.26009896e-01, 1.19264622e-01, 3.06009906e+00, 7.24911812e+01
1.26533176e-01, 5.17439860e-02, 8.87679139e-01, 1.15424342e-01, 8.23132394e-01, 1.22501249e-01, 3.05686243e+00, 7.26289561e+01
1.30085370e-01, 5.31112527e-02, 8.84888900e-01, 1.18367760e-01, 8.20188976e-01, 1.25822331e-01, 3.05354135e+00, 7.27712080e+01
1.33737286e-01, 5.45124297e-02, 8.82038557e-01, 1.21378193e-01, 8.17178542e-01, 1.29229870e-01, 3.05013381e+00, 7.29180966e+01
1.37491723e-01, 5.59482450e-02, 8.79127276e-01, 1.24456738e-01, 8.14099998e-01, 1.32725904e-01, 3.04663778e+00, 7.30697877e+01
1.41351558e-01, 5.74194362e-02, 8.76154234e-01, 1.27604484e-01, 8.10952252e-01, 1.36312509e-01, 3.04305117e+00, 7.32264537e+01
1.45319752e-01, 5.89267507e-02, 8.73118619e-01, 1.30822514e-01, 8.07734222e-01, 1.39991791e-01, 3.03937189e+00, 7.33882739e+01
1.49399346e-01, 6.04709458e-02, 8.70019635e-01, 1.34111901e-01, 8.04444834e-01, 1.43765894e-01, 3.03559779e+00, 7.35554350e+01
1.53593468e-01, 6.20527881e-02, 8.66856504e-01, 1.37473708e-01, 8.01083027e-01, 1.47636996e-01, 3.03172669e+00, 7.37281310e+01
1.57905331e-01, 6.36730536e-02, 8.63628462e-01, 1.40908984e-01, 7.97647751e-01, 1.51607307e-01, 3.02775638e+00, 7.39065636e+01
1.62338243e-01, 6.53325272e-02, 8.60334766e-01, 1.44418765e-01, 7.94137971e-01, 1.55679071e-01, 3.02368461e+00, 7.40909428e+01
1.66895601e-01, 6.70320026e-02, 8.56974693e-01, 1.48004067e-01, 7.90552669e-01, 1.59854566e-01, 3.01950912e+00, 7.42814873e+01
1.71580899e-01, 6.87722823e-02, 8.53547545e-01, 1.51665889e-01, 7.86890847e-01, 1.64136099e-01, 3.01522758e+00, 7.44784245e+01
1.76397728e-01, 7.05541769e-02, 8.50052645e-01, 1.55405209e-01, 7.83151527e-01, 1.68526010e-01, 3.01083767e+00, 7.46819909e+01
1.81349780e-01, 7.23785049e-02, 8.46489343e-01, 1.59222979e-01, 7.79333757e-01, 1.73026668e-01, 3.00633701e+00, 7.48924332e+01
1.86440853e-01, 7.42460926e-02, 8.42857018e-01, 1.63120128e-01, 7.75436608e-01, 1.77640472e-01, 3.00172321e+00, 7.51100077e+01
1.91674849e-01, 7.61577735e-02, 8.39155077e-01, 1.67097553e-01, 7.71459182e-01, 1.82369849e-01, 2.99699383e+00, 7.53349815e+01
1.97055780e-01, 7.81143880e-02, 8.35382959e-01, 1.71156123e-01, 7.67400613e-01, 1.87217249e-01, 2.99214643e+00, 7.55676328e+01
2.02587771e-01, 8.01167833e-02, 8.31540137e-01, 1.75296669e-01, 7.63260066e-01, 1.92185152e-01, 2.98717853e+00, 7.58082512e+01
2.08275063e-01, 8.21658124e-02, 8.27626118e-01, 1.79519989e-01, 7.59036747e-01, 1.97276059e-01, 2.98208762e+00, 7.60571382e+01
2.14122015e-01, 8.42623342e-02, 8.23640447e-01, 1.83826838e-01, 7.54729898e-01, 2.02492491e-01, 2.97687119e+00, 7.63146081e+01
2.20133111e-01, 8.64072127e-02, 8.19582709e-01, 1.88217930e-01, 7.50338805e-01, 2.07836991e-01, 2.97152669e+00, 7.65809880e+01
2.26312957e-01, 8.86013169e-02, 8.15452527e-01, 1.92693933e-01, 7.45862803e-01, 2.13312121e-01, 2.96605156e+00, 7.68566188e+01
2.32666291e-01, 9.08455198e-02, 8.11249571e-01, 1.97255465e-01, 7.41301271e-01, 2.18920456e-01, 2.96044323e+00, 7.71418557e+01
2.39197984e-01, 9.31406982e-02, 8.06973553e-01, 2.01903093e-01, 7.36653643e-01, 2.24664585e-01, 2.95469910e+00, 7.74370687e+01
2.45913043e-01, 9.54877322e-02, 8.02624233e-01, 2.06637326e-01, 7.31919409e-01, 2.30547109e-01, 2.94881657e+00, 7.77426433e+01
2.52816614e-01, 9.78875042e-02, 7.98201419e-01, 2.11458618e-01, 7.27098118e-01, 2.36570634e-01, 2.94279305e+00, 7.80589812e+01
2.59913992e-01, 1.00340899e-01, 7.93704972e-01, 2.16367357e-01, 7.22189379e-01, 2.42737775e-01, 2.93662591e+00, 7.83865011e+01
2.67210616e-01, 1.02848802e-01, 7.89134803e-01, 2.21363866e-01, 7.17192869e-01, 2.49051146e-01, 2.93031254e+00, 7.87256391e+01
2.74712079e-01, 1.05412101e-01, 7.84490880e-01, 2.26448401e-01, 7.12108335e-01, 2.55513359e-01, 2.92385032e+00, 7.90768499e+01
2.82424133e-01, 1.08031682e-01, 7.79773224e-01, 2.31621141e-01, 7.06935595e-01, 2.62127025e-01, 2.91723666e+00, 7.94406072e+01
2.90352688e-01, 1.10708431e-01, 7.74981917e-01, 2.36882192e-01, 7.01674544e-01, 2.68894741e-01, 2.91046894e+00, 7.98174048e+01
2.98503825e-01, 1.13443233e-01, 7.70117100e-01, 2.42231577e-01, 6.96325158e-01, 2.75819097e-01, 2.90354459e+00, 8.02077573e+01
3.06883789e-01, 1.16236971e-01, 7.65178976e-01, 2.47669239e-01, 6.90887497e-01, 2.82902661e-01, 2.89646102e+00, 8.06122011e+01
3.15499006e-01, 1.19090524e-01, 7.60167811e-01, 2.53195030e-01, 6.85361706e-01, 2.90147984e-01, 2.88921570e+00, 8.10312952e+01
3.24356081e-01, 1.22004770e-01, 7.55083934e-01, 2.58808712e-01, 6.79748023e-01, 2.97557588e-01, 2.88180609e+00, 8.14656220e+01
3.33461802e-01, 1.24980579e-01, 7.49927744e-01, 2.64509955e-01, 6.74046781e-01, 3.05133967e-01, 2.87422972e+00, 8.19157890e+01
3.42823149e-01, 1.28018820e-01, 7.44699703e-01, 2.70298328e-01, 6.68258407e-01, 3.12879578e-01, 2.86648410e+00, 8.23824287e+01
3.52447300e-01, 1.31120351e-01, 7.39400345e-01, 2.76173301e-01, 6.62383435e-01, 3.20796837e-01, 2.85856685e+00, 8.28662009e+01
3.62341632e-01, 1.34286029e-01, 7.34030273e-01, 2.82134238e-01, 6.56422498e-01, 3.28888114e-01, 2.85047557e+00, 8.33677927e+01
3.72513730e-01, 1.37516698e-01, 7.28590161e-01, 2.88180396e-01, 6.50376340e-01, 3.37155728e-01, 2.84220795e+00, 8.38879204e+01
3.82971391e-01, 1.40813196e-01, 7.23080757e-01, 2.94310921e-01, 6.44245815e-01, 3.45601939e-01, 2.83376174e+00, 8.44273305e+01
3.93722633e-01, 1.44176353e-01, 7.17502878e-01, 3.00524845e-01, 6.38031891e-01, 3.54228942e-01, 2.82513474e+00, 8.49868007e+01
4.04775697e-01, 1.47606985e-01, 7.11857418e-01, 3.06821084e-01, 6.31735652e-01, 3.63038864e-01, 2.81632482e+00, 8.55671414e+01
4.16139055e-01, 1.51105900e-01, 7.06145344e-01, 3.13198435e-01, 6.25358301e-01, 3.72033754e-01, 2.80732993e+00, 8.61691969e+01
4.27821420e-01, 1.54673893e-01, 7.00367697e-01, 3.19655572e-01, 6.18901163e-01, 3.81215579e-01, 2.79814810e+00, 8.67938469e+01
4.39831747e-01, 1.58311745e-01, 6.94525595e-01, 3.26191048e-01, 6.12365687e-01, 3.90586215e-01, 2.78877747e+00, 8.74420078e+01
4.52179242e-01, 1.62020224e-01, 6.88620228e-01, 3.32803289e-01, 6.05753447e-01, 4.00147441e-01, 2.77921624e+00, 8.81146341e+01
4.64873371e-01, 1.65800084e-01, 6.82652863e-01, 3.39490594e-01, 5.99066142e-01, 4.09900934e-01, 2.76946275e+00, 8.88127201e+01
4.77923865e-01, 1.69652062e-01, 6.76624841e-01, 3.46251134e-01, 5.92305602e-01, 4.19848258e-01, 2.75951542e+00, 8.95373013e+01
4.91340729e-01, 1.73576879e-01, 6.70537578e-01, 3.53082951e-01, 5.85473785e-01, 4.29990861e-01, 2.74937282e+00, 9.02894560e+01
5.05134247e-01, 1.77575238e-01, 6.64392563e-01, 3.59983957e-01, 5.78572779e-01, 4.40330065e-01, 2.73903362e+00, 9.10703072e+01
5.19314994e-01, 1.81647824e-01, 6.58191359e-01, 3.66951933e-01, 5.71604802e-01, 4.50867061e-01, 2.72849662e+00, 9.18810237e+01
5.33893840e-01, 1.85795303e-01, 6.51935600e-01, 3.73984533e-01, 5.64572202e-01, 4.61602900e-01, 2.71776078e+00, 9.27228229e+01
5.48881961e-01, 1.90018322e-01, 6.45626991e-01, 3.81079279e-01, 5.57477456e-01, 4.72538486e-01, 2.70682520e+00, 9.35969714e+01
5.64290847e-01, 1.94317504e-01, 6.39267309e-01, 3.88233566e-01, 5.50323169e-01, 4.83674572e-01, 2.69568911e+00, 9.45047881e+01
5.80132310e-01, 1.98693454e-01, 6.32858396e-01, 3.95444662e-01, 5.43112074e-01, 4.95011749e-01, 2.68435193e+00, 9.54476450e+01
5.96418495e-01, 2.03146750e-01, 6.26402164e-01, 4.02709709e-01, 5.35847027e-01, 5.06550443e-01, 2.67281324e+00, 9.64269704e+01
6.13161884e-01, 2.07677952e-01, 6.19900588e-01, 4.10025729e-01, 5.28531007e-01, 5.18290907e-01, 2.66107278e+00, 9.74442497e+01
6.30375315e-01, 2.12287591e-01, 6.13355704e-01, 4.17389623e-01, 5.21167113e-01, 5.30233213e-01, 2.64913047e+00, 9.85010289e+01
6.48071983e-01, 2.16976176e-01, 6.06769614e-01, 4.24798176e-01, 5.13758560e-01, 5.42377249e-01, 2.63698643e+00, 9.95989155e+01
6.66265452e-01, 2.21744190e-01, 6.00144472e-01, 4.32248061e-01, 5.06308674e-01, 5.54722714e-01, 2.62464097e+00, 1.00739582e+02
6.84969672e-01, 2.26592088e-01, 5.93482492e-01, 4.39735845e-01, 4.98820891e-01, 5.67269108e-01, 2.61209457e+00, 1.01924767e+02
7.04198979e-01, 2.31520301e-01, 5.86785940e-01, 4.47257989e-01, 4.91298747e-01, 5.80015734e-01, 2.59934795e+00, 1.03156280e+02
7.23968114e-01, 2.36529229e-01, 5.80057132e-01, 4.54810859e-01, 4.83745877e-01, 5.92961687e-01, 2.58640200e+00, 1.04436000e+02
7.44292233e-01, 2.41619247e-01, 5.73298431e-01, 4.62390729e-01, 4.76166007e-01, 6.06105856e-01, 2.57325783e+00, 1.05765882e+02
7.65186915e-01, 2.46790700e-01, 5.66512244e-01, 4.69993788e-01, 4.68562947e-01, 6.19446916e-01, 2.55991677e+00, 1.07147959e+02
7.86668179e-01, 2.52043903e-01, 5.59701019e-01, 4.77616148e-01, 4.60940587e-01, 6.32983328e-01, 2.54638035e+00, 1.08584342e+02
8.08752491e-01, 2.57379142e-01, 5.52867241e-01, 4.85253849e-01, 4.53302886e-01, 6.46713337e-01, 2.53265035e+00, 1.10077226e+02
8.31456781e-01, 2.62796674e-01, 5.46013431e-01, 4.92902868e-01, 4.45653867e-01, 6.60634969e-01, 2.51872871e+00, 1.11628892e+02
8.54798453e-01, 2.68296725e-01, 5.39142136e-01, 5.00559128e-01, 4.37997607e-01, 6.74746031e-01, 2.50461765e+00, 1.13241711e+02
8.78795401e-01, 2.73879488e-01, 5.32255933e-01, 5.08218505e-01, 4.30338230e-01, 6.89044111e-01, 2.49031957e+00, 1.14918146e+02
9.03466021e-01, 2.79545129e-01, 5.25357421e-01, 5.15876839e-01, 4.22679897e-01, 7.03526578e-01, 2.47583710e+00, 1.16660755e+02
9.28829225e-01, 2.85293778e-01, 5.18449216e-01, 5.23529939e-01, 4.15026797e-01, 7.18190585e-01, 2.46117310e+00, 1.18472198e+02
9.54904456e-01, 2.91125536e-01, 5.11533951e-01, 5.31173598e-01, 4.07383138e-01, 7.33033067e-01, 2.44633062e+00, 1.20355236e+02
9.81711702e-01, 2.97040474e-01, 5.04614268e-01, 5.38803597e-01, 3.99753138e-01, 7.48050749e-01, 2.43131293e+00, 1.22312738e+02
1.00927151e+00, 3.03038627e-01, 4.97692817e-01, 5.46415720e-01, 3.92141016e-01, 7.63240147e-01, 2.41612354e+00, 1.24347686e+02
1.03760502e+00, 3.09120002e-01, 4.90772250e-01, 5.54005759e-01, 3.84550977e-01, 7.78597569e-01, 2.40076611e+00, 1.26463175e+02
1.06673394e+00, 3.15284571e-01, 4.83855218e-01, 5.61569528e-01, 3.76987208e-01, 7.94119127e-01, 2.38524456e+00, 1.28662421e+02
1.09668060e+00, 3.21532276e-01, 4.76944367e-01, 5.69102868e-01, 3.69453867e-01, 8.09800735e-01, 2.36956295e+00, 1.30948765e+02
1.12746796e+00, 3.27863028e-01, 4.70042332e-01, 5.76601664e-01, 3.61955072e-01, 8.25638122e-01, 2.35372556e+00, 1.33325676e+02
1.15911962e+00, 3.34276704e-01, 4.63151736e-01, 5.84061847e-01, 3.54494889e-01, 8.41626834e-01, 2.33773685e+00, 1.35796761e+02
1.19165984e+00, 3.40773150e-01, 4.56275185e-01, 5.91479409e-01, 3.47077327e-01, 8.57762245e-01, 2.32160144e+00, 1.38365763e+02
1.22511358e+00, 3.47352184e-01, 4.49415262e-01, 5.98850410e-01, 3.39706326e-01, 8.74039560e-01, 2.30532412e+00, 1.41036572e+02
1.25950646e+00, 3.54013588e-01, 4.42574525e-01, 6.06170987e-01, 3.32385749e-01, 8.90453833e-01, 2.28890985e+00, 1.43813229e+02
1.29486487e+00, 3.60757118e-01, 4.35755505e-01, 6.13437364e-01, 3.25119372e-01, 9.06999964e-01, 2.27236372e+00, 1.46699933e+02
1.33121590e+00, 3.67582497e-01, 4.28960698e-01, 6.20645859e-01, 3.17910876e-01, 9.23672721e-01, 2.25569096e+00, 1.49701045e+02
1.36858742e+00, 3.74489419e-01, 4.22192565e-01, 6.27792895e-01, 3.10763840e-01, 9.40466739e-01, 2.23889694e+00, 1.52821098e+02
1.40700809e+00, 3.81477549e-01, 4.15453528e-01, 6.34875003e-01, 3.03681732e-01, 9.57376540e-01, 2.22198714e+00, 1.56064800e+02
1.44650734e+00, 3.88546523e-01, 4.08745964e-01, 6.41888833e-01, 2.96667903e-01, 9.74396535e-01, 2.20496715e+00, 1.59437045e+02
1.48711546e+00, 3.95695948e-01, 4.02072206e-01, 6.48831157e-01, 2.89725579e-01, 9.91521041e-01, 2.18784264e+00, 1.62942919e+02
1.52886359e+00, 4.02925403e-01, 3.95434536e-01, 6.55698880e-01, 2.82857856e-01, 1.00874429e+00, 2.17061939e+00, 1.66587708e+02
1.57178372e+00, 4.10234442e-01, 3.88835186e-01, 6.62489040e-01, 2.76067695e-01, 1.02606044e+00, 2.15330324e+00, 1.70376906e+02
1.61590875e+00, 4.17622591e-01, 3.82276331e-01, 6.69198818e-01, 2.69357917e-01, 1.04346359e+00, 2.13590009e+00, 1.74316225e+02
1.66127252e+00, 4.25089350e-01, 3.75760089e-01, 6.75825540e-01, 2.62731196e-01, 1.06094779e+00, 2.11841590e+00, 1.78411601e+02
1.70790980e+00, 4.32634194e-01, 3.69288519e-01, 6.82366677e-01, 2.56190059e-01, 1.07850702e+00, 2.10085666e+00, 1.82669210e+02
1.75585633e+00, 4.40256573e-01, 3.62863618e-01, 6.88819856e-01, 2.49736879e-01, 1.09613529e+00, 2.08322840e+00, 1.87095470e+02
1.80514888e+00, 4.47955916e-01, 3.56487318e-01, 6.95182857e-01, 2.43373879e-01, 1.11382653e+00, 2.06553716e+00, 1.91697056e+02
1.85582523e+00, 4.55731626e-01, 3.50161484e-01, 7.01453615e-01, 2.37103121e-01, 1.13157470e+00, 2.04778898e+00, 1.96480912e+02
1.90792422e+00, 4.63583085e-01, 3.43887915e-01, 7.07630224e-01, 2.30926512e-01, 1.14937376e+00, 2.02998993e+00, 2.01454260e+02
1.96148581e+00, 4.71509656e-01, 3.37668341e-01, 7.13710935e-01, 2.24845801e-01, 1.16721767e+00, 2.01214602e+00, 2.06624610e+02
2.01655104e+00, 4.79510678e-01, 3.31504419e-01, 7.19694159e-01, 2.18862577e-01, 1.18510042e+00, 1.99426326e+00, 2.11999779e+02
2.07316213e+00, 4.87585472e-01, 3.25397736e-01, 7.25578464e-01, 2.12978272e-01, 1.20301605e+00, 1.97634763e+00, 2.17587898e+02
2.13136247e+00, 4.95733342e-01, 3.19349807e-01, 7.31362574e-01, 2.07194162e-01, 1.22095861e+00, 1.95840507e+00, 2.23397427e+02
2.19119669e+00, 5.03953573e-01, 3.13362070e-01, 7.37045371e-01, 2.01511364e-01, 1.23892223e+00, 1.94044145e+00, 2.29437171e+02
2.25271064e+00, 5.12245431e-01, 3.07435893e-01, 7.42625889e-01, 1.95930846e-01, 1.25690108e+00, 1.92246260e+00, 2.35716292e+02
2.31595149e+00, 5.20608169e-01, 3.01572566e-01, 7.48103314e-01, 1.90453421e-01, 1.27488941e+00, 1.90447427e+00, 2.42244329e+02
2.38096772e+00, 5.29041024e-01, 2.95773306e-01, 7.53476981e-01, 1.85079755e-01, 1.29288155e+00, 1.88648213e+00, 2.49031208e+02
2.44780916e+00, 5.37543219e-01, 2.90039255e-01, 7.58746368e-01, 1.79810367e-01, 1.31087189e+00, 1.86849179e+00, 2.56087264e+02
2.51652705e+00, 5.46113963e-01, 2.84371479e-01, 7.63911099e-01, 1.74645637e-01, 1.32885493e+00, 1.85050875e+00, 2.63423255e+02
2.58717408e+00, 5.54752453e-01, 2.78770971e-01, 7.68970931e-01, 1.69585804e-01, 1.34682526e+00, 1.83253843e+00, 2.71050383e+02
2.65980440e+00, 5.63457874e-01, 2.73238647e-01, 7.73925759e-01, 1.64630976e-01, 1.36477756e+00, 1.81458612e+00, 2.78980311e+02
2.73447368e+00, 5.72229403e-01, 2.67775351e-01, 7.78775606e-01, 1.59781129e-01, 1.38270663e+00, 1.79665706e+00, 2.87225184e+02
2.81123917e+00, 5.81066203e-01, 2.62381854e-01, 7.83520619e-01, 1.55036116e-01, 1.40060737e+00, 1.77875631e+00, 2.95797649e+02
2.89015972e+00, 5.89967432e-01, 2.57058854e-01, 7.88161066e-01, 1.50395669e-01, 1.41847481e+00, 1.76088888e+00, 3.04710879e+02
2.97129582e+00, 5.98932239e-01, 2.51806978e-01, 7.92697330e-01, 1.45859406e-01, 1.43630407e+00, 1.74305961e+00, 3.13978590e+02
3.05470967e+00, 6.07959763e-01, 2.46626782e-01, 7.97129902e-01, 1.41426833e-01, 1.45409042e+00, 1.72527326e+00, 3.23615071e+02
3.14046522e+00, 6.17049141e-01, 2.41518754e-01, 8.01459381e-01, 1.37097354e-01, 1.47182925e+00, 1.70753443e+00, 3.33635205e+02
3.22862820e+00, 6.26199502e-01, 2.36483311e-01, 8.05686463e-01, 1.32870273e-01, 1.48951606e+00, 1.68984762e+00, 3.44054492e+02
3.31926620e+00, 6.35409971e-01, 2.31520808e-01, 8.09811938e-01, 1.28744797e-01, 1.50714650e+00, 1.67221718e+00, 3.54889083e+02
3.41244871e+00, 6.44679670e-01, 2.26631530e-01, 8.13836686e-01, 1.24720049e-01, 1.52471633e+00, 1.65464735e+00, 3.66155801e+02
3.50824714e+00, 6.54007716e-01, 2.21815701e-01, 8.17761670e-01, 1.20795066e-01, 1.54222146e+00, 1.63714222e+00, 3.77872170e+02
3.60673495e+00, 6.63393226e-01, 2.17073483e-01, 8.21587929e-01, 1.16968806e-01, 1.55965793e+00, 1.61970575e+00, 3.90056451e+02
3.70798763e+00, 6.72835313e-01, 2.12404976e-01, 8.25316578e-01, 1.13240158e-01, 1.57702191e+00, 1.60234178e+00, 4.02727666e+02
3.81208280e+00, 6.82333091e-01, 2.07810223e-01, 8.28948797e-01, 1.09607939e-01, 1.59430969e+00, 1.58505399e+00, 4.15905637e+02
3.91910025e+00, 6.91885673e-01, 2.03289209e-01, 8.32485829e-01, 1.06070907e-01, 1.61151773e+00, 1.56784595e+00, 4.29611014e+02
4.02912203e+00, 7.01492174e-01, 1.98841864e-01, 8.35928975e-01, 1.02627761e-01, 1.62864259e+00, 1.55072109e+00, 4.43865315e+02
4.14223247e+00, 7.11151707e-01, 1.94468065e-01, 8.39279587e-01, 9.92771489e-02, 1.64568098e+00, 1.53368270e+00, 4.58690962e+02
4.25851829e+00, 7.20863389e-01, 1.90167637e-01, 8.42539065e-01, 9.60176705e-02, 1.66262974e+00, 1.51673394e+00, 4.74111317e+02
4.37806863e+00, 7.30626340e-01, 1.85940357e-01, 8.45708853e-01, 9.28478827e-02, 1.67948584e+00, 1.49987784e+00, 4.90150725e+02
4.50097513e+00, 7.40439681e-01, 1.81785952e-01, 8.48790431e-01, 8.97663042e-02, 1.69624639e+00, 1.48311729e+00, 5.06834556e+02
4.62733201e+00, 7.50302539e-01, 1.77704105e-01, 8.51785316e-01, 8.67714199e-02, 1.71290861e+00, 1.46645508e+00, 5.24189245e+02
4.75723614e+00, 7.60214043e-01, 1.73694456e-01, 8.54695050e-01, 8.38616852e-02, 1.72946986e+00, 1.44989382e+00, 5.42242339e+02
4.89078709e+00, 7.70173327e-01, 1.69756602e-01, 8.57521206e-01, 8.10355298e-02, 1.74592763e+00, 1.43343606e+00, 5.61022549e+02
5.02808725e+00, 7.80179530e-01, 1.65890100e-01, 8.60265374e-01, 7.82913620e-02, 1.76227953e+00, 1.41708416e+00, 5.80559790e+02
5.16924187e+00, 7.90231798e-01, 1.62094471e-01, 8.62929163e-01, 7.56275722e-02, 1.77852328e+00, 1.40084040e+00, 6.00885241e+02
5.31435916e+00, 8.00329281e-01, 1.58369199e-01, 8.65514199e-01, 7.30425365e-02, 1.79465675e+00, 1.38470693e+00, 6.22031393e+02
5.46355035e+00, 8.10471136e-01, 1.54713732e-01, 8.68022115e-01, 7.05346203e-02, 1.81067790e+00, 1.36868578e+00, 6.44032108e+02
5.61692982e+00, 8.20656529e-01, 1.51127491e-01, 8.70454554e-01, 6.81021815e-02, 1.82658482e+00, 1.35277886e+00, 6.66922675e+02
5.77461515e+00, 8.30884629e-01, 1.47609861e-01, 8.72813162e-01, 6.57435732e-02, 1.84237571e+00, 1.33698797e+00, 6.90739871e+02
5.93672722e+00, 8.41154616e-01, 1.44160202e-01, 8.75099588e-01, 6.34571472e-02, 1.85804887e+00, 1.32131481e+00, 7.15522025e+02
6.10339029e+00, 8.51465677e-01, 1.40777848e-01, 8.77315479e-01, 6.12412564e-02, 1.87360274e+00, 1.30576095e+00, 7.41309084e+02
6.27473213e+00, 8.61817006e-01, 1.37462106e-01, 8.79462478e-01, 5.90942574e-02, 1.88903582e+00, 1.29032786e+00, 7.68142678e+02
6.45088409e+00, 8.72207807e-01, 1.34212261e-01, 8.81542223e-01, 5.70145129e-02, 1.90434676e+00, 1.27501692e+00, 7.96066197e+02
6.63198120e+00, 8.82637292e-01, 1.31027576e-01, 8.83556342e-01, 5.50003941e-02, 1.91953429e+00, 1.25982940e+00, 8.25124861e+02
6.81816229e+00, 8.93104682e-01, 1.27907296e-01, 8.85506453e-01, 5.30502826e-02, 1.93459722e+00, 1.24476647e+00, 8.55365800e+02
7.00957009e+00, 9.03609206e-01, 1.24850646e-01, 8.87394163e-01, 5.11625727e-02, 1.94953449e+00, 1.22982920e+00, 8.86838133e+02
7.20635132e+00, 9.14150106e-01, 1.21856835e-01, 8.89221063e-01, 4.93356727e-02, 1.96434510e+00, 1.21501858e+00, 9.19593055e+02
7.40865683e+00, 9.24726629e-01, 1.18925058e-01, 8.90988729e-01, 4.75680070e-02, 1.97902818e+00, 1.20033550e+00, 9.53683922e+02
7.61664172e+00, 9.35338035e-01, 1.16054495e-01, 8.92698718e-01, 4.58580174e-02, 1.99358292e+00, 1.18578076e+00, 9.89166344e+02
7.83046540e+00, 9.45983593e-01, 1.13244314e-01, 8.94352571e-01, 4.42041646e-02, 2.00800859e+00, 1.17135509e+00, 1.02609828e+03
8.05029181e+00, 9.56662583e-01, 1.10493675e-01, 8.95951806e-01, 4.26049293e-02, 2.02230456e+00, 1.15705912e+00, 1.06454014e+03
8.27628946e+00, 9.67374292e-01, 1.07801724e-01, 8.97497922e-01, 4.10588137e-02, 2.03647028e+00, 1.14289341e+00, 1.10455488e+03
8.50863158e+00, 9.78118021e-01, 1.05167604e-01, 8.98992393e-01, 3.95643422e-02, 2.05050525e+00, 1.12885843e+00, 1.14620812e+03
8.74749630e+00, 9.88893079e-01, 1.02590447e-01, 9.00436673e-01, 3.81200624e-02, 2.06440909e+00, 1.11495459e+00, 1.18956826e+03
8.99306672e+00, 9.99698787e-01, 1.00069381e-01, 9.01832190e-01, 3.67245460e-02, 2.07818146e+00, 1.10118223e+00, 1.23470659e+03
9.24553110e+00, 1.01053448e+00, 9.76035298e-02, 9.03180346e-01, 3.53763896e-02, 2.09182209e+00, 1.08754160e+00, 1.28169739e+03
9.50508296e+00, 1.02139949e+00, 9.51920136e-02, 9.04482521e-01, 3.40742149e-02, 2.10533079e+00, 1.07403289e+00, 1.33061811e+03
9.77192128e+00, 1.03229317e+00, 9.28339498e-02, 9.05740066e-01, 3.28166700e-02, 2.11870743e+00, 1.06065625e+00, 1.38154945e+03
1.00462506e+01, 1.04321489e+00, 9.05284548e-02, 9.06954307e-01, 3.16024288e-02, 2.13195195e+00, 1.04741173e+00, 1.43457555e+03
1.03282813e+01, 1.05416402e+00, 8.82746444e-02, 9.08126543e-01, 3.04301925e-02, 2.14506433e+00, 1.03429935e+00, 1.48978408e+03
1.06182294e+01, 1.06513995e+00, 8.60716349e-02, 9.09258047e-01, 2.92986889e-02, 2.15804464e+00, 1.02131904e+00, 1.54726643e+03
1.09163173e+01, 1.07614206e+00, 8.39185439e-02, 9.10350062e-01, 2.82066733e-02, 2.17089297e+00, 1.00847072e+00, 1.60711784e+03
1.12227736e+01, 1.08716977e+00, 8.18144912e-02, 9.11403807e-01, 2.71529284e-02, 2.18360948e+00, 9.95754201e-01, 1.66943761e+03
1.15378330e+01, 1.09822248e+00, 7.97585995e-02, 9.12420471e-01, 2.61362644e-02, 2.19619439e+00, 9.83169288e-01, 1.73432920e+03
1.18617372e+01, 1.10929963e+00, 7.77499950e-02, 9.13401217e-01, 2.51555188e-02, 2.20864797e+00, 9.70715717e-01, 1.80190047e+03
1.21947344e+01, 1.12040065e+00, 7.57878084e-02, 9.14347179e-01, 2.42095570e-02, 2.22097050e+00, 9.58393180e-01, 1.87226384e+03
1.25370799e+01, 1.13152499e+00, 7.38711753e-02, 9.15259464e-01, 2.32972715e-02, 2.23316236e+00, 9.46201323e-01, 1.94553647e+03
1.28890361e+01, 1.14267211e+00, 7.19992367e-02, 9.16139153e-01, 2.24175824e-02, 2.24522393e+00, 9.34139750e-01, 2.02184049e+03
1.32508729e+01, 1.15384147e+00, 7.01711401e-02, 9.16987299e-01, 2.15694368e-02, 2.25715566e+00, 9.22208024e-01, 2.10130319e+03
1.36228676e+01, 1.16503255e+00, 6.83860392e-02, 9.17804927e-01, 2.07518089e-02, 2.26895802e+00, 9.10405667e-01, 2.18405724e+03
1.40053055e+01, 1.17624484e+00, 6.66430952e-02, 9.18593036e-01, 1.99636994e-02, 2.28063152e+00, 8.98732166e-01, 2.27024095e+03
1.43984795e+01, 1.18747784e+00, 6.49414767e-02, 9.19352600e-01, 1.92041359e-02, 2.29217671e+00, 8.87186971e-01, 2.35999843e+03
1.48026913e+01, 1.19873106e+00, 6.32803605e-02, 9.20084564e-01, 1.84721716e-02, 2.30359419e+00, 8.75769497e-01, 2.45347994e+03
1.52182505e+01, 1.21000400e+00, 6.16589316e-02, 9.20789849e-01, 1.77668862e-02, 2.31488455e+00, 8.64479129e-01, 2.55084207e+03
1.56454759e+01, 1.22129622e+00, 6.00763839e-02, 9.21469351e-01, 1.70873843e-02, 2.32604846e+00, 8.53315220e-01, 2.65224803e+03
1.60846948e+01, 1.23260723e+00, 5.85319205e-02, 9.22123939e-01, 1.64327961e-02, 2.33708659e+00, 8.42277093e-01, 2.75786796e+03
1.65362441e+01, 1.24393658e+00, 5.70247538e-02, 9.22754459e-01, 1.58022763e-02, 2.34799964e+00, 8.31364046e-01, 2.86787917e+03
1.70004698e+01, 1.25528384e+00, 5.55541057e-02, 9.23361732e-01, 1.51950040e-02, 2.35878833e+00, 8.20575350e-01, 2.98246650e+03
1.74777277e+01, 1.26664856e+00, 5.41192085e-02, 9.23946553e-01, 1.46101823e-02, 2.36945343e+00, 8.09910249e-01, 3.10182261e+03
1.79683839e+01, 1.27803033e+00, 5.27193041e-02, 9.24509698e-01, 1.40470376e-02, 2.37999571e+00, 7.99367968e-01, 3.22614829e+03
1.84728144e+01, 1.28942872e+00, 5.13536452e-02, 9.25051916e-01, 1.35048195e-02, 2.39041598e+00, 7.88947707e-01, 3.35565284e+03
1.89914058e+01, 1.30084334e+00, 5.00214947e-02, 9.25573935e-01, 1.29828003e-02, 2.40071503e+00, 7.78648648e-01, 3.49055444e+03
1.95245558e+01, 1.31227377e+00, 4.87221263e-02, 9.26076461e-01, 1.24802741e-02, 2.41089373e+00, 7.68469952e-01, 3.63108048e+03
2.00726730e+01, 1.32371963e+00, 4.74548245e-02, 9.26560179e-01, 1.19965571e-02, 2.42095292e+00, 7.58410763e-01, 3.77746799e+03
2.06361777e+01, 1.33518054e+00, 4.62188846e-02, 9.27025749e-01, 1.15309862e-02, 2.43089348e+00, 7.48470207e-01, 3.92996401e+03
2.12155017e+01, 1.34665613e+00, 4.50136131e-02, 9.27473816e-01, 1.10829195e-02, 2.44071629e+00, 7.38647397e-01, 4.08882606e+03
2.18110892e+01, 1.35814602e+00, 4.38383275e-02, 9.27905001e-01, 1.06517351e-02, 2.45042225e+00, 7.28941429e-01, 4.25432256e+03
2.24233968e+01, 1.36964988e+00, 4.26923562e-02, 9.28319905e-01, 1.02368307e-02, 2.46001230e+00, 7.19351387e-01, 4.42673329e+03
2.30528939e+01, 1.38116734e+00, 4.15750390e-02, 9.28719112e-01, 9.83762375e-03, 2.46948734e+00, 7.09876342e-01, 4.60634988e+03
2.37000629e+01, 1.39269806e+00, 4.04857268e-02, 9.29103185e-01, 9.45355010e-03, 2.47884833e+00, 7.00515353e-01, 4.79347629e+03
2.43654001e+01, 1.40424172e+00, 3.94237819e-02, 9.29472671e-01, 9.08406413e-03, 2.48809621e+00, 6.91267471e-01, 4.98842937e+03
2.50494154e+01, 1.41579798e+00, 3.83885774e-02, 9.29828098e-01, 8.72863805e-03, 2.49723195e+00, 6.82131736e-01, 5.19153938e+03
2.57526333e+01, 1.42736654e+00, 3.73794979e-02, 9.30169974e-01, 8.38676148e-03, 2.50625650e+00, 6.73107178e-01, 5.40315055e+03
2.64755927e+01, 1.43894707e+00, 3.63959391e-02, 9.30498795e-01, 8.05794097e-03, 2.51517086e+00, 6.64192822e-01, 5.62362171e+03
2.72188479e+01, 1.45053928e+00, 3.54373078e-02, 9.30815036e-01, 7.74169954e-03, 2.52397600e+00, 6.55387684e-01, 5.85332688e+03
2.79829688e+01, 1.46214287e+00, 3.45030217e-02, 9.31119159e-01, 7.43757626e-03, 2.53267291e+00, 6.46690776e-01, 6.09265590e+03
2.87685409e+01, 1.47375755e+00, 3.35925097e-02, 9.31411610e-01, 7.14512577e-03, 2.54126258e+00, 6.38101102e-01, 6.34201514e+03
2.95761666e+01, 1.48538304e+00, 3.27052117e-02, 9.31692818e-01, 6.86391784e-03, 2.54974602e+00, 6.29617663e-01, 6.60182816e+03
3.04064649e+01, 1.49701906e+00, 3.18405781e-02, 9.31963199e-01, 6.59353694e-03, 2.55812423e+00, 6.21239456e-01, 6.87253649e+03
3.12600724e+01, 1.50866534e+00, 3.09980705e-02, 9.32223154e-01, 6.33358184e-03, 2.56639821e+00, 6.12965475e-01, 7.15460033e+03
3.21376434e+01, 1.52032162e+00, 3.01771610e-02, 9.32473070e-01, 6.08366514e-03, 2.57456897e+00, 6.04794711e-01, 7.44849939e+03
3.30398507e+01, 1.53198765e+00, 2.93773321e-02, 9.32713323e-01, 5.84341290e-03, 2.58263753e+00, 5.96726152e-01, 7.75473367e+03
3.39673858e+01, 1.54366317e+00, 2.85980772e-02, 9.32944271e-01, 5.61246422e-03, 2.59060490e+00, 5.88758787e-01, 8.07382440e+03
3.49209598e+01, 1.55534793e+00, 2.78388997e-02, 9.33166265e-01, 5.39047084e-03, 2.59847208e+00, 5.80891601e-01, 8.40631483e+03
3.59013038e+01, 1.56704171e+00, 2.70993135e-02, 9.33379639e-01, 5.17709674e-03, 2.60624010e+00, 5.73123582e-01, 8.75277127e+03
3.69091691e+01, 1.57874427e+00, 2.63788425e-02, 9.33584718e-01, 4.97201780e-03, 2.61390997e+00, 5.65453716e-01, 9.11378398e+03
3.79453285e+01, 1.59045537e+00, 2.56770206e-02, 9.33781814e-01, 4.77492139e-03, 2.62148269e+00, 5.57880991e-01, 9.48996826e+03
3.90105762e+01, 1.60217481e+00, 2.49933916e-02, 9.33971230e-01, 4.58550603e-03, 2.62895929e+00, 5.50404394e-01, 9.88196545e+03
4.01057288e+01, 1.61390235e+00, 2.43275093e-02, 9.34153255e-01, 4.40348099e-03, 2.63634077e+00, 5.43022917e-01, 1.02904441e+04
4.12316259e+01, 1.62563780e+00, 2.36789368e-02, 9.34328170e-01, 4.22856603e-03, 2.64362813e+00, 5.35735550e-01, 1.07161009e+04
4.23891306e+01, 1.63738095e+00, 2.30472468e-02, 9.34496245e-01, 4.06049098e-03, 2.65082239e+00, 5.28541290e-01, 1.11596625e+04
4.35791301e+01, 1.64913159e+00, 2.24320214e-02, 9.34657740e-01, 3.89899544e-03, 2.65792455e+00, 5.21439132e-01, 1.16218857e+04
4.48025368e+01, 1.66088953e+00, 2.18328518e-02, 9.34812907e-01, 3.74382847e-03, 2.66493560e+00, 5.14428078e-01, 1.21035600e+04
4.60602884e+01, 1.67265458e+00, 2.12493385e-02, 9.34961987e-01, 3.59474827e-03, 2.67185655e+00, 5.07507132e-01, 1.26055078e+04
4.73533492e+01, 1.68442656e+00, 2.06810907e-02, 9.35105214e-01, 3.45152187e-03, 2.67868838e+00, 5.00675302e-01, 1.31285868e+04
4.86827104e+01, 1.69620528e+00, 2.01277264e-02, 9.35242811e-01, 3.31392482e-03, 2.68543208e+00, 4.93931599e-01, 1.36736908e+04
5.00493910e+01, 1.70799057e+00, 1.95888723e-02, 9.35374995e-01, 3.18174095e-03, 2.69208864e+00, 4.87275041e-01, 1.42417515e+04
5.14544388e+01, 1.71978224e+00, 1.90641636e-02, 9.35501974e-01, 3.05476204e-03, 2.69865903e+00, 4.80704648e-01, 1.48337400e+04
5.28989308e+01, 1.73158015e+00, 1.85532437e-02, 9.35623948e-01, 2.93278758e-03, 2.70514424e+00, 4.74219447e-01, 1.54506687e+04
5.43839743e+01, 1.74338412e+00, 1.80557646e-02, 9.35741111e-01, 2.81562447e-03, 2.71154521e+00, 4.67818470e-01, 1.60935929e+04
5.59107078e+01, 1.75519399e+00, 1.75713858e-02, 9.35853649e-01, 2.70308681e-03, 2.71786293e+00, 4.61500753e-01, 1.67636124e+04
5.74803016e+01, 1.76700960e+00, 1.70997750e-02, 9.35961740e-01, 2.59499563e-03, 2.72409834e+00, 4.55265340e-01, 1.74618740e+04
5.90939590e+01, 1.77883082e+00, 1.66406078e-02, 9.36065557e-01, 2.49117863e-03, 2.73025241e+00, 4.49111278e-01, 1.81895726e+04
6.07529169e+01, 1.79065748e+00, 1.61935670e-02, 9.36165266e-01, 2.39146997e-03, 2.73632606e+00, 4.43037622e-01, 1.89479542e+04
6.24584471e+01, 1.80248944e+00, 1.57583434e-02, 9.36261026e-01, 2.29571005e-03, 2.74232025e+00, 4.37043434e-01, 1.97383173e+04
6.42118571e+01, 1.81432657e+00, 1.53346346e-02, 9.36352990e-01, 2.20374525e-03, 2.74823590e+00, 4.31127780e-01, 2.05620155e+04
6.60144909e+01, 1.82616872e+00, 1.49221457e-02, 9.36441308e-01, 2.11542776e-03, 2.75407395e+00, 4.25289734e-01, 2.14204598e+04
6.78677305e+01, 1.83801577e+00, 1.45205889e-02, 9.36526120e-01, 2.03061535e-03, 2.75983530e+00, 4.19528378e-01, 2.23151210e+04
6.97729965e+01, 1.84986758e+00, 1.41296829e-02, 9.36607564e-01, 1.94917118e-03, 2.76552088e+00, 4.13842799e-01, 2.32475323e+04
7.17317494e+01, 1.86172403e+00, 1.37491537e-02, 9.36685772e-01, 1.87096360e-03, 2.77113159e+00, 4.08232091e-01, 2.42192916e+04
7.37454909e+01, 1.87358500e+00, 1.33787335e-02, 9.36760870e-01, 1.79586597e-03, 2.77666833e+00, 4.02695356e-01, 2.52320649e+04
7.58157646e+01, 1.88545036e+00, 1.30181611e-02, 9.36832979e-01, 1.72375647e-03, 2.78213198e+00, 3.97231702e-01, 2.62875886e+04
7.79441575e+01, 1.89731999e+00, 1.26671819e-02, 9.36902218e-01, 1.65451794e-03, 2.78752344e+00, 3.91840247e-01, 2.73876726e+04
8.01323013e+01, 1.90919379e+00, 1.23255471e-02, 9.36968698e-01, 1.58803768e-03, 2.79284357e+00, 3.86520114e-01, 2.85342037e+04
8.23818733e+01, 1.92107165e+00, 1.19930143e-02, 9.37032528e-01, 1.52420733e-03, 2.79809325e+00, 3.81270433e-01, 2.97291486e+04
8.46945981e+01, 1.93295345e+00, 1.16693470e-02, 9.37093813e-01, 1.46292266e-03, 2.80327334e+00, 3.76090343e-01, 3.09745574e+04
8.70722485e+01, 1.94483908e+00, 1.13543144e-02, 9.37152652e-01, 1.40408348e-03, 2.80838469e+00, 3.70978991e-01, 3.22725670e+04
8.95166472e+01, 1.95672846e+00, 1.10476916e-02, 9.37209142e-01, 1.34759343e-03, 2.81342815e+00, 3.65935531e-01, 3.36254049e+04
9.20296681e+01, 1.96862147e+00, 1.07492590e-02, 9.37263376e-01, 1.29335987e-03, 2.81840456e+00, 3.60959123e-01, 3.50353931e+04
9.46132376e+01, 1.98051802e+00, 1.04588028e-02, 9.37315442e-01, 1.24129374e-03, 2.82331474e+00, 3.56048938e-01, 3.65049519e+04
9.72693362e+01, 1.99241802e+00, 1.01761143e-02, 9.37365426e-01, 1.19130944e-03, 2.82815953e+00, 3.51204153e-01, 3.80366042e+04
1.00000000e+02, 2.00432137e+00, 9.90099010e-03, 9.37413411e-01, 1.14332465e-03, 2.83293973e+00, 3.46423953e-01, 3.96329800e+04
