 --- Cosmological Parameters --- 
	 H0: 2.2027e-18 (1/s) = 67.9700 (km/s/Mpc) 
	 OmegaM: 3.0000e-01 
	 OmegaR: 0.0000e+00 
	 OmegaL: 7.0000e-01 
	 OmegaK: 0.0000e+00 
		 w0: -1.0000e+00 
		 wa: 0.0000e+00 
	 rho_crit: 8.6799e-30 (g/cm^3) 
z, log10(1+z), a, H0*t_look, H0*t_age, H0*t_conf, H0*t_conf_age, H(z) 
1.00000000e-04, 4.34272769e-05, 9.99900010e-01, 9.99927504e-05, 9.63999389e-01, 9.99977500e-05, 3.30497218e+00, 6.79730589e+01
1.02807322e-04, 4.46463579e-05, 9.99897203e-01, 1.02799660e-04, 9.63996582e-01, 1.02804944e-04, 3.30496937e+00, 6.79731448e+01
1.05693455e-04, 4.58996588e-05, 9.99894318e-01, 1.05685357e-04, 9.63993696e-01, 1.05690942e-04, 3.30496649e+00, 6.79732331e+01
1.08660611e-04, 4.71881402e-05, 9.99891351e-01, 1.08652052e-04, 9.63990730e-01, 1.08657955e-04, 3.30496352e+00, 6.79733238e+01
1.11711065e-04, 4.85127895e-05, 9.99888301e-01, 1.11702018e-04, 9.63987680e-01, 1.11708257e-04, 3.30496047e+00, 6.79734171e+01
1.14847155e-04, 4.98746217e-05, 9.99885166e-01, 1.14837593e-04, 9.63984544e-01, 1.14844187e-04, 3.30495733e+00, 6.79735131e+01
1.18071285e-04, 5.12746804e-05, 9.99881943e-01, 1.18061178e-04, 9.63981320e-01, 1.18068148e-04, 3.30495411e+00, 6.79736117e+01
1.21385926e-04, 5.27140387e-05, 9.99878629e-01, 1.21375245e-04, 9.63978006e-01, 1.21382611e-04, 3.30495079e+00, 6.79737131e+01
1.24793621e-04, 5.41937993e-05, 9.99875222e-01, 1.24782331e-04, 9.63974599e-01, 1.24790116e-04, 3.30494739e+00, 6.79738174e+01
1.28296980e-04, 5.57150964e-05, 9.99871719e-01, 1.28285047e-04, 9.63971097e-01, 1.28293276e-04, 3.30494388e+00, 6.79739245e+01
1.31898690e-04, 5.72790956e-05, 9.99868119e-01, 1.31886078e-04, 9.63967496e-01, 1.31894775e-04, 3.30494028e+00, 6.79740347e+01
1.35601511e-04, 5.88869955e-05, 9.99864417e-01, 1.35588181e-04, 9.63963793e-01, 1.35597374e-04, 3.30493658e+00, 6.79741480e+01
1.39408283e-04, 6.05400281e-05, 9.99860611e-01, 1.39394194e-04, 9.63959987e-01, 1.39403910e-04, 3.30493277e+00, 6.79742645e+01
1.43321923e-04, 6.22394601e-05, 9.99856699e-01, 1.43307031e-04, 9.63956075e-01, 1.43317301e-04, 3.30492886e+00, 6.79743842e+01
1.47345431e-04, 6.39865937e-05, 9.99852676e-01, 1.47329692e-04, 9.63952052e-01, 1.47340546e-04, 3.30492484e+00, 6.79745073e+01
1.51481892e-04, 6.57827676e-05, 9.99848541e-01, 1.51465257e-04, 9.63947916e-01, 1.51476729e-04, 3.30492070e+00, 6.79746338e+01
1.55734477e-04, 6.76293582e-05, 9.99844290e-01, 1.55716895e-04, 9.63943665e-01, 1.55729020e-04, 3.30491645e+00, 6.79747639e+01
1.60106446e-04, 6.95277803e-05, 9.99839919e-01, 1.60087863e-04, 9.63939294e-01, 1.60100678e-04, 3.30491208e+00, 6.79748977e+01
1.64601150e-04, 7.14794886e-05, 9.99835426e-01, 1.64581509e-04, 9.63934800e-01, 1.64595054e-04, 3.30490758e+00, 6.79750352e+01
1.69222035e-04, 7.34859785e-05, 9.99830807e-01, 1.69201276e-04, 9.63930180e-01, 1.69215592e-04, 3.30490296e+00, 6.79751766e+01
1.73972643e-04, 7.55487874e-05, 9.99826058e-01, 1.73950702e-04, 9.63925431e-01, 1.73965833e-04, 3.30489821e+00, 6.79753219e+01
1.78856616e-04, 7.76694958e-05, 9.99821175e-01, 1.78833426e-04, 9.63920548e-01, 1.78849418e-04, 3.30489333e+00, 6.79754714e+01
1.83877698e-04, 7.98497285e-05, 9.99816156e-01, 1.83853188e-04, 9.63915528e-01, 1.83870090e-04, 3.30488831e+00, 6.79756250e+01
1.89039738e-04, 8.20911560e-05, 9.99810996e-01, 1.89013832e-04, 9.63910368e-01, 1.89031697e-04, 3.30488315e+00, 6.79757829e+01
1.94346693e-04, 8.43954955e-05, 9.99805691e-01, 1.94319312e-04, 9.63905062e-01, 1.94338194e-04, 3.30487784e+00, 6.79759453e+01
1.99802631e-04, 8.67645125e-05, 9.99800237e-01, 1.99773692e-04, 9.63899608e-01, 1.99793648e-04, 3.30487238e+00, 6.79761122e+01
2.05411735e-04, 8.92000219e-05, 9.99794630e-01, 2.05381148e-04, 9.63894000e-01, 2.05402241e-04, 3.30486677e+00, 6.79762838e+01
2.11178304e-04, 9.17038897e-05, 9.99788866e-01, 2.11145976e-04, 9.63888236e-01, 2.11168270e-04, 3.30486101e+00, 6.79764603e+01
2.17106760e-04, 9.42780341e-05, 9.99782940e-01, 2.17072592e-04, 9.63882309e-01, 2.17096154e-04, 3.30485508e+00, 6.79766417e+01
2.23201647e-04, 9.69244272e-05, 9.99776848e-01, 2.23165533e-04, 9.63876216e-01, 2.23190437e-04, 3.30484899e+00, 6.79768281e+01
2.29467637e-04, 9.96450962e-05, 9.99770585e-01, 2.29429467e-04, 9.63869952e-01, 2.29455789e-04, 3.30484272e+00, 6.79770199e+01
2.35909533e-04, 1.02442125e-04, 9.99764146e-01, 2.35869190e-04, 9.63863512e-01, 2.35897010e-04, 3.30483628e+00, 6.79772170e+01
2.42532274e-04, 1.05317657e-04, 9.99757527e-01, 2.42489634e-04, 9.63856892e-01, 2.42519039e-04, 3.30482966e+00, 6.79774196e+01
2.49340937e-04, 1.08273895e-04, 9.99750721e-01, 2.49295870e-04, 9.63850086e-01, 2.49326948e-04, 3.30482285e+00, 6.79776279e+01
2.56340741e-04, 1.11313103e-04, 9.99743725e-01, 2.56293108e-04, 9.63843089e-01, 2.56325955e-04, 3.30481585e+00, 6.79778421e+01
2.63537052e-04, 1.14437609e-04, 9.99736532e-01, 2.63486707e-04, 9.63835895e-01, 2.63521424e-04, 3.30480866e+00, 6.79780623e+01
2.70935387e-04, 1.17649806e-04, 9.99729138e-01, 2.70882176e-04, 9.63828499e-01, 2.70918869e-04, 3.30480126e+00, 6.79782887e+01
2.78541416e-04, 1.20952156e-04, 9.99721536e-01, 2.78485176e-04, 9.63820896e-01, 2.78523959e-04, 3.30479365e+00, 6.79785214e+01
2.86360972e-04, 1.24347187e-04, 9.99713721e-01, 2.86301530e-04, 9.63813080e-01, 2.86342520e-04, 3.30478583e+00, 6.79787607e+01
2.94400048e-04, 1.27837499e-04, 9.99705687e-01, 2.94337222e-04, 9.63805044e-01, 2.94380545e-04, 3.30477780e+00, 6.79790067e+01
3.02664806e-04, 1.31425767e-04, 9.99697427e-01, 3.02598404e-04, 9.63796783e-01, 3.02644193e-04, 3.30476953e+00, 6.79792596e+01
3.11161583e-04, 1.35114738e-04, 9.99688935e-01, 3.11091400e-04, 9.63788290e-01, 3.11139796e-04, 3.30476104e+00, 6.79795196e+01
3.19896892e-04, 1.38907238e-04, 9.99680205e-01, 3.19822714e-04, 9.63779559e-01, 3.19873865e-04, 3.30475230e+00, 6.79797870e+01
3.28877429e-04, 1.42806171e-04, 9.99671231e-01, 3.28799028e-04, 9.63770583e-01, 3.28853091e-04, 3.30474332e+00, 6.79800618e+01
3.38110078e-04, 1.46814523e-04, 9.99662004e-01, 3.38027214e-04, 9.63761354e-01, 3.38084355e-04, 3.30473409e+00, 6.79803443e+01
3.47601918e-04, 1.50935364e-04, 9.99652519e-01, 3.47514337e-04, 9.63751867e-01, 3.47574730e-04, 3.30472460e+00, 6.79806348e+01
3.57360225e-04, 1.55171849e-04, 9.99642767e-01, 3.57267657e-04, 9.63742114e-01, 3.57331488e-04, 3.30471485e+00, 6.79809334e+01
3.67392478e-04, 1.59527223e-04, 9.99632742e-01, 3.67294641e-04, 9.63732087e-01, 3.67362106e-04, 3.30470481e+00, 6.79812404e+01
3.77706369e-04, 1.64004821e-04, 9.99622436e-01, 3.77602963e-04, 9.63721779e-01, 3.77674268e-04, 3.30469450e+00, 6.79815561e+01
3.88309805e-04, 1.68608072e-04, 9.99611841e-01, 3.88200512e-04, 9.63711181e-01, 3.88275876e-04, 3.30468390e+00, 6.79818806e+01
3.99210913e-04, 1.73340499e-04, 9.99600948e-01, 3.99095398e-04, 9.63700286e-01, 3.99175052e-04, 3.30467300e+00, 6.79822142e+01
4.10418050e-04, 1.78205728e-04, 9.99589750e-01, 4.10295959e-04, 9.63689086e-01, 4.10380147e-04, 3.30466180e+00, 6.79825572e+01
4.21939808e-04, 1.83207482e-04, 9.99578238e-01, 4.21810767e-04, 9.63677571e-01, 4.21899747e-04, 3.30465028e+00, 6.79829099e+01
4.33785019e-04, 1.88349591e-04, 9.99566403e-01, 4.33648631e-04, 9.63665733e-01, 4.33742677e-04, 3.30463843e+00, 6.79832724e+01
4.45962763e-04, 1.93635993e-04, 9.99554236e-01, 4.45818611e-04, 9.63653563e-01, 4.45918010e-04, 3.30462626e+00, 6.79836452e+01
4.58482375e-04, 1.99070734e-04, 9.99541728e-01, 4.58330018e-04, 9.63641052e-01, 4.58435074e-04, 3.30461374e+00, 6.79840284e+01
4.71353453e-04, 2.04657975e-04, 9.99528869e-01, 4.71192423e-04, 9.63628189e-01, 4.71303459e-04, 3.30460087e+00, 6.79844223e+01
4.84585864e-04, 2.10401992e-04, 9.99515649e-01, 4.84415667e-04, 9.63614966e-01, 4.84533024e-04, 3.30458764e+00, 6.79848274e+01
4.98189752e-04, 2.16307184e-04, 9.99502058e-01, 4.98009866e-04, 9.63601372e-01, 4.98133902e-04, 3.30457404e+00, 6.79852438e+01
5.12175544e-04, 2.22378069e-04, 9.99488087e-01, 5.11985418e-04, 9.63587396e-01, 5.12116515e-04, 3.30456006e+00, 6.79856719e+01
5.26553963e-04, 2.28619296e-04, 9.99473723e-01, 5.26353014e-04, 9.63573029e-01, 5.26491573e-04, 3.30454569e+00, 6.79861120e+01
5.41336030e-04, 2.35035640e-04, 9.99458957e-01, 5.41123642e-04, 9.63558258e-01, 5.41270088e-04, 3.30453091e+00, 6.79865645e+01
5.56533078e-04, 2.41632013e-04, 9.99443776e-01, 5.56308599e-04, 9.63543073e-01, 5.56463380e-04, 3.30451571e+00, 6.79870297e+01
5.72156756e-04, 2.48413463e-04, 9.99428170e-01, 5.71919498e-04, 9.63527462e-01, 5.72083090e-04, 3.30450009e+00, 6.79875080e+01
5.88219040e-04, 2.55385179e-04, 9.99412127e-01, 5.87968277e-04, 9.63511413e-01, 5.88141180e-04, 3.30448404e+00, 6.79879998e+01
6.04732245e-04, 2.62552498e-04, 9.99395633e-01, 6.04467208e-04, 9.63494914e-01, 6.04649951e-04, 3.30446753e+00, 6.79885053e+01
6.21709029e-04, 2.69920903e-04, 9.99378677e-01, 6.21428904e-04, 9.63477953e-01, 6.21622049e-04, 3.30445055e+00, 6.79890251e+01
6.39162405e-04, 2.77496033e-04, 9.99361246e-01, 6.38866336e-04, 9.63460515e-01, 6.39070474e-04, 3.30443311e+00, 6.79895594e+01
6.57105755e-04, 2.85283683e-04, 9.99343326e-01, 6.56792832e-04, 9.63442589e-01, 6.57008588e-04, 3.30441517e+00, 6.79901088e+01
6.75552832e-04, 2.93289812e-04, 9.99324903e-01, 6.75222096e-04, 9.63424160e-01, 6.75450133e-04, 3.30439673e+00, 6.79906736e+01
6.94517777e-04, 3.01520545e-04, 9.99305964e-01, 6.94168216e-04, 9.63405213e-01, 6.94409231e-04, 3.30437777e+00, 6.79912543e+01
7.14015130e-04, 3.09982178e-04, 9.99286494e-01, 7.13645671e-04, 9.63385736e-01, 7.13900404e-04, 3.30435828e+00, 6.79918513e+01
7.34059837e-04, 3.18681185e-04, 9.99266479e-01, 7.33669347e-04, 9.63365712e-01, 7.33938578e-04, 3.30433824e+00, 6.79924651e+01
7.54667263e-04, 3.27624220e-04, 9.99245902e-01, 7.54254546e-04, 9.63345127e-01, 7.54539100e-04, 3.30431764e+00, 6.79930961e+01
7.75853206e-04, 3.36818122e-04, 9.99224748e-01, 7.75416996e-04, 9.63323965e-01, 7.75717745e-04, 3.30429646e+00, 6.79937449e+01
7.97633907e-04, 3.46269924e-04, 9.99203002e-01, 7.97172868e-04, 9.63302209e-01, 7.97490733e-04, 3.30427469e+00, 6.79944119e+01
8.20026062e-04, 3.55986854e-04, 9.99180646e-01, 8.19538781e-04, 9.63279843e-01, 8.19874736e-04, 3.30425230e+00, 6.79950977e+01
8.43046837e-04, 3.65976343e-04, 9.99157663e-01, 8.42531820e-04, 9.63256850e-01, 8.42886894e-04, 3.30422929e+00, 6.79958027e+01
8.66713880e-04, 3.76246030e-04, 9.99134037e-01, 8.66169548e-04, 9.63233212e-01, 8.66544830e-04, 3.30420563e+00, 6.79965276e+01
8.91045332e-04, 3.86803767e-04, 9.99109748e-01, 8.90470017e-04, 9.63208912e-01, 8.90866657e-04, 3.30418131e+00, 6.79972728e+01
9.16059848e-04, 3.97657626e-04, 9.99084779e-01, 9.15451786e-04, 9.63183930e-01, 9.15870998e-04, 3.30415631e+00, 6.79980390e+01
9.41776601e-04, 4.08815904e-04, 9.99059110e-01, 9.41133930e-04, 9.63158248e-01, 9.41576998e-04, 3.30413060e+00, 6.79988267e+01
9.68215306e-04, 4.20287133e-04, 9.99032721e-01, 9.67536056e-04, 9.63131846e-01, 9.68004338e-04, 3.30410417e+00, 6.79996365e+01
9.95396231e-04, 4.32080081e-04, 9.99005594e-01, 9.94678319e-04, 9.63104703e-01, 9.95173250e-04, 3.30407700e+00, 6.80004692e+01
1.02334021e-03, 4.44203760e-04, 9.98977706e-01, 1.02258144e-03, 9.63076800e-01, 1.02310453e-03, 3.30404907e+00, 6.80013252e+01
1.05206867e-03, 4.56667438e-04, 9.98949037e-01, 1.05126671e-03, 9.63048115e-01, 1.05181957e-03, 3.30402036e+00, 6.80022053e+01
1.08160363e-03, 4.69480638e-04, 9.98919565e-01, 1.08075603e-03, 9.63018626e-01, 1.08134035e-03, 3.30399084e+00, 6.80031102e+01
1.11196773e-03, 4.82653152e-04, 9.98889267e-01, 1.11107189e-03, 9.62988310e-01, 1.11168946e-03, 3.30396049e+00, 6.80040405e+01
1.14318425e-03, 4.96195044e-04, 9.98858121e-01, 1.14223742e-03, 9.62957144e-01, 1.14289013e-03, 3.30392929e+00, 6.80049970e+01
1.17527712e-03, 5.10116661e-04, 9.98826103e-01, 1.17427640e-03, 9.62925105e-01, 1.17496625e-03, 3.30389721e+00, 6.80059804e+01
1.20827094e-03, 5.24428638e-04, 9.98793187e-01, 1.20721326e-03, 9.62892168e-01, 1.20794237e-03, 3.30386423e+00, 6.80069914e+01
1.24219100e-03, 5.39141905e-04, 9.98759350e-01, 1.24107312e-03, 9.62858309e-01, 1.24184372e-03, 3.30383033e+00, 6.80080309e+01
1.27706330e-03, 5.54267703e-04, 9.98724566e-01, 1.27588181e-03, 9.62823500e-01, 1.27669625e-03, 3.30379548e+00, 6.80090996e+01
1.31291459e-03, 5.69817580e-04, 9.98688807e-01, 1.31166585e-03, 9.62787716e-01, 1.31252663e-03, 3.30375965e+00, 6.80101983e+01
1.34977233e-03, 5.85803413e-04, 9.98652047e-01, 1.34845253e-03, 9.62750929e-01, 1.34936229e-03, 3.30372281e+00, 6.80113280e+01
1.38766479e-03, 6.02237406e-04, 9.98614258e-01, 1.38626988e-03, 9.62713112e-01, 1.38723140e-03, 3.30368495e+00, 6.80124895e+01
1.42662102e-03, 6.19132106e-04, 9.98575411e-01, 1.42514672e-03, 9.62674235e-01, 1.42616294e-03, 3.30364601e+00, 6.80136836e+01
1.46667087e-03, 6.36500410e-04, 9.98535477e-01, 1.46511267e-03, 9.62634269e-01, 1.46618671e-03, 3.30360599e+00, 6.80149113e+01
1.50784505e-03, 6.54355573e-04, 9.98494425e-01, 1.50619818e-03, 9.62593183e-01, 1.50733332e-03, 3.30356484e+00, 6.80161736e+01
1.55017512e-03, 6.72711224e-04, 9.98452224e-01, 1.54843453e-03, 9.62550947e-01, 1.54963425e-03, 3.30352254e+00, 6.80174714e+01
1.59369353e-03, 6.91581368e-04, 9.98408842e-01, 1.59185389e-03, 9.62507528e-01, 1.59312187e-03, 3.30347906e+00, 6.80188057e+01
1.63843365e-03, 7.10980403e-04, 9.98364246e-01, 1.63648932e-03, 9.62462892e-01, 1.63782943e-03, 3.30343435e+00, 6.80201776e+01
1.68442976e-03, 7.30923128e-04, 9.98318403e-01, 1.68237479e-03, 9.62417007e-01, 1.68379113e-03, 3.30338839e+00, 6.80215881e+01
1.73171713e-03, 7.51424755e-04, 9.98271277e-01, 1.72954523e-03, 9.62369836e-01, 1.73104214e-03, 3.30334113e+00, 6.80230382e+01
1.78033202e-03, 7.72500920e-04, 9.98222832e-01, 1.77803652e-03, 9.62321345e-01, 1.77961859e-03, 3.30329256e+00, 6.80245293e+01
1.83031168e-03, 7.94167695e-04, 9.98173032e-01, 1.82788556e-03, 9.62271496e-01, 1.82955762e-03, 3.30324262e+00, 6.80260622e+01
1.88169442e-03, 8.16441599e-04, 9.98121840e-01, 1.87913026e-03, 9.62220251e-01, 1.88089743e-03, 3.30319128e+00, 6.80276384e+01
1.93451965e-03, 8.39339613e-04, 9.98069215e-01, 1.93180958e-03, 9.62167572e-01, 1.93367727e-03, 3.30313850e+00, 6.80292589e+01
1.98882786e-03, 8.62879189e-04, 9.98015120e-01, 1.98596358e-03, 9.62113418e-01, 1.98793750e-03, 3.30308424e+00, 6.80309250e+01
2.04466067e-03, 8.87078267e-04, 9.97959511e-01, 2.04163341e-03, 9.62057748e-01, 2.04371961e-03, 3.30302846e+00, 6.80326381e+01
2.10206088e-03, 9.11955285e-04, 9.97902349e-01, 2.09886139e-03, 9.62000520e-01, 2.10106623e-03, 3.30297111e+00, 6.80343994e+01
2.16107251e-03, 9.37529196e-04, 9.97843588e-01, 2.15769097e-03, 9.61941691e-01, 2.16002122e-03, 3.30291216e+00, 6.80362103e+01
2.22174078e-03, 9.63819479e-04, 9.97783184e-01, 2.21816684e-03, 9.61881215e-01, 2.22062962e-03, 3.30285155e+00, 6.80380723e+01
2.28411221e-03, 9.90846156e-04, 9.97721093e-01, 2.28033493e-03, 9.61819047e-01, 2.28293777e-03, 3.30278924e+00, 6.80399867e+01
2.34823460e-03, 1.01862981e-03, 9.97657267e-01, 2.34424242e-03, 9.61755139e-01, 2.34699327e-03, 3.30272518e+00, 6.80419550e+01
2.41415712e-03, 1.04719158e-03, 9.97591657e-01, 2.40993781e-03, 9.61689444e-01, 2.41284510e-03, 3.30265933e+00, 6.80439788e+01
2.48193029e-03, 1.07655322e-03, 9.97524214e-01, 2.47747094e-03, 9.61621911e-01, 2.48054355e-03, 3.30259163e+00, 6.80460596e+01
2.55160607e-03, 1.10673706e-03, 9.97454888e-01, 2.54689303e-03, 9.61552489e-01, 2.55014036e-03, 3.30252204e+00, 6.80481990e+01
2.62323788e-03, 1.13776607e-03, 9.97383625e-01, 2.61825672e-03, 9.61481125e-01, 2.62168870e-03, 3.30245049e+00, 6.80503988e+01
2.69688063e-03, 1.16966386e-03, 9.97310373e-01, 2.69161609e-03, 9.61407766e-01, 2.69524321e-03, 3.30237693e+00, 6.80526605e+01
2.77259076e-03, 1.20245468e-03, 9.97235075e-01, 2.76702674e-03, 9.61332355e-01, 2.77086009e-03, 3.30230132e+00, 6.80549861e+01
2.85042632e-03, 1.23616346e-03, 9.97157676e-01, 2.84454579e-03, 9.61254836e-01, 2.84859709e-03, 3.30222358e+00, 6.80573772e+01
2.93044698e-03, 1.27081583e-03, 9.97078115e-01, 2.92423194e-03, 9.61175150e-01, 2.92851356e-03, 3.30214366e+00, 6.80598357e+01
3.01271407e-03, 1.30643812e-03, 9.96996335e-01, 3.00614551e-03, 9.61093236e-01, 3.01067054e-03, 3.30206151e+00, 6.80623635e+01
3.09729067e-03, 1.34305740e-03, 9.96912273e-01, 3.09034848e-03, 9.61009033e-01, 3.09513075e-03, 3.30197705e+00, 6.80649627e+01
3.18424160e-03, 1.38070148e-03, 9.96825866e-01, 3.17690454e-03, 9.60922477e-01, 3.18195867e-03, 3.30189022e+00, 6.80676351e+01
3.27363353e-03, 1.41939895e-03, 9.96737048e-01, 3.26587915e-03, 9.60833502e-01, 3.27122057e-03, 3.30180096e+00, 6.80703830e+01
3.36553498e-03, 1.45917918e-03, 9.96645754e-01, 3.35733956e-03, 9.60742042e-01, 3.36298459e-03, 3.30170919e+00, 6.80732084e+01
3.46001639e-03, 1.50007238e-03, 9.96551914e-01, 3.45135486e-03, 9.60648027e-01, 3.45732075e-03, 3.30161486e+00, 6.80761136e+01
3.55715021e-03, 1.54210957e-03, 9.96455458e-01, 3.54799607e-03, 9.60551386e-01, 3.55430103e-03, 3.30151788e+00, 6.80791007e+01
3.65701088e-03, 1.58532264e-03, 9.96356314e-01, 3.64733613e-03, 9.60452046e-01, 3.65399942e-03, 3.30141818e+00, 6.80821722e+01
3.75967497e-03, 1.62974435e-03, 9.96254407e-01, 3.74945002e-03, 9.60349932e-01, 3.75649198e-03, 3.30131568e+00, 6.80853303e+01
3.86522116e-03, 1.67540839e-03, 9.96149661e-01, 3.85441475e-03, 9.60244967e-01, 3.86185688e-03, 3.30121032e+00, 6.80885777e+01
3.97373038e-03, 1.72234936e-03, 9.96041998e-01, 3.96230945e-03, 9.60137072e-01, 3.97017447e-03, 3.30110200e+00, 6.80919168e+01
4.08528580e-03, 1.77060283e-03, 9.95931336e-01, 4.07321543e-03, 9.60026166e-01, 4.08152735e-03, 3.30099065e+00, 6.80953502e+01
4.19997295e-03, 1.82020534e-03, 9.95817593e-01, 4.18721622e-03, 9.59912165e-01, 4.19600040e-03, 3.30087618e+00, 6.80988806e+01
4.31787973e-03, 1.87119444e-03, 9.95700684e-01, 4.30439766e-03, 9.59794984e-01, 4.31368090e-03, 3.30075850e+00, 6.81025107e+01
4.43909653e-03, 1.92360874e-03, 9.95580522e-01, 4.42484790e-03, 9.59674534e-01, 4.43465853e-03, 3.30063752e+00, 6.81062435e+01
4.56371628e-03, 1.97748788e-03, 9.95457017e-01, 4.54865753e-03, 9.59550724e-01, 4.55902548e-03, 3.30051315e+00, 6.81100818e+01
4.69183451e-03, 2.03287261e-03, 9.95330076e-01, 4.67591962e-03, 9.59423462e-01, 4.68687651e-03, 3.30038530e+00, 6.81140286e+01
4.82354943e-03, 2.08980480e-03, 9.95199606e-01, 4.80672975e-03, 9.59292652e-01, 4.81830900e-03, 3.30025387e+00, 6.81180870e+01
4.95896201e-03, 2.14832749e-03, 9.95065508e-01, 4.94118615e-03, 9.59158195e-01, 4.95342306e-03, 3.30011875e+00, 6.81222602e+01
5.09817606e-03, 2.20848488e-03, 9.94927683e-01, 5.07938971e-03, 9.59019992e-01, 5.09232158e-03, 3.29997986e+00, 6.81265514e+01
5.24129830e-03, 2.27032240e-03, 9.94786030e-01, 5.22144405e-03, 9.58877938e-01, 5.23511030e-03, 3.29983707e+00, 6.81309641e+01
5.38843844e-03, 2.33388671e-03, 9.94640441e-01, 5.36745564e-03, 9.58731926e-01, 5.38189793e-03, 3.29969028e+00, 6.81355017e+01
5.53970928e-03, 2.39922578e-03, 9.94490810e-01, 5.51753384e-03, 9.58581848e-01, 5.53279616e-03, 3.29953938e+00, 6.81401677e+01
5.69522678e-03, 2.46638889e-03, 9.94337025e-01, 5.67179096e-03, 9.58427591e-01, 5.68791982e-03, 3.29938426e+00, 6.81449658e+01
5.85511016e-03, 2.53542665e-03, 9.94178973e-01, 5.83034240e-03, 9.58269039e-01, 5.84738692e-03, 3.29922479e+00, 6.81498999e+01
6.01948197e-03, 2.60639109e-03, 9.94016535e-01, 5.99330664e-03, 9.58106075e-01, 6.01131873e-03, 3.29906086e+00, 6.81549737e+01
6.18846824e-03, 2.67933564e-03, 9.93849593e-01, 6.16080542e-03, 9.57938576e-01, 6.17983991e-03, 3.29889234e+00, 6.81601913e+01
6.36219849e-03, 2.75431521e-03, 9.93678023e-01, 6.33296373e-03, 9.57766418e-01, 6.35307858e-03, 3.29871910e+00, 6.81655568e+01
6.54080591e-03, 2.83138620e-03, 9.93501698e-01, 6.50990998e-03, 9.57589472e-01, 6.53116640e-03, 3.29854101e+00, 6.81710744e+01
6.72442742e-03, 2.91060657e-03, 9.93320488e-01, 6.69177602e-03, 9.57407606e-01, 6.71423868e-03, 3.29835794e+00, 6.81767484e+01
6.91320378e-03, 2.99203585e-03, 9.93134260e-01, 6.87869728e-03, 9.57220684e-01, 6.90243452e-03, 3.29816974e+00, 6.81825834e+01
7.10727970e-03, 3.07573520e-03, 9.92942877e-01, 7.07081280e-03, 9.57028569e-01, 7.09589682e-03, 3.29797628e+00, 6.81885840e+01
7.30680395e-03, 3.16176744e-03, 9.92746198e-01, 7.26826542e-03, 9.56831116e-01, 7.29477249e-03, 3.29777740e+00, 6.81947549e+01
7.51192949e-03, 3.25019713e-03, 9.92544079e-01, 7.47120177e-03, 9.56628180e-01, 7.49921247e-03, 3.29757296e+00, 6.82011010e+01
7.72281357e-03, 3.34109055e-03, 9.92336371e-01, 7.67977245e-03, 9.56419609e-01, 7.70937191e-03, 3.29736281e+00, 6.82076274e+01
7.93961785e-03, 3.43451582e-03, 9.92122923e-01, 7.89413208e-03, 9.56205250e-01, 7.92541023e-03, 3.29714677e+00, 6.82143391e+01
8.16250851e-03, 3.53054289e-03, 9.91903579e-01, 8.11443943e-03, 9.55984942e-01, 8.14749128e-03, 3.29692469e+00, 6.82212416e+01
8.39165644e-03, 3.62924361e-03, 9.91678177e-01, 8.34085751e-03, 9.55758524e-01, 8.37578344e-03, 3.29669639e+00, 6.82283404e+01
8.62723729e-03, 3.73069181e-03, 9.91446555e-01, 8.57355368e-03, 9.55525828e-01, 8.61045973e-03, 3.29646172e+00, 6.82356410e+01
8.86943166e-03, 3.83496328e-03, 9.91208544e-01, 8.81269978e-03, 9.55286682e-01, 8.85169796e-03, 3.29622048e+00, 6.82431493e+01
9.11842520e-03, 3.94213590e-03, 9.90963969e-01, 9.05847222e-03, 9.55040909e-01, 9.09968086e-03, 3.29597250e+00, 6.82508713e+01
9.37440879e-03, 4.05228964e-03, 9.90712655e-01, 9.31105208e-03, 9.54788330e-01, 9.35459617e-03, 3.29571758e+00, 6.82588131e+01
9.63757866e-03, 4.16550662e-03, 9.90454418e-01, 9.57062527e-03, 9.54528756e-01, 9.61663686e-03, 3.29545554e+00, 6.82669811e+01
9.90813657e-03, 4.28187121e-03, 9.90189071e-01, 9.83738262e-03, 9.54261999e-01, 9.88600119e-03, 3.29518618e+00, 6.82753818e+01
1.01862899e-02, 4.40147004e-03, 9.89916424e-01, 1.01115200e-02, 9.53987862e-01, 1.01628929e-02, 3.29490928e+00, 6.82840220e+01
1.04722519e-02, 4.52439206e-03, 9.89636280e-01, 1.03932385e-02, 9.53706143e-01, 1.04475213e-02, 3.29462466e+00, 6.82929086e+01
1.07662418e-02, 4.65072864e-03, 9.89348436e-01, 1.06827444e-02, 9.53416637e-01, 1.07401015e-02, 3.29433208e+00, 6.83020487e+01
1.10684849e-02, 4.78057359e-03, 9.89052685e-01, 1.09802495e-02, 9.53119132e-01, 1.10408546e-02, 3.29403132e+00, 6.83114496e+01
1.13792129e-02, 4.91402325e-03, 9.88748817e-01, 1.12859711e-02, 9.52813411e-01, 1.13500076e-02, 3.29372217e+00, 6.83211190e+01
1.16986641e-02, 5.05117654e-03, 9.88436612e-01, 1.16001324e-02, 9.52499249e-01, 1.16677939e-02, 3.29340438e+00, 6.83310645e+01
1.20270833e-02, 5.19213502e-03, 9.88115848e-01, 1.19229621e-02, 9.52176420e-01, 1.19944533e-02, 3.29307772e+00, 6.83412944e+01
1.23647224e-02, 5.33700299e-03, 9.87786297e-01, 1.22546951e-02, 9.51844687e-01, 1.23302321e-02, 3.29274194e+00, 6.83518167e+01
1.27118400e-02, 5.48588750e-03, 9.87447723e-01, 1.25955723e-02, 9.51503809e-01, 1.26753834e-02, 3.29239679e+00, 6.83626401e+01
1.30687023e-02, 5.63889849e-03, 9.87099885e-01, 1.29458411e-02, 9.51153541e-01, 1.30301672e-02, 3.29204201e+00, 6.83737732e+01
1.34355829e-02, 5.79614881e-03, 9.86742539e-01, 1.33057550e-02, 9.50793627e-01, 1.33948507e-02, 3.29167733e+00, 6.83852252e+01
1.38127630e-02, 5.95775431e-03, 9.86375430e-01, 1.36755741e-02, 9.50423807e-01, 1.37697083e-02, 3.29130247e+00, 6.83970053e+01
1.42005318e-02, 6.12383394e-03, 9.85998300e-01, 1.40555655e-02, 9.50043816e-01, 1.41550222e-02, 3.29091715e+00, 6.84091232e+01
1.45991865e-02, 6.29450978e-03, 9.85610883e-01, 1.44460029e-02, 9.49653379e-01, 1.45510818e-02, 3.29052110e+00, 6.84215887e+01
1.50090328e-02, 6.46990713e-03, 9.85212907e-01, 1.48471671e-02, 9.49252214e-01, 1.49581849e-02, 3.29011399e+00, 6.84344119e+01
1.54303847e-02, 6.65015464e-03, 9.84804094e-01, 1.52593461e-02, 9.48840036e-01, 1.53766371e-02, 3.28969554e+00, 6.84476035e+01
1.58635653e-02, 6.83538432e-03, 9.84384158e-01, 1.56828352e-02, 9.48416546e-01, 1.58067525e-02, 3.28926542e+00, 6.84611741e+01
1.63089068e-02, 7.02573168e-03, 9.83952805e-01, 1.61179373e-02, 9.47981444e-01, 1.62488537e-02, 3.28882332e+00, 6.84751350e+01
1.67667503e-02, 7.22133576e-03, 9.83509738e-01, 1.65649630e-02, 9.47534419e-01, 1.67032722e-02, 3.28836890e+00, 6.84894976e+01
1.72374471e-02, 7.42233928e-03, 9.83054648e-01, 1.70242306e-02, 9.47075151e-01, 1.71703483e-02, 3.28790183e+00, 6.85042737e+01
1.77213578e-02, 7.62888867e-03, 9.82587220e-01, 1.74960666e-02, 9.46603315e-01, 1.76504317e-02, 3.28742175e+00, 6.85194756e+01
1.82188534e-02, 7.84113421e-03, 9.82107134e-01, 1.79808055e-02, 9.46118576e-01, 1.81438815e-02, 3.28692830e+00, 6.85351158e+01
1.87303154e-02, 8.05923009e-03, 9.81614059e-01, 1.84787906e-02, 9.45620591e-01, 1.86510666e-02, 3.28642111e+00, 6.85512074e+01
1.92561357e-02, 8.28333450e-03, 9.81107658e-01, 1.89903733e-02, 9.45109008e-01, 1.91723658e-02, 3.28589981e+00, 6.85677635e+01
1.97967175e-02, 8.51360975e-03, 9.80587585e-01, 1.95159139e-02, 9.44583468e-01, 1.97081684e-02, 3.28536401e+00, 6.85847981e+01
2.03524752e-02, 8.75022235e-03, 9.80053486e-01, 2.00557818e-02, 9.44043600e-01, 2.02588738e-02, 3.28481330e+00, 6.86023253e+01
2.09238348e-02, 8.99334311e-03, 9.79504999e-01, 2.06103553e-02, 9.43489026e-01, 2.08248927e-02, 3.28424728e+00, 6.86203598e+01
2.15112343e-02, 9.24314725e-03, 9.78941755e-01, 2.11800220e-02, 9.42919360e-01, 2.14066464e-02, 3.28366553e+00, 6.86389167e+01
2.21151240e-02, 9.49981449e-03, 9.78363373e-01, 2.17651793e-02, 9.42334202e-01, 2.20045677e-02, 3.28306761e+00, 6.86580116e+01
2.27359668e-02, 9.76352916e-03, 9.77769466e-01, 2.23662339e-02, 9.41733148e-01, 2.26191013e-02, 3.28245308e+00, 6.86776605e+01
2.33742387e-02, 1.00344803e-02, 9.77159637e-01, 2.29836025e-02, 9.41115779e-01, 2.32507034e-02, 3.28182147e+00, 6.86978801e+01
2.40304289e-02, 1.03128618e-02, 9.76533482e-01, 2.36177121e-02, 9.40481670e-01, 2.38998428e-02, 3.28117233e+00, 6.87186873e+01
2.47050406e-02, 1.05988725e-02, 9.75890584e-01, 2.42689995e-02, 9.39830382e-01, 2.45670006e-02, 3.28050518e+00, 6.87401000e+01
2.53985907e-02, 1.08927162e-02, 9.75230519e-01, 2.49379124e-02, 9.39161469e-01, 2.52526710e-02, 3.27981951e+00, 6.87621362e+01
2.61116110e-02, 1.11946019e-02, 9.74552855e-01, 2.56249090e-02, 9.38474473e-01, 2.59573611e-02, 3.27911482e+00, 6.87848147e+01
2.68446481e-02, 1.15047439e-02, 9.73857148e-01, 2.63304582e-02, 9.37768923e-01, 2.66815919e-02, 3.27839059e+00, 6.88081550e+01
2.75982639e-02, 1.18233619e-02, 9.73142944e-01, 2.70550402e-02, 9.37044341e-01, 2.74258980e-02, 3.27764628e+00, 6.88321770e+01
2.83730362e-02, 1.21506810e-02, 9.72409782e-01, 2.77991462e-02, 9.36300235e-01, 2.81908283e-02, 3.27688135e+00, 6.88569014e+01
2.91695588e-02, 1.24869320e-02, 9.71657189e-01, 2.85632791e-02, 9.35536103e-01, 2.89769462e-02, 3.27609523e+00, 6.88823495e+01
2.99884423e-02, 1.28323514e-02, 9.70884681e-01, 2.93479531e-02, 9.34751429e-01, 2.97848300e-02, 3.27528735e+00, 6.89085433e+01
3.08303146e-02, 1.31871818e-02, 9.70091766e-01, 3.01536945e-02, 9.33945687e-01, 3.06150735e-02, 3.27445710e+00, 6.89355055e+01
3.16958209e-02, 1.35516713e-02, 9.69277940e-01, 3.09810416e-02, 9.33118340e-01, 3.14682859e-02, 3.27360389e+00, 6.89632595e+01
3.25856248e-02, 1.39260747e-02, 9.68442690e-01, 3.18305447e-02, 9.32268837e-01, 3.23450926e-02, 3.27272708e+00, 6.89918296e+01
3.35004083e-02, 1.43106525e-02, 9.67585491e-01, 3.27027667e-02, 9.31396615e-01, 3.32461354e-02, 3.27182604e+00, 6.90212407e+01
3.44408728e-02, 1.47056720e-02, 9.66705808e-01, 3.35982831e-02, 9.30501099e-01, 3.41720729e-02, 3.27090010e+00, 6.90515188e+01
3.54077391e-02, 1.51114068e-02, 9.65803096e-01, 3.45176819e-02, 9.29581700e-01, 3.51235810e-02, 3.26994860e+00, 6.90826904e+01
3.64017485e-02, 1.55281370e-02, 9.64876798e-01, 3.54615644e-02, 9.28637817e-01, 3.61013532e-02, 3.26897082e+00, 6.91147832e+01
3.74236629e-02, 1.59561497e-02, 9.63926345e-01, 3.64305446e-02, 9.27668837e-01, 3.71061010e-02, 3.26796608e+00, 6.91478255e+01
3.84742658e-02, 1.63957388e-02, 9.62951161e-01, 3.74252503e-02, 9.26674131e-01, 3.81385546e-02, 3.26693362e+00, 6.91818469e+01
3.95543624e-02, 1.68472053e-02, 9.61950655e-01, 3.84463223e-02, 9.25653059e-01, 3.91994629e-02, 3.26587271e+00, 6.92168778e+01
4.06647809e-02, 1.73108570e-02, 9.60924227e-01, 3.94944153e-02, 9.24604966e-01, 4.02895942e-02, 3.26478258e+00, 6.92529495e+01
4.18063724e-02, 1.77870096e-02, 9.59871264e-01, 4.05701975e-02, 9.23529184e-01, 4.14097368e-02, 3.26366244e+00, 6.92900946e+01
4.29800121e-02, 1.82759856e-02, 9.58791145e-01, 4.16743513e-02, 9.22425030e-01, 4.25606991e-02, 3.26251148e+00, 6.93283466e+01
4.41865996e-02, 1.87781154e-02, 9.57683234e-01, 4.28075730e-02, 9.21291809e-01, 4.37433101e-02, 3.26132887e+00, 6.93677402e+01
4.54270599e-02, 1.92937372e-02, 9.56546887e-01, 4.39705731e-02, 9.20128809e-01, 4.49584203e-02, 3.26011376e+00, 6.94083113e+01
4.67023439e-02, 1.98231967e-02, 9.55381447e-01, 4.51640763e-02, 9.18935305e-01, 4.62069016e-02, 3.25886528e+00, 6.94500972e+01
4.80134292e-02, 2.03668477e-02, 9.54186246e-01, 4.63888218e-02, 9.17710560e-01, 4.74896482e-02, 3.25758253e+00, 6.94931360e+01
4.93613210e-02, 2.09250522e-02, 9.52960606e-01, 4.76455634e-02, 9.16453818e-01, 4.88075770e-02, 3.25626460e+00, 6.95374677e+01
5.07470524e-02, 2.14981804e-02, 9.51703836e-01, 4.89350692e-02, 9.15164312e-01, 5.01616277e-02, 3.25491055e+00, 6.95831332e+01
5.21716858e-02, 2.20866106e-02, 9.50415235e-01, 5.02581224e-02, 9.13841259e-01, 5.15527641e-02, 3.25351941e+00, 6.96301750e+01
5.36363132e-02, 2.26907300e-02, 9.49094092e-01, 5.16155205e-02, 9.12483861e-01, 5.29819736e-02, 3.25209020e+00, 6.96786372e+01
5.51420574e-02, 2.33109341e-02, 9.47739684e-01, 5.30080759e-02, 9.11091306e-01, 5.44502686e-02, 3.25062191e+00, 6.97285653e+01
5.66900727e-02, 2.39476274e-02, 9.46351277e-01, 5.44366160e-02, 9.09662766e-01, 5.59586866e-02, 3.24911349e+00, 6.97800064e+01
5.82815458e-02, 2.46012230e-02, 9.44928128e-01, 5.59019827e-02, 9.08197399e-01, 5.75082907e-02, 3.24756389e+00, 6.98330093e+01
5.99176967e-02, 2.52721433e-02, 9.43469482e-01, 5.74050329e-02, 9.06694349e-01, 5.91001701e-02, 3.24597201e+00, 6.98876245e+01
6.15997796e-02, 2.59608197e-02, 9.41974574e-01, 5.89466381e-02, 9.05152744e-01, 6.07354407e-02, 3.24433674e+00, 6.99439044e+01
6.33290840e-02, 2.66676928e-02, 9.40442630e-01, 6.05276846e-02, 9.03571697e-01, 6.24152459e-02, 3.24265693e+00, 7.00019030e+01
6.51069356e-02, 2.73932126e-02, 9.38872865e-01, 6.21490735e-02, 9.01950308e-01, 6.41407566e-02, 3.24093142e+00, 7.00616765e+01
6.69346971e-02, 2.81378388e-02, 9.37264486e-01, 6.38117202e-02, 9.00287661e-01, 6.59131719e-02, 3.23915901e+00, 7.01232830e+01
6.88137699e-02, 2.89020403e-02, 9.35616689e-01, 6.55165546e-02, 8.98582827e-01, 6.77337199e-02, 3.23733846e+00, 7.01867827e+01
7.07455942e-02, 2.96862961e-02, 9.33928662e-01, 6.72645210e-02, 8.96834861e-01, 6.96036581e-02, 3.23546852e+00, 7.02522382e+01
7.27316511e-02, 3.04910947e-02, 9.32199585e-01, 6.90565776e-02, 8.95042804e-01, 7.15242734e-02, 3.23354790e+00, 7.03197140e+01
7.47734631e-02, 3.13169348e-02, 9.30428629e-01, 7.08936965e-02, 8.93205685e-01, 7.34968837e-02, 3.23157529e+00, 7.03892771e+01
7.68725952e-02, 3.21643250e-02, 9.28614958e-01, 7.27768636e-02, 8.91322518e-01, 7.55228373e-02, 3.22954934e+00, 7.04609973e+01
7.90306568e-02, 3.30337838e-02, 9.26757728e-01, 7.47070782e-02, 8.89392303e-01, 7.76035141e-02, 3.22746866e+00, 7.05349464e+01
8.12493021e-02, 3.39258402e-02, 9.24856088e-01, 7.66853523e-02, 8.87414029e-01, 7.97403260e-02, 3.22533185e+00, 7.06111992e+01
8.35302320e-02, 3.48410332e-02, 9.22909182e-01, 7.87127110e-02, 8.85386671e-01, 8.19347171e-02, 3.22313746e+00, 7.06898334e+01
8.58751948e-02, 3.57799125e-02, 9.20916146e-01, 8.07901915e-02, 8.83309190e-01, 8.41881645e-02, 3.22088401e+00, 7.07709292e+01
8.82859884e-02, 3.67430377e-02, 9.18876114e-01, 8.29188430e-02, 8.81180539e-01, 8.65021787e-02, 3.21857000e+00, 7.08545702e+01
9.07644607e-02, 3.77309793e-02, 9.16788212e-01, 8.50997259e-02, 8.78999656e-01, 8.88783041e-02, 3.21619387e+00, 7.09408430e+01
9.33125118e-02, 3.87443182e-02, 9.14651565e-01, 8.73339117e-02, 8.76765470e-01, 9.13181193e-02, 3.21375406e+00, 7.10298374e+01
9.59320948e-02, 3.97836456e-02, 9.12465293e-01, 8.96224822e-02, 8.74476899e-01, 9.38232377e-02, 3.21124894e+00, 7.11216467e+01
9.86252179e-02, 4.08495636e-02, 9.10228514e-01, 9.19665287e-02, 8.72132853e-01, 9.63953079e-02, 3.20867687e+00, 7.12163677e+01
1.01393946e-01, 4.19426849e-02, 9.07940346e-01, 9.43671516e-02, 8.69732230e-01, 9.90360140e-02, 3.20603616e+00, 7.13141010e+01
1.04240401e-01, 4.30636326e-02, 9.05599903e-01, 9.68254597e-02, 8.67273922e-01, 1.01747076e-01, 3.20332510e+00, 7.14149511e+01
1.07166765e-01, 4.42130406e-02, 9.03206303e-01, 9.93425692e-02, 8.64756812e-01, 1.04530250e-01, 3.20054193e+00, 7.15190264e+01
1.10175281e-01, 4.53915533e-02, 9.00758661e-01, 1.01919603e-01, 8.62179779e-01, 1.07387330e-01, 3.19768485e+00, 7.16264396e+01
1.13268257e-01, 4.65998259e-02, 8.98256098e-01, 1.04557689e-01, 8.59541692e-01, 1.10320145e-01, 3.19475203e+00, 7.17373077e+01
1.16448062e-01, 4.78385241e-02, 8.95697735e-01, 1.07257962e-01, 8.56841420e-01, 1.13330563e-01, 3.19174161e+00, 7.18517524e+01
1.19717134e-01, 4.91083240e-02, 8.93082699e-01, 1.10021557e-01, 8.54077824e-01, 1.16420488e-01, 3.18865169e+00, 7.19699001e+01
1.23077980e-01, 5.04099123e-02, 8.90410121e-01, 1.12849616e-01, 8.51249766e-01, 1.19591862e-01, 3.18548032e+00, 7.20918823e+01
1.26533176e-01, 5.17439860e-02, 8.87679139e-01, 1.15743278e-01, 8.48356104e-01, 1.22846665e-01, 3.18222551e+00, 7.22178356e+01
1.30085370e-01, 5.31112527e-02, 8.84888900e-01, 1.18703684e-01, 8.45395697e-01, 1.26186915e-01, 3.17888526e+00, 7.23479020e+01
1.33737286e-01, 5.45124297e-02, 8.82038557e-01, 1.21731976e-01, 8.42367406e-01, 1.29614668e-01, 3.17545751e+00, 7.24822292e+01
1.37491723e-01, 5.59482450e-02, 8.79127276e-01, 1.24829290e-01, 8.39270092e-01, 1.33132017e-01, 3.17194016e+00, 7.26209709e+01
1.41351558e-01, 5.74194362e-02, 8.76154234e-01, 1.27996759e-01, 8.36102622e-01, 1.36741095e-01, 3.16833108e+00, 7.27642870e+01
1.45319752e-01, 5.89267507e-02, 8.73118619e-01, 1.31235511e-01, 8.32863870e-01, 1.40444070e-01, 3.16462811e+00, 7.29123437e+01
1.49399346e-01, 6.04709458e-02, 8.70019635e-01, 1.34546667e-01, 8.29552715e-01, 1.44243149e-01, 3.16082903e+00, 7.30653140e+01
1.53593468e-01, 6.20527881e-02, 8.66856504e-01, 1.37931336e-01, 8.26168046e-01, 1.48140577e-01, 3.15693160e+00, 7.32233779e+01
1.57905331e-01, 6.36730536e-02, 8.63628462e-01, 1.41390619e-01, 8.22708762e-01, 1.52138634e-01, 3.15293354e+00, 7.33867230e+01
1.62338243e-01, 6.53325272e-02, 8.60334766e-01, 1.44925604e-01, 8.19173778e-01, 1.56239639e-01, 3.14883254e+00, 7.35555443e+01
1.66895601e-01, 6.70320026e-02, 8.56974693e-01, 1.48537362e-01, 8.15562020e-01, 1.60445944e-01, 3.14462623e+00, 7.37300448e+01
1.71580899e-01, 6.87722823e-02, 8.53547545e-01, 1.52226947e-01, 8.11872434e-01, 1.64759940e-01, 3.14031224e+00, 7.39104360e+01
1.76397728e-01, 7.05541769e-02, 8.50052645e-01, 1.55995397e-01, 8.08103985e-01, 1.69184050e-01, 3.13588813e+00, 7.40969381e+01
1.81349780e-01, 7.23785049e-02, 8.46489343e-01, 1.59843725e-01, 8.04255657e-01, 1.73720731e-01, 3.13135145e+00, 7.42897805e+01
1.86440853e-01, 7.42460926e-02, 8.42857018e-01, 1.63772920e-01, 8.00326462e-01, 1.78372475e-01, 3.12669970e+00, 7.44892021e+01
1.91674849e-01, 7.61577735e-02, 8.39155077e-01, 1.67783946e-01, 7.96315435e-01, 1.83141805e-01, 3.12193037e+00, 7.46954516e+01
1.97055780e-01, 7.81143880e-02, 8.35382959e-01, 1.71877738e-01, 7.92221644e-01, 1.88031275e-01, 3.11704090e+00, 7.49087883e+01
2.02587771e-01, 8.01167833e-02, 8.31540137e-01, 1.76055197e-01, 7.88044185e-01, 1.93043466e-01, 3.11202871e+00, 7.51294824e+01
2.08275063e-01, 8.21658124e-02, 8.27626118e-01, 1.80317191e-01, 7.83782191e-01, 1.98180991e-01, 3.10689119e+00, 7.53578153e+01
2.14122015e-01, 8.42623342e-02, 8.23640447e-01, 1.84664549e-01, 7.79434833e-01, 2.03446488e-01, 3.10162569e+00, 7.55940804e+01
2.20133111e-01, 8.64072127e-02, 8.19582709e-01, 1.89098060e-01, 7.75001322e-01, 2.08842619e-01, 3.09622956e+00, 7.58385834e+01
2.26312957e-01, 8.86013169e-02, 8.15452527e-01, 1.93618470e-01, 7.70480912e-01, 2.14372069e-01, 3.09070011e+00, 7.60916430e+01
2.32666291e-01, 9.08455198e-02, 8.11249571e-01, 1.98226477e-01, 7.65872904e-01, 2.20037545e-01, 3.08503463e+00, 7.63535913e+01
2.39197984e-01, 9.31406982e-02, 8.06973553e-01, 2.02922730e-01, 7.61176652e-01, 2.25841772e-01, 3.07923041e+00, 7.66247747e+01
2.45913043e-01, 9.54877322e-02, 8.02624233e-01, 2.07707822e-01, 7.56391560e-01, 2.31787490e-01, 3.07328469e+00, 7.69055541e+01
2.52816614e-01, 9.78875042e-02, 7.98201419e-01, 2.12582291e-01, 7.51517091e-01, 2.37877454e-01, 3.06719472e+00, 7.71963061e+01
2.59913992e-01, 1.00340899e-01, 7.93704972e-01, 2.17546614e-01, 7.46552767e-01, 2.44114430e-01, 3.06095775e+00, 7.74974231e+01
2.67210616e-01, 1.02848802e-01, 7.89134803e-01, 2.22601205e-01, 7.41498177e-01, 2.50501190e-01, 3.05457099e+00, 7.78093144e+01
2.74712079e-01, 1.05412101e-01, 7.84490880e-01, 2.27746408e-01, 7.36352974e-01, 2.57040512e-01, 3.04803167e+00, 7.81324067e+01
2.82424133e-01, 1.08031682e-01, 7.79773224e-01, 2.32982497e-01, 7.31116885e-01, 2.63735174e-01, 3.04133700e+00, 7.84671452e+01
2.90352688e-01, 1.10708431e-01, 7.74981917e-01, 2.38309671e-01, 7.25789710e-01, 2.70587952e-01, 3.03448422e+00, 7.88139939e+01
2.98503825e-01, 1.13443233e-01, 7.70117100e-01, 2.43728051e-01, 7.20371331e-01, 2.77601616e-01, 3.02747056e+00, 7.91734369e+01
3.06883789e-01, 1.16236971e-01, 7.65178976e-01, 2.49237673e-01, 7.14861708e-01, 2.84778924e-01, 3.02029325e+00, 7.95459790e+01
3.15499006e-01, 1.19090524e-01, 7.60167811e-01, 2.54838489e-01, 7.09260892e-01, 2.92122620e-01, 3.01294956e+00, 7.99321467e+01
3.24356081e-01, 1.22004770e-01, 7.55083934e-01, 2.60530360e-01, 7.03569022e-01, 2.99635428e-01, 3.00543675e+00, 8.03324890e+01
3.33461802e-01, 1.24980579e-01, 7.49927744e-01, 2.66313053e-01, 6.97786329e-01, 3.07320047e-01, 2.99775213e+00, 8.07475785e+01
3.42823149e-01, 1.28018820e-01, 7.44699703e-01, 2.72186237e-01, 6.91913145e-01, 3.15179147e-01, 2.98989303e+00, 8.11780123e+01
3.52447300e-01, 1.31120351e-01, 7.39400345e-01, 2.78149480e-01, 6.85949901e-01, 3.23215364e-01, 2.98185681e+00, 8.16244133e+01
3.62341632e-01, 1.34286029e-01, 7.34030273e-01, 2.84202248e-01, 6.79897134e-01, 3.31431292e-01, 2.97364088e+00, 8.20874309e+01
3.72513730e-01, 1.37516698e-01, 7.28590161e-01, 2.90343893e-01, 6.73755488e-01, 3.39829480e-01, 2.96524270e+00, 8.25677424e+01
3.82971391e-01, 1.40813196e-01, 7.23080757e-01, 2.96573661e-01, 6.67525721e-01, 3.48412422e-01, 2.95665976e+00, 8.30660538e+01
3.93722633e-01, 1.44176353e-01, 7.17502878e-01, 3.02890679e-01, 6.61208702e-01, 3.57182556e-01, 2.94788962e+00, 8.35831017e+01
4.04775697e-01, 1.47606985e-01, 7.11857418e-01, 3.09293958e-01, 6.54805423e-01, 3.66142255e-01, 2.93892992e+00, 8.41196538e+01
4.16139055e-01, 1.51105900e-01, 7.06145344e-01, 3.15782387e-01, 6.48316994e-01, 3.75293817e-01, 2.92977836e+00, 8.46765106e+01
4.27821420e-01, 1.54673893e-01, 7.00367697e-01, 3.22354732e-01, 6.41744650e-01, 3.84639465e-01, 2.92043271e+00, 8.52545064e+01
4.39831747e-01, 1.58311745e-01, 6.94525595e-01, 3.29009631e-01, 6.35089751e-01, 3.94181334e-01, 2.91089084e+00, 8.58545113e+01
4.52179242e-01, 1.62020224e-01, 6.88620228e-01, 3.35745595e-01, 6.28353787e-01, 4.03921465e-01, 2.90115071e+00, 8.64774318e+01
4.64873371e-01, 1.65800084e-01, 6.82652863e-01, 3.42561003e-01, 6.21538379e-01, 4.13861801e-01, 2.89121038e+00, 8.71242130e+01
4.77923865e-01, 1.69652062e-01, 6.76624841e-01, 3.49454102e-01, 6.14645280e-01, 4.24004173e-01, 2.88106800e+00, 8.77958397e+01
4.91340729e-01, 1.73576879e-01, 6.70537578e-01, 3.56423005e-01, 6.07676377e-01, 4.34350300e-01, 2.87072188e+00, 8.84933380e+01
5.05134247e-01, 1.77575238e-01, 6.64392563e-01, 3.63465690e-01, 6.00633691e-01, 4.44901774e-01, 2.86017040e+00, 8.92177772e+01
5.19314994e-01, 1.81647824e-01, 6.58191359e-01, 3.70580000e-01, 5.93519382e-01, 4.55660059e-01, 2.84941212e+00, 8.99702709e+01
5.33893840e-01, 1.85795303e-01, 6.51935600e-01, 3.77763640e-01, 5.86335742e-01, 4.66626476e-01, 2.83844570e+00, 9.07519795e+01
5.48881961e-01, 1.90018322e-01, 6.45626991e-01, 3.85014179e-01, 5.79085202e-01, 4.77802202e-01, 2.82726997e+00, 9.15641114e+01
5.64290847e-01, 1.94317504e-01, 6.39267309e-01, 3.92329054e-01, 5.71770328e-01, 4.89188257e-01, 2.81588392e+00, 9.24079250e+01
5.80132310e-01, 1.98693454e-01, 6.32858396e-01, 3.99705562e-01, 5.64393819e-01, 5.00785499e-01, 2.80428668e+00, 9.32847305e+01
5.96418495e-01, 2.03146750e-01, 6.26402164e-01, 4.07140872e-01, 5.56958510e-01, 5.12594616e-01, 2.79247756e+00, 9.41958921e+01
6.13161884e-01, 2.07677952e-01, 6.19900588e-01, 4.14632017e-01, 5.49467365e-01, 5.24616119e-01, 2.78045606e+00, 9.51428299e+01
6.30375315e-01, 2.12287591e-01, 6.13355704e-01, 4.22175905e-01, 5.41923477e-01, 5.36850334e-01, 2.76822184e+00, 9.61270219e+01
6.48071983e-01, 2.16976176e-01, 6.06769614e-01, 4.29769316e-01, 5.34330065e-01, 5.49297394e-01, 2.75577478e+00, 9.71500061e+01
6.66265452e-01, 2.21744190e-01, 6.00144472e-01, 4.37408909e-01, 5.26690472e-01, 5.61957235e-01, 2.74311494e+00, 9.82133830e+01
6.84969672e-01, 2.26592088e-01, 5.93482492e-01, 4.45091225e-01, 5.19008157e-01, 5.74829590e-01, 2.73024259e+00, 9.93188176e+01
7.04198979e-01, 2.31520301e-01, 5.86785940e-01, 4.52812688e-01, 5.11286694e-01, 5.87913978e-01, 2.71715820e+00, 1.00468042e+02
7.23968114e-01, 2.36529229e-01, 5.80057132e-01, 4.60569618e-01, 5.03529764e-01, 6.01209706e-01, 2.70386247e+00, 1.01662857e+02
7.44292233e-01, 2.41619247e-01, 5.73298431e-01, 4.68358229e-01, 4.95741152e-01, 6.14715857e-01, 2.69035632e+00, 1.02905137e+02
7.65186915e-01, 2.46790700e-01, 5.66512244e-01, 4.76174641e-01, 4.87924741e-01, 6.28431291e-01, 2.67664089e+00, 1.04196829e+02
7.86668179e-01, 2.52043903e-01, 5.59701019e-01, 4.84014881e-01, 4.80084501e-01, 6.42354640e-01, 2.66271754e+00, 1.05539959e+02
8.08752491e-01, 2.57379142e-01, 5.52867241e-01, 4.91874895e-01, 4.72224487e-01, 6.56484300e-01, 2.64858788e+00, 1.06936632e+02
8.31456781e-01, 2.62796674e-01, 5.46013431e-01, 4.99750554e-01, 4.64348827e-01, 6.70818438e-01, 2.63425374e+00, 1.08389037e+02
8.54798453e-01, 2.68296725e-01, 5.39142136e-01, 5.07637663e-01, 4.56461719e-01, 6.85354979e-01, 2.61971720e+00, 1.09899446e+02
8.78795401e-01, 2.73879488e-01, 5.32255933e-01, 5.15531968e-01, 4.48567414e-01, 7.00091616e-01, 2.60498056e+00, 1.11470225e+02
9.03466021e-01, 2.79545129e-01, 5.25357421e-01, 5.23429164e-01, 4.40670217e-01, 7.15025799e-01, 2.59004638e+00, 1.13103829e+02
9.28829225e-01, 2.85293778e-01, 5.18449216e-01, 5.31324911e-01, 4.32774471e-01, 7.30154746e-01, 2.57491743e+00, 1.14802810e+02
9.54904456e-01, 2.91125536e-01, 5.11533951e-01, 5.39214835e-01, 4.24884547e-01, 7.45475434e-01, 2.55959674e+00, 1.16569819e+02
9.81711702e-01, 2.97040474e-01, 5.04614268e-01, 5.47094542e-01, 4.17004840e-01, 7.60984611e-01, 2.54408757e+00, 1.18407609e+02
1.00927151e+00, 3.03038627e-01, 4.97692817e-01, 5.54959631e-01, 4.09139751e-01, 7.76678791e-01, 2.52839339e+00, 1.20319042e+02
1.03760502e+00, 3.09120002e-01, 4.90772250e-01, 5.62805698e-01, 4.01293683e-01, 7.92554262e-01, 2.51251792e+00, 1.22307090e+02
1.06673394e+00, 3.15284571e-01, 4.83855218e-01, 5.70628354e-01, 3.93471028e-01, 8.08607088e-01, 2.49646509e+00, 1.24374839e+02
1.09668060e+00, 3.21532276e-01, 4.76944367e-01, 5.78423226e-01, 3.85676155e-01, 8.24833118e-01, 2.48023906e+00, 1.26525495e+02
1.12746796e+00, 3.27863028e-01, 4.70042332e-01, 5.86185979e-01, 3.77913402e-01, 8.41227989e-01, 2.46384419e+00, 1.28762389e+02
1.15911962e+00, 3.34276704e-01, 4.63151736e-01, 5.93912316e-01, 3.70187065e-01, 8.57787133e-01, 2.44728504e+00, 1.31088979e+02
1.19165984e+00, 3.40773150e-01, 4.56275185e-01, 6.01597996e-01, 3.62501386e-01, 8.74505788e-01, 2.43056639e+00, 1.33508857e+02
1.22511358e+00, 3.47352184e-01, 4.49415262e-01, 6.09238837e-01, 3.54860544e-01, 8.91379001e-01, 2.41369318e+00, 1.36025756e+02
1.25950646e+00, 3.54013588e-01, 4.42574525e-01, 6.16830736e-01, 3.47268646e-01, 9.08401642e-01, 2.39667053e+00, 1.38643549e+02
1.29486487e+00, 3.60757118e-01, 4.35755505e-01, 6.24369667e-01, 3.39729715e-01, 9.25568411e-01, 2.37950377e+00, 1.41366264e+02
1.33121590e+00, 3.67582497e-01, 4.28960698e-01, 6.31851699e-01, 3.32247682e-01, 9.42873849e-01, 2.36219833e+00, 1.44198080e+02
1.36858742e+00, 3.74489419e-01, 4.22192565e-01, 6.39273003e-01, 3.24826379e-01, 9.60312347e-01, 2.34475983e+00, 1.47143344e+02
1.40700809e+00, 3.81477549e-01, 4.15453528e-01, 6.46629856e-01, 3.17469525e-01, 9.77878161e-01, 2.32719402e+00, 1.50206566e+02
1.44650734e+00, 3.88546523e-01, 4.08745964e-01, 6.53918657e-01, 3.10180725e-01, 9.95565420e-01, 2.30950676e+00, 1.53392436e+02
1.48711546e+00, 3.95695948e-01, 4.02072206e-01, 6.61135926e-01, 3.02963455e-01, 1.01336814e+00, 2.29170404e+00, 1.56705824e+02
1.52886359e+00, 4.02925403e-01, 3.95434536e-01, 6.68278319e-01, 2.95821063e-01, 1.03128023e+00, 2.27379195e+00, 1.60151793e+02
1.57178372e+00, 4.10234442e-01, 3.88835186e-01, 6.75342627e-01, 2.88756755e-01, 1.04929552e+00, 2.25577666e+00, 1.63735602e+02
1.61590875e+00, 4.17622591e-01, 3.82276331e-01, 6.82325788e-01, 2.81773594e-01, 1.06740775e+00, 2.23766443e+00, 1.67462718e+02
1.66127252e+00, 4.25089350e-01, 3.75760089e-01, 6.89224887e-01, 2.74874495e-01, 1.08561060e+00, 2.21946157e+00, 1.71338823e+02
1.70790980e+00, 4.32634194e-01, 3.69288519e-01, 6.96037166e-01, 2.68062216e-01, 1.10389771e+00, 2.20117447e+00, 1.75369823e+02
1.75585633e+00, 4.40256573e-01, 3.62863618e-01, 7.02760021e-01, 2.61339361e-01, 1.12226266e+00, 2.18280952e+00, 1.79561858e+02
1.80514888e+00, 4.47955916e-01, 3.56487318e-01, 7.09391012e-01, 2.54708369e-01, 1.14069901e+00, 2.16437317e+00, 1.83921311e+02
1.85582523e+00, 4.55731626e-01, 3.50161484e-01, 7.15927862e-01, 2.48171519e-01, 1.15920031e+00, 2.14587186e+00, 1.88454820e+02
1.90792422e+00, 4.63583085e-01, 3.43887915e-01, 7.22368458e-01, 2.41730923e-01, 1.17776011e+00, 2.12731207e+00, 1.93169287e+02
1.96148581e+00, 4.71509656e-01, 3.37668341e-01, 7.28710855e-01, 2.35388527e-01, 1.19637194e+00, 2.10870023e+00, 1.98071892e+02
2.01655104e+00, 4.79510678e-01, 3.31504419e-01, 7.34953273e-01, 2.29146109e-01, 1.21502939e+00, 2.09004278e+00, 2.03170100e+02
2.07316213e+00, 4.87585472e-01, 3.25397736e-01, 7.41094102e-01, 2.23005280e-01, 1.23372605e+00, 2.07134613e+00, 2.08471680e+02
2.13136247e+00, 4.95733342e-01, 3.19349807e-01, 7.47131896e-01, 2.16967485e-01, 1.25245556e+00, 2.05261662e+00, 2.13984712e+02
2.19119669e+00, 5.03953573e-01, 3.13362070e-01, 7.53065377e-01, 2.11034005e-01, 1.27121161e+00, 2.03386057e+00, 2.19717603e+02
2.25271064e+00, 5.12245431e-01, 3.07435893e-01, 7.58893427e-01, 2.05205954e-01, 1.28998795e+00, 2.01508423e+00, 2.25679102e+02
2.31595149e+00, 5.20608169e-01, 3.01572566e-01, 7.64615094e-01, 1.99484288e-01, 1.30877839e+00, 1.99629378e+00, 2.31878313e+02
2.38096772e+00, 5.29041024e-01, 2.95773306e-01, 7.70229579e-01, 1.93869802e-01, 1.32757685e+00, 1.97749533e+00, 2.38324711e+02
2.44780916e+00, 5.37543219e-01, 2.90039255e-01, 7.75736244e-01, 1.88363137e-01, 1.34637729e+00, 1.95869489e+00, 2.45028160e+02
2.51652705e+00, 5.46113963e-01, 2.84371479e-01, 7.81134600e-01, 1.82964781e-01, 1.36517380e+00, 1.93989838e+00, 2.51998924e+02
2.58717408e+00, 5.54752453e-01, 2.78770971e-01, 7.86424307e-01, 1.77675075e-01, 1.38396054e+00, 1.92111164e+00, 2.59247692e+02
2.65980440e+00, 5.63457874e-01, 2.73238647e-01, 7.91605168e-01, 1.72494214e-01, 1.40273181e+00, 1.90234037e+00, 2.66785590e+02
2.73447368e+00, 5.72229403e-01, 2.67775351e-01, 7.96677126e-01, 1.67422256e-01, 1.42148199e+00, 1.88359019e+00, 2.74624203e+02
2.81123917e+00, 5.81066203e-01, 2.62381854e-01, 8.01640257e-01, 1.62459124e-01, 1.44020560e+00, 1.86486658e+00, 2.82775596e+02
2.89015972e+00, 5.89967432e-01, 2.57058854e-01, 8.06494770e-01, 1.57604612e-01, 1.45889727e+00, 1.84617491e+00, 2.91252330e+02
2.97129582e+00, 5.98932239e-01, 2.51806978e-01, 8.11240994e-01, 1.52858387e-01, 1.47755177e+00, 1.82752041e+00, 3.00067488e+02
3.05470967e+00, 6.07959763e-01, 2.46626782e-01, 8.15879379e-01, 1.48220002e-01, 1.49616398e+00, 1.80890820e+00, 3.09234695e+02
3.14046522e+00, 6.17049141e-01, 2.41518754e-01, 8.20410488e-01, 1.43688893e-01, 1.51472893e+00, 1.79034325e+00, 3.18768143e+02
3.22862820e+00, 6.26199502e-01, 2.36483311e-01, 8.24834991e-01, 1.39264390e-01, 1.53324179e+00, 1.77183039e+00, 3.28682613e+02
3.31926620e+00, 6.35409971e-01, 2.31520808e-01, 8.29153661e-01, 1.34945720e-01, 1.55169786e+00, 1.75337432e+00, 3.38993502e+02
3.41244871e+00, 6.44679670e-01, 2.26631530e-01, 8.33367366e-01, 1.30732015e-01, 1.57009258e+00, 1.73497960e+00, 3.49716850e+02
3.50824714e+00, 6.54007716e-01, 2.21815701e-01, 8.37477066e-01, 1.26622316e-01, 1.58842153e+00, 1.71665064e+00, 3.60869366e+02
3.60673495e+00, 6.63393226e-01, 2.17073483e-01, 8.41483804e-01, 1.22615578e-01, 1.60668045e+00, 1.69839172e+00, 3.72468457e+02
3.70798763e+00, 6.72835313e-01, 2.12404976e-01, 8.45388704e-01, 1.18710678e-01, 1.62486522e+00, 1.68020696e+00, 3.84532261e+02
3.81208280e+00, 6.82333091e-01, 2.07810223e-01, 8.49192962e-01, 1.14906419e-01, 1.64297184e+00, 1.66210034e+00, 3.97079670e+02
3.91910025e+00, 6.91885673e-01, 2.03289209e-01, 8.52897845e-01, 1.11201537e-01, 1.66099649e+00, 1.64407569e+00, 4.10130373e+02
4.02912203e+00, 7.01492174e-01, 1.98841864e-01, 8.56504678e-01, 1.07594703e-01, 1.67893547e+00, 1.62613670e+00, 4.23704882e+02
4.14223247e+00, 7.11151707e-01, 1.94468065e-01, 8.60014848e-01, 1.04084534e-01, 1.69678524e+00, 1.60828694e+00, 4.37824571e+02
4.25851829e+00, 7.20863389e-01, 1.90167637e-01, 8.63429791e-01, 1.00669591e-01, 1.71454240e+00, 1.59052978e+00, 4.52511710e+02
4.37806863e+00, 7.30626340e-01, 1.85940357e-01, 8.66750991e-01, 9.73483902e-02, 1.73220367e+00, 1.57286850e+00, 4.67789507e+02
4.50097513e+00, 7.40439681e-01, 1.81785952e-01, 8.69979976e-01, 9.41194055e-02, 1.74976595e+00, 1.55530622e+00, 4.83682145e+02
4.62733201e+00, 7.50302539e-01, 1.77704105e-01, 8.73118309e-01, 9.09810729e-02, 1.76722626e+00, 1.53784592e+00, 5.00214823e+02
4.75723614e+00, 7.60214043e-01, 1.73694456e-01, 8.76167586e-01, 8.79317954e-02, 1.78458174e+00, 1.52049044e+00, 5.17413802e+02
4.89078709e+00, 7.70173327e-01, 1.69756602e-01, 8.79129434e-01, 8.49699477e-02, 1.80182970e+00, 1.50324248e+00, 5.35306448e+02
5.02808725e+00, 7.80179530e-01, 1.65890100e-01, 8.82005502e-01, 8.20938801e-02, 1.81896756e+00, 1.48610462e+00, 5.53921279e+02
5.16924187e+00, 7.90231798e-01, 1.62094471e-01, 8.84797459e-01, 7.93019226e-02, 1.83599288e+00, 1.46907929e+00, 5.73288017e+02
5.31435916e+00, 8.00329281e-01, 1.58369199e-01, 8.87506993e-01, 7.65923890e-02, 1.85290336e+00, 1.45216882e+00, 5.93437633e+02
5.46355035e+00, 8.10471136e-01, 1.54713732e-01, 8.90135801e-01, 7.39635803e-02, 1.86969680e+00, 1.43537538e+00, 6.14402406e+02
5.61692982e+00, 8.20656529e-01, 1.51127491e-01, 8.92685593e-01, 7.14137884e-02, 1.88637115e+00, 1.41870103e+00, 6.36215977e+02
5.77461515e+00, 8.30884629e-01, 1.47609861e-01, 8.95158082e-01, 6.89412992e-02, 1.90292447e+00, 1.40214770e+00, 6.58913404e+02
5.93672722e+00, 8.41154616e-01, 1.44160202e-01, 8.97554986e-01, 6.65443958e-02, 1.91935495e+00, 1.38571723e+00, 6.82531225e+02
6.10339029e+00, 8.51465677e-01, 1.40777848e-01, 8.99878020e-01, 6.42213618e-02, 1.93566088e+00, 1.36941130e+00, 7.07107520e+02
6.27473213e+00, 8.61817006e-01, 1.37462106e-01, 9.02128898e-01, 6.19704835e-02, 1.95184067e+00, 1.35323151e+00, 7.32681976e+02
6.45088409e+00, 8.72207807e-01, 1.34212261e-01, 9.04309329e-01, 5.97900529e-02, 1.96789285e+00, 1.33717932e+00, 7.59295955e+02
6.63198120e+00, 8.82637292e-01, 1.31027576e-01, 9.06421012e-01, 5.76783701e-02, 1.98381606e+00, 1.32125612e+00, 7.86992566e+02
6.81816229e+00, 8.93104682e-01, 1.27907296e-01, 9.08465636e-01, 5.56337454e-02, 1.99960903e+00, 1.30546315e+00, 8.15816737e+02
7.00957009e+00, 9.03609206e-01, 1.24850646e-01, 9.10444880e-01, 5.36545014e-02, 2.01527060e+00, 1.28980158e+00, 8.45815296e+02
7.20635132e+00, 9.14150106e-01, 1.21856835e-01, 9.12360406e-01, 5.17389753e-02, 2.03079971e+00, 1.27427247e+00, 8.77037047e+02
7.40865683e+00, 9.24726629e-01, 1.18925058e-01, 9.14213861e-01, 4.98855202e-02, 2.04619539e+00, 1.25887678e+00, 9.09532855e+02
7.61664172e+00, 9.35338035e-01, 1.16054495e-01, 9.16006875e-01, 4.80925071e-02, 2.06145679e+00, 1.24361539e+00, 9.43355736e+02
7.83046540e+00, 9.45983593e-01, 1.13244314e-01, 9.17741055e-01, 4.63583264e-02, 2.07658312e+00, 1.22848906e+00, 9.78560944e+02
8.05029181e+00, 9.56662583e-01, 1.10493675e-01, 9.19417993e-01, 4.46813891e-02, 2.09157369e+00, 1.21349849e+00, 1.01520607e+03
8.27628946e+00, 9.67374292e-01, 1.07801724e-01, 9.21039254e-01, 4.30601280e-02, 2.10642790e+00, 1.19864428e+00, 1.05335113e+03
8.50863158e+00, 9.78118021e-01, 1.05167604e-01, 9.22606383e-01, 4.14929990e-02, 2.12114522e+00, 1.18392696e+00, 1.09305870e+03
8.74749630e+00, 9.88893079e-01, 1.02590447e-01, 9.24120899e-01, 3.99784823e-02, 2.13572522e+00, 1.16934696e+00, 1.13439397e+03
8.99306672e+00, 9.99698787e-01, 1.00069381e-01, 9.25584299e-01, 3.85150826e-02, 2.15016752e+00, 1.15490465e+00, 1.17742490e+03
9.24553110e+00, 1.01053448e+00, 9.76035298e-02, 9.26998051e-01, 3.71013306e-02, 2.16447185e+00, 1.14060033e+00, 1.22222234e+03
9.50508296e+00, 1.02139949e+00, 9.51920136e-02, 9.28363598e-01, 3.57357834e-02, 2.17863798e+00, 1.12643420e+00, 1.26886010e+03
9.77192128e+00, 1.03229317e+00, 9.28339498e-02, 9.29682357e-01, 3.44170249e-02, 2.19266576e+00, 1.11240642e+00, 1.31741513e+03
1.00462506e+01, 1.04321489e+00, 9.05284548e-02, 9.30955715e-01, 3.31436665e-02, 2.20655510e+00, 1.09851707e+00, 1.36796764e+03
1.03282813e+01, 1.05416402e+00, 8.82746444e-02, 9.32185034e-01, 3.19143476e-02, 2.22030600e+00, 1.08476617e+00, 1.42060121e+03
1.06182294e+01, 1.06513995e+00, 8.60716349e-02, 9.33371646e-01, 3.07277356e-02, 2.23391850e+00, 1.07115368e+00, 1.47540299e+03
1.09163173e+01, 1.07614206e+00, 8.39185439e-02, 9.34516855e-01, 2.95825264e-02, 2.24739268e+00, 1.05767949e+00, 1.53246378e+03
1.12227736e+01, 1.08716977e+00, 8.18144912e-02, 9.35621937e-01, 2.84774447e-02, 2.26072873e+00, 1.04434345e+00, 1.59187823e+03
1.15378330e+01, 1.09822248e+00, 7.97585995e-02, 9.36688138e-01, 2.74112435e-02, 2.27392684e+00, 1.03114533e+00, 1.65374500e+03
1.18617372e+01, 1.10929963e+00, 7.77499950e-02, 9.37716677e-01, 2.63827049e-02, 2.28698729e+00, 1.01808488e+00, 1.71816692e+03
1.21947344e+01, 1.12040065e+00, 7.57878084e-02, 9.38708742e-01, 2.53906397e-02, 2.29991039e+00, 1.00516178e+00, 1.78525116e+03
1.25370799e+01, 1.13152499e+00, 7.38711753e-02, 9.39665494e-01, 2.44338874e-02, 2.31269651e+00, 9.92375666e-01, 1.85510944e+03
1.28890361e+01, 1.14267211e+00, 7.19992367e-02, 9.40588066e-01, 2.35113158e-02, 2.32534605e+00, 9.79726125e-01, 1.92785820e+03
1.32508729e+01, 1.15384147e+00, 7.01711401e-02, 9.41477560e-01, 2.26218216e-02, 2.33785947e+00, 9.67212705e-01, 2.00361879e+03
1.36228676e+01, 1.16503255e+00, 6.83860392e-02, 9.42335052e-01, 2.17643294e-02, 2.35023726e+00, 9.54834913e-01, 2.08251772e+03
1.40053055e+01, 1.17624484e+00, 6.66430952e-02, 9.43161590e-01, 2.09377918e-02, 2.36247996e+00, 9.42592212e-01, 2.16468682e+03
1.43984795e+01, 1.18747784e+00, 6.49414767e-02, 9.43958193e-01, 2.01411891e-02, 2.37458815e+00, 9.30484031e-01, 2.25026354e+03
1.48026913e+01, 1.19873106e+00, 6.32803605e-02, 9.44725852e-01, 1.93735292e-02, 2.38656242e+00, 9.18509762e-01, 2.33939111e+03
1.52182505e+01, 1.21000400e+00, 6.16589316e-02, 9.45465535e-01, 1.86338469e-02, 2.39840342e+00, 9.06668761e-01, 2.43221883e+03
1.56454759e+01, 1.22129622e+00, 6.00763839e-02, 9.46178178e-01, 1.79212037e-02, 2.41011182e+00, 8.94960354e-01, 2.52890232e+03
1.60846948e+01, 1.23260723e+00, 5.85319205e-02, 9.46864694e-01, 1.72346875e-02, 2.42168834e+00, 8.83383835e-01, 2.62960378e+03
1.65362441e+01, 1.24393658e+00, 5.70247538e-02, 9.47525970e-01, 1.65734121e-02, 2.43313371e+00, 8.71938469e-01, 2.73449230e+03
1.70004698e+01, 1.25528384e+00, 5.55541057e-02, 9.48162865e-01, 1.59365167e-02, 2.44444868e+00, 8.60623494e-01, 2.84374408e+03
1.74777277e+01, 1.26664856e+00, 5.41192085e-02, 9.48776216e-01, 1.53231658e-02, 2.45563406e+00, 8.49438122e-01, 2.95754282e+03
1.79683839e+01, 1.27803033e+00, 5.27193041e-02, 9.49366833e-01, 1.47325483e-02, 2.46669064e+00, 8.38381539e-01, 3.07607997e+03
1.84728144e+01, 1.28942872e+00, 5.13536452e-02, 9.49935504e-01, 1.41638774e-02, 2.47761927e+00, 8.27452911e-01, 3.19955508e+03
1.89914058e+01, 1.30084334e+00, 5.00214947e-02, 9.50482992e-01, 1.36163898e-02, 2.48842080e+00, 8.16651380e-01, 3.32817618e+03
1.95245558e+01, 1.31227377e+00, 4.87221263e-02, 9.51010036e-01, 1.30893455e-02, 2.49909611e+00, 8.05976068e-01, 3.46216006e+03
2.00726730e+01, 1.32371963e+00, 4.74548245e-02, 9.51517354e-01, 1.25820273e-02, 2.50964610e+00, 7.95426079e-01, 3.60173271e+03
2.06361777e+01, 1.33518054e+00, 4.62188846e-02, 9.52005642e-01, 1.20937401e-02, 2.52007168e+00, 7.85000499e-01, 3.74712970e+03
2.12155017e+01, 1.34665613e+00, 4.50136131e-02, 9.52475571e-01, 1.16238105e-02, 2.53037378e+00, 7.74698397e-01, 3.89859655e+03
2.18110892e+01, 1.35814602e+00, 4.38383275e-02, 9.52927795e-01, 1.11715864e-02, 2.54055335e+00, 7.64518827e-01, 4.05638918e+03
2.24233968e+01, 1.36964988e+00, 4.26923562e-02, 9.53362945e-01, 1.07364365e-02, 2.55061135e+00, 7.54460829e-01, 4.22077434e+03
2.30528939e+01, 1.38116734e+00, 4.15750390e-02, 9.53781632e-01, 1.03177494e-02, 2.56054875e+00, 7.44523430e-01, 4.39203010e+03
2.37000629e+01, 1.39269806e+00, 4.04857268e-02, 9.54184448e-01, 9.91493376e-03, 2.57036653e+00, 7.34705646e-01, 4.57044626e+03
2.43654001e+01, 1.40424172e+00, 3.94237819e-02, 9.54571964e-01, 9.52741735e-03, 2.58006570e+00, 7.25006479e-01, 4.75632494e+03
2.50494154e+01, 1.41579798e+00, 3.83885774e-02, 9.54944735e-01, 9.15464667e-03, 2.58964725e+00, 7.15424924e-01, 4.94998100e+03
2.57526333e+01, 1.42736654e+00, 3.73794979e-02, 9.55303295e-01, 8.79608645e-03, 2.59911221e+00, 7.05959966e-01, 5.15174268e+03
2.64755927e+01, 1.43894707e+00, 3.63959391e-02, 9.55648162e-01, 8.45121921e-03, 2.60846160e+00, 6.96610582e-01, 5.36195209e+03
2.72188479e+01, 1.45053928e+00, 3.54373078e-02, 9.55979837e-01, 8.11954473e-03, 2.61769644e+00, 6.87375740e-01, 5.58096583e+03
2.79829688e+01, 1.46214287e+00, 3.45030217e-02, 9.56298802e-01, 7.80057961e-03, 2.62681777e+00, 6.78254405e-01, 5.80915562e+03
2.87685409e+01, 1.47375755e+00, 3.35925097e-02, 9.56605525e-01, 7.49385678e-03, 2.63582664e+00, 6.69245533e-01, 6.04690890e+03
2.95761666e+01, 1.48538304e+00, 3.27052117e-02, 9.56900457e-01, 7.19892504e-03, 2.64472410e+00, 6.60348076e-01, 6.29462954e+03
3.04064649e+01, 1.49701906e+00, 3.18405781e-02, 9.57184033e-01, 6.91534861e-03, 2.65351119e+00, 6.51560983e-01, 6.55273849e+03
3.12600724e+01, 1.50866534e+00, 3.09980705e-02, 9.57456675e-01, 6.64270668e-03, 2.66218898e+00, 6.42883200e-01, 6.82167454e+03
3.21376434e+01, 1.52032162e+00, 3.01771610e-02, 9.57718789e-01, 6.38059297e-03, 2.67075851e+00, 6.34313667e-01, 7.10189508e+03
3.30398507e+01, 1.53198765e+00, 2.93773321e-02, 9.57970766e-01, 6.12861531e-03, 2.67922085e+00, 6.25851325e-01, 7.39387685e+03
3.39673858e+01, 1.54366317e+00, 2.85980772e-02, 9.58212986e-01, 5.88639519e-03, 2.68757706e+00, 6.17495113e-01, 7.69811679e+03
3.49209598e+01, 1.55534793e+00, 2.78388997e-02, 9.58445814e-01, 5.65356735e-03, 2.69582821e+00, 6.09243967e-01, 8.01513291e+03
3.59013038e+01, 1.56704171e+00, 2.70993135e-02, 9.58669602e-01, 5.42977941e-03, 2.70397535e+00, 6.01096825e-01, 8.34546512e+03
3.69091691e+01, 1.57874427e+00, 2.63788425e-02, 9.58884690e-01, 5.21469143e-03, 2.71201955e+00, 5.93052625e-01, 8.68967624e+03
3.79453285e+01, 1.59045537e+00, 2.56770206e-02, 9.59091406e-01, 5.00797553e-03, 2.71996187e+00, 5.85110305e-01, 9.04835292e+03
3.90105762e+01, 1.60217481e+00, 2.49933916e-02, 9.59290066e-01, 4.80931550e-03, 2.72780337e+00, 5.77268804e-01, 9.42210665e+03
4.01057288e+01, 1.61390235e+00, 2.43275093e-02, 9.59480975e-01, 4.61840647e-03, 2.73554511e+00, 5.69527062e-01, 9.81157485e+03
4.12316259e+01, 1.62563780e+00, 2.36789368e-02, 9.59664427e-01, 4.43495450e-03, 2.74318815e+00, 5.61884024e-01, 1.02174219e+04
4.23891306e+01, 1.63738095e+00, 2.30472468e-02, 9.59840705e-01, 4.25867624e-03, 2.75073354e+00, 5.54338634e-01, 1.06403404e+04
4.35791301e+01, 1.64913159e+00, 2.24320214e-02, 9.60010083e-01, 4.08929859e-03, 2.75818234e+00, 5.46889842e-01, 1.10810522e+04
4.48025368e+01, 1.66088953e+00, 2.18328518e-02, 9.60172823e-01, 3.92655837e-03, 2.76553558e+00, 5.39536599e-01, 1.15403098e+04
4.60602884e+01, 1.67265458e+00, 2.12493385e-02, 9.60329180e-01, 3.77020197e-03, 2.77279432e+00, 5.32277860e-01, 1.20188976e+04
4.73533492e+01, 1.68442656e+00, 2.06810907e-02, 9.60479397e-01, 3.61998506e-03, 2.77995959e+00, 5.25112586e-01, 1.25176332e+04
4.86827104e+01, 1.69620528e+00, 2.01277264e-02, 9.60623709e-01, 3.47567224e-03, 2.78703244e+00, 5.18039740e-01, 1.30373688e+04
5.00493910e+01, 1.70799057e+00, 1.95888723e-02, 9.60762345e-01, 3.33703680e-03, 2.79401389e+00, 5.11058291e-01, 1.35789927e+04
5.14544388e+01, 1.71978224e+00, 1.90641636e-02, 9.60895521e-01, 3.20386034e-03, 2.80090496e+00, 5.04167213e-01, 1.41434310e+04
5.28989308e+01, 1.73158015e+00, 1.85532437e-02, 9.61023449e-01, 3.07593257e-03, 2.80770669e+00, 4.97365484e-01, 1.47316488e+04
5.43839743e+01, 1.74338412e+00, 1.80557646e-02, 9.61146331e-01, 2.95305098e-03, 2.81442009e+00, 4.90652088e-01, 1.53446524e+04
5.59107078e+01, 1.75519399e+00, 1.75713858e-02, 9.61264361e-01, 2.83502059e-03, 2.82104616e+00, 4.84026017e-01, 1.59834905e+04
5.74803016e+01, 1.76700960e+00, 1.70997750e-02, 9.61377728e-01, 2.72165369e-03, 2.82758591e+00, 4.77486265e-01, 1.66492562e+04
5.90939590e+01, 1.77883082e+00, 1.66406078e-02, 9.61486612e-01, 2.61276958e-03, 2.83404034e+00, 4.71031835e-01, 1.73430891e+04
6.07529169e+01, 1.79065748e+00, 1.61935670e-02, 9.61591187e-01, 2.50819433e-03, 2.84041044e+00, 4.64661735e-01, 1.80661771e+04
6.24584471e+01, 1.80248944e+00, 1.57583434e-02, 9.61691621e-01, 2.40776054e-03, 2.84669720e+00, 4.58374981e-01, 1.88197583e+04
6.42118571e+01, 1.81432657e+00, 1.53346346e-02, 9.61788075e-01, 2.31130709e-03, 2.85290158e+00, 4.52170595e-01, 1.96051232e+04
6.60144909e+01, 1.82616872e+00, 1.49221457e-02, 9.61880703e-01, 2.21867898e-03, 2.85902457e+00, 4.46047604e-01, 2.04236174e+04
6.78677305e+01, 1.83801577e+00, 1.45205889e-02, 9.61969655e-01, 2.12972701e-03, 2.86506713e+00, 4.40005046e-01, 2.12766429e+04
6.97729965e+01, 1.84986758e+00, 1.41296829e-02, 9.62055074e-01, 2.04430769e-03, 2.87103021e+00, 4.34041963e-01, 2.21656618e+04
7.17317494e+01, 1.86172403e+00, 1.37491537e-02, 9.62137099e-01, 1.96228292e-03, 2.87691477e+00, 4.28157405e-01, 2.30921976e+04
7.37454909e+01, 1.87358500e+00, 1.33787335e-02, 9.62215862e-01, 1.88351989e-03, 2.88272175e+00, 4.22350430e-01, 2.40578387e+04
7.58157646e+01, 1.88545036e+00, 1.30181611e-02, 9.62291491e-01, 1.80789084e-03, 2.88845207e+00, 4.16620104e-01, 2.50642406e+04
7.79441575e+01, 1.89731999e+00, 1.26671819e-02, 9.62364109e-01, 1.73527288e-03, 2.89410668e+00, 4.10965500e-01, 2.61131293e+04
8.01323013e+01, 1.90919379e+00, 1.23255471e-02, 9.62433834e-01, 1.66554782e-03, 2.89968648e+00, 4.05385699e-01, 2.72063035e+04
8.23818733e+01, 1.92107165e+00, 1.19930143e-02, 9.62500780e-01, 1.59860199e-03, 2.90519239e+00, 3.99879788e-01, 2.83456384e+04
8.46945981e+01, 1.93295345e+00, 1.16693470e-02, 9.62565056e-01, 1.53432611e-03, 2.91062531e+00, 3.94446866e-01, 2.95330888e+04
8.70722485e+01, 1.94483908e+00, 1.13543144e-02, 9.62626767e-01, 1.47261507e-03, 2.91598614e+00, 3.89086036e-01, 3.07706921e+04
8.95166472e+01, 1.95672846e+00, 1.10476916e-02, 9.62686014e-01, 1.41336781e-03, 2.92127577e+00, 3.83796411e-01, 3.20605722e+04
9.20296681e+01, 1.96862147e+00, 1.07492590e-02, 9.62742894e-01, 1.35648719e-03, 2.92649507e+00, 3.78577112e-01, 3.34049429e+04
9.46132376e+01, 1.98051802e+00, 1.04588028e-02, 9.62797502e-01, 1.30187979e-03, 2.93164491e+00, 3.73427268e-01, 3.48061120e+04
9.72693362e+01, 1.99241802e+00, 1.01761143e-02, 9.62849926e-01, 1.24945581e-03, 2.93672616e+00, 3.68346015e-01, 3.62664849e+04
1.00000000e+02, 2.00432137e+00, 9.90099010e-03, 9.62900253e-01, 1.19912895e-03, 2.94173968e+00, 3.63332499e-01, 3.77885693e+04
