 --- Cosmological Parameters --- 
	 H0: 2.1561e-18 (1/s) = 66.5300 (km/s/Mpc) 
	 OmegaM: 3.1000e-01 
	 OmegaR: 0.0000e+00 
	 OmegaL: 6.9000e-01 
	 OmegaK: 0.0000e+00 
		 w0: -6.5000e-01 
		 wa: -1.2700e+00 
	 rho_crit: 8.3160e-30 (g/cm^3) 
z, log10(1+z), a, H0*t_look, H0*t_age, H0*t_conf, H0*t_conf_age, H(z) 
1.00000000e-04, 4.34272769e-05, 9.99900010e-01, 9.99908648e-05, 9.44907358e-01, 9.99958642e-05, 3.25442968e+00, 6.65355033e+01
1.02807322e-04, 4.46463579e-05, 9.99897203e-01, 1.02797667e-04, 9.44904552e-01, 1.02802951e-04, 3.25442687e+00, 6.65356578e+01
1.05693455e-04, 4.58996588e-05, 9.99894318e-01, 1.05683250e-04, 9.44901666e-01, 1.05688835e-04, 3.25442399e+00, 6.65358167e+01
1.08660611e-04, 4.71881402e-05, 9.99891351e-01, 1.08649825e-04, 9.44898699e-01, 1.08655728e-04, 3.25442102e+00, 6.65359799e+01
1.11711065e-04, 4.85127895e-05, 9.99888301e-01, 1.11699665e-04, 9.44895650e-01, 1.11705904e-04, 3.25441797e+00, 6.65361478e+01
1.14847155e-04, 4.98746217e-05, 9.99885166e-01, 1.14835106e-04, 9.44892514e-01, 1.14841700e-04, 3.25441483e+00, 6.65363204e+01
1.18071285e-04, 5.12746804e-05, 9.99881943e-01, 1.18058550e-04, 9.44889291e-01, 1.18065519e-04, 3.25441161e+00, 6.65364978e+01
1.21385926e-04, 5.27140387e-05, 9.99878629e-01, 1.21372466e-04, 9.44885977e-01, 1.21379832e-04, 3.25440829e+00, 6.65366802e+01
1.24793621e-04, 5.41937993e-05, 9.99875222e-01, 1.24779394e-04, 9.44882570e-01, 1.24787180e-04, 3.25440489e+00, 6.65368677e+01
1.28296980e-04, 5.57150964e-05, 9.99871719e-01, 1.28281944e-04, 9.44879067e-01, 1.28290172e-04, 3.25440138e+00, 6.65370605e+01
1.31898690e-04, 5.72790956e-05, 9.99868119e-01, 1.31882797e-04, 9.44875467e-01, 1.31891495e-04, 3.25439778e+00, 6.65372587e+01
1.35601511e-04, 5.88869955e-05, 9.99864417e-01, 1.35584714e-04, 9.44871765e-01, 1.35593906e-04, 3.25439408e+00, 6.65374625e+01
1.39408283e-04, 6.05400281e-05, 9.99860611e-01, 1.39390529e-04, 9.44867959e-01, 1.39400245e-04, 3.25439027e+00, 6.65376719e+01
1.43321923e-04, 6.22394601e-05, 9.99856699e-01, 1.43303159e-04, 9.44864046e-01, 1.43313427e-04, 3.25438636e+00, 6.65378873e+01
1.47345431e-04, 6.39865937e-05, 9.99852676e-01, 1.47325599e-04, 9.44860024e-01, 1.47336452e-04, 3.25438234e+00, 6.65381087e+01
1.51481892e-04, 6.57827676e-05, 9.99848541e-01, 1.51460931e-04, 9.44855888e-01, 1.51472402e-04, 3.25437820e+00, 6.65383363e+01
1.55734477e-04, 6.76293582e-05, 9.99844290e-01, 1.55712323e-04, 9.44851637e-01, 1.55724447e-04, 3.25437395e+00, 6.65385703e+01
1.60106446e-04, 6.95277803e-05, 9.99839919e-01, 1.60083030e-04, 9.44847266e-01, 1.60095845e-04, 3.25436958e+00, 6.65388109e+01
1.64601150e-04, 7.14794886e-05, 9.99835426e-01, 1.64576401e-04, 9.44842773e-01, 1.64589945e-04, 3.25436508e+00, 6.65390582e+01
1.69222035e-04, 7.34859785e-05, 9.99830807e-01, 1.69195877e-04, 9.44838153e-01, 1.69210193e-04, 3.25436046e+00, 6.65393125e+01
1.73972643e-04, 7.55487874e-05, 9.99826058e-01, 1.73944996e-04, 9.44833404e-01, 1.73960126e-04, 3.25435571e+00, 6.65395739e+01
1.78856616e-04, 7.76694958e-05, 9.99821175e-01, 1.78827395e-04, 9.44828522e-01, 1.78843387e-04, 3.25435083e+00, 6.65398426e+01
1.83877698e-04, 7.98497285e-05, 9.99816156e-01, 1.83846814e-04, 9.44823502e-01, 1.83863715e-04, 3.25434581e+00, 6.65401189e+01
1.89039738e-04, 8.20911560e-05, 9.99810996e-01, 1.89007095e-04, 9.44818342e-01, 1.89024959e-04, 3.25434065e+00, 6.65404029e+01
1.94346693e-04, 8.43954955e-05, 9.99805691e-01, 1.94312192e-04, 9.44813037e-01, 1.94331073e-04, 3.25433534e+00, 6.65406949e+01
1.99802631e-04, 8.67645125e-05, 9.99800237e-01, 1.99766166e-04, 9.44807583e-01, 1.99786122e-04, 3.25432989e+00, 6.65409951e+01
2.05411735e-04, 8.92000219e-05, 9.99794630e-01, 2.05373194e-04, 9.44801976e-01, 2.05394286e-04, 3.25432428e+00, 6.65413038e+01
2.11178304e-04, 9.17038897e-05, 9.99788866e-01, 2.11137570e-04, 9.44796212e-01, 2.11159862e-04, 3.25431851e+00, 6.65416211e+01
2.17106760e-04, 9.42780341e-05, 9.99782940e-01, 2.17063707e-04, 9.44790286e-01, 2.17087268e-04, 3.25431259e+00, 6.65419472e+01
2.23201647e-04, 9.69244272e-05, 9.99776848e-01, 2.23156142e-04, 9.44784193e-01, 2.23181045e-04, 3.25430649e+00, 6.65422826e+01
2.29467637e-04, 9.96450962e-05, 9.99770585e-01, 2.29419542e-04, 9.44777930e-01, 2.29445862e-04, 3.25430023e+00, 6.65426274e+01
2.35909533e-04, 1.02442125e-04, 9.99764146e-01, 2.35858700e-04, 9.44771491e-01, 2.35886519e-04, 3.25429379e+00, 6.65429818e+01
2.42532274e-04, 1.05317657e-04, 9.99757527e-01, 2.42478547e-04, 9.44764871e-01, 2.42507950e-04, 3.25428717e+00, 6.65433462e+01
2.49340937e-04, 1.08273895e-04, 9.99750721e-01, 2.49284152e-04, 9.44758065e-01, 2.49315228e-04, 3.25428036e+00, 6.65437208e+01
2.56340741e-04, 1.11313103e-04, 9.99743725e-01, 2.56280723e-04, 9.44751069e-01, 2.56313568e-04, 3.25427336e+00, 6.65441059e+01
2.63537052e-04, 1.14437609e-04, 9.99736532e-01, 2.63473618e-04, 9.44743876e-01, 2.63508332e-04, 3.25426617e+00, 6.65445018e+01
2.70935387e-04, 1.17649806e-04, 9.99729138e-01, 2.70868341e-04, 9.44736481e-01, 2.70905032e-04, 3.25425877e+00, 6.65449089e+01
2.78541416e-04, 1.20952156e-04, 9.99721536e-01, 2.78470554e-04, 9.44728879e-01, 2.78509334e-04, 3.25425116e+00, 6.65453274e+01
2.86360972e-04, 1.24347187e-04, 9.99713721e-01, 2.86286076e-04, 9.44721063e-01, 2.86327063e-04, 3.25424335e+00, 6.65457576e+01
2.94400048e-04, 1.27837499e-04, 9.99705687e-01, 2.94320888e-04, 9.44713028e-01, 2.94364208e-04, 3.25423531e+00, 6.65461999e+01
3.02664806e-04, 1.31425767e-04, 9.99697427e-01, 3.02581140e-04, 9.44704768e-01, 3.02626927e-04, 3.25422705e+00, 6.65466545e+01
3.11161583e-04, 1.35114738e-04, 9.99688935e-01, 3.11073155e-04, 9.44696276e-01, 3.11121547e-04, 3.25421855e+00, 6.65471220e+01
3.19896892e-04, 1.38907238e-04, 9.99680205e-01, 3.19803430e-04, 9.44687546e-01, 3.19854577e-04, 3.25420982e+00, 6.65476026e+01
3.28877429e-04, 1.42806171e-04, 9.99671231e-01, 3.28778647e-04, 9.44678571e-01, 3.28832705e-04, 3.25420084e+00, 6.65480966e+01
3.38110078e-04, 1.46814523e-04, 9.99662004e-01, 3.38005673e-04, 9.44669344e-01, 3.38062809e-04, 3.25419161e+00, 6.65486046e+01
3.47601918e-04, 1.50935364e-04, 9.99652519e-01, 3.47491570e-04, 9.44659858e-01, 3.47551958e-04, 3.25418212e+00, 6.65491267e+01
3.57360225e-04, 1.55171849e-04, 9.99642767e-01, 3.57243595e-04, 9.44650106e-01, 3.57307420e-04, 3.25417237e+00, 6.65496636e+01
3.67392478e-04, 1.59527223e-04, 9.99632742e-01, 3.67269210e-04, 9.44640080e-01, 3.67336668e-04, 3.25416234e+00, 6.65502154e+01
3.77706369e-04, 1.64004821e-04, 9.99622436e-01, 3.77576084e-04, 9.44629773e-01, 3.77647383e-04, 3.25415203e+00, 6.65507828e+01
3.88309805e-04, 1.68608072e-04, 9.99611841e-01, 3.88172104e-04, 9.44619177e-01, 3.88247460e-04, 3.25414143e+00, 6.65513661e+01
3.99210913e-04, 1.73340499e-04, 9.99600948e-01, 3.99065374e-04, 9.44608284e-01, 3.99145019e-04, 3.25413053e+00, 6.65519658e+01
4.10418050e-04, 1.78205728e-04, 9.99589750e-01, 4.10264227e-04, 9.44597085e-01, 4.10348406e-04, 3.25411933e+00, 6.65525823e+01
4.21939808e-04, 1.83207482e-04, 9.99578238e-01, 4.21777228e-04, 9.44585572e-01, 4.21866199e-04, 3.25410781e+00, 6.65532161e+01
4.33785019e-04, 1.88349591e-04, 9.99566403e-01, 4.33613185e-04, 9.44573736e-01, 4.33707220e-04, 3.25409597e+00, 6.65538676e+01
4.45962763e-04, 1.93635993e-04, 9.99554236e-01, 4.45781148e-04, 9.44561568e-01, 4.45880536e-04, 3.25408379e+00, 6.65545375e+01
4.58482375e-04, 1.99070734e-04, 9.99541728e-01, 4.58290423e-04, 9.44549059e-01, 4.58395467e-04, 3.25407128e+00, 6.65552261e+01
4.71353453e-04, 2.04657975e-04, 9.99528869e-01, 4.71150576e-04, 9.44536199e-01, 4.71261599e-04, 3.25405841e+00, 6.65559341e+01
4.84585864e-04, 2.10401992e-04, 9.99515649e-01, 4.84371439e-04, 9.44522978e-01, 4.84488781e-04, 3.25404519e+00, 6.65566619e+01
4.98189752e-04, 2.16307184e-04, 9.99502058e-01, 4.97963122e-04, 9.44509386e-01, 4.98087143e-04, 3.25403159e+00, 6.65574102e+01
5.12175544e-04, 2.22378069e-04, 9.99488087e-01, 5.11936015e-04, 9.44495413e-01, 5.12067095e-04, 3.25401761e+00, 6.65581794e+01
5.26553963e-04, 2.28619296e-04, 9.99473723e-01, 5.26300800e-04, 9.44481049e-01, 5.26439341e-04, 3.25400323e+00, 6.65589702e+01
5.41336030e-04, 2.35035640e-04, 9.99458957e-01, 5.41068458e-04, 9.44466281e-01, 5.41214884e-04, 3.25398846e+00, 6.65597832e+01
5.56533078e-04, 2.41632013e-04, 9.99443776e-01, 5.56250276e-04, 9.44451099e-01, 5.56405036e-04, 3.25397327e+00, 6.65606191e+01
5.72156756e-04, 2.48413463e-04, 9.99428170e-01, 5.71857858e-04, 9.44435491e-01, 5.72021425e-04, 3.25395765e+00, 6.65614783e+01
5.88219040e-04, 2.55385179e-04, 9.99412127e-01, 5.87903130e-04, 9.44419446e-01, 5.88076007e-04, 3.25394160e+00, 6.65623617e+01
6.04732245e-04, 2.62552498e-04, 9.99395633e-01, 6.04398355e-04, 9.44402951e-01, 6.04581071e-04, 3.25392509e+00, 6.65632698e+01
6.21709029e-04, 2.69920903e-04, 9.99378677e-01, 6.21356135e-04, 9.44385993e-01, 6.21549250e-04, 3.25390812e+00, 6.65642035e+01
6.39162405e-04, 2.77496033e-04, 9.99361246e-01, 6.38789428e-04, 9.44368560e-01, 6.38993533e-04, 3.25389068e+00, 6.65651633e+01
6.57105755e-04, 2.85283683e-04, 9.99343326e-01, 6.56711549e-04, 9.44350638e-01, 6.56927271e-04, 3.25387275e+00, 6.65661500e+01
6.75552832e-04, 2.93289812e-04, 9.99324903e-01, 6.75136191e-04, 9.44332213e-01, 6.75364189e-04, 3.25385431e+00, 6.65671644e+01
6.94517777e-04, 3.01520545e-04, 9.99305964e-01, 6.94077425e-04, 9.44313272e-01, 6.94318398e-04, 3.25383536e+00, 6.65682073e+01
7.14015130e-04, 3.09982178e-04, 9.99286494e-01, 7.13549716e-04, 9.44293800e-01, 7.13804404e-04, 3.25381587e+00, 6.65692794e+01
7.34059837e-04, 3.18681185e-04, 9.99266479e-01, 7.33567936e-04, 9.44273781e-01, 7.33837117e-04, 3.25379584e+00, 6.65703816e+01
7.54667263e-04, 3.27624220e-04, 9.99245902e-01, 7.54147368e-04, 9.44253202e-01, 7.54431867e-04, 3.25377524e+00, 6.65715147e+01
7.75853206e-04, 3.36818122e-04, 9.99224748e-01, 7.75303723e-04, 9.44232046e-01, 7.75604413e-04, 3.25375407e+00, 6.65726796e+01
7.97633907e-04, 3.46269924e-04, 9.99203002e-01, 7.97053154e-04, 9.44210296e-01, 7.97370955e-04, 3.25373230e+00, 6.65738771e+01
8.20026062e-04, 3.55986854e-04, 9.99180646e-01, 8.19412259e-04, 9.44187937e-01, 8.19748145e-04, 3.25370993e+00, 6.65751083e+01
8.43046837e-04, 3.65976343e-04, 9.99157663e-01, 8.42398104e-04, 9.44164951e-01, 8.42753104e-04, 3.25368692e+00, 6.65763739e+01
8.66713880e-04, 3.76246030e-04, 9.99134037e-01, 8.66028229e-04, 9.44141321e-01, 8.66403430e-04, 3.25366327e+00, 6.65776751e+01
8.91045332e-04, 3.86803767e-04, 9.99109748e-01, 8.90320664e-04, 9.44117029e-01, 8.90717215e-04, 3.25363896e+00, 6.65790127e+01
9.16059848e-04, 3.97657626e-04, 9.99084779e-01, 9.15293942e-04, 9.44092055e-01, 9.15713057e-04, 3.25361396e+00, 6.65803878e+01
9.41776601e-04, 4.08815904e-04, 9.99059110e-01, 9.40967112e-04, 9.44066382e-01, 9.41410075e-04, 3.25358826e+00, 6.65818015e+01
9.68215306e-04, 4.20287133e-04, 9.99032721e-01, 9.67359754e-04, 9.44039990e-01, 9.67827923e-04, 3.25356185e+00, 6.65832549e+01
9.95396231e-04, 4.32080081e-04, 9.99005594e-01, 9.94491996e-04, 9.44012857e-01, 9.94986803e-04, 3.25353469e+00, 6.65847490e+01
1.02334021e-03, 4.44203760e-04, 9.98977706e-01, 1.02238452e-03, 9.43984965e-01, 1.02290749e-03, 3.25350677e+00, 6.65862850e+01
1.05206867e-03, 4.56667438e-04, 9.98949037e-01, 1.05105860e-03, 9.43956291e-01, 1.05161132e-03, 3.25347806e+00, 6.65878640e+01
1.08160363e-03, 4.69480638e-04, 9.98919565e-01, 1.08053609e-03, 9.43926813e-01, 1.08112025e-03, 3.25344855e+00, 6.65894873e+01
1.11196773e-03, 4.82653152e-04, 9.98889267e-01, 1.11083945e-03, 9.43896510e-01, 1.11145685e-03, 3.25341822e+00, 6.65911562e+01
1.14318425e-03, 4.96195044e-04, 9.98858121e-01, 1.14199177e-03, 9.43865358e-01, 1.14264430e-03, 3.25338703e+00, 6.65928718e+01
1.17527712e-03, 5.10116661e-04, 9.98826103e-01, 1.17401679e-03, 9.43833333e-01, 1.17470644e-03, 3.25335497e+00, 6.65946355e+01
1.20827094e-03, 5.24428638e-04, 9.98793187e-01, 1.20693890e-03, 9.43800410e-01, 1.20766779e-03, 3.25332201e+00, 6.65964486e+01
1.24219100e-03, 5.39141905e-04, 9.98759350e-01, 1.24078317e-03, 9.43766566e-01, 1.24155353e-03, 3.25328812e+00, 6.65983126e+01
1.27706330e-03, 5.54267703e-04, 9.98724566e-01, 1.27557538e-03, 9.43731774e-01, 1.27638956e-03, 3.25325328e+00, 6.66002288e+01
1.31291459e-03, 5.69817580e-04, 9.98688807e-01, 1.31134202e-03, 9.43696007e-01, 1.31220251e-03, 3.25321747e+00, 6.66021987e+01
1.34977233e-03, 5.85803413e-04, 9.98652047e-01, 1.34811030e-03, 9.43659239e-01, 1.34901974e-03, 3.25318065e+00, 6.66042238e+01
1.38766479e-03, 6.02237406e-04, 9.98614258e-01, 1.38590820e-03, 9.43621441e-01, 1.38686938e-03, 3.25314280e+00, 6.66063057e+01
1.42662102e-03, 6.19132106e-04, 9.98575411e-01, 1.42476450e-03, 9.43582585e-01, 1.42578035e-03, 3.25310389e+00, 6.66084459e+01
1.46667087e-03, 6.36500410e-04, 9.98535477e-01, 1.46470873e-03, 9.43542641e-01, 1.46578238e-03, 3.25306389e+00, 6.66106461e+01
1.50784505e-03, 6.54355573e-04, 9.98494425e-01, 1.50577129e-03, 9.43501578e-01, 1.50690601e-03, 3.25302277e+00, 6.66129079e+01
1.55017512e-03, 6.72711224e-04, 9.98452224e-01, 1.54798340e-03, 9.43459366e-01, 1.54918266e-03, 3.25298049e+00, 6.66152331e+01
1.59369353e-03, 6.91581368e-04, 9.98408842e-01, 1.59137714e-03, 9.43415972e-01, 1.59264461e-03, 3.25293703e+00, 6.66176235e+01
1.63843365e-03, 7.10980403e-04, 9.98364246e-01, 1.63598549e-03, 9.43371364e-01, 1.63732505e-03, 3.25289235e+00, 6.66200808e+01
1.68442976e-03, 7.30923128e-04, 9.98318403e-01, 1.68184236e-03, 9.43325507e-01, 1.68325810e-03, 3.25284642e+00, 6.66226069e+01
1.73171713e-03, 7.51424755e-04, 9.98271277e-01, 1.72898256e-03, 9.43278367e-01, 1.73047883e-03, 3.25279920e+00, 6.66252039e+01
1.78033202e-03, 7.72500920e-04, 9.98222832e-01, 1.77744191e-03, 9.43229907e-01, 1.77902327e-03, 3.25275065e+00, 6.66278735e+01
1.83031168e-03, 7.94167695e-04, 9.98173032e-01, 1.82725719e-03, 9.43180092e-01, 1.82892848e-03, 3.25270075e+00, 6.66306180e+01
1.88169442e-03, 8.16441599e-04, 9.98121840e-01, 1.87846621e-03, 9.43128883e-01, 1.88023255e-03, 3.25264944e+00, 6.66334393e+01
1.93451965e-03, 8.39339613e-04, 9.98069215e-01, 1.93110784e-03, 9.43076241e-01, 1.93297463e-03, 3.25259670e+00, 6.66363396e+01
1.98882786e-03, 8.62879189e-04, 9.98015120e-01, 1.98522201e-03, 9.43022127e-01, 1.98719495e-03, 3.25254248e+00, 6.66393212e+01
2.04466067e-03, 8.87078267e-04, 9.97959511e-01, 2.04084976e-03, 9.42966500e-01, 2.04293489e-03, 3.25248674e+00, 6.66423862e+01
2.10206088e-03, 9.11955285e-04, 9.97902349e-01, 2.09803326e-03, 9.42909316e-01, 2.10023695e-03, 3.25242944e+00, 6.66455370e+01
2.16107251e-03, 9.37529196e-04, 9.97843588e-01, 2.15681585e-03, 9.42850533e-01, 2.15914484e-03, 3.25237053e+00, 6.66487761e+01
2.22174078e-03, 9.63819479e-04, 9.97783184e-01, 2.21724208e-03, 9.42790107e-01, 2.21970348e-03, 3.25230997e+00, 6.66521059e+01
2.28411221e-03, 9.90846156e-04, 9.97721093e-01, 2.27935770e-03, 9.42727992e-01, 2.28195905e-03, 3.25224772e+00, 6.66555288e+01
2.34823460e-03, 1.01862981e-03, 9.97657267e-01, 2.34320975e-03, 9.42664140e-01, 2.34595899e-03, 3.25218372e+00, 6.66590476e+01
2.41415712e-03, 1.04719158e-03, 9.97591657e-01, 2.40884657e-03, 9.42598503e-01, 2.41175210e-03, 3.25211792e+00, 6.66626649e+01
2.48193029e-03, 1.07655322e-03, 9.97524214e-01, 2.47631781e-03, 9.42531032e-01, 2.47938851e-03, 3.25205029e+00, 6.66663833e+01
2.55160607e-03, 1.10673706e-03, 9.97454888e-01, 2.54567450e-03, 9.42461675e-01, 2.54891976e-03, 3.25198075e+00, 6.66702059e+01
2.62323788e-03, 1.13776607e-03, 9.97383625e-01, 2.61696910e-03, 9.42390380e-01, 2.62039883e-03, 3.25190928e+00, 6.66741354e+01
2.69688063e-03, 1.16966386e-03, 9.97310373e-01, 2.69025547e-03, 9.42317094e-01, 2.69388014e-03, 3.25183579e+00, 6.66781749e+01
2.77259076e-03, 1.20245468e-03, 9.97235075e-01, 2.76558899e-03, 9.42241760e-01, 2.76941968e-03, 3.25176025e+00, 6.66823273e+01
2.85042632e-03, 1.23616346e-03, 9.97157676e-01, 2.84302654e-03, 9.42164323e-01, 2.84707495e-03, 3.25168260e+00, 6.66865960e+01
2.93044698e-03, 1.27081583e-03, 9.97078115e-01, 2.92262658e-03, 9.42084723e-01, 2.92690507e-03, 3.25160277e+00, 6.66909840e+01
3.01271407e-03, 1.30643812e-03, 9.96996335e-01, 3.00444918e-03, 9.42002900e-01, 3.00897081e-03, 3.25152070e+00, 6.66954947e+01
3.09729067e-03, 1.34305740e-03, 9.96912273e-01, 3.08855603e-03, 9.41918793e-01, 3.09333461e-03, 3.25143634e+00, 6.67001316e+01
3.18424160e-03, 1.38070148e-03, 9.96825866e-01, 3.17501055e-03, 9.41832339e-01, 3.18006066e-03, 3.25134961e+00, 6.67048982e+01
3.27363353e-03, 1.41939895e-03, 9.96737048e-01, 3.26387787e-03, 9.41743471e-01, 3.26921493e-03, 3.25126046e+00, 6.67097980e+01
3.36553498e-03, 1.45917918e-03, 9.96645754e-01, 3.35522493e-03, 9.41652124e-01, 3.36086522e-03, 3.25116881e+00, 6.67148348e+01
3.46001639e-03, 1.50007238e-03, 9.96551914e-01, 3.44912048e-03, 9.41558229e-01, 3.45508122e-03, 3.25107459e+00, 6.67200124e+01
3.55715021e-03, 1.54210957e-03, 9.96455458e-01, 3.54563517e-03, 9.41461714e-01, 3.55193454e-03, 3.25097774e+00, 6.67253347e+01
3.65701088e-03, 1.58532264e-03, 9.96356314e-01, 3.64484158e-03, 9.41362508e-01, 3.65149879e-03, 3.25087818e+00, 6.67308058e+01
3.75967497e-03, 1.62974435e-03, 9.96254407e-01, 3.74681427e-03, 9.41260535e-01, 3.75384963e-03, 3.25077582e+00, 6.67364297e+01
3.86522116e-03, 1.67540839e-03, 9.96149661e-01, 3.85162983e-03, 9.41155719e-01, 3.85906479e-03, 3.25067061e+00, 6.67422108e+01
3.97373038e-03, 1.72234936e-03, 9.96041998e-01, 3.95936695e-03, 9.41047982e-01, 3.96722419e-03, 3.25056245e+00, 6.67481533e+01
4.08528580e-03, 1.77060283e-03, 9.95931336e-01, 4.07010646e-03, 9.40937243e-01, 4.07840992e-03, 3.25045126e+00, 6.67542618e+01
4.19997295e-03, 1.82020534e-03, 9.95817593e-01, 4.18393140e-03, 9.40823418e-01, 4.19270640e-03, 3.25033697e+00, 6.67605409e+01
4.31787973e-03, 1.87119444e-03, 9.95700684e-01, 4.30092707e-03, 9.40706422e-01, 4.31020034e-03, 3.25021947e+00, 6.67669954e+01
4.43909653e-03, 1.92360874e-03, 9.95580522e-01, 4.42118107e-03, 9.40586168e-01, 4.43098087e-03, 3.25009869e+00, 6.67736301e+01
4.56371628e-03, 1.97748788e-03, 9.95457017e-01, 4.54478341e-03, 9.40462566e-01, 4.55513959e-03, 3.24997453e+00, 6.67804499e+01
4.69183451e-03, 2.03287261e-03, 9.95330076e-01, 4.67182652e-03, 9.40335523e-01, 4.68277064e-03, 3.24984690e+00, 6.67874601e+01
4.82354943e-03, 2.08980480e-03, 9.95199606e-01, 4.80240536e-03, 9.40204944e-01, 4.81397073e-03, 3.24971570e+00, 6.67946660e+01
4.95896201e-03, 2.14832749e-03, 9.95065508e-01, 4.93661744e-03, 9.40070732e-01, 4.94883928e-03, 3.24958083e+00, 6.68020729e+01
5.09817606e-03, 2.20848488e-03, 9.94927683e-01, 5.07456293e-03, 9.39932786e-01, 5.08747843e-03, 3.24944220e+00, 6.68096864e+01
5.24129830e-03, 2.27032240e-03, 9.94786030e-01, 5.21634469e-03, 9.39791005e-01, 5.22999317e-03, 3.24929968e+00, 6.68175123e+01
5.38843844e-03, 2.33388671e-03, 9.94640441e-01, 5.36206838e-03, 9.39645281e-01, 5.37649135e-03, 3.24915318e+00, 6.68255564e+01
5.53970928e-03, 2.39922578e-03, 9.94490810e-01, 5.51184248e-03, 9.39495507e-01, 5.52708383e-03, 3.24900259e+00, 6.68338248e+01
5.69522678e-03, 2.46638889e-03, 9.94337025e-01, 5.66577843e-03, 9.39341571e-01, 5.68188451e-03, 3.24884779e+00, 6.68423237e+01
5.85511016e-03, 2.53542665e-03, 9.94178973e-01, 5.82399064e-03, 9.39183359e-01, 5.84101043e-03, 3.24868866e+00, 6.68510595e+01
6.01948197e-03, 2.60639109e-03, 9.94016535e-01, 5.98659662e-03, 9.39020753e-01, 6.00458185e-03, 3.24852509e+00, 6.68600387e+01
6.18846824e-03, 2.67933564e-03, 9.93849593e-01, 6.15371703e-03, 9.38853632e-01, 6.17272235e-03, 3.24835695e+00, 6.68692680e+01
6.36219849e-03, 2.75431521e-03, 9.93678023e-01, 6.32547574e-03, 9.38681874e-01, 6.34555890e-03, 3.24818412e+00, 6.68787544e+01
6.54080591e-03, 2.83138620e-03, 9.93501698e-01, 6.50199998e-03, 9.38505349e-01, 6.52322198e-03, 3.24800645e+00, 6.68885050e+01
6.72442742e-03, 2.91060657e-03, 9.93320488e-01, 6.68342035e-03, 9.38323929e-01, 6.70584565e-03, 3.24782383e+00, 6.68985271e+01
6.91320378e-03, 2.99203585e-03, 9.93134260e-01, 6.86987096e-03, 9.38137478e-01, 6.89356763e-03, 3.24763611e+00, 6.69088282e+01
7.10727970e-03, 3.07573520e-03, 9.92942877e-01, 7.06148949e-03, 9.37945860e-01, 7.08652945e-03, 3.24744314e+00, 6.69194159e+01
7.30680395e-03, 3.16176744e-03, 9.92746198e-01, 7.25841728e-03, 9.37748932e-01, 7.28487651e-03, 3.24724480e+00, 6.69302982e+01
7.51192949e-03, 3.25019713e-03, 9.92544079e-01, 7.46079945e-03, 9.37546550e-01, 7.48875820e-03, 3.24704092e+00, 6.69414831e+01
7.72281357e-03, 3.34109055e-03, 9.92336371e-01, 7.66878494e-03, 9.37338564e-01, 7.69832799e-03, 3.24683135e+00, 6.69529791e+01
7.93961785e-03, 3.43451582e-03, 9.92122923e-01, 7.88252668e-03, 9.37124823e-01, 7.91374359e-03, 3.24661593e+00, 6.69647947e+01
8.16250851e-03, 3.53054289e-03, 9.91903579e-01, 8.10218161e-03, 9.36905168e-01, 8.13516697e-03, 3.24639451e+00, 6.69769388e+01
8.39165644e-03, 3.62924361e-03, 9.91678177e-01, 8.32791085e-03, 9.36679438e-01, 8.36276459e-03, 3.24616691e+00, 6.69894202e+01
8.62723729e-03, 3.73069181e-03, 9.91446555e-01, 8.55987973e-03, 9.36447470e-01, 8.59670740e-03, 3.24593297e+00, 6.70022483e+01
8.86943166e-03, 3.83496328e-03, 9.91208544e-01, 8.79825798e-03, 9.36209091e-01, 8.83717106e-03, 3.24569250e+00, 6.70154327e+01
9.11842520e-03, 3.94213590e-03, 9.90963969e-01, 9.04321976e-03, 9.35964130e-01, 9.08433600e-03, 3.24544534e+00, 6.70289831e+01
9.37440879e-03, 4.05228964e-03, 9.90712655e-01, 9.29494380e-03, 9.35712406e-01, 9.33838758e-03, 3.24519129e+00, 6.70429096e+01
9.63757866e-03, 4.16550662e-03, 9.90454418e-01, 9.55361352e-03, 9.35453736e-01, 9.59951621e-03, 3.24493016e+00, 6.70572224e+01
9.90813657e-03, 4.28187121e-03, 9.90189071e-01, 9.81941712e-03, 9.35187932e-01, 9.86791748e-03, 3.24466176e+00, 6.70719322e+01
1.01862899e-02, 4.40147004e-03, 9.89916424e-01, 1.00925477e-02, 9.34914802e-01, 1.01437923e-02, 3.24438588e+00, 6.70870499e+01
1.04722519e-02, 4.52439206e-03, 9.89636280e-01, 1.03732035e-02, 9.34634146e-01, 1.04273470e-02, 3.24410233e+00, 6.71025866e+01
1.07662418e-02, 4.65072864e-03, 9.89348436e-01, 1.06615876e-02, 9.34345762e-01, 1.07187936e-02, 3.24381088e+00, 6.71185538e+01
1.10684849e-02, 4.78057359e-03, 9.89052685e-01, 1.09579088e-02, 9.34049441e-01, 1.10183497e-02, 3.24351132e+00, 6.71349632e+01
1.13792129e-02, 4.91402325e-03, 9.88748817e-01, 1.12623808e-02, 9.33744969e-01, 1.13262391e-02, 3.24320344e+00, 6.71518269e+01
1.16986641e-02, 5.05117654e-03, 9.88436612e-01, 1.15752231e-02, 9.33432126e-01, 1.16426913e-02, 3.24288698e+00, 6.71691574e+01
1.20270833e-02, 5.19213502e-03, 9.88115848e-01, 1.18966610e-02, 9.33110688e-01, 1.19679423e-02, 3.24256173e+00, 6.71869674e+01
1.23647224e-02, 5.33700299e-03, 9.87786297e-01, 1.22269251e-02, 9.32780424e-01, 1.23022343e-02, 3.24222744e+00, 6.72052698e+01
1.27118400e-02, 5.48588750e-03, 9.87447723e-01, 1.25662522e-02, 9.32441097e-01, 1.26458160e-02, 3.24188386e+00, 6.72240783e+01
1.30687023e-02, 5.63889849e-03, 9.87099885e-01, 1.29148853e-02, 9.32092464e-01, 1.29989430e-02, 3.24153073e+00, 6.72434064e+01
1.34355829e-02, 5.79614881e-03, 9.86742539e-01, 1.32730732e-02, 9.31734276e-01, 1.33618777e-02, 3.24116780e+00, 6.72632685e+01
1.38127630e-02, 5.95775431e-03, 9.86375430e-01, 1.36410712e-02, 9.31366278e-01, 1.37348894e-02, 3.24079478e+00, 6.72836788e+01
1.42005318e-02, 6.12383394e-03, 9.85998300e-01, 1.40191412e-02, 9.30988208e-01, 1.41182548e-02, 3.24041142e+00, 6.73046524e+01
1.45991865e-02, 6.29450978e-03, 9.85610883e-01, 1.44075514e-02, 9.30599798e-01, 1.45122581e-02, 3.24001742e+00, 6.73262046e+01
1.50090328e-02, 6.46990713e-03, 9.85212907e-01, 1.48065769e-02, 9.30200772e-01, 1.49171908e-02, 3.23961248e+00, 6.73483509e+01
1.54303847e-02, 6.65015464e-03, 9.84804094e-01, 1.52164998e-02, 9.29790849e-01, 1.53333526e-02, 3.23919632e+00, 6.73711075e+01
1.58635653e-02, 6.83538432e-03, 9.84384158e-01, 1.56376090e-02, 9.29369740e-01, 1.57610509e-02, 3.23876862e+00, 6.73944909e+01
1.63089068e-02, 7.02573168e-03, 9.83952805e-01, 1.60702008e-02, 9.28937149e-01, 1.62006014e-02, 3.23832907e+00, 6.74185181e+01
1.67667503e-02, 7.22133576e-03, 9.83509738e-01, 1.65145787e-02, 9.28492771e-01, 1.66523283e-02, 3.23787735e+00, 6.74432063e+01
1.72374471e-02, 7.42233928e-03, 9.83054648e-01, 1.69710537e-02, 9.28036296e-01, 1.71165643e-02, 3.23741311e+00, 6.74685734e+01
1.77213578e-02, 7.62888867e-03, 9.82587220e-01, 1.74399445e-02, 9.27567405e-01, 1.75936511e-02, 3.23693602e+00, 6.74946378e+01
1.82188534e-02, 7.84113421e-03, 9.82107134e-01, 1.79215776e-02, 9.27085772e-01, 1.80839392e-02, 3.23644573e+00, 6.75214181e+01
1.87303154e-02, 8.05923009e-03, 9.81614059e-01, 1.84162876e-02, 9.26591062e-01, 1.85877887e-02, 3.23594189e+00, 6.75489336e+01
1.92561357e-02, 8.28333450e-03, 9.81107658e-01, 1.89244169e-02, 9.26082932e-01, 1.91055690e-02, 3.23542411e+00, 6.75772041e+01
1.97967175e-02, 8.51360975e-03, 9.80587585e-01, 1.94463165e-02, 9.25561033e-01, 1.96376594e-02, 3.23489201e+00, 6.76062497e+01
2.03524752e-02, 8.75022235e-03, 9.80053486e-01, 1.99823456e-02, 9.25025004e-01, 2.01844491e-02, 3.23434523e+00, 6.76360913e+01
2.09238348e-02, 8.99334311e-03, 9.79504999e-01, 2.05328722e-02, 9.24474477e-01, 2.07463375e-02, 3.23378334e+00, 6.76667502e+01
2.15112343e-02, 9.24314725e-03, 9.78941755e-01, 2.10982731e-02, 9.23909076e-01, 2.13237348e-02, 3.23320594e+00, 6.76982481e+01
2.21151240e-02, 9.49981449e-03, 9.78363373e-01, 2.16789338e-02, 9.23328415e-01, 2.19170615e-02, 3.23261261e+00, 6.77306074e+01
2.27359668e-02, 9.76352916e-03, 9.77769466e-01, 2.22752492e-02, 9.22732100e-01, 2.25267495e-02, 3.23200292e+00, 6.77638512e+01
2.33742387e-02, 1.00344803e-02, 9.77159637e-01, 2.28876231e-02, 9.22119726e-01, 2.31532418e-02, 3.23137643e+00, 6.77980030e+01
2.40304289e-02, 1.03128618e-02, 9.76533482e-01, 2.35164692e-02, 9.21490880e-01, 2.37969930e-02, 3.23073268e+00, 6.78330868e+01
2.47050406e-02, 1.05988725e-02, 9.75890584e-01, 2.41622105e-02, 9.20845139e-01, 2.44584694e-02, 3.23007120e+00, 6.78691274e+01
2.53985907e-02, 1.08927162e-02, 9.75230519e-01, 2.48252797e-02, 9.20182070e-01, 2.51381497e-02, 3.22939152e+00, 6.79061502e+01
2.61116110e-02, 1.11946019e-02, 9.74552855e-01, 2.55061197e-02, 9.19501230e-01, 2.58365248e-02, 3.22869315e+00, 6.79441812e+01
2.68446481e-02, 1.15047439e-02, 9.73857148e-01, 2.62051833e-02, 9.18802166e-01, 2.65540982e-02, 3.22797558e+00, 6.79832469e+01
2.75982639e-02, 1.18233619e-02, 9.73142944e-01, 2.69229337e-02, 9.18084416e-01, 2.72913867e-02, 3.22723829e+00, 6.80233748e+01
2.83730362e-02, 1.21506810e-02, 9.72409782e-01, 2.76598443e-02, 9.17347505e-01, 2.80489202e-02, 3.22648075e+00, 6.80645928e+01
2.91695588e-02, 1.24869320e-02, 9.71657189e-01, 2.84163993e-02, 9.16590950e-01, 2.88272423e-02, 3.22570243e+00, 6.81069295e+01
2.99884423e-02, 1.28323514e-02, 9.70884681e-01, 2.91930936e-02, 9.15814256e-01, 2.96269103e-02, 3.22490276e+00, 6.81504143e+01
3.08303146e-02, 1.31871818e-02, 9.70091766e-01, 2.99904329e-02, 9.15016916e-01, 3.04484961e-02, 3.22408118e+00, 6.81950774e+01
3.16958209e-02, 1.35516713e-02, 9.69277940e-01, 3.08089340e-02, 9.14198415e-01, 3.12925860e-02, 3.22323709e+00, 6.82409496e+01
3.25856248e-02, 1.39260747e-02, 9.68442690e-01, 3.16491250e-02, 9.13358224e-01, 3.21597812e-02, 3.22236989e+00, 6.82880624e+01
3.35004083e-02, 1.43106525e-02, 9.67585491e-01, 3.25115451e-02, 9.12495804e-01, 3.30506981e-02, 3.22147898e+00, 6.83364483e+01
3.44408728e-02, 1.47056720e-02, 9.66705808e-01, 3.33967452e-02, 9.11610604e-01, 3.39659690e-02, 3.22056371e+00, 6.83861404e+01
3.54077391e-02, 1.51114068e-02, 9.65803096e-01, 3.43052879e-02, 9.10702061e-01, 3.49062417e-02, 3.21962343e+00, 6.84371726e+01
3.64017485e-02, 1.55281370e-02, 9.64876798e-01, 3.52377472e-02, 9.09769602e-01, 3.58721807e-02, 3.21865749e+00, 6.84895797e+01
3.74236629e-02, 1.59561497e-02, 9.63926345e-01, 3.61947095e-02, 9.08812640e-01, 3.68644669e-02, 3.21766521e+00, 6.85433974e+01
3.84742658e-02, 1.63957388e-02, 9.62951161e-01, 3.71767728e-02, 9.07830576e-01, 3.78837983e-02, 3.21664588e+00, 6.85986620e+01
3.95543624e-02, 1.68472053e-02, 9.61950655e-01, 3.81845475e-02, 9.06822802e-01, 3.89308905e-02, 3.21559878e+00, 6.86554110e+01
4.06647809e-02, 1.73108570e-02, 9.60924227e-01, 3.92186561e-02, 9.05788693e-01, 4.00064765e-02, 3.21452320e+00, 6.87136826e+01
4.18063724e-02, 1.77870096e-02, 9.59871264e-01, 4.02797334e-02, 9.04727616e-01, 4.11113078e-02, 3.21341837e+00, 6.87735159e+01
4.29800121e-02, 1.82759856e-02, 9.58791145e-01, 4.13684269e-02, 9.03638922e-01, 4.22461543e-02, 3.21228352e+00, 6.88349510e+01
4.41865996e-02, 1.87781154e-02, 9.57683234e-01, 4.24853965e-02, 9.02521953e-01, 4.34118049e-02, 3.21111787e+00, 6.88980288e+01
4.54270599e-02, 1.92937372e-02, 9.56546887e-01, 4.36313147e-02, 9.01376035e-01, 4.46090677e-02, 3.20992061e+00, 6.89627915e+01
4.67023439e-02, 1.98231967e-02, 9.55381447e-01, 4.48068667e-02, 9.00200483e-01, 4.58387709e-02, 3.20869090e+00, 6.90292820e+01
4.80134292e-02, 2.03668477e-02, 9.54186246e-01, 4.60127504e-02, 8.98994599e-01, 4.71017624e-02, 3.20742791e+00, 6.90975442e+01
4.93613210e-02, 2.09250522e-02, 9.52960606e-01, 4.72496766e-02, 8.97757673e-01, 4.83989110e-02, 3.20613076e+00, 6.91676231e+01
5.07470524e-02, 2.14981804e-02, 9.51703836e-01, 4.85183690e-02, 8.96488980e-01, 4.97311064e-02, 3.20479857e+00, 6.92395650e+01
5.21716858e-02, 2.20866106e-02, 9.50415235e-01, 4.98195639e-02, 8.95187785e-01, 5.10992596e-02, 3.20343041e+00, 6.93134168e+01
5.36363132e-02, 2.26907300e-02, 9.49094092e-01, 5.11540107e-02, 8.93853339e-01, 5.25043036e-02, 3.20202537e+00, 6.93892268e+01
5.51420574e-02, 2.33109341e-02, 9.47739684e-01, 5.25224716e-02, 8.92484878e-01, 5.39471935e-02, 3.20058248e+00, 6.94670444e+01
5.66900727e-02, 2.39476274e-02, 9.46351277e-01, 5.39257217e-02, 8.91081628e-01, 5.54289073e-02, 3.19910077e+00, 6.95469201e+01
5.82815458e-02, 2.46012230e-02, 9.44928128e-01, 5.53645487e-02, 8.89642801e-01, 5.69504460e-02, 3.19757923e+00, 6.96289056e+01
5.99176967e-02, 2.52721433e-02, 9.43469482e-01, 5.68397534e-02, 8.88167596e-01, 5.85128342e-02, 3.19601684e+00, 6.97130537e+01
6.15997796e-02, 2.59608197e-02, 9.41974574e-01, 5.83521490e-02, 8.86655200e-01, 6.01171204e-02, 3.19441255e+00, 6.97994186e+01
6.33290840e-02, 2.66676928e-02, 9.40442630e-01, 5.99025614e-02, 8.85104788e-01, 6.17643779e-02, 3.19276530e+00, 6.98880554e+01
6.51069356e-02, 2.73932126e-02, 9.38872865e-01, 6.14918292e-02, 8.83515520e-01, 6.34557045e-02, 3.19107397e+00, 6.99790210e+01
6.69346971e-02, 2.81378388e-02, 9.37264486e-01, 6.31208030e-02, 8.81886546e-01, 6.51922238e-02, 3.18933745e+00, 7.00723732e+01
6.88137699e-02, 2.89020403e-02, 9.35616689e-01, 6.47903459e-02, 8.80217003e-01, 6.69750848e-02, 3.18755459e+00, 7.01681712e+01
7.07455942e-02, 2.96862961e-02, 9.33928662e-01, 6.65013330e-02, 8.78506016e-01, 6.88054632e-02, 3.18572421e+00, 7.02664758e+01
7.27316511e-02, 3.04910947e-02, 9.32199585e-01, 6.82546512e-02, 8.76752698e-01, 7.06845610e-02, 3.18384511e+00, 7.03673488e+01
7.47734631e-02, 3.13169348e-02, 9.30428629e-01, 7.00511990e-02, 8.74956150e-01, 7.26136078e-02, 3.18191607e+00, 7.04708539e+01
7.68725952e-02, 3.21643250e-02, 9.28614958e-01, 7.18918863e-02, 8.73115463e-01, 7.45938605e-02, 3.17993581e+00, 7.05770559e+01
7.90306568e-02, 3.30337838e-02, 9.26757728e-01, 7.37776343e-02, 8.71229715e-01, 7.66266044e-02, 3.17790307e+00, 7.06860214e+01
8.12493021e-02, 3.39258402e-02, 9.24856088e-01, 7.57093747e-02, 8.69297975e-01, 7.87131531e-02, 3.17581652e+00, 7.07978184e+01
8.35302320e-02, 3.48410332e-02, 9.22909182e-01, 7.76880499e-02, 8.67319299e-01, 8.08548495e-02, 3.17367482e+00, 7.09125164e+01
8.58751948e-02, 3.57799125e-02, 9.20916146e-01, 7.97146122e-02, 8.65292737e-01, 8.30530656e-02, 3.17147661e+00, 7.10301868e+01
8.82859884e-02, 3.67430377e-02, 9.18876114e-01, 8.17900239e-02, 8.63217325e-01, 8.53092037e-02, 3.16922047e+00, 7.11509025e+01
9.07644607e-02, 3.77309793e-02, 9.16788212e-01, 8.39152562e-02, 8.61092093e-01, 8.76246962e-02, 3.16690498e+00, 7.12747383e+01
9.33125118e-02, 3.87443182e-02, 9.14651565e-01, 8.60912895e-02, 8.58916060e-01, 9.00010064e-02, 3.16452867e+00, 7.14017707e+01
9.59320948e-02, 3.97836456e-02, 9.12465293e-01, 8.83191123e-02, 8.56688237e-01, 9.24396289e-02, 3.16209005e+00, 7.15320780e+01
9.86252179e-02, 4.08495636e-02, 9.10228514e-01, 9.05997209e-02, 8.54407628e-01, 9.49420898e-02, 3.15958758e+00, 7.16657406e+01
1.01393946e-01, 4.19426849e-02, 9.07940346e-01, 9.29341189e-02, 8.52073230e-01, 9.75099475e-02, 3.15701973e+00, 7.18028407e+01
1.04240401e-01, 4.30636326e-02, 9.05599903e-01, 9.53233162e-02, 8.49684033e-01, 1.00144793e-01, 3.15438488e+00, 7.19434628e+01
1.07166765e-01, 4.42130406e-02, 9.03206303e-01, 9.77683290e-02, 8.47239020e-01, 1.02848249e-01, 3.15168142e+00, 7.20876933e+01
1.10175281e-01, 4.53915533e-02, 9.00758661e-01, 1.00270178e-01, 8.44737171e-01, 1.05621975e-01, 3.14890770e+00, 7.22356210e+01
1.13268257e-01, 4.65998259e-02, 8.98256098e-01, 1.02829890e-01, 8.42177459e-01, 1.08467659e-01, 3.14606202e+00, 7.23873369e+01
1.16448062e-01, 4.78385241e-02, 8.95697735e-01, 1.05448494e-01, 8.39558855e-01, 1.11387027e-01, 3.14314265e+00, 7.25429344e+01
1.19717134e-01, 4.91083240e-02, 8.93082699e-01, 1.08127022e-01, 8.36880327e-01, 1.14381839e-01, 3.14014784e+00, 7.27025096e+01
1.23077980e-01, 5.04099123e-02, 8.90410121e-01, 1.10866509e-01, 8.34140841e-01, 1.17453888e-01, 3.13707579e+00, 7.28661611e+01
1.26533176e-01, 5.17439860e-02, 8.87679139e-01, 1.13667989e-01, 8.31339361e-01, 1.20605004e-01, 3.13392467e+00, 7.30339901e+01
1.30085370e-01, 5.31112527e-02, 8.84888900e-01, 1.16532498e-01, 8.28474851e-01, 1.23837052e-01, 3.13069262e+00, 7.32061009e+01
1.33737286e-01, 5.45124297e-02, 8.82038557e-01, 1.19461071e-01, 8.25546279e-01, 1.27151932e-01, 3.12737774e+00, 7.33826008e+01
1.37491723e-01, 5.59482450e-02, 8.79127276e-01, 1.22454739e-01, 8.22552610e-01, 1.30551580e-01, 3.12397809e+00, 7.35636000e+01
1.41351558e-01, 5.74194362e-02, 8.76154234e-01, 1.25514533e-01, 8.19492817e-01, 1.34037969e-01, 3.12049171e+00, 7.37492125e+01
1.45319752e-01, 5.89267507e-02, 8.73118619e-01, 1.28641475e-01, 8.16365874e-01, 1.37613108e-01, 3.11691657e+00, 7.39395554e+01
1.49399346e-01, 6.04709458e-02, 8.70019635e-01, 1.31836587e-01, 8.13170762e-01, 1.41279043e-01, 3.11325063e+00, 7.41347496e+01
1.53593468e-01, 6.20527881e-02, 8.66856504e-01, 1.35100879e-01, 8.09906470e-01, 1.45037856e-01, 3.10949182e+00, 7.43349200e+01
1.57905331e-01, 6.36730536e-02, 8.63628462e-01, 1.38435356e-01, 8.06571993e-01, 1.48891668e-01, 3.10563801e+00, 7.45401955e+01
1.62338243e-01, 6.53325272e-02, 8.60334766e-01, 1.41841011e-01, 8.03166339e-01, 1.52842634e-01, 3.10168704e+00, 7.47507096e+01
1.66895601e-01, 6.70320026e-02, 8.56974693e-01, 1.45318826e-01, 7.99688523e-01, 1.56892948e-01, 3.09763673e+00, 7.49666002e+01
1.71580899e-01, 6.87722823e-02, 8.53547545e-01, 1.48869772e-01, 7.96137577e-01, 1.61044840e-01, 3.09348483e+00, 7.51880101e+01
1.76397728e-01, 7.05541769e-02, 8.50052645e-01, 1.52494804e-01, 7.92512545e-01, 1.65300578e-01, 3.08922910e+00, 7.54150874e+01
1.81349780e-01, 7.23785049e-02, 8.46489343e-01, 1.56194861e-01, 7.88812489e-01, 1.69662467e-01, 3.08486721e+00, 7.56479858e+01
1.86440853e-01, 7.42460926e-02, 8.42857018e-01, 1.59970863e-01, 7.85036486e-01, 1.74132846e-01, 3.08039683e+00, 7.58868649e+01
1.91674849e-01, 7.61577735e-02, 8.39155077e-01, 1.63823713e-01, 7.81183637e-01, 1.78714095e-01, 3.07581558e+00, 7.61318903e+01
1.97055780e-01, 7.81143880e-02, 8.35382959e-01, 1.67754289e-01, 7.77253060e-01, 1.83408625e-01, 3.07112105e+00, 7.63832346e+01
2.02587771e-01, 8.01167833e-02, 8.31540137e-01, 1.71763448e-01, 7.73243901e-01, 1.88218887e-01, 3.06631079e+00, 7.66410774e+01
2.08275063e-01, 8.21658124e-02, 8.27626118e-01, 1.75852020e-01, 7.69155329e-01, 1.93147364e-01, 3.06138231e+00, 7.69056058e+01
2.14122015e-01, 8.42623342e-02, 8.23640447e-01, 1.80020808e-01, 7.64986542e-01, 1.98196576e-01, 3.05633310e+00, 7.71770153e+01
2.20133111e-01, 8.64072127e-02, 8.19582709e-01, 1.84270583e-01, 7.60736767e-01, 2.03369076e-01, 3.05116060e+00, 7.74555097e+01
2.26312957e-01, 8.86013169e-02, 8.15452527e-01, 1.88602085e-01, 7.56405264e-01, 2.08667451e-01, 3.04586222e+00, 7.77413022e+01
2.32666291e-01, 9.08455198e-02, 8.11249571e-01, 1.93016021e-01, 7.51991328e-01, 2.14094318e-01, 3.04043536e+00, 7.80346160e+01
2.39197984e-01, 9.31406982e-02, 8.06973553e-01, 1.97513058e-01, 7.47494291e-01, 2.19652328e-01, 3.03487735e+00, 7.83356847e+01
2.45913043e-01, 9.54877322e-02, 8.02624233e-01, 2.02093825e-01, 7.42913525e-01, 2.25344161e-01, 3.02918551e+00, 7.86447532e+01
2.52816614e-01, 9.78875042e-02, 7.98201419e-01, 2.06758908e-01, 7.38248442e-01, 2.31172526e-01, 3.02335715e+00, 7.89620784e+01
2.59913992e-01, 1.00340899e-01, 7.93704972e-01, 2.11508848e-01, 7.33498501e-01, 2.37140159e-01, 3.01738951e+00, 7.92879303e+01
2.67210616e-01, 1.02848802e-01, 7.89134803e-01, 2.16344141e-01, 7.28663209e-01, 2.43249823e-01, 3.01127985e+00, 7.96225924e+01
2.74712079e-01, 1.05412101e-01, 7.84490880e-01, 2.21265228e-01, 7.23742121e-01, 2.49504303e-01, 3.00502537e+00, 7.99663631e+01
2.82424133e-01, 1.08031682e-01, 7.79773224e-01, 2.26272500e-01, 7.18734849e-01, 2.55906409e-01, 2.99862327e+00, 8.03195564e+01
2.90352688e-01, 1.10708431e-01, 7.74981917e-01, 2.31366291e-01, 7.13641058e-01, 2.62458966e-01, 2.99207071e+00, 8.06825031e+01
2.98503825e-01, 1.13443233e-01, 7.70117100e-01, 2.36546875e-01, 7.08460474e-01, 2.69164822e-01, 2.98536485e+00, 8.10555519e+01
3.06883789e-01, 1.16236971e-01, 7.65178976e-01, 2.41814463e-01, 7.03192886e-01, 2.76026835e-01, 2.97850284e+00, 8.14390707e+01
3.15499006e-01, 1.19090524e-01, 7.60167811e-01, 2.47169201e-01, 6.97838149e-01, 2.83047877e-01, 2.97148180e+00, 8.18334477e+01
3.24356081e-01, 1.22004770e-01, 7.55083934e-01, 2.52611164e-01, 6.92396185e-01, 2.90230828e-01, 2.96429885e+00, 8.22390930e+01
3.33461802e-01, 1.24980579e-01, 7.49927744e-01, 2.58140358e-01, 6.86866992e-01, 2.97578572e-01, 2.95695110e+00, 8.26564396e+01
3.42823149e-01, 1.28018820e-01, 7.44699703e-01, 2.63756708e-01, 6.81250641e-01, 3.05093997e-01, 2.94943568e+00, 8.30859454e+01
3.52447300e-01, 1.31120351e-01, 7.39400345e-01, 2.69460065e-01, 6.75547284e-01, 3.12779984e-01, 2.94174969e+00, 8.35280945e+01
3.62341632e-01, 1.34286029e-01, 7.34030273e-01, 2.75250192e-01, 6.69757157e-01, 3.20639410e-01, 2.93389026e+00, 8.39833988e+01
3.72513730e-01, 1.37516698e-01, 7.28590161e-01, 2.81126768e-01, 6.63880582e-01, 3.28675137e-01, 2.92585454e+00, 8.44524000e+01
3.82971391e-01, 1.40813196e-01, 7.23080757e-01, 2.87089379e-01, 6.57917970e-01, 3.36890012e-01, 2.91763966e+00, 8.49356714e+01
3.93722633e-01, 1.44176353e-01, 7.17502878e-01, 2.93137521e-01, 6.51869829e-01, 3.45286857e-01, 2.90924282e+00, 8.54338194e+01
4.04775697e-01, 1.47606985e-01, 7.11857418e-01, 2.99270587e-01, 6.45736763e-01, 3.53868466e-01, 2.90066121e+00, 8.59474860e+01
4.16139055e-01, 1.51105900e-01, 7.06145344e-01, 3.05487871e-01, 6.39519478e-01, 3.62637597e-01, 2.89189208e+00, 8.64773508e+01
4.27821420e-01, 1.54673893e-01, 7.00367697e-01, 3.11788562e-01, 6.33218787e-01, 3.71596966e-01, 2.88293271e+00, 8.70241329e+01
4.39831747e-01, 1.58311745e-01, 6.94525595e-01, 3.18171739e-01, 6.26835611e-01, 3.80749239e-01, 2.87378043e+00, 8.75885933e+01
4.52179242e-01, 1.62020224e-01, 6.88620228e-01, 3.24636366e-01, 6.20370983e-01, 3.90097025e-01, 2.86443265e+00, 8.81715372e+01
4.64873371e-01, 1.65800084e-01, 6.82652863e-01, 3.31181293e-01, 6.13826056e-01, 3.99642866e-01, 2.85488681e+00, 8.87738166e+01
4.77923865e-01, 1.69652062e-01, 6.76624841e-01, 3.37805249e-01, 6.07202100e-01, 4.09389232e-01, 2.84514044e+00, 8.93963323e+01
4.91340729e-01, 1.73576879e-01, 6.70537578e-01, 3.44506840e-01, 6.00500510e-01, 4.19338508e-01, 2.83519117e+00, 9.00400369e+01
5.05134247e-01, 1.77575238e-01, 6.64392563e-01, 3.51284542e-01, 5.93722807e-01, 4.29492986e-01, 2.82503669e+00, 9.07059371e+01
5.19314994e-01, 1.81647824e-01, 6.58191359e-01, 3.58136704e-01, 5.86870646e-01, 4.39854857e-01, 2.81467482e+00, 9.13950966e+01
5.33893840e-01, 1.85795303e-01, 6.51935600e-01, 3.65061539e-01, 5.79945810e-01, 4.50426196e-01, 2.80410348e+00, 9.21086385e+01
5.48881961e-01, 1.90018322e-01, 6.45626991e-01, 3.72057127e-01, 5.72950222e-01, 4.61208956e-01, 2.79332072e+00, 9.28477482e+01
5.64290847e-01, 1.94317504e-01, 6.39267309e-01, 3.79121407e-01, 5.65885942e-01, 4.72204954e-01, 2.78232472e+00, 9.36136762e+01
5.80132310e-01, 1.98693454e-01, 6.32858396e-01, 3.86252178e-01, 5.58755171e-01, 4.83415860e-01, 2.77111381e+00, 9.44077408e+01
5.96418495e-01, 2.03146750e-01, 6.26402164e-01, 3.93447096e-01, 5.51560254e-01, 4.94843185e-01, 2.75968649e+00, 9.52313310e+01
6.13161884e-01, 2.07677952e-01, 6.19900588e-01, 4.00703673e-01, 5.44303677e-01, 5.06488273e-01, 2.74804140e+00, 9.60859090e+01
6.30375315e-01, 2.12287591e-01, 6.13355704e-01, 4.08019276e-01, 5.36988074e-01, 5.18352280e-01, 2.73617739e+00, 9.69730137e+01
6.48071983e-01, 2.16976176e-01, 6.06769614e-01, 4.15391127e-01, 5.29616223e-01, 5.30436173e-01, 2.72409350e+00, 9.78942626e+01
6.66265452e-01, 2.21744190e-01, 6.00144472e-01, 4.22816301e-01, 5.22191048e-01, 5.42740707e-01, 2.71178897e+00, 9.88513553e+01
6.84969672e-01, 2.26592088e-01, 5.93482492e-01, 4.30291731e-01, 5.14715619e-01, 5.55266421e-01, 2.69926325e+00, 9.98460759e+01
7.04198979e-01, 2.31520301e-01, 5.86785940e-01, 4.37814202e-01, 5.07193147e-01, 5.68013621e-01, 2.68651605e+00, 1.00880296e+02
7.23968114e-01, 2.36529229e-01, 5.80057132e-01, 4.45380360e-01, 4.99626989e-01, 5.80982373e-01, 2.67354730e+00, 1.01955975e+02
7.44292233e-01, 2.41619247e-01, 5.73298431e-01, 4.52986713e-01, 4.92020637e-01, 5.94172486e-01, 2.66035719e+00, 1.03075169e+02
7.65186915e-01, 2.46790700e-01, 5.66512244e-01, 4.60629629e-01, 4.84377720e-01, 6.07583506e-01, 2.64694617e+00, 1.04240024e+02
7.86668179e-01, 2.52043903e-01, 5.59701019e-01, 4.68305349e-01, 4.76702001e-01, 6.21214703e-01, 2.63331497e+00, 1.05452788e+02
8.08752491e-01, 2.57379142e-01, 5.52867241e-01, 4.76009984e-01, 4.68997365e-01, 6.35065063e-01, 2.61946461e+00, 1.06715804e+02
8.31456781e-01, 2.62796674e-01, 5.46013431e-01, 4.83739527e-01, 4.61267822e-01, 6.49133278e-01, 2.60539640e+00, 1.08031520e+02
8.54798453e-01, 2.68296725e-01, 5.39142136e-01, 4.91489856e-01, 4.53517493e-01, 6.63417743e-01, 2.59111193e+00, 1.09402489e+02
8.78795401e-01, 2.73879488e-01, 5.32255933e-01, 4.99256743e-01, 4.45750607e-01, 6.77916542e-01, 2.57661313e+00, 1.10831367e+02
9.03466021e-01, 2.79545129e-01, 5.25357421e-01, 5.07035861e-01, 4.37971488e-01, 6.92627449e-01, 2.56190223e+00, 1.12320920e+02
9.28829225e-01, 2.85293778e-01, 5.18449216e-01, 5.14822796e-01, 4.30184553e-01, 7.07547923e-01, 2.54698175e+00, 1.13874025e+02
9.54904456e-01, 2.91125536e-01, 5.11533951e-01, 5.22613056e-01, 4.22394294e-01, 7.22675103e-01, 2.53185457e+00, 1.15493671e+02
9.81711702e-01, 2.97040474e-01, 5.04614268e-01, 5.30402079e-01, 4.14605270e-01, 7.38005810e-01, 2.51652386e+00, 1.17182960e+02
1.00927151e+00, 3.03038627e-01, 4.97692817e-01, 5.38185250e-01, 4.06822100e-01, 7.53536549e-01, 2.50099313e+00, 1.18945111e+02
1.03760502e+00, 3.09120002e-01, 4.90772250e-01, 5.45957908e-01, 3.99049441e-01, 7.69263505e-01, 2.48526617e+00, 1.20783461e+02
1.06673394e+00, 3.15284571e-01, 4.83855218e-01, 5.53715365e-01, 3.91291984e-01, 7.85182557e-01, 2.46934712e+00, 1.22701469e+02
1.09668060e+00, 3.21532276e-01, 4.76944367e-01, 5.61452912e-01, 3.83554438e-01, 8.01289274e-01, 2.45324040e+00, 1.24702712e+02
1.12746796e+00, 3.27863028e-01, 4.70042332e-01, 5.69165838e-01, 3.75841511e-01, 8.17578931e-01, 2.43695074e+00, 1.26790896e+02
1.15911962e+00, 3.34276704e-01, 4.63151736e-01, 5.76849444e-01, 3.68157905e-01, 8.34046511e-01, 2.42048316e+00, 1.28969852e+02
1.19165984e+00, 3.40773150e-01, 4.56275185e-01, 5.84499056e-01, 3.60508294e-01, 8.50686724e-01, 2.40384295e+00, 1.31243540e+02
1.22511358e+00, 3.47352184e-01, 4.49415262e-01, 5.92110037e-01, 3.52897313e-01, 8.67494012e-01, 2.38703566e+00, 1.33616052e+02
1.25950646e+00, 3.54013588e-01, 4.42574525e-01, 5.99677807e-01, 3.45329542e-01, 8.84462569e-01, 2.37006710e+00, 1.36091617e+02
1.29486487e+00, 3.60757118e-01, 4.35755505e-01, 6.07197854e-01, 3.37809495e-01, 9.01586352e-01, 2.35294332e+00, 1.38674600e+02
1.33121590e+00, 3.67582497e-01, 4.28960698e-01, 6.14665748e-01, 3.30341601e-01, 9.18859101e-01, 2.33567057e+00, 1.41369510e+02
1.36858742e+00, 3.74489419e-01, 4.22192565e-01, 6.22077154e-01, 3.22930195e-01, 9.36274355e-01, 2.31825532e+00, 1.44181002e+02
1.40700809e+00, 3.81477549e-01, 4.15453528e-01, 6.29427848e-01, 3.15579501e-01, 9.53825473e-01, 2.30070420e+00, 1.47113882e+02
1.44650734e+00, 3.88546523e-01, 4.08745964e-01, 6.36713726e-01, 3.08293624e-01, 9.71505648e-01, 2.28302403e+00, 1.50173111e+02
1.48711546e+00, 3.95695948e-01, 4.02072206e-01, 6.43930817e-01, 3.01076532e-01, 9.89307937e-01, 2.26522174e+00, 1.53363812e+02
1.52886359e+00, 4.02925403e-01, 3.95434536e-01, 6.51075297e-01, 2.93932052e-01, 1.00722527e+00, 2.24730440e+00, 1.56691275e+02
1.57178372e+00, 4.10234442e-01, 3.88835186e-01, 6.58143493e-01, 2.86863856e-01, 1.02525048e+00, 2.22927920e+00, 1.60160964e+02
1.61590875e+00, 4.17622591e-01, 3.82276331e-01, 6.65131898e-01, 2.79875451e-01, 1.04337632e+00, 2.21115336e+00, 1.63778522e+02
1.66127252e+00, 4.25089350e-01, 3.75760089e-01, 6.72037175e-01, 2.72970174e-01, 1.06159547e+00, 2.19293420e+00, 1.67549783e+02
1.70790980e+00, 4.32634194e-01, 3.69288519e-01, 6.78856167e-01, 2.66151182e-01, 1.07990060e+00, 2.17462907e+00, 1.71480777e+02
1.75585633e+00, 4.40256573e-01, 3.62863618e-01, 6.85585901e-01, 2.59421448e-01, 1.09828434e+00, 2.15624533e+00, 1.75577741e+02
1.80514888e+00, 4.47955916e-01, 3.56487318e-01, 6.92223592e-01, 2.52783757e-01, 1.11673932e+00, 2.13779035e+00, 1.79847125e+02
1.85582523e+00, 4.55731626e-01, 3.50161484e-01, 6.98766652e-01, 2.46240698e-01, 1.13525820e+00, 2.11927148e+00, 1.84295608e+02
1.90792422e+00, 4.63583085e-01, 3.43887915e-01, 7.05212684e-01, 2.39794665e-01, 1.15383365e+00, 2.10069602e+00, 1.88930104e+02
1.96148581e+00, 4.71509656e-01, 3.37668341e-01, 7.11559494e-01, 2.33447855e-01, 1.17245844e+00, 2.08207124e+00, 1.93757778e+02
2.01655104e+00, 4.79510678e-01, 3.31504419e-01, 7.17805083e-01, 2.27202267e-01, 1.19112535e+00, 2.06340432e+00, 1.98786053e+02
2.07316213e+00, 4.87585472e-01, 3.25397736e-01, 7.23947650e-01, 2.21059699e-01, 1.20982730e+00, 2.04470238e+00, 2.04022630e+02
2.13136247e+00, 4.95733342e-01, 3.19349807e-01, 7.29985593e-01, 2.15021757e-01, 1.22855726e+00, 2.02597242e+00, 2.09475496e+02
2.19119669e+00, 5.03953573e-01, 3.13362070e-01, 7.35917502e-01, 2.09089847e-01, 1.24730833e+00, 2.00722134e+00, 2.15152942e+02
2.25271064e+00, 5.12245431e-01, 3.07435893e-01, 7.41742162e-01, 2.03265188e-01, 1.26607374e+00, 1.98845594e+00, 2.21063576e+02
2.31595149e+00, 5.20608169e-01, 3.01572566e-01, 7.47458543e-01, 1.97548807e-01, 1.28484682e+00, 1.96968286e+00, 2.27216341e+02
2.38096772e+00, 5.29041024e-01, 2.95773306e-01, 7.53065800e-01, 1.91941549e-01, 1.30362106e+00, 1.95090862e+00, 2.33620531e+02
2.44780916e+00, 5.37543219e-01, 2.90039255e-01, 7.58563269e-01, 1.86444080e-01, 1.32239009e+00, 1.93213958e+00, 2.40285808e+02
2.51652705e+00, 5.46113963e-01, 2.84371479e-01, 7.63950457e-01, 1.81056893e-01, 1.34114770e+00, 1.91338198e+00, 2.47222222e+02
2.58717408e+00, 5.54752453e-01, 2.78770971e-01, 7.69227039e-01, 1.75780311e-01, 1.35988782e+00, 1.89464186e+00, 2.54440226e+02
2.65980440e+00, 5.63457874e-01, 2.73238647e-01, 7.74392853e-01, 1.70614496e-01, 1.37860455e+00, 1.87592512e+00, 2.61950700e+02
2.73447368e+00, 5.72229403e-01, 2.67775351e-01, 7.79447892e-01, 1.65559458e-01, 1.39729217e+00, 1.85723750e+00, 2.69764970e+02
2.81123917e+00, 5.81066203e-01, 2.62381854e-01, 7.84392295e-01, 1.60615054e-01, 1.41594511e+00, 1.83858456e+00, 2.77894829e+02
2.89015972e+00, 5.89967432e-01, 2.57058854e-01, 7.89226346e-01, 1.55781003e-01, 1.43455799e+00, 1.81997169e+00, 2.86352558e+02
2.97129582e+00, 5.98932239e-01, 2.51806978e-01, 7.93950461e-01, 1.51056888e-01, 1.45312557e+00, 1.80140410e+00, 2.95150951e+02
3.05470967e+00, 6.07959763e-01, 2.46626782e-01, 7.98565183e-01, 1.46442167e-01, 1.47164281e+00, 1.78288686e+00, 3.04303338e+02
3.14046522e+00, 6.17049141e-01, 2.41518754e-01, 8.03071175e-01, 1.41936175e-01, 1.49010484e+00, 1.76442483e+00, 3.13823609e+02
3.22862820e+00, 6.26199502e-01, 2.36483311e-01, 8.07469213e-01, 1.37538136e-01, 1.50850696e+00, 1.74602272e+00, 3.23726241e+02
3.31926620e+00, 6.35409971e-01, 2.31520808e-01, 8.11760180e-01, 1.33247169e-01, 1.52684462e+00, 1.72768505e+00, 3.34026322e+02
3.41244871e+00, 6.44679670e-01, 2.26631530e-01, 8.15945056e-01, 1.29062294e-01, 1.54511347e+00, 1.70941620e+00, 3.44739581e+02
3.50824714e+00, 6.54007716e-01, 2.21815701e-01, 8.20024912e-01, 1.24982437e-01, 1.56330932e+00, 1.69122036e+00, 3.55882414e+02
3.60673495e+00, 6.63393226e-01, 2.17073483e-01, 8.24000906e-01, 1.21006444e-01, 1.58142812e+00, 1.67310155e+00, 3.67471919e+02
3.70798763e+00, 6.72835313e-01, 2.12404976e-01, 8.27874272e-01, 1.17133078e-01, 1.59946602e+00, 1.65506366e+00, 3.79525918e+02
3.81208280e+00, 6.82333091e-01, 2.07810223e-01, 8.31646316e-01, 1.13361033e-01, 1.61741931e+00, 1.63711037e+00, 3.92062995e+02
3.91910025e+00, 6.91885673e-01, 2.03289209e-01, 8.35318412e-01, 1.09688937e-01, 1.63528443e+00, 1.61924524e+00, 4.05102530e+02
4.02912203e+00, 7.01492174e-01, 1.98841864e-01, 8.38891991e-01, 1.06115359e-01, 1.65305801e+00, 1.60147167e+00, 4.18664727e+02
4.14223247e+00, 7.11151707e-01, 1.94468065e-01, 8.42368537e-01, 1.02638812e-01, 1.67073678e+00, 1.58379289e+00, 4.32770657e+02
4.25851829e+00, 7.20863389e-01, 1.90167637e-01, 8.45749584e-01, 9.92577656e-02, 1.68831767e+00, 1.56621200e+00, 4.47442288e+02
4.37806863e+00, 7.30626340e-01, 1.85940357e-01, 8.49036707e-01, 9.59706426e-02, 1.70579772e+00, 1.54873195e+00, 4.62702529e+02
4.50097513e+00, 7.40439681e-01, 1.81785952e-01, 8.52231519e-01, 9.27758306e-02, 1.72317413e+00, 1.53135555e+00, 4.78575267e+02
4.62733201e+00, 7.50302539e-01, 1.77704105e-01, 8.55335665e-01, 8.96716841e-02, 1.74044422e+00, 1.51408545e+00, 4.95085411e+02
4.75723614e+00, 7.60214043e-01, 1.73694456e-01, 8.58350819e-01, 8.66565300e-02, 1.75760548e+00, 1.49692419e+00, 5.12258932e+02
4.89078709e+00, 7.70173327e-01, 1.69756602e-01, 8.61278677e-01, 8.37286719e-02, 1.77465550e+00, 1.47987418e+00, 5.30122910e+02
5.02808725e+00, 7.80179530e-01, 1.65890100e-01, 8.64120955e-01, 8.08863944e-02, 1.79159200e+00, 1.46293767e+00, 5.48705580e+02
5.16924187e+00, 7.90231798e-01, 1.62094471e-01, 8.66879383e-01, 7.81279668e-02, 1.80841285e+00, 1.44611682e+00, 5.68036382e+02
5.31435916e+00, 8.00329281e-01, 1.58369199e-01, 8.69555702e-01, 7.54516473e-02, 1.82511602e+00, 1.42941365e+00, 5.88146011e+02
5.46355035e+00, 8.10471136e-01, 1.54713732e-01, 8.72151663e-01, 7.28556864e-02, 1.84169962e+00, 1.41283005e+00, 6.09066469e+02
5.61692982e+00, 8.20656529e-01, 1.51127491e-01, 8.74669019e-01, 7.03383302e-02, 1.85816185e+00, 1.39636782e+00, 6.30831121e+02
5.77461515e+00, 8.30884629e-01, 1.47609861e-01, 8.77109526e-01, 6.78978235e-02, 1.87450104e+00, 1.38002863e+00, 6.53474751e+02
5.93672722e+00, 8.41154616e-01, 1.44160202e-01, 8.79474936e-01, 6.55324130e-02, 1.89071563e+00, 1.36381404e+00, 6.77033625e+02
6.10339029e+00, 8.51465677e-01, 1.40777848e-01, 8.81767000e-01, 6.32403497e-02, 1.90680416e+00, 1.34772551e+00, 7.01545549e+02
6.27473213e+00, 8.61817006e-01, 1.37462106e-01, 8.83987457e-01, 6.10198918e-02, 1.92276528e+00, 1.33176439e+00, 7.27049935e+02
6.45088409e+00, 8.72207807e-01, 1.34212261e-01, 8.86138042e-01, 5.88693069e-02, 1.93859774e+00, 1.31593194e+00, 7.53587872e+02
6.63198120e+00, 8.82637292e-01, 1.31027576e-01, 8.88220475e-01, 5.67868742e-02, 1.95430038e+00, 1.30022930e+00, 7.81202189e+02
6.81816229e+00, 8.93104682e-01, 1.27907296e-01, 8.90236463e-01, 5.47708866e-02, 1.96987214e+00, 1.28465753e+00, 8.09937538e+02
7.00957009e+00, 9.03609206e-01, 1.24850646e-01, 8.92187697e-01, 5.28196526e-02, 1.98531207e+00, 1.26921761e+00, 8.39840462e+02
7.20635132e+00, 9.14150106e-01, 1.21856835e-01, 8.94075851e-01, 5.09314979e-02, 2.00061927e+00, 1.25391040e+00, 8.70959477e+02
7.40865683e+00, 9.24726629e-01, 1.18925058e-01, 8.95902582e-01, 4.91047672e-02, 2.01579297e+00, 1.23873670e+00, 9.03345160e+02
7.61664172e+00, 9.35338035e-01, 1.16054495e-01, 8.97669524e-01, 4.73378255e-02, 2.03083246e+00, 1.22369722e+00, 9.37050227e+02
7.83046540e+00, 9.45983593e-01, 1.13244314e-01, 8.99378290e-01, 4.56290593e-02, 2.04573710e+00, 1.20879257e+00, 9.72129631e+02
8.05029181e+00, 9.56662583e-01, 1.10493675e-01, 9.01030471e-01, 4.39768780e-02, 2.06050637e+00, 1.19402330e+00, 1.00864065e+03
8.27628946e+00, 9.67374292e-01, 1.07801724e-01, 9.02627634e-01, 4.23797149e-02, 2.07513979e+00, 1.17938989e+00, 1.04664299e+03
8.50863158e+00, 9.78118021e-01, 1.05167604e-01, 9.04171321e-01, 4.08360279e-02, 2.08963696e+00, 1.16489272e+00, 1.08619889e+03
8.74749630e+00, 9.88893079e-01, 1.02590447e-01, 9.05663049e-01, 3.93443007e-02, 2.10399756e+00, 1.15053211e+00, 1.12737321e+03
8.99306672e+00, 9.99698787e-01, 1.00069381e-01, 9.07104306e-01, 3.79030433e-02, 2.11822134e+00, 1.13630833e+00, 1.17023358e+03
9.24553110e+00, 1.01053448e+00, 9.76035298e-02, 9.08496557e-01, 3.65107927e-02, 2.13230812e+00, 1.12222156e+00, 1.21485045e+03
9.50508296e+00, 1.02139949e+00, 9.51920136e-02, 9.09841236e-01, 3.51661134e-02, 2.14625776e+00, 1.10827192e+00, 1.26129730e+03
9.77192128e+00, 1.03229317e+00, 9.28339498e-02, 9.11139752e-01, 3.38675978e-02, 2.16007021e+00, 1.09445947e+00, 1.30965069e+03
1.00462506e+01, 1.04321489e+00, 9.05284548e-02, 9.12393483e-01, 3.26138667e-02, 2.17374547e+00, 1.08078421e+00, 1.35999042e+03
1.03282813e+01, 1.05416402e+00, 8.82746444e-02, 9.13603780e-01, 3.14035695e-02, 2.18728359e+00, 1.06724608e+00, 1.41239969e+03
1.06182294e+01, 1.06513995e+00, 8.60716349e-02, 9.14771965e-01, 3.02353845e-02, 2.20068469e+00, 1.05384498e+00, 1.46696518e+03
1.09163173e+01, 1.07614206e+00, 8.39185439e-02, 9.15899330e-01, 2.91080188e-02, 2.21394894e+00, 1.04058074e+00, 1.52377728e+03
1.12227736e+01, 1.08716977e+00, 8.18144912e-02, 9.16987140e-01, 2.80202089e-02, 2.22707655e+00, 1.02745313e+00, 1.58293017e+03
1.15378330e+01, 1.09822248e+00, 7.97585995e-02, 9.18036629e-01, 2.69707201e-02, 2.24006778e+00, 1.01446189e+00, 1.64452204e+03
1.18617372e+01, 1.10929963e+00, 7.77499950e-02, 9.19049002e-01, 2.59583468e-02, 2.25292296e+00, 1.00160671e+00, 1.70865520e+03
1.21947344e+01, 1.12040065e+00, 7.57878084e-02, 9.20025437e-01, 2.49819126e-02, 2.26564245e+00, 9.88887226e-01, 1.77543633e+03
1.25370799e+01, 1.13152499e+00, 7.38711753e-02, 9.20967080e-01, 2.40402698e-02, 2.27822664e+00, 9.76303036e-01, 1.84497659e+03
1.28890361e+01, 1.14267211e+00, 7.19992367e-02, 9.21875050e-01, 2.31322994e-02, 2.29067598e+00, 9.63853693e-01, 1.91739185e+03
1.32508729e+01, 1.15384147e+00, 7.01711401e-02, 9.22750438e-01, 2.22569109e-02, 2.30299096e+00, 9.51538715e-01, 1.99280289e+03
1.36228676e+01, 1.16503255e+00, 6.83860392e-02, 9.23594307e-01, 2.14130422e-02, 2.31517210e+00, 9.39357576e-01, 2.07133560e+03
1.40053055e+01, 1.17624484e+00, 6.66430952e-02, 9.24407690e-01, 2.05996588e-02, 2.32721996e+00, 9.27309718e-01, 2.15312117e+03
1.43984795e+01, 1.18747784e+00, 6.49414767e-02, 9.25191595e-01, 1.98157543e-02, 2.33913513e+00, 9.15394547e-01, 2.23829639e+03
1.48026913e+01, 1.19873106e+00, 6.32803605e-02, 9.25947000e-01, 1.90603493e-02, 2.35091824e+00, 9.03611435e-01, 2.32700378e+03
1.52182505e+01, 1.21000400e+00, 6.16589316e-02, 9.26674858e-01, 1.83324915e-02, 2.36256995e+00, 8.91959724e-01, 2.41939193e+03
1.56454759e+01, 1.22129622e+00, 6.00763839e-02, 9.27376094e-01, 1.76312551e-02, 2.37409095e+00, 8.80438726e-01, 2.51561570e+03
1.60846948e+01, 1.23260723e+00, 5.85319205e-02, 9.28051609e-01, 1.69557405e-02, 2.38548195e+00, 8.69047724e-01, 2.61583651e+03
1.65362441e+01, 1.24393658e+00, 5.70247538e-02, 9.28702276e-01, 1.63050737e-02, 2.39674370e+00, 8.57785974e-01, 2.72022259e+03
1.70004698e+01, 1.25528384e+00, 5.55541057e-02, 9.29328943e-01, 1.56784063e-02, 2.40787697e+00, 8.46652707e-01, 2.82894932e+03
1.74777277e+01, 1.26664856e+00, 5.41192085e-02, 9.29932435e-01, 1.50749145e-02, 2.41888254e+00, 8.35647130e-01, 2.94219948e+03
1.79683839e+01, 1.27803033e+00, 5.27193041e-02, 9.30513550e-01, 1.44937990e-02, 2.42976125e+00, 8.24768428e-01, 3.06016359e+03
1.84728144e+01, 1.28942872e+00, 5.13536452e-02, 9.31073065e-01, 1.39342843e-02, 2.44051391e+00, 8.14015764e-01, 3.18304023e+03
1.89914058e+01, 1.30084334e+00, 5.00214947e-02, 9.31611731e-01, 1.33956184e-02, 2.45114139e+00, 8.03388280e-01, 3.31103638e+03
1.95245558e+01, 1.31227377e+00, 4.87221263e-02, 9.32130277e-01, 1.28770724e-02, 2.46164457e+00, 7.92885100e-01, 3.44436781e+03
2.00726730e+01, 1.32371963e+00, 4.74548245e-02, 9.32629410e-01, 1.23779396e-02, 2.47202434e+00, 7.82505332e-01, 3.58325937e+03
2.06361777e+01, 1.33518054e+00, 4.62188846e-02, 9.33109814e-01, 1.18975354e-02, 2.48228161e+00, 7.72248064e-01, 3.72794548e+03
2.12155017e+01, 1.34665613e+00, 4.50136131e-02, 9.33572153e-01, 1.14351966e-02, 2.49241730e+00, 7.62112373e-01, 3.87867044e+03
2.18110892e+01, 1.35814602e+00, 4.38383275e-02, 9.34017068e-01, 1.09902811e-02, 2.50243236e+00, 7.52097318e-01, 4.03568893e+03
2.24233968e+01, 1.36964988e+00, 4.26923562e-02, 9.34445182e-01, 1.05621670e-02, 2.51232773e+00, 7.42201947e-01, 4.19926637e+03
2.30528939e+01, 1.38116734e+00, 4.15750390e-02, 9.34857097e-01, 1.01502525e-02, 2.52210438e+00, 7.32425295e-01, 4.36967945e+03
2.37000629e+01, 1.39269806e+00, 4.04857268e-02, 9.35253394e-01, 9.75395544e-03, 2.53176329e+00, 7.22766385e-01, 4.54721656e+03
2.43654001e+01, 1.40424172e+00, 3.94237819e-02, 9.35634637e-01, 9.37271230e-03, 2.54130544e+00, 7.13224233e-01, 4.73217829e+03
2.50494154e+01, 1.41579798e+00, 3.83885774e-02, 9.36001371e-01, 9.00597825e-03, 2.55073183e+00, 7.03797842e-01, 4.92487798e+03
2.57526333e+01, 1.42736654e+00, 3.73794979e-02, 9.36354123e-01, 8.65322639e-03, 2.56004347e+00, 6.94486208e-01, 5.12564222e+03
2.64755927e+01, 1.43894707e+00, 3.63959391e-02, 9.36693402e-01, 8.31394733e-03, 2.56924135e+00, 6.85288319e-01, 5.33481143e+03
2.72188479e+01, 1.45053928e+00, 3.54373078e-02, 9.37019701e-01, 7.98764872e-03, 2.57832652e+00, 6.76203159e-01, 5.55274045e+03
2.79829688e+01, 1.46214287e+00, 3.45030217e-02, 9.37333495e-01, 7.67385477e-03, 2.58729997e+00, 6.67229701e-01, 5.77979914e+03
2.87685409e+01, 1.47375755e+00, 3.35925097e-02, 9.37635244e-01, 7.37210579e-03, 2.59616276e+00, 6.58366918e-01, 6.01637302e+03
2.95761666e+01, 1.48538304e+00, 3.27052117e-02, 9.37925392e-01, 7.08195771e-03, 2.60491590e+00, 6.49613774e-01, 6.26286395e+03
3.04064649e+01, 1.49701906e+00, 3.18405781e-02, 9.38204368e-01, 6.80298167e-03, 2.61356044e+00, 6.40969233e-01, 6.51969080e+03
3.12600724e+01, 1.50866534e+00, 3.09980705e-02, 9.38472586e-01, 6.53476356e-03, 2.62209742e+00, 6.32432252e-01, 6.78729018e+03
3.21376434e+01, 1.52032162e+00, 3.01771610e-02, 9.38730446e-01, 6.27690356e-03, 2.63052788e+00, 6.24001790e-01, 7.06611718e+03
3.30398507e+01, 1.53198765e+00, 2.93773321e-02, 9.38978334e-01, 6.02901575e-03, 2.63885287e+00, 6.15676801e-01, 7.35664619e+03
3.39673858e+01, 1.54366317e+00, 2.85980772e-02, 9.39216622e-01, 5.79072766e-03, 2.64707344e+00, 6.07456237e-01, 7.65937166e+03
3.49209598e+01, 1.55534793e+00, 2.78388997e-02, 9.39445669e-01, 5.56167991e-03, 2.65519062e+00, 5.99339053e-01, 7.97480902e+03
3.59013038e+01, 1.56704171e+00, 2.70993135e-02, 9.39665824e-01, 5.34152572e-03, 2.66320547e+00, 5.91324201e-01, 8.30349550e+03
3.69091691e+01, 1.57874427e+00, 2.63788425e-02, 9.39877419e-01, 5.12993063e-03, 2.67111904e+00, 5.83410634e-01, 8.64599111e+03
3.79453285e+01, 1.59045537e+00, 2.56770206e-02, 9.40080777e-01, 4.92657200e-03, 2.67893237e+00, 5.75597305e-01, 9.00287957e+03
3.90105762e+01, 1.60217481e+00, 2.49933916e-02, 9.40276211e-01, 4.73113873e-03, 2.68664650e+00, 5.67883170e-01, 9.37476932e+03
4.01057288e+01, 1.61390235e+00, 2.43275093e-02, 9.40464018e-01, 4.54333084e-03, 2.69426249e+00, 5.60267186e-01, 9.76229460e+03
4.12316259e+01, 1.62563780e+00, 2.36789368e-02, 9.40644490e-01, 4.36285912e-03, 2.70178136e+00, 5.52748312e-01, 1.01661165e+04
4.23891306e+01, 1.63738095e+00, 2.30472468e-02, 9.40817905e-01, 4.18944478e-03, 2.70920416e+00, 5.45325509e-01, 1.05869241e+04
4.35791301e+01, 1.64913159e+00, 2.24320214e-02, 9.40984530e-01, 4.02281914e-03, 2.71653193e+00, 5.37997743e-01, 1.10254357e+04
4.48025368e+01, 1.66088953e+00, 2.18328518e-02, 9.41144626e-01, 3.86272326e-03, 2.72376569e+00, 5.30763981e-01, 1.14824001e+04
4.60602884e+01, 1.67265458e+00, 2.12493385e-02, 9.41298442e-01, 3.70890762e-03, 2.73090648e+00, 5.23623195e-01, 1.19585976e+04
4.73533492e+01, 1.68442656e+00, 2.06810907e-02, 9.41446217e-01, 3.56113183e-03, 2.73795531e+00, 5.16574362e-01, 1.24548418e+04
4.86827104e+01, 1.69620528e+00, 2.01277264e-02, 9.41588185e-01, 3.41916432e-03, 2.74491321e+00, 5.09616460e-01, 1.29719807e+04
5.00493910e+01, 1.70799057e+00, 1.95888723e-02, 9.41724567e-01, 3.28278201e-03, 2.75178120e+00, 5.02748476e-01, 1.35108982e+04
5.14544388e+01, 1.71978224e+00, 1.90641636e-02, 9.41855579e-01, 3.15177006e-03, 2.75856028e+00, 4.95969398e-01, 1.40725156e+04
5.28989308e+01, 1.73158015e+00, 1.85532437e-02, 9.41981428e-01, 3.02592158e-03, 2.76525145e+00, 4.89278222e-01, 1.46577934e+04
5.43839743e+01, 1.74338412e+00, 1.80557646e-02, 9.42102312e-01, 2.90503733e-03, 2.77185573e+00, 4.82673947e-01, 1.52677327e+04
5.59107078e+01, 1.75519399e+00, 1.75713858e-02, 9.42218424e-01, 2.78892550e-03, 2.77837409e+00, 4.76155581e-01, 1.59033769e+04
5.74803016e+01, 1.76700960e+00, 1.70997750e-02, 9.42329948e-01, 2.67740141e-03, 2.78480754e+00, 4.69722134e-01, 1.65658139e+04
5.90939590e+01, 1.77883082e+00, 1.66406078e-02, 9.42437062e-01, 2.57028730e-03, 2.79115705e+00, 4.63372626e-01, 1.72561773e+04
6.07529169e+01, 1.79065748e+00, 1.61935670e-02, 9.42539937e-01, 2.46741204e-03, 2.79742359e+00, 4.57106080e-01, 1.79756493e+04
6.24584471e+01, 1.80248944e+00, 1.57583434e-02, 9.42638738e-01, 2.36861095e-03, 2.80360815e+00, 4.50921527e-01, 1.87254616e+04
6.42118571e+01, 1.81432657e+00, 1.53346346e-02, 9.42733624e-01, 2.27372555e-03, 2.80971167e+00, 4.44818005e-01, 1.95068985e+04
6.60144909e+01, 1.82616872e+00, 1.49221457e-02, 9.42824746e-01, 2.18260331e-03, 2.81573512e+00, 4.38794557e-01, 2.03212985e+04
6.78677305e+01, 1.83801577e+00, 1.45205889e-02, 9.42912252e-01, 2.09509749e-03, 2.82167944e+00, 4.32850236e-01, 2.11700570e+04
6.97729965e+01, 1.84986758e+00, 1.41296829e-02, 9.42996282e-01, 2.01106690e-03, 2.82754557e+00, 4.26984100e-01, 2.20546285e+04
7.17317494e+01, 1.86172403e+00, 1.37491537e-02, 9.43076974e-01, 1.93037570e-03, 2.83333446e+00, 4.21195214e-01, 2.29765290e+04
7.37454909e+01, 1.87358500e+00, 1.33787335e-02, 9.43154456e-01, 1.85289324e-03, 2.83904702e+00, 4.15482652e-01, 2.39373389e+04
7.58157646e+01, 1.88545036e+00, 1.30181611e-02, 9.43228856e-01, 1.77849381e-03, 2.84468418e+00, 4.09845493e-01, 2.49387055e+04
7.79441575e+01, 1.89731999e+00, 1.26671819e-02, 9.43300293e-01, 1.70705653e-03, 2.85024685e+00, 4.04282826e-01, 2.59823460e+04
8.01323013e+01, 1.90919379e+00, 1.23255471e-02, 9.43368884e-01, 1.63846513e-03, 2.85573593e+00, 3.98793746e-01, 2.70700503e+04
8.23818733e+01, 1.92107165e+00, 1.19930143e-02, 9.43434742e-01, 1.57260779e-03, 2.86115232e+00, 3.93377358e-01, 2.82036842e+04
8.46945981e+01, 1.93295345e+00, 1.16693470e-02, 9.43497972e-01, 1.50937699e-03, 2.86649690e+00, 3.88032771e-01, 2.93851925e+04
8.70722485e+01, 1.94483908e+00, 1.13543144e-02, 9.43558680e-01, 1.44866934e-03, 2.87177057e+00, 3.82759105e-01, 3.06166026e+04
8.95166472e+01, 1.95672846e+00, 1.10476916e-02, 9.43616964e-01, 1.39038542e-03, 2.87697419e+00, 3.77555488e-01, 3.19000276e+04
9.20296681e+01, 1.96862147e+00, 1.07492590e-02, 9.43672920e-01, 1.33442966e-03, 2.88210862e+00, 3.72421053e-01, 3.32376705e+04
9.46132376e+01, 1.98051802e+00, 1.04588028e-02, 9.43726639e-01, 1.28071017e-03, 2.88717473e+00, 3.67354945e-01, 3.46318273e+04
9.72693362e+01, 1.99241802e+00, 1.01761143e-02, 9.43778211e-01, 1.22913861e-03, 2.89217336e+00, 3.62356313e-01, 3.60848915e+04
1.00000000e+02, 2.00432137e+00, 9.90099010e-03, 9.43827719e-01, 1.17963007e-03, 2.89710536e+00, 3.57424318e-01, 3.75993581e+04
