 --- Cosmological Parameters --- 
	 H0: 2.2047e-18 (1/s) = 68.0300 (km/s/Mpc) 
	 OmegaM: 3.0000e-01 
	 OmegaR: 0.0000e+00 
	 OmegaL: 7.0000e-01 
	 OmegaK: 0.0000e+00 
		 w0: -8.2700e-01 
		 wa: -7.5000e-01 
	 rho_crit: 8.6952e-30 (g/cm^3) 
z, log10(1+z), a, H0*t_look, H0*t_age, H0*t_conf, H0*t_conf_age, H(z) 
1.00000000e-04, 4.34272769e-05, 9.99900010e-01, 9.99918425e-05, 9.62863977e-01, 9.99968419e-05, 3.31066709e+00, 6.80342970e+01
1.02807322e-04, 4.46463579e-05, 9.99897203e-01, 1.02798700e-04, 9.62861170e-01, 1.02803985e-04, 3.31066428e+00, 6.80344176e+01
1.05693455e-04, 4.58996588e-05, 9.99894318e-01, 1.05684343e-04, 9.62858284e-01, 1.05689927e-04, 3.31066139e+00, 6.80345416e+01
1.08660611e-04, 4.71881402e-05, 9.99891351e-01, 1.08650980e-04, 9.62855317e-01, 1.08656883e-04, 3.31065843e+00, 6.80346691e+01
1.11711065e-04, 4.85127895e-05, 9.99888301e-01, 1.11700885e-04, 9.62852267e-01, 1.11707124e-04, 3.31065538e+00, 6.80348002e+01
1.14847155e-04, 4.98746217e-05, 9.99885166e-01, 1.14836395e-04, 9.62849132e-01, 1.14842989e-04, 3.31065224e+00, 6.80349349e+01
1.18071285e-04, 5.12746804e-05, 9.99881943e-01, 1.18059913e-04, 9.62845908e-01, 1.18066882e-04, 3.31064902e+00, 6.80350735e+01
1.21385926e-04, 5.27140387e-05, 9.99878629e-01, 1.21373907e-04, 9.62842594e-01, 1.21381273e-04, 3.31064570e+00, 6.80352159e+01
1.24793621e-04, 5.41937993e-05, 9.99875222e-01, 1.24780917e-04, 9.62839187e-01, 1.24788702e-04, 3.31064229e+00, 6.80353623e+01
1.28296980e-04, 5.57150964e-05, 9.99871719e-01, 1.28283553e-04, 9.62835685e-01, 1.28291782e-04, 3.31063879e+00, 6.80355129e+01
1.31898690e-04, 5.72790956e-05, 9.99868119e-01, 1.31884498e-04, 9.62832084e-01, 1.31893196e-04, 3.31063519e+00, 6.80356676e+01
1.35601511e-04, 5.88869955e-05, 9.99864417e-01, 1.35586512e-04, 9.62828382e-01, 1.35595704e-04, 3.31063149e+00, 6.80358267e+01
1.39408283e-04, 6.05400281e-05, 9.99860611e-01, 1.39392429e-04, 9.62824576e-01, 1.39402145e-04, 3.31062768e+00, 6.80359903e+01
1.43321923e-04, 6.22394601e-05, 9.99856699e-01, 1.43305167e-04, 9.62820663e-01, 1.43315436e-04, 3.31062377e+00, 6.80361584e+01
1.47345431e-04, 6.39865937e-05, 9.99852676e-01, 1.47327721e-04, 9.62816641e-01, 1.47338575e-04, 3.31061974e+00, 6.80363313e+01
1.51481892e-04, 6.57827676e-05, 9.99848541e-01, 1.51463174e-04, 9.62812505e-01, 1.51474646e-04, 3.31061561e+00, 6.80365091e+01
1.55734477e-04, 6.76293582e-05, 9.99844290e-01, 1.55714694e-04, 9.62808254e-01, 1.55726818e-04, 3.31061136e+00, 6.80366918e+01
1.60106446e-04, 6.95277803e-05, 9.99839919e-01, 1.60085536e-04, 9.62803883e-01, 1.60098351e-04, 3.31060699e+00, 6.80368796e+01
1.64601150e-04, 7.14794886e-05, 9.99835426e-01, 1.64579050e-04, 9.62799389e-01, 1.64592594e-04, 3.31060249e+00, 6.80370728e+01
1.69222035e-04, 7.34859785e-05, 9.99830807e-01, 1.69198677e-04, 9.62794770e-01, 1.69212992e-04, 3.31059787e+00, 6.80372713e+01
1.73972643e-04, 7.55487874e-05, 9.99826058e-01, 1.73947955e-04, 9.62790020e-01, 1.73963085e-04, 3.31059312e+00, 6.80374754e+01
1.78856616e-04, 7.76694958e-05, 9.99821175e-01, 1.78830522e-04, 9.62785138e-01, 1.78846514e-04, 3.31058824e+00, 6.80376853e+01
1.83877698e-04, 7.98497285e-05, 9.99816156e-01, 1.83850119e-04, 9.62780118e-01, 1.83867021e-04, 3.31058322e+00, 6.80379010e+01
1.89039738e-04, 8.20911560e-05, 9.99810996e-01, 1.89010588e-04, 9.62774958e-01, 1.89028453e-04, 3.31057806e+00, 6.80381228e+01
1.94346693e-04, 8.43954955e-05, 9.99805691e-01, 1.94315884e-04, 9.62769652e-01, 1.94334765e-04, 3.31057275e+00, 6.80383508e+01
1.99802631e-04, 8.67645125e-05, 9.99800237e-01, 1.99770068e-04, 9.62764198e-01, 1.99790024e-04, 3.31056729e+00, 6.80385852e+01
2.05411735e-04, 8.92000219e-05, 9.99794630e-01, 2.05377318e-04, 9.62758591e-01, 2.05398411e-04, 3.31056169e+00, 6.80388262e+01
2.11178304e-04, 9.17038897e-05, 9.99788866e-01, 2.11141929e-04, 9.62752826e-01, 2.11164222e-04, 3.31055592e+00, 6.80390740e+01
2.17106760e-04, 9.42780341e-05, 9.99782940e-01, 2.17068314e-04, 9.62746900e-01, 2.17091876e-04, 3.31054999e+00, 6.80393287e+01
2.23201647e-04, 9.69244272e-05, 9.99776848e-01, 2.23161012e-04, 9.62740807e-01, 2.23185915e-04, 3.31054390e+00, 6.80395906e+01
2.29467637e-04, 9.96450962e-05, 9.99770585e-01, 2.29424688e-04, 9.62734544e-01, 2.29451009e-04, 3.31053763e+00, 6.80398598e+01
2.35909533e-04, 1.02442125e-04, 9.99764146e-01, 2.35864139e-04, 9.62728104e-01, 2.35891959e-04, 3.31053119e+00, 6.80401366e+01
2.42532274e-04, 1.05317657e-04, 9.99757527e-01, 2.42484296e-04, 9.62721484e-01, 2.42513700e-04, 3.31052457e+00, 6.80404211e+01
2.49340937e-04, 1.08273895e-04, 9.99750721e-01, 2.49290228e-04, 9.62714678e-01, 2.49321305e-04, 3.31051776e+00, 6.80407137e+01
2.56340741e-04, 1.11313103e-04, 9.99743725e-01, 2.56287145e-04, 9.62707681e-01, 2.56319991e-04, 3.31051076e+00, 6.80410144e+01
2.63537052e-04, 1.14437609e-04, 9.99736532e-01, 2.63480405e-04, 9.62700488e-01, 2.63515121e-04, 3.31050357e+00, 6.80413236e+01
2.70935387e-04, 1.17649806e-04, 9.99729138e-01, 2.70875515e-04, 9.62693093e-01, 2.70912207e-04, 3.31049617e+00, 6.80416415e+01
2.78541416e-04, 1.20952156e-04, 9.99721536e-01, 2.78478136e-04, 9.62685490e-01, 2.78516917e-04, 3.31048857e+00, 6.80419683e+01
2.86360972e-04, 1.24347187e-04, 9.99713721e-01, 2.86294089e-04, 9.62677674e-01, 2.86335078e-04, 3.31048075e+00, 6.80423042e+01
2.94400048e-04, 1.27837499e-04, 9.99705687e-01, 2.94329358e-04, 9.62669639e-01, 2.94372680e-04, 3.31047271e+00, 6.80426496e+01
3.02664806e-04, 1.31425767e-04, 9.99697427e-01, 3.02590092e-04, 9.62661378e-01, 3.02635880e-04, 3.31046445e+00, 6.80430047e+01
3.11161583e-04, 1.35114738e-04, 9.99688935e-01, 3.11082616e-04, 9.62652886e-01, 3.11131010e-04, 3.31045595e+00, 6.80433697e+01
3.19896892e-04, 1.38907238e-04, 9.99680205e-01, 3.19813429e-04, 9.62644155e-01, 3.19864578e-04, 3.31044722e+00, 6.80437450e+01
3.28877429e-04, 1.42806171e-04, 9.99671231e-01, 3.28789215e-04, 9.62635179e-01, 3.28843276e-04, 3.31043824e+00, 6.80441309e+01
3.38110078e-04, 1.46814523e-04, 9.99662004e-01, 3.38016843e-04, 9.62625952e-01, 3.38073981e-04, 3.31042901e+00, 6.80445275e+01
3.47601918e-04, 1.50935364e-04, 9.99652519e-01, 3.47503375e-04, 9.62616465e-01, 3.47563766e-04, 3.31041952e+00, 6.80449353e+01
3.57360225e-04, 1.55171849e-04, 9.99642767e-01, 3.57256072e-04, 9.62606712e-01, 3.57319901e-04, 3.31040976e+00, 6.80453546e+01
3.67392478e-04, 1.59527223e-04, 9.99632742e-01, 3.67282397e-04, 9.62596686e-01, 3.67349859e-04, 3.31039973e+00, 6.80457856e+01
3.77706369e-04, 1.64004821e-04, 9.99622436e-01, 3.77590022e-04, 9.62586378e-01, 3.77661324e-04, 3.31038942e+00, 6.80462287e+01
3.88309805e-04, 1.68608072e-04, 9.99611841e-01, 3.88186834e-04, 9.62575782e-01, 3.88262195e-04, 3.31037882e+00, 6.80466842e+01
3.99210913e-04, 1.73340499e-04, 9.99600948e-01, 3.99080942e-04, 9.62564887e-01, 3.99160593e-04, 3.31036792e+00, 6.80471525e+01
4.10418050e-04, 1.78205728e-04, 9.99589750e-01, 4.10280681e-04, 9.62553688e-01, 4.10364865e-04, 3.31035672e+00, 6.80476340e+01
4.21939808e-04, 1.83207482e-04, 9.99578238e-01, 4.21794620e-04, 9.62542174e-01, 4.21883595e-04, 3.31034520e+00, 6.80481290e+01
4.33785019e-04, 1.88349591e-04, 9.99566403e-01, 4.33631566e-04, 9.62530337e-01, 4.33725606e-04, 3.31033336e+00, 6.80486379e+01
4.45962763e-04, 1.93635993e-04, 9.99554236e-01, 4.45800575e-04, 9.62518168e-01, 4.45899968e-04, 3.31032118e+00, 6.80491610e+01
4.58482375e-04, 1.99070734e-04, 9.99541728e-01, 4.58310955e-04, 9.62505657e-01, 4.58416006e-04, 3.31030867e+00, 6.80496988e+01
4.71353453e-04, 2.04657975e-04, 9.99528869e-01, 4.71172276e-04, 9.62492796e-01, 4.71283306e-04, 3.31029580e+00, 6.80502518e+01
4.84585864e-04, 2.10401992e-04, 9.99515649e-01, 4.84394374e-04, 9.62479574e-01, 4.84511724e-04, 3.31028257e+00, 6.80508202e+01
4.98189752e-04, 2.16307184e-04, 9.99502058e-01, 4.97987361e-04, 9.62465981e-01, 4.98111390e-04, 3.31026897e+00, 6.80514046e+01
5.12175544e-04, 2.22378069e-04, 9.99488087e-01, 5.11961633e-04, 9.62452007e-01, 5.12092722e-04, 3.31025499e+00, 6.80520054e+01
5.26553963e-04, 2.28619296e-04, 9.99473723e-01, 5.26327876e-04, 9.62437640e-01, 5.26466426e-04, 3.31024062e+00, 6.80526231e+01
5.41336030e-04, 2.35035640e-04, 9.99458957e-01, 5.41097074e-04, 9.62422871e-01, 5.41243510e-04, 3.31022584e+00, 6.80532581e+01
5.56533078e-04, 2.41632013e-04, 9.99443776e-01, 5.56280520e-04, 9.62407688e-01, 5.56435291e-04, 3.31021065e+00, 6.80539109e+01
5.72156756e-04, 2.48413463e-04, 9.99428170e-01, 5.71889823e-04, 9.62392079e-01, 5.72053403e-04, 3.31019503e+00, 6.80545821e+01
5.88219040e-04, 2.55385179e-04, 9.99412127e-01, 5.87936914e-04, 9.62376031e-01, 5.88109804e-04, 3.31017897e+00, 6.80552721e+01
6.04732245e-04, 2.62552498e-04, 9.99395633e-01, 6.04434060e-04, 9.62359534e-01, 6.04616791e-04, 3.31016247e+00, 6.80559814e+01
6.21709029e-04, 2.69920903e-04, 9.99378677e-01, 6.21393872e-04, 9.62342574e-01, 6.21587002e-04, 3.31014550e+00, 6.80567106e+01
6.39162405e-04, 2.77496033e-04, 9.99361246e-01, 6.38829310e-04, 9.62325139e-01, 6.39033433e-04, 3.31012805e+00, 6.80574604e+01
6.57105755e-04, 2.85283683e-04, 9.99343326e-01, 6.56753701e-04, 9.62307215e-01, 6.56969441e-04, 3.31011011e+00, 6.80582311e+01
6.75552832e-04, 2.93289812e-04, 9.99324903e-01, 6.75180740e-04, 9.62288788e-01, 6.75408758e-04, 3.31009167e+00, 6.80590235e+01
6.94517777e-04, 3.01520545e-04, 9.99305964e-01, 6.94124508e-04, 9.62269844e-01, 6.94365503e-04, 3.31007272e+00, 6.80598381e+01
7.14015130e-04, 3.09982178e-04, 9.99286494e-01, 7.13599477e-04, 9.62250369e-01, 7.13854188e-04, 3.31005323e+00, 6.80606756e+01
7.34059837e-04, 3.18681185e-04, 9.99266479e-01, 7.33620527e-04, 9.62230348e-01, 7.33889734e-04, 3.31003319e+00, 6.80615366e+01
7.54667263e-04, 3.27624220e-04, 9.99245902e-01, 7.54202950e-04, 9.62209765e-01, 7.54487477e-04, 3.31001260e+00, 6.80624217e+01
7.75853206e-04, 3.36818122e-04, 9.99224748e-01, 7.75362467e-04, 9.62188606e-01, 7.75663187e-04, 3.30999142e+00, 6.80633317e+01
7.97633907e-04, 3.46269924e-04, 9.99203002e-01, 7.97115238e-04, 9.62166853e-01, 7.97433072e-04, 3.30996965e+00, 6.80642672e+01
8.20026062e-04, 3.55986854e-04, 9.99180646e-01, 8.19477874e-04, 9.62144490e-01, 8.19813795e-04, 3.30994727e+00, 6.80652289e+01
8.43046837e-04, 3.65976343e-04, 9.99157663e-01, 8.42467450e-04, 9.62121501e-01, 8.42822488e-04, 3.30992426e+00, 6.80662177e+01
8.66713880e-04, 3.76246030e-04, 9.99134037e-01, 8.66101519e-04, 9.62097867e-01, 8.66476761e-04, 3.30990061e+00, 6.80672342e+01
8.91045332e-04, 3.86803767e-04, 9.99109748e-01, 8.90398121e-04, 9.62073570e-01, 8.90794717e-04, 3.30987629e+00, 6.80682792e+01
9.16059848e-04, 3.97657626e-04, 9.99084779e-01, 9.15375803e-04, 9.62048593e-01, 9.15794968e-04, 3.30985129e+00, 6.80693535e+01
9.41776601e-04, 4.08815904e-04, 9.99059110e-01, 9.41053627e-04, 9.62022915e-01, 9.41496645e-04, 3.30982559e+00, 6.80704580e+01
9.68215306e-04, 4.20287133e-04, 9.99032721e-01, 9.67451188e-04, 9.61996517e-01, 9.67919416e-04, 3.30979916e+00, 6.80715934e+01
9.95396231e-04, 4.32080081e-04, 9.99005594e-01, 9.94588629e-04, 9.61969380e-01, 9.95083500e-04, 3.30977200e+00, 6.80727608e+01
1.02334021e-03, 4.44203760e-04, 9.98977706e-01, 1.02248665e-03, 9.61941482e-01, 1.02300968e-03, 3.30974407e+00, 6.80739608e+01
1.05206867e-03, 4.56667438e-04, 9.98949037e-01, 1.05116654e-03, 9.61912802e-01, 1.05171933e-03, 3.30971536e+00, 6.80751946e+01
1.08160363e-03, 4.69480638e-04, 9.98919565e-01, 1.08065016e-03, 9.61883318e-01, 1.08123440e-03, 3.30968585e+00, 6.80764629e+01
1.11196773e-03, 4.82653152e-04, 9.98889267e-01, 1.11096000e-03, 9.61853008e-01, 1.11157749e-03, 3.30965551e+00, 6.80777669e+01
1.14318425e-03, 4.96195044e-04, 9.98858121e-01, 1.14211918e-03, 9.61821849e-01, 1.14277180e-03, 3.30962431e+00, 6.80791074e+01
1.17527712e-03, 5.10116661e-04, 9.98826103e-01, 1.17415144e-03, 9.61789817e-01, 1.17484119e-03, 3.30959224e+00, 6.80804855e+01
1.20827094e-03, 5.24428638e-04, 9.98793187e-01, 1.20708120e-03, 9.61756887e-01, 1.20781020e-03, 3.30955927e+00, 6.80819023e+01
1.24219100e-03, 5.39141905e-04, 9.98759350e-01, 1.24093356e-03, 9.61723035e-01, 1.24170404e-03, 3.30952538e+00, 6.80833588e+01
1.27706330e-03, 5.54267703e-04, 9.98724566e-01, 1.27573432e-03, 9.61688234e-01, 1.27654863e-03, 3.30949053e+00, 6.80848562e+01
1.31291459e-03, 5.69817580e-04, 9.98688807e-01, 1.31150998e-03, 9.61652458e-01, 1.31237062e-03, 3.30945471e+00, 6.80863956e+01
1.34977233e-03, 5.85803413e-04, 9.98652047e-01, 1.34828781e-03, 9.61615681e-01, 1.34919741e-03, 3.30941789e+00, 6.80879782e+01
1.38766479e-03, 6.02237406e-04, 9.98614258e-01, 1.38609580e-03, 9.61577873e-01, 1.38705715e-03, 3.30938003e+00, 6.80896052e+01
1.42662102e-03, 6.19132106e-04, 9.98575411e-01, 1.42496275e-03, 9.61539006e-01, 1.42597880e-03, 3.30934110e+00, 6.80912778e+01
1.46667087e-03, 6.36500410e-04, 9.98535477e-01, 1.46491825e-03, 9.61499050e-01, 1.46599210e-03, 3.30930109e+00, 6.80929973e+01
1.50784505e-03, 6.54355573e-04, 9.98494425e-01, 1.50599272e-03, 9.61457976e-01, 1.50712766e-03, 3.30925996e+00, 6.80947651e+01
1.55017512e-03, 6.72711224e-04, 9.98452224e-01, 1.54821740e-03, 9.61415751e-01, 1.54941690e-03, 3.30921767e+00, 6.80965824e+01
1.59369353e-03, 6.91581368e-04, 9.98408842e-01, 1.59162444e-03, 9.61372344e-01, 1.59289217e-03, 3.30917419e+00, 6.80984507e+01
1.63843365e-03, 7.10980403e-04, 9.98364246e-01, 1.63624684e-03, 9.61327722e-01, 1.63758668e-03, 3.30912950e+00, 6.81003714e+01
1.68442976e-03, 7.30923128e-04, 9.98318403e-01, 1.68211854e-03, 9.61281850e-01, 1.68353460e-03, 3.30908355e+00, 6.81023460e+01
1.73171713e-03, 7.51424755e-04, 9.98271277e-01, 1.72927443e-03, 9.61234694e-01, 1.73077104e-03, 3.30903631e+00, 6.81043760e+01
1.78033202e-03, 7.72500920e-04, 9.98222832e-01, 1.77775035e-03, 9.61186218e-01, 1.77933208e-03, 3.30898775e+00, 6.81064628e+01
1.83031168e-03, 7.94167695e-04, 9.98173032e-01, 1.82758315e-03, 9.61136385e-01, 1.82925484e-03, 3.30893783e+00, 6.81086082e+01
1.88169442e-03, 8.16441599e-04, 9.98121840e-01, 1.87881069e-03, 9.61085158e-01, 1.88057746e-03, 3.30888651e+00, 6.81108138e+01
1.93451965e-03, 8.39339613e-04, 9.98069215e-01, 1.93147188e-03, 9.61032496e-01, 1.93333913e-03, 3.30883374e+00, 6.81130812e+01
1.98882786e-03, 8.62879189e-04, 9.98015120e-01, 1.98560672e-03, 9.60978362e-01, 1.98758016e-03, 3.30877950e+00, 6.81154122e+01
2.04466067e-03, 8.87078267e-04, 9.97959511e-01, 2.04125630e-03, 9.60922712e-01, 2.04334198e-03, 3.30872374e+00, 6.81178086e+01
2.10206088e-03, 9.11955285e-04, 9.97902349e-01, 2.09846288e-03, 9.60865505e-01, 2.10066717e-03, 3.30866642e+00, 6.81202722e+01
2.16107251e-03, 9.37529196e-04, 9.97843588e-01, 2.15726986e-03, 9.60806699e-01, 2.15959950e-03, 3.30860748e+00, 6.81228048e+01
2.22174078e-03, 9.63819479e-04, 9.97783184e-01, 2.21772185e-03, 9.60746247e-01, 2.22018396e-03, 3.30854690e+00, 6.81254084e+01
2.28411221e-03, 9.90846156e-04, 9.97721093e-01, 2.27986470e-03, 9.60684104e-01, 2.28246681e-03, 3.30848462e+00, 6.81280851e+01
2.34823460e-03, 1.01862981e-03, 9.97657267e-01, 2.34374552e-03, 9.60620223e-01, 2.34649560e-03, 3.30842059e+00, 6.81308368e+01
2.41415712e-03, 1.04719158e-03, 9.97591657e-01, 2.40941273e-03, 9.60554556e-01, 2.41231918e-03, 3.30835476e+00, 6.81336656e+01
2.48193029e-03, 1.07655322e-03, 9.97524214e-01, 2.47691609e-03, 9.60487052e-01, 2.47998779e-03, 3.30828710e+00, 6.81365737e+01
2.55160607e-03, 1.10673706e-03, 9.97454888e-01, 2.54630673e-03, 9.60417662e-01, 2.54955307e-03, 3.30821753e+00, 6.81395633e+01
2.62323788e-03, 1.13776607e-03, 9.97383625e-01, 2.61763719e-03, 9.60346331e-01, 2.62106808e-03, 3.30814602e+00, 6.81426368e+01
2.69688063e-03, 1.16966386e-03, 9.97310373e-01, 2.69096145e-03, 9.60273007e-01, 2.69458740e-03, 3.30807250e+00, 6.81457964e+01
2.77259076e-03, 1.20245468e-03, 9.97235075e-01, 2.76633501e-03, 9.60197633e-01, 2.77016708e-03, 3.30799692e+00, 6.81490445e+01
2.85042632e-03, 1.23616346e-03, 9.97157676e-01, 2.84381486e-03, 9.60120153e-01, 2.84786477e-03, 3.30791922e+00, 6.81523837e+01
2.93044698e-03, 1.27081583e-03, 9.97078115e-01, 2.92345960e-03, 9.60040509e-01, 2.92773972e-03, 3.30783934e+00, 6.81558165e+01
3.01271407e-03, 1.30643812e-03, 9.96996335e-01, 3.00532942e-03, 9.59958639e-01, 3.00985282e-03, 3.30775723e+00, 6.81593455e+01
3.09729067e-03, 1.34305740e-03, 9.96912273e-01, 3.08948617e-03, 9.59874482e-01, 3.09426667e-03, 3.30767282e+00, 6.81629734e+01
3.18424160e-03, 1.38070148e-03, 9.96825866e-01, 3.17599341e-03, 9.59787975e-01, 3.18104560e-03, 3.30758604e+00, 6.81667029e+01
3.27363353e-03, 1.41939895e-03, 9.96737048e-01, 3.26491643e-03, 9.59699052e-01, 3.27025575e-03, 3.30749683e+00, 6.81705370e+01
3.36553498e-03, 1.45917918e-03, 9.96645754e-01, 3.35632234e-03, 9.59607646e-01, 3.36196509e-03, 3.30740512e+00, 6.81744784e+01
3.46001639e-03, 1.50007238e-03, 9.96551914e-01, 3.45028007e-03, 9.59513688e-01, 3.45624348e-03, 3.30731084e+00, 6.81785304e+01
3.55715021e-03, 1.54210957e-03, 9.96455458e-01, 3.54686045e-03, 9.59417108e-01, 3.55316272e-03, 3.30721392e+00, 6.81826958e+01
3.65701088e-03, 1.58532264e-03, 9.96356314e-01, 3.64613626e-03, 9.59317832e-01, 3.65279663e-03, 3.30711429e+00, 6.81869779e+01
3.75967497e-03, 1.62974435e-03, 9.96254407e-01, 3.74818227e-03, 9.59215786e-01, 3.75522105e-03, 3.30701186e+00, 6.81913800e+01
3.86522116e-03, 1.67540839e-03, 9.96149661e-01, 3.85307529e-03, 9.59110893e-01, 3.86051397e-03, 3.30690657e+00, 6.81959054e+01
3.97373038e-03, 1.72234936e-03, 9.96041998e-01, 3.96089425e-03, 9.59003074e-01, 3.96875552e-03, 3.30679833e+00, 6.82005576e+01
4.08528580e-03, 1.77060283e-03, 9.95931336e-01, 4.07172021e-03, 9.58892248e-01, 4.08002806e-03, 3.30668706e+00, 6.82053400e+01
4.19997295e-03, 1.82020534e-03, 9.95817593e-01, 4.18563649e-03, 9.58778332e-01, 4.19441625e-03, 3.30657267e+00, 6.82102564e+01
4.31787973e-03, 1.87119444e-03, 9.95700684e-01, 4.30272864e-03, 9.58661240e-01, 4.31200709e-03, 3.30645508e+00, 6.82153105e+01
4.43909653e-03, 1.92360874e-03, 9.95580522e-01, 4.42308457e-03, 9.58540884e-01, 4.43289000e-03, 3.30633419e+00, 6.82205061e+01
4.56371628e-03, 1.97748788e-03, 9.95457017e-01, 4.54679458e-03, 9.58417174e-01, 4.55715688e-03, 3.30620993e+00, 6.82258472e+01
4.69183451e-03, 2.03287261e-03, 9.95330076e-01, 4.67395145e-03, 9.58290017e-01, 4.68490220e-03, 3.30608218e+00, 6.82313379e+01
4.82354943e-03, 2.08980480e-03, 9.95199606e-01, 4.80465044e-03, 9.58159318e-01, 4.81622302e-03, 3.30595086e+00, 6.82369822e+01
4.95896201e-03, 2.14832749e-03, 9.95065508e-01, 4.93898946e-03, 9.58024979e-01, 4.95121912e-03, 3.30581586e+00, 6.82427846e+01
5.09817606e-03, 2.20848488e-03, 9.94927683e-01, 5.07706902e-03, 9.57886899e-01, 5.08999303e-03, 3.30567709e+00, 6.82487494e+01
5.24129830e-03, 2.27032240e-03, 9.94786030e-01, 5.21899241e-03, 9.57744976e-01, 5.23265012e-03, 3.30553443e+00, 6.82548812e+01
5.38843844e-03, 2.33388671e-03, 9.94640441e-01, 5.36486570e-03, 9.57599103e-01, 5.37929870e-03, 3.30538778e+00, 6.82611846e+01
5.53970928e-03, 2.39922578e-03, 9.94490810e-01, 5.51479782e-03, 9.57449171e-01, 5.53005007e-03, 3.30523703e+00, 6.82676644e+01
5.69522678e-03, 2.46638889e-03, 9.94337025e-01, 5.66890068e-03, 9.57295068e-01, 5.68501859e-03, 3.30508206e+00, 6.82743256e+01
5.85511016e-03, 2.53542665e-03, 9.94178973e-01, 5.82728919e-03, 9.57136679e-01, 5.84432183e-03, 3.30492276e+00, 6.82811732e+01
6.01948197e-03, 2.60639109e-03, 9.94016535e-01, 5.99008138e-03, 9.56973887e-01, 6.00808056e-03, 3.30475900e+00, 6.82882123e+01
6.18846824e-03, 2.67933564e-03, 9.93849593e-01, 6.15739846e-03, 9.56806570e-01, 6.17641893e-03, 3.30459066e+00, 6.82954484e+01
6.36219849e-03, 2.75431521e-03, 9.93678023e-01, 6.32936489e-03, 9.56634603e-01, 6.34946451e-03, 3.30441762e+00, 6.83028869e+01
6.54080591e-03, 2.83138620e-03, 9.93501698e-01, 6.50610851e-03, 9.56457860e-01, 6.52734840e-03, 3.30423974e+00, 6.83105335e+01
6.72442742e-03, 2.91060657e-03, 9.93320488e-01, 6.68776059e-03, 9.56276208e-01, 6.71020530e-03, 3.30405688e+00, 6.83183939e+01
6.91320378e-03, 2.99203585e-03, 9.93134260e-01, 6.87445590e-03, 9.56089512e-01, 6.89817366e-03, 3.30386891e+00, 6.83264742e+01
7.10727970e-03, 3.07573520e-03, 9.92942877e-01, 7.06633286e-03, 9.55897635e-01, 7.09139572e-03, 3.30367569e+00, 6.83347804e+01
7.30680395e-03, 3.16176744e-03, 9.92746198e-01, 7.26353357e-03, 9.55700435e-01, 7.29001766e-03, 3.30347707e+00, 6.83433189e+01
7.51192949e-03, 3.25019713e-03, 9.92544079e-01, 7.46620395e-03, 9.55497764e-01, 7.49418970e-03, 3.30327289e+00, 6.83520962e+01
7.72281357e-03, 3.34109055e-03, 9.92336371e-01, 7.67449381e-03, 9.55289475e-01, 7.70406617e-03, 3.30306302e+00, 6.83611187e+01
7.93961785e-03, 3.43451582e-03, 9.92122923e-01, 7.88855695e-03, 9.55075411e-01, 7.91980568e-03, 3.30284728e+00, 6.83703935e+01
8.16250851e-03, 3.53054289e-03, 9.91903579e-01, 8.10855127e-03, 9.54855417e-01, 8.14157119e-03, 3.30262551e+00, 6.83799275e+01
8.39165644e-03, 3.62924361e-03, 9.91678177e-01, 8.33463887e-03, 9.54629329e-01, 8.36953014e-03, 3.30239755e+00, 6.83897280e+01
8.62723729e-03, 3.73069181e-03, 9.91446555e-01, 8.56698617e-03, 9.54396982e-01, 8.60385459e-03, 3.30216323e+00, 6.83998023e+01
8.86943166e-03, 3.83496328e-03, 9.91208544e-01, 8.80576398e-03, 9.54158204e-01, 8.84472130e-03, 3.30192236e+00, 6.84101581e+01
9.11842520e-03, 3.94213590e-03, 9.90963969e-01, 9.05114762e-03, 9.53912821e-01, 9.09231191e-03, 3.30167477e+00, 6.84208031e+01
9.37440879e-03, 4.05228964e-03, 9.90712655e-01, 9.30331709e-03, 9.53660651e-01, 9.34681303e-03, 3.30142027e+00, 6.84317455e+01
9.63757866e-03, 4.16550662e-03, 9.90454418e-01, 9.56245708e-03, 9.53401511e-01, 9.60841640e-03, 3.30115867e+00, 6.84429936e+01
9.90813657e-03, 4.28187121e-03, 9.90189071e-01, 9.82875718e-03, 9.53135211e-01, 9.87731901e-03, 3.30088976e+00, 6.84545557e+01
1.01862899e-02, 4.40147004e-03, 9.89916424e-01, 1.01024119e-02, 9.52861556e-01, 1.01537232e-02, 3.30061336e+00, 6.84664406e+01
1.04722519e-02, 4.52439206e-03, 9.89636280e-01, 1.03836210e-02, 9.52580347e-01, 1.04378370e-02, 3.30032925e+00, 6.84786574e+01
1.07662418e-02, 4.65072864e-03, 9.89348436e-01, 1.06725894e-02, 9.52291379e-01, 1.07298740e-02, 3.30003721e+00, 6.84912152e+01
1.10684849e-02, 4.78057359e-03, 9.89052685e-01, 1.09695271e-02, 9.51994441e-01, 1.10300535e-02, 3.29973703e+00, 6.85041234e+01
1.13792129e-02, 4.91402325e-03, 9.88748817e-01, 1.12746501e-02, 9.51689318e-01, 1.13386011e-02, 3.29942848e+00, 6.85173919e+01
1.16986641e-02, 5.05117654e-03, 9.88436612e-01, 1.15881795e-02, 9.51375789e-01, 1.16557483e-02, 3.29911134e+00, 6.85310305e+01
1.20270833e-02, 5.19213502e-03, 9.88115848e-01, 1.19103425e-02, 9.51053626e-01, 1.19817331e-02, 3.29878535e+00, 6.85450497e+01
1.23647224e-02, 5.33700299e-03, 9.87786297e-01, 1.22413721e-02, 9.50722596e-01, 1.23167999e-02, 3.29845028e+00, 6.85594599e+01
1.27118400e-02, 5.48588750e-03, 9.87447723e-01, 1.25815071e-02, 9.50382461e-01, 1.26611996e-02, 3.29810588e+00, 6.85742719e+01
1.30687023e-02, 5.63889849e-03, 9.87099885e-01, 1.29309928e-02, 9.50032976e-01, 1.30151903e-02, 3.29775189e+00, 6.85894970e+01
1.34355829e-02, 5.79614881e-03, 9.86742539e-01, 1.32900805e-02, 9.49673888e-01, 1.33790367e-02, 3.29738805e+00, 6.86051466e+01
1.38127630e-02, 5.95775431e-03, 9.86375430e-01, 1.36590281e-02, 9.49304940e-01, 1.37530109e-02, 3.29701407e+00, 6.86212323e+01
1.42005318e-02, 6.12383394e-03, 9.85998300e-01, 1.40381001e-02, 9.48925868e-01, 1.41373924e-02, 3.29662969e+00, 6.86377664e+01
1.45991865e-02, 6.29450978e-03, 9.85610883e-01, 1.44275677e-02, 9.48536401e-01, 1.45324682e-02, 3.29623462e+00, 6.86547612e+01
1.50090328e-02, 6.46990713e-03, 9.85212907e-01, 1.48277089e-02, 9.48136259e-01, 1.49385332e-02, 3.29582855e+00, 6.86722295e+01
1.54303847e-02, 6.65015464e-03, 9.84804094e-01, 1.52388090e-02, 9.47725159e-01, 1.53558900e-02, 3.29541119e+00, 6.86901843e+01
1.58635653e-02, 6.83538432e-03, 9.84384158e-01, 1.56611602e-02, 9.47302808e-01, 1.57848497e-02, 3.29498223e+00, 6.87086392e+01
1.63089068e-02, 7.02573168e-03, 9.83952805e-01, 1.60950622e-02, 9.46868906e-01, 1.62257316e-02, 3.29454135e+00, 6.87276080e+01
1.67667503e-02, 7.22133576e-03, 9.83509738e-01, 1.65408224e-02, 9.46423146e-01, 1.66788637e-02, 3.29408822e+00, 6.87471048e+01
1.72374471e-02, 7.42233928e-03, 9.83054648e-01, 1.69987556e-02, 9.45965213e-01, 1.71445827e-02, 3.29362250e+00, 6.87671443e+01
1.77213578e-02, 7.62888867e-03, 9.82587220e-01, 1.74691845e-02, 9.45494784e-01, 1.76232345e-02, 3.29314385e+00, 6.87877415e+01
1.82188534e-02, 7.84113421e-03, 9.82107134e-01, 1.79524401e-02, 9.45011528e-01, 1.81151742e-02, 3.29265191e+00, 6.88089117e+01
1.87303154e-02, 8.05923009e-03, 9.81614059e-01, 1.84488613e-02, 9.44515107e-01, 1.86207665e-02, 3.29214632e+00, 6.88306708e+01
1.92561357e-02, 8.28333450e-03, 9.81107658e-01, 1.89587953e-02, 9.44005173e-01, 1.91403858e-02, 3.29162670e+00, 6.88530351e+01
1.97967175e-02, 8.51360975e-03, 9.80587585e-01, 1.94825982e-02, 9.43481370e-01, 1.96744166e-02, 3.29109267e+00, 6.88760212e+01
2.03524752e-02, 8.75022235e-03, 9.80053486e-01, 2.00206344e-02, 9.42943334e-01, 2.02232537e-02, 3.29054383e+00, 6.88996463e+01
2.09238348e-02, 8.99334311e-03, 9.79504999e-01, 2.05732774e-02, 9.42390691e-01, 2.07873022e-02, 3.28997978e+00, 6.89239281e+01
2.15112343e-02, 9.24314725e-03, 9.78941755e-01, 2.11409098e-02, 9.41823059e-01, 2.13669783e-02, 3.28940011e+00, 6.89488846e+01
2.21151240e-02, 9.49981449e-03, 9.78363373e-01, 2.17239233e-02, 9.41240045e-01, 2.19627091e-02, 3.28880437e+00, 6.89745344e+01
2.27359668e-02, 9.76352916e-03, 9.77769466e-01, 2.23227190e-02, 9.40641249e-01, 2.25749332e-02, 3.28819215e+00, 6.90008967e+01
2.33742387e-02, 1.00344803e-02, 9.77159637e-01, 2.29377078e-02, 9.40026261e-01, 2.32041006e-02, 3.28756298e+00, 6.90279909e+01
2.40304289e-02, 1.03128618e-02, 9.76533482e-01, 2.35693101e-02, 9.39394658e-01, 2.38506733e-02, 3.28691641e+00, 6.90558375e+01
2.47050406e-02, 1.05988725e-02, 9.75890584e-01, 2.42179566e-02, 9.38746012e-01, 2.45151258e-02, 3.28625196e+00, 6.90844569e+01
2.53985907e-02, 1.08927162e-02, 9.75230519e-01, 2.48840877e-02, 9.38079881e-01, 2.51979447e-02, 3.28556914e+00, 6.91138705e+01
2.61116110e-02, 1.11946019e-02, 9.74552855e-01, 2.55681546e-02, 9.37395814e-01, 2.58996297e-02, 3.28486745e+00, 6.91441001e+01
2.68446481e-02, 1.15047439e-02, 9.73857148e-01, 2.62706186e-02, 9.36693350e-01, 2.66206936e-02, 3.28414639e+00, 6.91751682e+01
2.75982639e-02, 1.18233619e-02, 9.73142944e-01, 2.69919519e-02, 9.35972016e-01, 2.73616626e-02, 3.28340542e+00, 6.92070979e+01
2.83730362e-02, 1.21506810e-02, 9.72409782e-01, 2.77326375e-02, 9.35231331e-01, 2.81230767e-02, 3.28264401e+00, 6.92399127e+01
2.91695588e-02, 1.24869320e-02, 9.71657189e-01, 2.84931695e-02, 9.34470799e-01, 2.89054902e-02, 3.28186159e+00, 6.92736372e+01
2.99884423e-02, 1.28323514e-02, 9.70884681e-01, 2.92740532e-02, 9.33689915e-01, 2.97094716e-02, 3.28105761e+00, 6.93082961e+01
3.08303146e-02, 1.31871818e-02, 9.70091766e-01, 3.00758053e-02, 9.32888163e-01, 3.05356044e-02, 3.28023148e+00, 6.93439152e+01
3.16958209e-02, 1.35516713e-02, 9.69277940e-01, 3.08989541e-02, 9.32065014e-01, 3.13844872e-02, 3.27938260e+00, 6.93805209e+01
3.25856248e-02, 1.39260747e-02, 9.68442690e-01, 3.17440395e-02, 9.31219929e-01, 3.22567342e-02, 3.27851035e+00, 6.94181403e+01
3.35004083e-02, 1.43106525e-02, 9.67585491e-01, 3.26116136e-02, 9.30352355e-01, 3.31529754e-02, 3.27761411e+00, 6.94568011e+01
3.44408728e-02, 1.47056720e-02, 9.66705808e-01, 3.35022403e-02, 9.29461728e-01, 3.40738572e-02, 3.27669323e+00, 6.94965320e+01
3.54077391e-02, 1.51114068e-02, 9.65803096e-01, 3.44164960e-02, 9.28547472e-01, 3.50200426e-02, 3.27574704e+00, 6.95373623e+01
3.64017485e-02, 1.55281370e-02, 9.64876798e-01, 3.53549694e-02, 9.27608999e-01, 3.59922115e-02, 3.27477487e+00, 6.95793222e+01
3.74236629e-02, 1.59561497e-02, 9.63926345e-01, 3.63182618e-02, 9.26645707e-01, 3.69910615e-02, 3.27377602e+00, 6.96224427e+01
3.84742658e-02, 1.63957388e-02, 9.62951161e-01, 3.73069872e-02, 9.25656981e-01, 3.80173078e-02, 3.27274978e+00, 6.96667557e+01
3.95543624e-02, 1.68472053e-02, 9.61950655e-01, 3.83217724e-02, 9.24642196e-01, 3.90716840e-02, 3.27169540e+00, 6.97122938e+01
4.06647809e-02, 1.73108570e-02, 9.60924227e-01, 3.93632574e-02, 9.23600711e-01, 4.01549423e-02, 3.27061214e+00, 6.97590906e+01
4.18063724e-02, 1.77870096e-02, 9.59871264e-01, 4.04320952e-02, 9.22531873e-01, 4.12678541e-02, 3.26949923e+00, 6.98071807e+01
4.29800121e-02, 1.82759856e-02, 9.58791145e-01, 4.15289520e-02, 9.21435016e-01, 4.24112100e-02, 3.26835587e+00, 6.98565996e+01
4.41865996e-02, 1.87781154e-02, 9.57683234e-01, 4.26545077e-02, 9.20309461e-01, 4.35858209e-02, 3.26718126e+00, 6.99073837e+01
4.54270599e-02, 1.92937372e-02, 9.56546887e-01, 4.38094554e-02, 9.19154513e-01, 4.47925179e-02, 3.26597457e+00, 6.99595706e+01
4.67023439e-02, 1.98231967e-02, 9.55381447e-01, 4.49945019e-02, 9.17969467e-01, 4.60321529e-02, 3.26473493e+00, 7.00131986e+01
4.80134292e-02, 2.03668477e-02, 9.54186246e-01, 4.62103676e-02, 9.16753601e-01, 4.73055992e-02, 3.26346148e+00, 7.00683073e+01
4.93613210e-02, 2.09250522e-02, 9.52960606e-01, 4.74577869e-02, 9.15506181e-01, 4.86137518e-02, 3.26215333e+00, 7.01249375e+01
5.07470524e-02, 2.14981804e-02, 9.51703836e-01, 4.87375079e-02, 9.14226460e-01, 4.99575279e-02, 3.26080956e+00, 7.01831309e+01
5.21716858e-02, 2.20866106e-02, 9.50415235e-01, 5.00502925e-02, 9.12913676e-01, 5.13378672e-02, 3.25942922e+00, 7.02429305e+01
5.36363132e-02, 2.26907300e-02, 9.49094092e-01, 5.13969168e-02, 9.11567052e-01, 5.27557329e-02, 3.25801135e+00, 7.03043804e+01
5.51420574e-02, 2.33109341e-02, 9.47739684e-01, 5.27781706e-02, 9.10185798e-01, 5.42121116e-02, 3.25655497e+00, 7.03675261e+01
5.66900727e-02, 2.39476274e-02, 9.46351277e-01, 5.41948579e-02, 9.08769110e-01, 5.57080140e-02, 3.25505907e+00, 7.04324143e+01
5.82815458e-02, 2.46012230e-02, 9.44928128e-01, 5.56477965e-02, 9.07316172e-01, 5.72444756e-02, 3.25352261e+00, 7.04990928e+01
5.99176967e-02, 2.52721433e-02, 9.43469482e-01, 5.71378184e-02, 9.05826150e-01, 5.88225567e-02, 3.25194453e+00, 7.05676112e+01
6.15997796e-02, 2.59608197e-02, 9.41974574e-01, 5.86657693e-02, 9.04298199e-01, 6.04433434e-02, 3.25032374e+00, 7.06380201e+01
6.33290840e-02, 2.66676928e-02, 9.40442630e-01, 6.02325089e-02, 9.02731459e-01, 6.21079479e-02, 3.24865914e+00, 7.07103719e+01
6.51069356e-02, 2.73932126e-02, 9.38872865e-01, 6.18389106e-02, 9.01125058e-01, 6.38175089e-02, 3.24694957e+00, 7.07847201e+01
6.69346971e-02, 2.81378388e-02, 9.37264486e-01, 6.34858617e-02, 8.99478107e-01, 6.55731923e-02, 3.24519389e+00, 7.08611201e+01
6.88137699e-02, 2.89020403e-02, 9.35616689e-01, 6.51742628e-02, 8.97789706e-01, 6.73761916e-02, 3.24339089e+00, 7.09396287e+01
7.07455942e-02, 2.96862961e-02, 9.33928662e-01, 6.69050282e-02, 8.96058940e-01, 6.92277284e-02, 3.24153936e+00, 7.10203045e+01
7.27316511e-02, 3.04910947e-02, 9.32199585e-01, 6.86790852e-02, 8.94284883e-01, 7.11290529e-02, 3.23963803e+00, 7.11032077e+01
7.47734631e-02, 3.13169348e-02, 9.30428629e-01, 7.04973744e-02, 8.92466594e-01, 7.30814446e-02, 3.23768564e+00, 7.11884004e+01
7.68725952e-02, 3.21643250e-02, 9.28614958e-01, 7.23608490e-02, 8.90603119e-01, 7.50862125e-02, 3.23568087e+00, 7.12759463e+01
7.90306568e-02, 3.30337838e-02, 9.26757728e-01, 7.42704750e-02, 8.88693493e-01, 7.71446958e-02, 3.23362239e+00, 7.13659114e+01
8.12493021e-02, 3.39258402e-02, 9.24856088e-01, 7.62272305e-02, 8.86736738e-01, 7.92582645e-02, 3.23150882e+00, 7.14583632e+01
8.35302320e-02, 3.48410332e-02, 9.22909182e-01, 7.82321057e-02, 8.84731863e-01, 8.14283196e-02, 3.22933876e+00, 7.15533717e+01
8.58751948e-02, 3.57799125e-02, 9.20916146e-01, 8.02861024e-02, 8.82677866e-01, 8.36562939e-02, 3.22711079e+00, 7.16510087e+01
8.82859884e-02, 3.67430377e-02, 9.18876114e-01, 8.23902335e-02, 8.80573735e-01, 8.59436525e-02, 3.22482343e+00, 7.17513485e+01
9.07644607e-02, 3.77309793e-02, 9.16788212e-01, 8.45455229e-02, 8.78418446e-01, 8.82918930e-02, 3.22247519e+00, 7.18544674e+01
9.33125118e-02, 3.87443182e-02, 9.14651565e-01, 8.67530045e-02, 8.76210964e-01, 9.07025461e-02, 3.22006454e+00, 7.19604443e+01
9.59320948e-02, 3.97836456e-02, 9.12465293e-01, 8.90137224e-02, 8.73950246e-01, 9.31771764e-02, 3.21758991e+00, 7.20693605e+01
9.86252179e-02, 4.08495636e-02, 9.10228514e-01, 9.13287297e-02, 8.71635239e-01, 9.57173825e-02, 3.21504970e+00, 7.21813001e+01
1.01393946e-01, 4.19426849e-02, 9.07940346e-01, 9.36990883e-02, 8.69264880e-01, 9.83247973e-02, 3.21244229e+00, 7.22963495e+01
1.04240401e-01, 4.30636326e-02, 9.05599903e-01, 9.61258680e-02, 8.66838100e-01, 1.01001089e-01, 3.20976599e+00, 7.24145982e+01
1.07166765e-01, 4.42130406e-02, 9.03206303e-01, 9.86101459e-02, 8.64353822e-01, 1.03747962e-01, 3.20701912e+00, 7.25361387e+01
1.10175281e-01, 4.53915533e-02, 9.00758661e-01, 1.01153006e-01, 8.61810962e-01, 1.06567154e-01, 3.20419993e+00, 7.26610663e+01
1.13268257e-01, 4.65998259e-02, 8.98256098e-01, 1.03755538e-01, 8.59208431e-01, 1.09460442e-01, 3.20130664e+00, 7.27894798e+01
1.16448062e-01, 4.78385241e-02, 8.95697735e-01, 1.06418835e-01, 8.56545133e-01, 1.12429638e-01, 3.19833745e+00, 7.29214811e+01
1.19717134e-01, 4.91083240e-02, 8.93082699e-01, 1.09143998e-01, 8.53819971e-01, 1.15476591e-01, 3.19529049e+00, 7.30571757e+01
1.23077980e-01, 5.04099123e-02, 8.90410121e-01, 1.11932127e-01, 8.51031842e-01, 1.18603188e-01, 3.19216390e+00, 7.31966728e+01
1.26533176e-01, 5.17439860e-02, 8.87679139e-01, 1.14784325e-01, 8.48179643e-01, 1.21811353e-01, 3.18895573e+00, 7.33400854e+01
1.30085370e-01, 5.31112527e-02, 8.84888900e-01, 1.17701698e-01, 8.45262270e-01, 1.25103048e-01, 3.18566404e+00, 7.34875305e+01
1.33737286e-01, 5.45124297e-02, 8.82038557e-01, 1.20685351e-01, 8.42278618e-01, 1.28480273e-01, 3.18228681e+00, 7.36391294e+01
1.37491723e-01, 5.59482450e-02, 8.79127276e-01, 1.23736385e-01, 8.39227583e-01, 1.31945066e-01, 3.17882202e+00, 7.37950076e+01
1.41351558e-01, 5.74194362e-02, 8.76154234e-01, 1.26855902e-01, 8.36108066e-01, 1.35499506e-01, 3.17526758e+00, 7.39552955e+01
1.45319752e-01, 5.89267507e-02, 8.73118619e-01, 1.30044998e-01, 8.32918971e-01, 1.39145707e-01, 3.17162138e+00, 7.41201282e+01
1.49399346e-01, 6.04709458e-02, 8.70019635e-01, 1.33304763e-01, 8.29659205e-01, 1.42885823e-01, 3.16788126e+00, 7.42896460e+01
1.53593468e-01, 6.20527881e-02, 8.66856504e-01, 1.36636282e-01, 8.26327686e-01, 1.46722048e-01, 3.16404504e+00, 7.44639946e+01
1.57905331e-01, 6.36730536e-02, 8.63628462e-01, 1.40040630e-01, 8.22923339e-01, 1.50656614e-01, 3.16011047e+00, 7.46433253e+01
1.62338243e-01, 6.53325272e-02, 8.60334766e-01, 1.43518872e-01, 8.19445096e-01, 1.54691790e-01, 3.15607529e+00, 7.48277953e+01
1.66895601e-01, 6.70320026e-02, 8.56974693e-01, 1.47072062e-01, 8.15891907e-01, 1.58829886e-01, 3.15193720e+00, 7.50175683e+01
1.71580899e-01, 6.87722823e-02, 8.53547545e-01, 1.50701239e-01, 8.12262730e-01, 1.63073250e-01, 3.14769383e+00, 7.52128142e+01
1.76397728e-01, 7.05541769e-02, 8.50052645e-01, 1.54407427e-01, 8.08556542e-01, 1.67424265e-01, 3.14334282e+00, 7.54137103e+01
1.81349780e-01, 7.23785049e-02, 8.46489343e-01, 1.58191632e-01, 8.04772336e-01, 1.71885354e-01, 3.13888173e+00, 7.56204410e+01
1.86440853e-01, 7.42460926e-02, 8.42857018e-01, 1.62054842e-01, 8.00909127e-01, 1.76458978e-01, 3.13430811e+00, 7.58331985e+01
1.91674849e-01, 7.61577735e-02, 8.39155077e-01, 1.65998020e-01, 7.96965948e-01, 1.81147633e-01, 3.12961945e+00, 7.60521831e+01
1.97055780e-01, 7.81143880e-02, 8.35382959e-01, 1.70022109e-01, 7.92941859e-01, 1.85953852e-01, 3.12481323e+00, 7.62776038e+01
2.02587771e-01, 8.01167833e-02, 8.31540137e-01, 1.74128022e-01, 7.88835946e-01, 1.90880202e-01, 3.11988688e+00, 7.65096786e+01
2.08275063e-01, 8.21658124e-02, 8.27626118e-01, 1.78316646e-01, 7.84647323e-01, 1.95929284e-01, 3.11483780e+00, 7.67486352e+01
2.14122015e-01, 8.42623342e-02, 8.23640447e-01, 1.82588833e-01, 7.80375135e-01, 2.01103735e-01, 3.10966335e+00, 7.69947113e+01
2.20133111e-01, 8.64072127e-02, 8.19582709e-01, 1.86945406e-01, 7.76018562e-01, 2.06406222e-01, 3.10436086e+00, 7.72481554e+01
2.26312957e-01, 8.86013169e-02, 8.15452527e-01, 1.91387148e-01, 7.71576820e-01, 2.11839443e-01, 3.09892764e+00, 7.75092274e+01
2.32666291e-01, 9.08455198e-02, 8.11249571e-01, 1.95914803e-01, 7.67049165e-01, 2.17406128e-01, 3.09336096e+00, 7.77781989e+01
2.39197984e-01, 9.31406982e-02, 8.06973553e-01, 2.00529074e-01, 7.62434894e-01, 2.23109031e-01, 3.08765805e+00, 7.80553543e+01
2.45913043e-01, 9.54877322e-02, 8.02624233e-01, 2.05230617e-01, 7.57733351e-01, 2.28950936e-01, 3.08181615e+00, 7.83409913e+01
2.52816614e-01, 9.78875042e-02, 7.98201419e-01, 2.10020042e-01, 7.52943926e-01, 2.34934650e-01, 3.07583243e+00, 7.86354217e+01
2.59913992e-01, 1.00340899e-01, 7.93704972e-01, 2.14897906e-01, 7.48066062e-01, 2.41063001e-01, 3.06970408e+00, 7.89389720e+01
2.67210616e-01, 1.02848802e-01, 7.89134803e-01, 2.19864712e-01, 7.43099257e-01, 2.47338840e-01, 3.06342824e+00, 7.92519847e+01
2.74712079e-01, 1.05412101e-01, 7.84490880e-01, 2.24920903e-01, 7.38043065e-01, 2.53765033e-01, 3.05700205e+00, 7.95748186e+01
2.82424133e-01, 1.08031682e-01, 7.79773224e-01, 2.30066865e-01, 7.32897103e-01, 2.60344461e-01, 3.05042262e+00, 7.99078503e+01
2.90352688e-01, 1.10708431e-01, 7.74981917e-01, 2.35302915e-01, 7.27661053e-01, 2.67080019e-01, 3.04368706e+00, 8.02514748e+01
2.98503825e-01, 1.13443233e-01, 7.70117100e-01, 2.40629304e-01, 7.22334665e-01, 2.73974609e-01, 3.03679248e+00, 8.06061065e+01
3.06883789e-01, 1.16236971e-01, 7.65178976e-01, 2.46046210e-01, 7.16917759e-01, 2.81031137e-01, 3.02973595e+00, 8.09721807e+01
3.15499006e-01, 1.19090524e-01, 7.60167811e-01, 2.51553735e-01, 7.11410233e-01, 2.88252513e-01, 3.02251457e+00, 8.13501542e+01
3.24356081e-01, 1.22004770e-01, 7.55083934e-01, 2.57151904e-01, 7.05812064e-01, 2.95641642e-01, 3.01512544e+00, 8.17405068e+01
3.33461802e-01, 1.24980579e-01, 7.49927744e-01, 2.62840657e-01, 7.00123312e-01, 3.03201425e-01, 3.00756566e+00, 8.21437425e+01
3.42823149e-01, 1.28018820e-01, 7.44699703e-01, 2.68619846e-01, 6.94344123e-01, 3.10934750e-01, 2.99983233e+00, 8.25603908e+01
3.52447300e-01, 1.31120351e-01, 7.39400345e-01, 2.74489235e-01, 6.88474734e-01, 3.18844487e-01, 2.99192260e+00, 8.29910081e+01
3.62341632e-01, 1.34286029e-01, 7.34030273e-01, 2.80448491e-01, 6.82515477e-01, 3.26933486e-01, 2.98383360e+00, 8.34361788e+01
3.72513730e-01, 1.37516698e-01, 7.28590161e-01, 2.86497184e-01, 6.76466784e-01, 3.35204571e-01, 2.97556251e+00, 8.38965174e+01
3.82971391e-01, 1.40813196e-01, 7.23080757e-01, 2.92634783e-01, 6.70329186e-01, 3.43660530e-01, 2.96710655e+00, 8.43726693e+01
3.93722633e-01, 1.44176353e-01, 7.17502878e-01, 2.98860646e-01, 6.64103322e-01, 3.52304114e-01, 2.95846297e+00, 8.48653131e+01
4.04775697e-01, 1.47606985e-01, 7.11857418e-01, 3.05174027e-01, 6.57789941e-01, 3.61138026e-01, 2.94962906e+00, 8.53751615e+01
4.16139055e-01, 1.51105900e-01, 7.06145344e-01, 3.11574063e-01, 6.51389905e-01, 3.70164918e-01, 2.94060217e+00, 8.59029639e+01
4.27821420e-01, 1.54673893e-01, 7.00367697e-01, 3.18059775e-01, 6.44904194e-01, 3.79387379e-01, 2.93137970e+00, 8.64495073e+01
4.39831747e-01, 1.58311745e-01, 6.94525595e-01, 3.24630062e-01, 6.38333907e-01, 3.88807934e-01, 2.92195915e+00, 8.70156188e+01
4.52179242e-01, 1.62020224e-01, 6.88620228e-01, 3.31283700e-01, 6.31680268e-01, 3.98429026e-01, 2.91233806e+00, 8.76021671e+01
4.64873371e-01, 1.65800084e-01, 6.82652863e-01, 3.38019338e-01, 6.24944631e-01, 4.08253020e-01, 2.90251406e+00, 8.82100646e+01
4.77923865e-01, 1.69652062e-01, 6.76624841e-01, 3.44835493e-01, 6.18128475e-01, 4.18282183e-01, 2.89248490e+00, 8.88402692e+01
4.91340729e-01, 1.73576879e-01, 6.70537578e-01, 3.51730551e-01, 6.11233417e-01, 4.28518683e-01, 2.88224840e+00, 8.94937867e+01
5.05134247e-01, 1.77575238e-01, 6.64392563e-01, 3.58702760e-01, 6.04261209e-01, 4.38964573e-01, 2.87180251e+00, 9.01716728e+01
5.19314994e-01, 1.81647824e-01, 6.58191359e-01, 3.65750230e-01, 5.97213738e-01, 4.49621789e-01, 2.86114529e+00, 9.08750347e+01
5.33893840e-01, 1.85795303e-01, 6.51935600e-01, 3.72870933e-01, 5.90093036e-01, 4.60492132e-01, 2.85027495e+00, 9.16050342e+01
5.48881961e-01, 1.90018322e-01, 6.45626991e-01, 3.80062695e-01, 5.82901273e-01, 4.71577267e-01, 2.83918982e+00, 9.23628893e+01
5.64290847e-01, 1.94317504e-01, 6.39267309e-01, 3.87323203e-01, 5.75640765e-01, 4.82878703e-01, 2.82788838e+00, 9.31498764e+01
5.80132310e-01, 1.98693454e-01, 6.32858396e-01, 3.94649997e-01, 5.68313972e-01, 4.94397791e-01, 2.81636929e+00, 9.39673332e+01
5.96418495e-01, 2.03146750e-01, 6.26402164e-01, 4.02040472e-01, 5.60923496e-01, 5.06135708e-01, 2.80463138e+00, 9.48166604e+01
6.13161884e-01, 2.07677952e-01, 6.19900588e-01, 4.09491881e-01, 5.53472087e-01, 5.18093451e-01, 2.79267363e+00, 9.56993243e+01
6.30375315e-01, 2.12287591e-01, 6.13355704e-01, 4.17001330e-01, 5.45962638e-01, 5.30271823e-01, 2.78049526e+00, 9.66168593e+01
6.48071983e-01, 2.16976176e-01, 6.06769614e-01, 4.24565784e-01, 5.38398184e-01, 5.42671425e-01, 2.76809566e+00, 9.75708702e+01
6.66265452e-01, 2.21744190e-01, 6.00144472e-01, 4.32182065e-01, 5.30781904e-01, 5.55292643e-01, 2.75547444e+00, 9.85630344e+01
6.84969672e-01, 2.26592088e-01, 5.93482492e-01, 4.39846856e-01, 5.23117112e-01, 5.68135645e-01, 2.74263144e+00, 9.95951048e+01
7.04198979e-01, 2.31520301e-01, 5.86785940e-01, 4.47556706e-01, 5.15407263e-01, 5.81200362e-01, 2.72956672e+00, 1.00668912e+02
7.23968114e-01, 2.36529229e-01, 5.80057132e-01, 4.55308028e-01, 5.07655941e-01, 5.94486487e-01, 2.71628060e+00, 1.01786366e+02
7.44292233e-01, 2.41619247e-01, 5.73298431e-01, 4.63097109e-01, 4.99866859e-01, 6.07993464e-01, 2.70277362e+00, 1.02949460e+02
7.65186915e-01, 2.46790700e-01, 5.66512244e-01, 4.70920112e-01, 4.92043856e-01, 6.21720476e-01, 2.68904661e+00, 1.04160274e+02
7.86668179e-01, 2.52043903e-01, 5.59701019e-01, 4.78773083e-01, 4.84190885e-01, 6.35666444e-01, 2.67510064e+00, 1.05420971e+02
8.08752491e-01, 2.57379142e-01, 5.52867241e-01, 4.86651956e-01, 4.76312012e-01, 6.49830017e-01, 2.66093707e+00, 1.06733809e+02
8.31456781e-01, 2.62796674e-01, 5.46013431e-01, 4.94552561e-01, 4.68411407e-01, 6.64209569e-01, 2.64655751e+00, 1.08101137e+02
8.54798453e-01, 2.68296725e-01, 5.39142136e-01, 5.02470633e-01, 4.60493336e-01, 6.78803188e-01, 2.63196390e+00, 1.09525397e+02
8.78795401e-01, 2.73879488e-01, 5.32255933e-01, 5.10401817e-01, 4.52562151e-01, 6.93608682e-01, 2.61715840e+00, 1.11009131e+02
9.03466021e-01, 2.79545129e-01, 5.25357421e-01, 5.18341684e-01, 4.44622284e-01, 7.08623569e-01, 2.60214351e+00, 1.12554982e+02
9.28829225e-01, 2.85293778e-01, 5.18449216e-01, 5.26285732e-01, 4.36678236e-01, 7.23845077e-01, 2.58692201e+00, 1.14165694e+02
9.54904456e-01, 2.91125536e-01, 5.11533951e-01, 5.34229404e-01, 4.28734565e-01, 7.39270146e-01, 2.57149694e+00, 1.15844118e+02
9.81711702e-01, 2.97040474e-01, 5.04614268e-01, 5.42168094e-01, 4.20795874e-01, 7.54895428e-01, 2.55587166e+00, 1.17593214e+02
1.00927151e+00, 3.03038627e-01, 4.97692817e-01, 5.50097164e-01, 4.12866804e-01, 7.70717288e-01, 2.54004980e+00, 1.19416052e+02
1.03760502e+00, 3.09120002e-01, 4.90772250e-01, 5.58011949e-01, 4.04952019e-01, 7.86731811e-01, 2.52403527e+00, 1.21315817e+02
1.06673394e+00, 3.15284571e-01, 4.83855218e-01, 5.65907776e-01, 3.97056192e-01, 8.02934803e-01, 2.50783228e+00, 1.23295814e+02
1.09668060e+00, 3.21532276e-01, 4.76944367e-01, 5.73779971e-01, 3.89183997e-01, 8.19321801e-01, 2.49144528e+00, 1.25359465e+02
1.12746796e+00, 3.27863028e-01, 4.70042332e-01, 5.81623877e-01, 3.81340091e-01, 8.35888076e-01, 2.47487901e+00, 1.27510320e+02
1.15911962e+00, 3.34276704e-01, 4.63151736e-01, 5.89434862e-01, 3.73529106e-01, 8.52628650e-01, 2.45813843e+00, 1.29752054e+02
1.19165984e+00, 3.40773150e-01, 4.56275185e-01, 5.97208337e-01, 3.65755631e-01, 8.69538295e-01, 2.44122879e+00, 1.32088475e+02
1.22511358e+00, 3.47352184e-01, 4.49415262e-01, 6.04939764e-01, 3.58024204e-01, 8.86611555e-01, 2.42415553e+00, 1.34523528e+02
1.25950646e+00, 3.54013588e-01, 4.42574525e-01, 6.12624672e-01, 3.50339296e-01, 9.03842753e-01, 2.40692433e+00, 1.37061296e+02
1.29486487e+00, 3.60757118e-01, 4.35755505e-01, 6.20258670e-01, 3.42705299e-01, 9.21226002e-01, 2.38954108e+00, 1.39706009e+02
1.33121590e+00, 3.67582497e-01, 4.28960698e-01, 6.27837454e-01, 3.35126514e-01, 9.38755228e-01, 2.37201186e+00, 1.42462044e+02
1.36858742e+00, 3.74489419e-01, 4.22192565e-01, 6.35356827e-01, 3.27607141e-01, 9.56424175e-01, 2.35434291e+00, 1.45333935e+02
1.40700809e+00, 3.81477549e-01, 4.15453528e-01, 6.42812703e-01, 3.20151265e-01, 9.74226428e-01, 2.33654066e+00, 1.48326375e+02
1.44650734e+00, 3.88546523e-01, 4.08745964e-01, 6.50201120e-01, 3.12762848e-01, 9.92155426e-01, 2.31861166e+00, 1.51444225e+02
1.48711546e+00, 3.95695948e-01, 4.02072206e-01, 6.57518253e-01, 3.05445715e-01, 1.01020448e+00, 2.30056260e+00, 1.54692517e+02
1.52886359e+00, 4.02925403e-01, 3.95434536e-01, 6.64760418e-01, 2.98203551e-01, 1.02836679e+00, 2.28240030e+00, 1.58076462e+02
1.57178372e+00, 4.10234442e-01, 3.88835186e-01, 6.71924083e-01, 2.91039885e-01, 1.04663546e+00, 2.26413163e+00, 1.61601462e+02
1.61590875e+00, 4.17622591e-01, 3.82276331e-01, 6.79005878e-01, 2.83958090e-01, 1.06500352e+00, 2.24576357e+00, 1.65273107e+02
1.66127252e+00, 4.25089350e-01, 3.75760089e-01, 6.86002598e-01, 2.76961370e-01, 1.08346394e+00, 2.22730315e+00, 1.69097194e+02
1.70790980e+00, 4.32634194e-01, 3.69288519e-01, 6.92911209e-01, 2.70052759e-01, 1.10200964e+00, 2.20875744e+00, 1.73079730e+02
1.75585633e+00, 4.40256573e-01, 3.62863618e-01, 6.99728858e-01, 2.63235110e-01, 1.12063354e+00, 2.19013355e+00, 1.77226943e+02
1.80514888e+00, 4.47955916e-01, 3.56487318e-01, 7.06452870e-01, 2.56511098e-01, 1.13932851e+00, 2.17143857e+00, 1.81545290e+02
1.85582523e+00, 4.55731626e-01, 3.50161484e-01, 7.13080756e-01, 2.49883212e-01, 1.15808747e+00, 2.15267961e+00, 1.86041468e+02
1.90792422e+00, 4.63583085e-01, 3.43887915e-01, 7.19610215e-01, 2.43353754e-01, 1.17690334e+00, 2.13386374e+00, 1.90722427e+02
1.96148581e+00, 4.71509656e-01, 3.37668341e-01, 7.26039132e-01, 2.36924836e-01, 1.19576907e+00, 2.11499802e+00, 1.95595378e+02
2.01655104e+00, 4.79510678e-01, 3.31504419e-01, 7.32365583e-01, 2.30598385e-01, 1.21467767e+00, 2.09608941e+00, 2.00667810e+02
2.07316213e+00, 4.87585472e-01, 3.25397736e-01, 7.38587832e-01, 2.24376136e-01, 1.23362222e+00, 2.07714487e+00, 2.05947495e+02
2.13136247e+00, 4.95733342e-01, 3.19349807e-01, 7.44704331e-01, 2.18259638e-01, 1.25259586e+00, 2.05817122e+00, 2.11442509e+02
2.19119669e+00, 5.03953573e-01, 3.13362070e-01, 7.50713715e-01, 2.12250253e-01, 1.27159184e+00, 2.03917524e+00, 2.17161241e+02
2.25271064e+00, 5.12245431e-01, 3.07435893e-01, 7.56614806e-01, 2.06349162e-01, 1.29060349e+00, 2.02016360e+00, 2.23112412e+02
2.31595149e+00, 5.20608169e-01, 3.01572566e-01, 7.62406604e-01, 2.00557364e-01, 1.30962424e+00, 2.00114284e+00, 2.29305083e+02
2.38096772e+00, 5.29041024e-01, 2.95773306e-01, 7.68088286e-01, 1.94875682e-01, 1.32864768e+00, 1.98211941e+00, 2.35748680e+02
2.44780916e+00, 5.37543219e-01, 2.90039255e-01, 7.73659202e-01, 1.89304767e-01, 1.34766747e+00, 1.96309961e+00, 2.42453006e+02
2.51652705e+00, 5.46113963e-01, 2.84371479e-01, 7.79118867e-01, 1.83845102e-01, 1.36667744e+00, 1.94408965e+00, 2.49428255e+02
2.58717408e+00, 5.54752453e-01, 2.78770971e-01, 7.84466960e-01, 1.78497008e-01, 1.38567153e+00, 1.92509555e+00, 2.56685038e+02
2.65980440e+00, 5.63457874e-01, 2.73238647e-01, 7.89703317e-01, 1.73260651e-01, 1.40464386e+00, 1.90612322e+00, 2.64234396e+02
2.73447368e+00, 5.72229403e-01, 2.67775351e-01, 7.94827924e-01, 1.68136044e-01, 1.42358867e+00, 1.88717841e+00, 2.72087823e+02
2.81123917e+00, 5.81066203e-01, 2.62381854e-01, 7.99840913e-01, 1.63123055e-01, 1.44250036e+00, 1.86826673e+00, 2.80257284e+02
2.89015972e+00, 5.89967432e-01, 2.57058854e-01, 8.04742553e-01, 1.58221415e-01, 1.46137348e+00, 1.84939361e+00, 2.88755237e+02
2.97129582e+00, 5.98932239e-01, 2.51806978e-01, 8.09533247e-01, 1.53430722e-01, 1.48020274e+00, 1.83056434e+00, 2.97594658e+02
3.05470967e+00, 6.07959763e-01, 2.46626782e-01, 8.14213521e-01, 1.48750447e-01, 1.49898303e+00, 1.81178405e+00, 3.06789062e+02
3.14046522e+00, 6.17049141e-01, 2.41518754e-01, 8.18784023e-01, 1.44179945e-01, 1.51770938e+00, 1.79305771e+00, 3.16352524e+02
3.22862820e+00, 6.26199502e-01, 2.36483311e-01, 8.23245511e-01, 1.39718457e-01, 1.53637698e+00, 1.77439011e+00, 3.26299711e+02
3.31926620e+00, 6.35409971e-01, 2.31520808e-01, 8.27598849e-01, 1.35365120e-01, 1.55498119e+00, 1.75578590e+00, 3.36645902e+02
3.41244871e+00, 6.44679670e-01, 2.26631530e-01, 8.31845000e-01, 1.31118968e-01, 1.57351754e+00, 1.73724955e+00, 3.47407018e+02
3.50824714e+00, 6.54007716e-01, 2.21815701e-01, 8.35985020e-01, 1.26978948e-01, 1.59198171e+00, 1.71878537e+00, 3.58599651e+02
3.60673495e+00, 6.63393226e-01, 2.17073483e-01, 8.40020050e-01, 1.22943919e-01, 1.61036955e+00, 1.70039754e+00, 3.70241089e+02
3.70798763e+00, 6.72835313e-01, 2.12404976e-01, 8.43951310e-01, 1.19012658e-01, 1.62867706e+00, 1.68209002e+00, 3.82349353e+02
3.81208280e+00, 6.82333091e-01, 2.07810223e-01, 8.47780095e-01, 1.15183873e-01, 1.64690041e+00, 1.66386668e+00, 3.94943222e+02
3.91910025e+00, 6.91885673e-01, 2.03289209e-01, 8.51507765e-01, 1.11456203e-01, 1.66503591e+00, 1.64573117e+00, 4.08042270e+02
4.02912203e+00, 7.01492174e-01, 1.98841864e-01, 8.55135743e-01, 1.07828225e-01, 1.68308005e+00, 1.62768703e+00, 4.21666900e+02
4.14223247e+00, 7.11151707e-01, 1.94468065e-01, 8.58665507e-01, 1.04298462e-01, 1.70102945e+00, 1.60973764e+00, 4.35838379e+02
4.25851829e+00, 7.20863389e-01, 1.90167637e-01, 8.62098583e-01, 1.00865385e-01, 1.71888088e+00, 1.59188620e+00, 4.50578875e+02
4.37806863e+00, 7.30626340e-01, 1.85940357e-01, 8.65436544e-01, 9.75274242e-02, 1.73663128e+00, 1.57413580e+00, 4.65911494e+02
4.50097513e+00, 7.40439681e-01, 1.81785952e-01, 8.68681002e-01, 9.42829667e-02, 1.75427771e+00, 1.55648938e+00, 4.81860325e+02
4.62733201e+00, 7.50302539e-01, 1.77704105e-01, 8.71833601e-01, 9.11303671e-02, 1.77181738e+00, 1.53894970e+00, 4.98450476e+02
4.75723614e+00, 7.60214043e-01, 1.73694456e-01, 8.74896018e-01, 8.80679499e-02, 1.78924764e+00, 1.52151944e+00, 5.15708123e+02
4.89078709e+00, 7.70173327e-01, 1.69756602e-01, 8.77869954e-01, 8.50940143e-02, 1.80656599e+00, 1.50420110e+00, 5.33660550e+02
5.02808725e+00, 7.80179530e-01, 1.65890100e-01, 8.80757129e-01, 8.22068390e-02, 1.82377003e+00, 1.48699705e+00, 5.52336201e+02
5.16924187e+00, 7.90231798e-01, 1.62094471e-01, 8.83559283e-01, 7.94046854e-02, 1.84085752e+00, 1.46990956e+00, 5.71764725e+02
5.31435916e+00, 8.00329281e-01, 1.58369199e-01, 8.86278166e-01, 7.66858025e-02, 1.85782634e+00, 1.45294074e+00, 5.91977030e+02
5.46355035e+00, 8.10471136e-01, 1.54713732e-01, 8.88915539e-01, 7.40484297e-02, 1.87467448e+00, 1.43609260e+00, 6.13005337e+02
5.61692982e+00, 8.20656529e-01, 1.51127491e-01, 8.91473168e-01, 7.14908008e-02, 1.89140008e+00, 1.41936700e+00, 6.34883230e+02
5.77461515e+00, 8.30884629e-01, 1.47609861e-01, 8.93952821e-01, 6.90111470e-02, 1.90800136e+00, 1.40276572e+00, 6.57645722e+02
5.93672722e+00, 8.41154616e-01, 1.44160202e-01, 8.96356268e-01, 6.66077002e-02, 1.92447669e+00, 1.38629040e+00, 6.81329309e+02
6.10339029e+00, 8.51465677e-01, 1.40777848e-01, 8.98685273e-01, 6.42786955e-02, 1.94082452e+00, 1.36994256e+00, 7.05972033e+02
6.27473213e+00, 8.61817006e-01, 1.37462106e-01, 9.00941594e-01, 6.20223740e-02, 1.95704343e+00, 1.35372365e+00, 7.31613553e+02
6.45088409e+00, 8.72207807e-01, 1.34212261e-01, 9.03126983e-01, 5.98369856e-02, 1.97313211e+00, 1.33763497e+00, 7.58295205e+02
6.63198120e+00, 8.82637292e-01, 1.31027576e-01, 9.05243177e-01, 5.77207909e-02, 1.98908934e+00, 1.32167775e+00, 7.86060081e+02
6.81816229e+00, 8.93104682e-01, 1.27907296e-01, 9.07291905e-01, 5.56720636e-02, 2.00491399e+00, 1.30585309e+00, 8.14953097e+02
7.00957009e+00, 9.03609206e-01, 1.24850646e-01, 9.09274876e-01, 5.36890923e-02, 2.02060505e+00, 1.29016203e+00, 8.45021072e+02
7.20635132e+00, 9.14150106e-01, 1.21856835e-01, 9.11193786e-01, 5.17701824e-02, 2.03616159e+00, 1.27460550e+00, 8.76312809e+02
7.40865683e+00, 9.24726629e-01, 1.18925058e-01, 9.13050310e-01, 4.99136579e-02, 2.05158277e+00, 1.25918432e+00, 9.08879179e+02
7.61664172e+00, 9.35338035e-01, 1.16054495e-01, 9.14846106e-01, 4.81178627e-02, 2.06686784e+00, 1.24389924e+00, 9.42773207e+02
7.83046540e+00, 9.45983593e-01, 1.13244314e-01, 9.16582806e-01, 4.63811620e-02, 2.08201615e+00, 1.22875094e+00, 9.78050163e+02
8.05029181e+00, 9.56662583e-01, 1.10493675e-01, 9.18262025e-01, 4.47019438e-02, 2.09702710e+00, 1.21373998e+00, 1.01476766e+03
8.27628946e+00, 9.67374292e-01, 1.07801724e-01, 9.19885349e-01, 4.30786198e-02, 2.11190021e+00, 1.19886687e+00, 1.05298574e+03
8.50863158e+00, 9.78118021e-01, 1.05167604e-01, 9.21454342e-01, 4.15096263e-02, 2.12663504e+00, 1.18413204e+00, 1.09276701e+03
8.74749630e+00, 9.88893079e-01, 1.02590447e-01, 9.22970543e-01, 3.99934253e-02, 2.14123125e+00, 1.16953583e+00, 1.13417670e+03
8.99306672e+00, 9.99698787e-01, 1.00069381e-01, 9.24435463e-01, 3.85285054e-02, 2.15568856e+00, 1.15507853e+00, 1.17728282e+03
9.24553110e+00, 1.01053448e+00, 9.76035298e-02, 9.25850586e-01, 3.71133820e-02, 2.17000676e+00, 1.14076033e+00, 1.22215624e+03
9.50508296e+00, 1.02139949e+00, 9.51920136e-02, 9.27217370e-01, 3.57465984e-02, 2.18418571e+00, 1.12658137e+00, 1.26887085e+03
9.77192128e+00, 1.03229317e+00, 9.28339498e-02, 9.28537242e-01, 3.44267259e-02, 2.19822534e+00, 1.11254175e+00, 1.31750366e+03
1.00462506e+01, 1.04321489e+00, 9.05284548e-02, 9.29811604e-01, 3.31523644e-02, 2.21212562e+00, 1.09864146e+00, 1.36813492e+03
1.03282813e+01, 1.05416402e+00, 8.82746444e-02, 9.31041826e-01, 3.19221426e-02, 2.22588662e+00, 1.08488046e+00, 1.42084831e+03
1.06182294e+01, 1.06513995e+00, 8.60716349e-02, 9.32229250e-01, 3.07347186e-02, 2.23950843e+00, 1.07125866e+00, 1.47573103e+03
1.09163173e+01, 1.07614206e+00, 8.39185439e-02, 9.33375189e-01, 2.95887794e-02, 2.25299120e+00, 1.05777588e+00, 1.53287396e+03
1.12227736e+01, 1.08716977e+00, 8.18144912e-02, 9.34480927e-01, 2.84830417e-02, 2.26633516e+00, 1.04443192e+00, 1.59237184e+03
1.15378330e+01, 1.09822248e+00, 7.97585995e-02, 9.35547717e-01, 2.74162514e-02, 2.27954057e+00, 1.03122651e+00, 1.65432343e+03
1.18617372e+01, 1.10929963e+00, 7.77499950e-02, 9.36576784e-01, 2.63871840e-02, 2.29260773e+00, 1.01815935e+00, 1.71883163e+03
1.21947344e+01, 1.12040065e+00, 7.57878084e-02, 9.37569324e-01, 2.53946444e-02, 2.30553701e+00, 1.00523007e+00, 1.78600373e+03
1.25370799e+01, 1.13152499e+00, 7.38711753e-02, 9.38526502e-01, 2.44374665e-02, 2.31832881e+00, 9.92438269e-01, 1.85595155e+03
1.28890361e+01, 1.14267211e+00, 7.19992367e-02, 9.39449455e-01, 2.35145136e-02, 2.33098358e+00, 9.79783499e-01, 1.92879163e+03
1.32508729e+01, 1.15384147e+00, 7.01711401e-02, 9.40339291e-01, 2.26246777e-02, 2.34350181e+00, 9.67265272e-01, 2.00464544e+03
1.36228676e+01, 1.16503255e+00, 6.83860392e-02, 9.41197089e-01, 2.17668794e-02, 2.35588402e+00, 9.54883062e-01, 2.08363962e+03
1.40053055e+01, 1.17624484e+00, 6.66430952e-02, 9.42023901e-01, 2.09400677e-02, 2.36813078e+00, 9.42636304e-01, 2.16590613e+03
1.43984795e+01, 1.18747784e+00, 6.49414767e-02, 9.42820748e-01, 2.01432199e-02, 2.38024269e+00, 9.30524397e-01, 2.25158252e+03
1.48026913e+01, 1.19873106e+00, 6.32803605e-02, 9.43588628e-01, 1.93753407e-02, 2.39222038e+00, 9.18546707e-01, 2.34081219e+03
1.52182505e+01, 1.21000400e+00, 6.16589316e-02, 9.44328506e-01, 1.86354622e-02, 2.40406452e+00, 9.06702567e-01, 2.43374457e+03
1.56454759e+01, 1.22129622e+00, 6.00763839e-02, 9.45041325e-01, 1.79226437e-02, 2.41577580e+00, 8.94991281e-01, 2.53053544e+03
1.60846948e+01, 1.23260723e+00, 5.85319205e-02, 9.45727997e-01, 1.72359709e-02, 2.42735496e+00, 8.83412121e-01, 2.63134716e+03
1.65362441e+01, 1.24393658e+00, 5.70247538e-02, 9.46389413e-01, 1.65745555e-02, 2.43880275e+00, 8.71964334e-01, 2.73634895e+03
1.70004698e+01, 1.25528384e+00, 5.55541057e-02, 9.47026433e-01, 1.59375353e-02, 2.45011994e+00, 8.60647140e-01, 2.84571722e+03
1.74777277e+01, 1.26664856e+00, 5.41192085e-02, 9.47639896e-01, 1.53240728e-02, 2.46130735e+00, 8.49459734e-01, 2.95963581e+03
1.79683839e+01, 1.27803033e+00, 5.27193041e-02, 9.48230613e-01, 1.47333558e-02, 2.47236579e+00, 8.38401289e-01, 3.07829638e+03
1.84728144e+01, 1.28942872e+00, 5.13536452e-02, 9.48799372e-01, 1.41645961e-02, 2.48329613e+00, 8.27470956e-01, 3.20189867e+03
1.89914058e+01, 1.30084334e+00, 5.00214947e-02, 9.49346939e-01, 1.36170294e-02, 2.49409922e+00, 8.16667863e-01, 3.33065088e+03
1.95245558e+01, 1.31227377e+00, 4.87221263e-02, 9.49874054e-01, 1.30899145e-02, 2.50477596e+00, 8.05991122e-01, 3.46477004e+03
2.00726730e+01, 1.32371963e+00, 4.74548245e-02, 9.50381435e-01, 1.25825335e-02, 2.51532726e+00, 7.95439825e-01, 3.60448234e+03
2.06361777e+01, 1.33518054e+00, 4.62188846e-02, 9.50869778e-01, 1.20941902e-02, 2.52575404e+00, 7.85013048e-01, 3.75002356e+03
2.12155017e+01, 1.34665613e+00, 4.50136131e-02, 9.51339758e-01, 1.16242107e-02, 2.53605723e+00, 7.74709852e-01, 3.90163947e+03
2.18110892e+01, 1.35814602e+00, 4.38383275e-02, 9.51792026e-01, 1.11719422e-02, 2.54623780e+00, 7.64529281e-01, 4.05958622e+03
2.24233968e+01, 1.36964988e+00, 4.26923562e-02, 9.52227216e-01, 1.07367526e-02, 2.55629671e+00, 7.54470369e-01, 4.22413082e+03
2.30528939e+01, 1.38116734e+00, 4.15750390e-02, 9.52645938e-01, 1.03180303e-02, 2.56623495e+00, 7.44532134e-01, 4.39555157e+03
2.37000629e+01, 1.39269806e+00, 4.04857268e-02, 9.53048785e-01, 9.91518333e-03, 2.57605350e+00, 7.34713585e-01, 4.57413859e+03
2.43654001e+01, 1.40424172e+00, 3.94237819e-02, 9.53436329e-01, 9.52763902e-03, 2.58575336e+00, 7.25013721e-01, 4.76019423e+03
2.50494154e+01, 1.41579798e+00, 3.83885774e-02, 9.53809125e-01, 9.15484353e-03, 2.59533556e+00, 7.15431528e-01, 4.95403368e+03
2.57526333e+01, 1.42736654e+00, 3.73794979e-02, 9.54167707e-01, 8.79626124e-03, 2.60480110e+00, 7.05965988e-01, 5.15598545e+03
2.64755927e+01, 1.43894707e+00, 3.63959391e-02, 9.54512594e-01, 8.45137439e-03, 2.61415101e+00, 6.96616072e-01, 5.36639199e+03
2.72188479e+01, 1.45053928e+00, 3.54373078e-02, 9.54844286e-01, 8.11968247e-03, 2.62338634e+00, 6.87380745e-01, 5.58561023e+03
2.79829688e+01, 1.46214287e+00, 3.45030217e-02, 9.55163266e-01, 7.80070186e-03, 2.63250812e+00, 6.78258967e-01, 5.81401221e+03
2.87685409e+01, 1.47375755e+00, 3.35925097e-02, 9.55470003e-01, 7.49396526e-03, 2.64151739e+00, 6.69249690e-01, 6.05198574e+03
2.95761666e+01, 1.48538304e+00, 3.27052117e-02, 9.55764947e-01, 7.19902129e-03, 2.65041522e+00, 6.60351864e-01, 6.29993504e+03
3.04064649e+01, 1.49701906e+00, 3.18405781e-02, 9.56048534e-01, 6.91543399e-03, 2.65920265e+00, 6.51564435e-01, 6.55828147e+03
3.12600724e+01, 1.50866534e+00, 3.09980705e-02, 9.56321186e-01, 6.64278241e-03, 2.66788074e+00, 6.42886344e-01, 6.82746421e+03
3.21376434e+01, 1.52032162e+00, 3.01771610e-02, 9.56583308e-01, 6.38066013e-03, 2.67645055e+00, 6.34316531e-01, 7.10794105e+03
3.30398507e+01, 1.53198765e+00, 2.93773321e-02, 9.56835293e-01, 6.12867486e-03, 2.68491315e+00, 6.25853934e-01, 7.40018918e+03
3.39673858e+01, 1.54366317e+00, 2.85980772e-02, 9.57077520e-01, 5.88644799e-03, 2.69326959e+00, 6.17497489e-01, 7.70470599e+03
3.49209598e+01, 1.55534793e+00, 2.78388997e-02, 9.57310354e-01, 5.65361416e-03, 2.70152095e+00, 6.09246131e-01, 8.02200994e+03
3.59013038e+01, 1.56704171e+00, 2.70993135e-02, 9.57534147e-01, 5.42982091e-03, 2.70966829e+00, 6.01098796e-01, 8.35264144e+03
3.69091691e+01, 1.57874427e+00, 2.63788425e-02, 9.57749240e-01, 5.21472821e-03, 2.71771266e+00, 5.93054419e-01, 8.69716382e+03
3.79453285e+01, 1.59045537e+00, 2.56770206e-02, 9.57955960e-01, 5.00800812e-03, 2.72565515e+00, 5.85111938e-01, 9.05616425e+03
3.90105762e+01, 1.60217481e+00, 2.49933916e-02, 9.58154624e-01, 4.80934438e-03, 2.73349679e+00, 5.77270291e-01, 9.43025477e+03
4.01057288e+01, 1.61390235e+00, 2.43275093e-02, 9.58345536e-01, 4.61843206e-03, 2.74123867e+00, 5.69528416e-01, 9.82007337e+03
4.12316259e+01, 1.62563780e+00, 2.36789368e-02, 9.58528991e-01, 4.43497716e-03, 2.74888183e+00, 5.61885256e-01, 1.02262851e+04
4.23891306e+01, 1.63738095e+00, 2.30472468e-02, 9.58705272e-01, 4.25869632e-03, 2.75642733e+00, 5.54339755e-01, 1.06495830e+04
4.35791301e+01, 1.64913159e+00, 2.24320214e-02, 9.58874652e-01, 4.08931637e-03, 2.76387622e+00, 5.46890862e-01, 1.10906897e+04
4.48025368e+01, 1.66088953e+00, 2.18328518e-02, 9.59037394e-01, 3.92657412e-03, 2.77122956e+00, 5.39537527e-01, 1.15503584e+04
4.60602884e+01, 1.67265458e+00, 2.12493385e-02, 9.59193752e-01, 3.77021592e-03, 2.77848838e+00, 5.32278705e-01, 1.20293741e+04
4.73533492e+01, 1.68442656e+00, 2.06810907e-02, 9.59343971e-01, 3.61999741e-03, 2.78565373e+00, 5.25113354e-01, 1.25285552e+04
4.86827104e+01, 1.69620528e+00, 2.01277264e-02, 9.59488285e-01, 3.47568318e-03, 2.79272664e+00, 5.18040439e-01, 1.30487546e+04
5.00493910e+01, 1.70799057e+00, 1.95888723e-02, 9.59626922e-01, 3.33704648e-03, 2.79970816e+00, 5.11058927e-01, 1.35908614e+04
5.14544388e+01, 1.71978224e+00, 1.90641636e-02, 9.59760099e-01, 3.20386891e-03, 2.80659929e+00, 5.04167791e-01, 1.41558026e+04
5.28989308e+01, 1.73158015e+00, 1.85532437e-02, 9.59888028e-01, 3.07594016e-03, 2.81340107e+00, 4.97366010e-01, 1.47445442e+04
5.43839743e+01, 1.74338412e+00, 1.80557646e-02, 9.60010911e-01, 2.95305769e-03, 2.82011452e+00, 4.90652567e-01, 1.53580932e+04
5.59107078e+01, 1.75519399e+00, 1.75713858e-02, 9.60128942e-01, 2.83502653e-03, 2.82674063e+00, 4.84026452e-01, 1.59974994e+04
5.74803016e+01, 1.76700960e+00, 1.70997750e-02, 9.60242309e-01, 2.72165895e-03, 2.83328042e+00, 4.77486661e-01, 1.66638568e+04
5.90939590e+01, 1.77883082e+00, 1.66406078e-02, 9.60351194e-01, 2.61277424e-03, 2.83973489e+00, 4.71032195e-01, 1.73583060e+04
6.07529169e+01, 1.79065748e+00, 1.61935670e-02, 9.60455770e-01, 2.50819845e-03, 2.84610502e+00, 4.64662063e-01, 1.80820359e+04
6.24584471e+01, 1.80248944e+00, 1.57583434e-02, 9.60556204e-01, 2.40776418e-03, 2.85239180e+00, 4.58375279e-01, 1.88362859e+04
6.42118571e+01, 1.81432657e+00, 1.53346346e-02, 9.60652658e-01, 2.31131032e-03, 2.85859622e+00, 4.52170865e-01, 1.96223475e+04
6.60144909e+01, 1.82616872e+00, 1.49221457e-02, 9.60745287e-01, 2.21868183e-03, 2.86471923e+00, 4.46047850e-01, 2.04415674e+04
6.78677305e+01, 1.83801577e+00, 1.45205889e-02, 9.60834239e-01, 2.12972954e-03, 2.87076181e+00, 4.40005270e-01, 2.12953491e+04
6.97729965e+01, 1.84986758e+00, 1.41296829e-02, 9.60919658e-01, 2.04430992e-03, 2.87672492e+00, 4.34042166e-01, 2.21851558e+04
7.17317494e+01, 1.86172403e+00, 1.37491537e-02, 9.61001683e-01, 1.96228490e-03, 2.88260949e+00, 4.28157590e-01, 2.31125124e+04
7.37454909e+01, 1.87358500e+00, 1.33787335e-02, 9.61080447e-01, 1.88352164e-03, 2.88841649e+00, 4.22350598e-01, 2.40790086e+04
7.58157646e+01, 1.88545036e+00, 1.30181611e-02, 9.61156076e-01, 1.80789239e-03, 2.89414683e+00, 4.16620257e-01, 2.50863017e+04
7.79441575e+01, 1.89731999e+00, 1.26671819e-02, 9.61228694e-01, 1.73527424e-03, 2.89980144e+00, 4.10965639e-01, 2.61361187e+04
8.01323013e+01, 1.90919379e+00, 1.23255471e-02, 9.61298419e-01, 1.66554902e-03, 2.90538126e+00, 4.05385825e-01, 2.72302604e+04
8.23818733e+01, 1.92107165e+00, 1.19930143e-02, 9.61365365e-01, 1.59860306e-03, 2.91088718e+00, 3.99879903e-01, 2.83706035e+04
8.46945981e+01, 1.93295345e+00, 1.16693470e-02, 9.61429641e-01, 1.53432706e-03, 2.91632011e+00, 3.94446970e-01, 2.95591044e+04
8.70722485e+01, 1.94483908e+00, 1.13543144e-02, 9.61491352e-01, 1.47261591e-03, 2.92168095e+00, 3.89086131e-01, 3.07978023e+04
8.95166472e+01, 1.95672846e+00, 1.10476916e-02, 9.61550600e-01, 1.41336855e-03, 2.92697059e+00, 3.83796497e-01, 3.20888231e+04
9.20296681e+01, 1.96862147e+00, 1.07492590e-02, 9.61607481e-01, 1.35648784e-03, 2.93218989e+00, 3.78577190e-01, 3.34343826e+04
9.46132376e+01, 1.98051802e+00, 1.04588028e-02, 9.61662088e-01, 1.30188036e-03, 2.93733974e+00, 3.73427339e-01, 3.48367905e+04
9.72693362e+01, 1.99241802e+00, 1.01761143e-02, 9.61714512e-01, 1.24945632e-03, 2.94242100e+00, 3.68346080e-01, 3.62984544e+04
1.00000000e+02, 2.00432137e+00, 9.90099010e-03, 9.61764839e-01, 1.19912940e-03, 2.94743453e+00, 3.63332558e-01, 3.78218842e+04
