 --- Cosmological Parameters --- 
	 H0: 2.1791e-18 (1/s) = 67.2400 (km/s/Mpc) 
	 OmegaM: 3.1000e-01 
	 OmegaR: 0.0000e+00 
	 OmegaL: 6.9000e-01 
	 OmegaK: 0.0000e+00 
		 w0: -7.2700e-01 
		 wa: -1.0500e+00 
	 rho_crit: 8.4944e-30 (g/cm^3) 
z, log10(1+z), a, H0*t_look, H0*t_age, H0*t_conf, H0*t_conf_age, H(z) 
1.00000000e-04, 4.34272769e-05, 9.99900010e-01, 9.99912631e-05, 9.49055899e-01, 9.99962625e-05, 3.26008552e+00, 6.72450263e+01
1.02807322e-04, 4.46463579e-05, 9.99897203e-01, 1.02798088e-04, 9.49053092e-01, 1.02803372e-04, 3.26008271e+00, 6.72451674e+01
1.05693455e-04, 4.58996588e-05, 9.99894318e-01, 1.05683695e-04, 9.49050206e-01, 1.05689280e-04, 3.26007983e+00, 6.72453125e+01
1.08660611e-04, 4.71881402e-05, 9.99891351e-01, 1.08650296e-04, 9.49047240e-01, 1.08656199e-04, 3.26007686e+00, 6.72454616e+01
1.11711065e-04, 4.85127895e-05, 9.99888301e-01, 1.11700162e-04, 9.49044190e-01, 1.11706401e-04, 3.26007381e+00, 6.72456149e+01
1.14847155e-04, 4.98746217e-05, 9.99885166e-01, 1.14835631e-04, 9.49041054e-01, 1.14842225e-04, 3.26007067e+00, 6.72457725e+01
1.18071285e-04, 5.12746804e-05, 9.99881943e-01, 1.18059105e-04, 9.49037831e-01, 1.18066074e-04, 3.26006745e+00, 6.72459346e+01
1.21385926e-04, 5.27140387e-05, 9.99878629e-01, 1.21373053e-04, 9.49034517e-01, 1.21380419e-04, 3.26006414e+00, 6.72461012e+01
1.24793621e-04, 5.41937993e-05, 9.99875222e-01, 1.24780015e-04, 9.49031110e-01, 1.24787800e-04, 3.26006073e+00, 6.72462724e+01
1.28296980e-04, 5.57150964e-05, 9.99871719e-01, 1.28282599e-04, 9.49027607e-01, 1.28290828e-04, 3.26005723e+00, 6.72464485e+01
1.31898690e-04, 5.72790956e-05, 9.99868119e-01, 1.31883490e-04, 9.49024007e-01, 1.31892188e-04, 3.26005362e+00, 6.72466295e+01
1.35601511e-04, 5.88869955e-05, 9.99864417e-01, 1.35585446e-04, 9.49020305e-01, 1.35594639e-04, 3.26004992e+00, 6.72468156e+01
1.39408283e-04, 6.05400281e-05, 9.99860611e-01, 1.39391303e-04, 9.49016499e-01, 1.39401019e-04, 3.26004612e+00, 6.72470069e+01
1.43321923e-04, 6.22394601e-05, 9.99856699e-01, 1.43303977e-04, 9.49012586e-01, 1.43314246e-04, 3.26004220e+00, 6.72472036e+01
1.47345431e-04, 6.39865937e-05, 9.99852676e-01, 1.47326464e-04, 9.49008564e-01, 1.47337317e-04, 3.26003818e+00, 6.72474058e+01
1.51481892e-04, 6.57827676e-05, 9.99848541e-01, 1.51461845e-04, 9.49004428e-01, 1.51473316e-04, 3.26003404e+00, 6.72476137e+01
1.55734477e-04, 6.76293582e-05, 9.99844290e-01, 1.55713289e-04, 9.49000177e-01, 1.55725413e-04, 3.26002979e+00, 6.72478275e+01
1.60106446e-04, 6.95277803e-05, 9.99839919e-01, 1.60084051e-04, 9.48995806e-01, 1.60096866e-04, 3.26002542e+00, 6.72480472e+01
1.64601150e-04, 7.14794886e-05, 9.99835426e-01, 1.64577481e-04, 9.48991313e-01, 1.64591025e-04, 3.26002093e+00, 6.72482731e+01
1.69222035e-04, 7.34859785e-05, 9.99830807e-01, 1.69197018e-04, 9.48986693e-01, 1.69211333e-04, 3.26001631e+00, 6.72485053e+01
1.73972643e-04, 7.55487874e-05, 9.99826058e-01, 1.73946202e-04, 9.48981944e-01, 1.73961332e-04, 3.26001156e+00, 6.72487441e+01
1.78856616e-04, 7.76694958e-05, 9.99821175e-01, 1.78828669e-04, 9.48977061e-01, 1.78844661e-04, 3.26000667e+00, 6.72489895e+01
1.83877698e-04, 7.98497285e-05, 9.99816156e-01, 1.83848160e-04, 9.48972042e-01, 1.83865062e-04, 3.26000165e+00, 6.72492419e+01
1.89039738e-04, 8.20911560e-05, 9.99810996e-01, 1.89008519e-04, 9.48966882e-01, 1.89026383e-04, 3.25999649e+00, 6.72495013e+01
1.94346693e-04, 8.43954955e-05, 9.99805691e-01, 1.94313696e-04, 9.48961576e-01, 1.94332577e-04, 3.25999118e+00, 6.72497680e+01
1.99802631e-04, 8.67645125e-05, 9.99800237e-01, 1.99767756e-04, 9.48956122e-01, 1.99787712e-04, 3.25998573e+00, 6.72500422e+01
2.05411735e-04, 8.92000219e-05, 9.99794630e-01, 2.05374874e-04, 9.48950515e-01, 2.05395966e-04, 3.25998012e+00, 6.72503241e+01
2.11178304e-04, 9.17038897e-05, 9.99788866e-01, 2.11139346e-04, 9.48944751e-01, 2.11161638e-04, 3.25997436e+00, 6.72506139e+01
2.17106760e-04, 9.42780341e-05, 9.99782940e-01, 2.17065584e-04, 9.48938825e-01, 2.17089145e-04, 3.25996843e+00, 6.72509118e+01
2.23201647e-04, 9.69244272e-05, 9.99776848e-01, 2.23158126e-04, 9.48932732e-01, 2.23183029e-04, 3.25996233e+00, 6.72512181e+01
2.29467637e-04, 9.96450962e-05, 9.99770585e-01, 2.29421638e-04, 9.48926468e-01, 2.29447959e-04, 3.25995607e+00, 6.72515330e+01
2.35909533e-04, 1.02442125e-04, 9.99764146e-01, 2.35860916e-04, 9.48920029e-01, 2.35888735e-04, 3.25994963e+00, 6.72518567e+01
2.42532274e-04, 1.05317657e-04, 9.99757527e-01, 2.42480890e-04, 9.48913409e-01, 2.42510292e-04, 3.25994301e+00, 6.72521895e+01
2.49340937e-04, 1.08273895e-04, 9.99750721e-01, 2.49286627e-04, 9.48906603e-01, 2.49317704e-04, -2.96439388e-323, 6.72525317e+01
2.56340741e-04, 1.11313103e-04, 9.99743725e-01, 2.56283340e-04, 9.48899607e-01, 2.56316185e-04, 3.25992920e+00, 6.72528834e+01
2.63537052e-04, 1.14437609e-04, 9.99736532e-01, 2.63476383e-04, 9.48892414e-01, 2.63511098e-04, 3.25992201e+00, 6.72532451e+01
2.70935387e-04, 1.17649806e-04, 9.99729138e-01, 2.70871264e-04, 9.48885019e-01, 2.70907955e-04, 3.25991461e+00, 6.72536168e+01
2.78541416e-04, 1.20952156e-04, 9.99721536e-01, 2.78473643e-04, 9.48877416e-01, 2.78512423e-04, 3.25990700e+00, 6.72539991e+01
2.86360972e-04, 1.24347187e-04, 9.99713721e-01, 2.86289341e-04, 9.48869601e-01, 2.86330328e-04, 3.25989919e+00, 6.72543920e+01
2.94400048e-04, 1.27837499e-04, 9.99705687e-01, 2.94324339e-04, 9.48861566e-01, 2.94367660e-04, 3.25989115e+00, 6.72547960e+01
3.02664806e-04, 1.31425767e-04, 9.99697427e-01, 3.02584788e-04, 9.48853305e-01, 3.02630574e-04, 3.25988289e+00, 6.72552113e+01
3.11161583e-04, 1.35114738e-04, 9.99688935e-01, 3.11077009e-04, 9.48844813e-01, 3.11125403e-04, 3.25987439e+00, 6.72556382e+01
3.19896892e-04, 1.38907238e-04, 9.99680205e-01, 3.19807504e-04, 9.48836083e-01, 3.19858652e-04, 3.25986566e+00, 6.72560772e+01
3.28877429e-04, 1.42806171e-04, 9.99671231e-01, 3.28782952e-04, 9.48827107e-01, 3.28837012e-04, 3.25985668e+00, 6.72565284e+01
3.38110078e-04, 1.46814523e-04, 9.99662004e-01, 3.38010224e-04, 9.48817880e-01, 3.38067361e-04, 3.25984745e+00, 6.72569924e+01
3.47601918e-04, 1.50935364e-04, 9.99652519e-01, 3.47496380e-04, 9.48808394e-01, 3.47556769e-04, 3.25983796e+00, 6.72574693e+01
3.57360225e-04, 1.55171849e-04, 9.99642767e-01, 3.57248679e-04, 9.48798641e-01, 3.57312505e-04, 3.25982820e+00, 6.72579596e+01
3.67392478e-04, 1.59527223e-04, 9.99632742e-01, 3.67274583e-04, 9.48788616e-01, 3.67342042e-04, 3.25981817e+00, 6.72584637e+01
3.77706369e-04, 1.64004821e-04, 9.99622436e-01, 3.77581763e-04, 9.48778308e-01, 3.77653062e-04, 3.25980786e+00, 6.72589820e+01
3.88309805e-04, 1.68608072e-04, 9.99611841e-01, 3.88178105e-04, 9.48767712e-01, 3.88253463e-04, 3.25979726e+00, 6.72595147e+01
3.99210913e-04, 1.73340499e-04, 9.99600948e-01, 3.99071717e-04, 9.48756818e-01, 3.99151364e-04, 3.25978637e+00, 6.72600625e+01
4.10418050e-04, 1.78205728e-04, 9.99589750e-01, 4.10270931e-04, 9.48745619e-01, 4.10355112e-04, 3.25977516e+00, 6.72606256e+01
4.21939808e-04, 1.83207482e-04, 9.99578238e-01, 4.21784314e-04, 9.48734106e-01, 4.21873287e-04, 3.25976364e+00, 6.72612045e+01
4.33785019e-04, 1.88349591e-04, 9.99566403e-01, 4.33620674e-04, 9.48722269e-01, 4.33714711e-04, 3.25975180e+00, 6.72617996e+01
4.45962763e-04, 1.93635993e-04, 9.99554236e-01, 4.45789063e-04, 9.48710101e-01, 4.45888453e-04, 3.25973963e+00, 6.72624115e+01
4.58482375e-04, 1.99070734e-04, 9.99541728e-01, 4.58298788e-04, 9.48697591e-01, 4.58403835e-04, 3.25972711e+00, 6.72630405e+01
4.71353453e-04, 2.04657975e-04, 9.99528869e-01, 4.71159417e-04, 9.48684731e-01, 4.71270443e-04, 3.25971425e+00, 6.72636871e+01
4.84585864e-04, 2.10401992e-04, 9.99515649e-01, 4.84380783e-04, 9.48671509e-01, 4.84498128e-04, 3.25970102e+00, 6.72643520e+01
4.98189752e-04, 2.16307184e-04, 9.99502058e-01, 4.97972997e-04, 9.48657917e-01, 4.98097022e-04, 3.25968742e+00, 6.72650354e+01
5.12175544e-04, 2.22378069e-04, 9.99488087e-01, 5.11946452e-04, 9.48643944e-01, 5.12077536e-04, 3.25967344e+00, 6.72657381e+01
5.26553963e-04, 2.28619296e-04, 9.99473723e-01, 5.26311831e-04, 9.48629578e-01, 5.26450376e-04, 3.25965907e+00, 6.72664604e+01
5.41336030e-04, 2.35035640e-04, 9.99458957e-01, 5.41080117e-04, 9.48614810e-01, 5.41226547e-04, 3.25964429e+00, 6.72672030e+01
5.56533078e-04, 2.41632013e-04, 9.99443776e-01, 5.56262598e-04, 9.48599627e-01, 5.56417362e-04, 3.25962910e+00, 6.72679665e+01
5.72156756e-04, 2.48413463e-04, 9.99428170e-01, 5.71870881e-04, 9.48584019e-01, 5.72034453e-04, 3.25961348e+00, 6.72687514e+01
5.88219040e-04, 2.55385179e-04, 9.99412127e-01, 5.87916894e-04, 9.48567973e-01, 5.88089776e-04, 3.25959743e+00, 6.72695583e+01
6.04732245e-04, 2.62552498e-04, 9.99395633e-01, 6.04412902e-04, 9.48551477e-01, 6.04595624e-04, 3.25958092e+00, 6.72703878e+01
6.21709029e-04, 2.69920903e-04, 9.99378677e-01, 6.21371510e-04, 9.48534519e-01, 6.21564631e-04, 3.25956395e+00, 6.72712406e+01
6.39162405e-04, 2.77496033e-04, 9.99361246e-01, 6.38805676e-04, 9.48517084e-01, 6.39009788e-04, 3.25954651e+00, 6.72721174e+01
6.57105755e-04, 2.85283683e-04, 9.99343326e-01, 6.56728722e-04, 9.48499161e-01, 6.56944451e-04, 3.25952857e+00, 6.72730187e+01
6.75552832e-04, 2.93289812e-04, 9.99324903e-01, 6.75154340e-04, 9.48480736e-01, 6.75382347e-04, 3.25951013e+00, 6.72739453e+01
6.94517777e-04, 3.01520545e-04, 9.99305964e-01, 6.94096607e-04, 9.48461793e-01, 6.94337589e-04, 3.25949118e+00, 6.72748979e+01
7.14015130e-04, 3.09982178e-04, 9.99286494e-01, 7.13569989e-04, 9.48442320e-01, 7.13824686e-04, 3.25947169e+00, 6.72758773e+01
7.34059837e-04, 3.18681185e-04, 9.99266479e-01, 7.33589362e-04, 9.48422301e-01, 7.33858553e-04, 3.25945166e+00, 6.72768841e+01
7.54667263e-04, 3.27624220e-04, 9.99245902e-01, 7.54170012e-04, 9.48401720e-01, 7.54454523e-04, 3.25943106e+00, 6.72779191e+01
7.75853206e-04, 3.36818122e-04, 9.99224748e-01, 7.75327656e-04, 9.48380562e-01, 7.75628358e-04, 3.25940989e+00, 6.72789832e+01
7.97633907e-04, 3.46269924e-04, 9.99203002e-01, 7.97078447e-04, 9.48358812e-01, 7.97396261e-04, 3.25938812e+00, 6.72800772e+01
8.20026062e-04, 3.55986854e-04, 9.99180646e-01, 8.19438991e-04, 9.48336451e-01, 8.19774891e-04, 3.25936574e+00, 6.72812018e+01
8.43046837e-04, 3.65976343e-04, 9.99157663e-01, 8.42426356e-04, 9.48313464e-01, 8.42781371e-04, 3.25934274e+00, 6.72823580e+01
8.66713880e-04, 3.76246030e-04, 9.99134037e-01, 8.66058087e-04, 9.48289832e-01, 8.66433305e-04, 3.25931908e+00, 6.72835466e+01
8.91045332e-04, 3.86803767e-04, 9.99109748e-01, 8.90352220e-04, 9.48265538e-01, 8.90748789e-04, 3.25929477e+00, 6.72847685e+01
9.16059848e-04, 3.97657626e-04, 9.99084779e-01, 9.15327292e-04, 9.48240563e-01, 9.15746427e-04, 3.25926977e+00, 6.72860247e+01
9.41776601e-04, 4.08815904e-04, 9.99059110e-01, 9.41002358e-04, 9.48214888e-01, 9.41445343e-04, 3.25924407e+00, 6.72873161e+01
9.68215306e-04, 4.20287133e-04, 9.99032721e-01, 9.67397004e-04, 9.48188493e-01, 9.67865196e-04, 3.25921765e+00, 6.72886438e+01
9.95396231e-04, 4.32080081e-04, 9.99005594e-01, 9.94531363e-04, 9.48161359e-01, 9.95026196e-04, 3.25919049e+00, 6.72900087e+01
1.02334021e-03, 4.44203760e-04, 9.98977706e-01, 1.02242613e-03, 9.48133464e-01, 1.02294912e-03, 3.25916257e+00, 6.72914119e+01
1.05206867e-03, 4.56667438e-04, 9.98949037e-01, 1.05110257e-03, 9.48104788e-01, 1.05165532e-03, 3.25913386e+00, 6.72928544e+01
1.08160363e-03, 4.69480638e-04, 9.98919565e-01, 1.08058256e-03, 9.48075308e-01, 1.08116676e-03, 3.25910435e+00, 6.72943374e+01
1.11196773e-03, 4.82653152e-04, 9.98889267e-01, 1.11088856e-03, 9.48045002e-01, 1.11150600e-03, 3.25907401e+00, 6.72958619e+01
1.14318425e-03, 4.96195044e-04, 9.98858121e-01, 1.14204367e-03, 9.48013846e-01, 1.14269624e-03, 3.25904282e+00, 6.72974292e+01
1.17527712e-03, 5.10116661e-04, 9.98826103e-01, 1.17407164e-03, 9.47981818e-01, 1.17476134e-03, 3.25901076e+00, 6.72990405e+01
1.20827094e-03, 5.24428638e-04, 9.98793187e-01, 1.20699687e-03, 9.47948893e-01, 1.20772580e-03, 3.25897779e+00, 6.73006969e+01
1.24219100e-03, 5.39141905e-04, 9.98759350e-01, 1.24084444e-03, 9.47915046e-01, 1.24161484e-03, 3.25894390e+00, 6.73023998e+01
1.27706330e-03, 5.54267703e-04, 9.98724566e-01, 1.27564013e-03, 9.47880250e-01, 1.27645436e-03, 3.25890906e+00, 6.73041504e+01
1.31291459e-03, 5.69817580e-04, 9.98688807e-01, 1.31141044e-03, 9.47844480e-01, 1.31227100e-03, 3.25887325e+00, 6.73059501e+01
1.34977233e-03, 5.85803413e-04, 9.98652047e-01, 1.34818261e-03, 9.47807707e-01, 1.34909212e-03, 3.25883642e+00, 6.73078003e+01
1.38766479e-03, 6.02237406e-04, 9.98614258e-01, 1.38598462e-03, 9.47769905e-01, 1.38694588e-03, 3.25879857e+00, 6.73097023e+01
1.42662102e-03, 6.19132106e-04, 9.98575411e-01, 1.42484526e-03, 9.47731045e-01, 1.42586120e-03, 3.25875966e+00, 6.73116576e+01
1.46667087e-03, 6.36500410e-04, 9.98535477e-01, 1.46479409e-03, 9.47691096e-01, 1.46586781e-03, 3.25871965e+00, 6.73136678e+01
1.50784505e-03, 6.54355573e-04, 9.98494425e-01, 1.50586150e-03, 9.47650029e-01, 1.50699630e-03, 3.25867852e+00, 6.73157343e+01
1.55017512e-03, 6.72711224e-04, 9.98452224e-01, 1.54807873e-03, 9.47607811e-01, 1.54927808e-03, 3.25863624e+00, 6.73178587e+01
1.59369353e-03, 6.91581368e-04, 9.98408842e-01, 1.59147788e-03, 9.47564412e-01, 1.59274546e-03, 3.25859277e+00, 6.73200427e+01
1.63843365e-03, 7.10980403e-04, 9.98364246e-01, 1.63609196e-03, 9.47519798e-01, 1.63743163e-03, 3.25854809e+00, 6.73222879e+01
1.68442976e-03, 7.30923128e-04, 9.98318403e-01, 1.68195486e-03, 9.47473935e-01, 1.68337074e-03, 3.25850215e+00, 6.73245960e+01
1.73171713e-03, 7.51424755e-04, 9.98271277e-01, 1.72910146e-03, 9.47426789e-01, 1.73059786e-03, 3.25845492e+00, 6.73269688e+01
1.78033202e-03, 7.72500920e-04, 9.98222832e-01, 1.77756756e-03, 9.47378323e-01, 1.77914907e-03, 3.25840637e+00, 6.73294080e+01
1.83031168e-03, 7.94167695e-04, 9.98173032e-01, 1.82738997e-03, 9.47328500e-01, 1.82906143e-03, 3.25835646e+00, 6.73319157e+01
1.88169442e-03, 8.16441599e-04, 9.98121840e-01, 1.87860654e-03, 9.47277284e-01, 1.88037305e-03, 3.25830514e+00, 6.73344936e+01
1.93451965e-03, 8.39339613e-04, 9.98069215e-01, 1.93125613e-03, 9.47224634e-01, 1.93312311e-03, 3.25825239e+00, 6.73371437e+01
1.98882786e-03, 8.62879189e-04, 9.98015120e-01, 1.98537872e-03, 9.47170511e-01, 1.98735187e-03, 3.25819817e+00, 6.73398680e+01
2.04466067e-03, 8.87078267e-04, 9.97959511e-01, 2.04101536e-03, 9.47114875e-01, 2.04310072e-03, 3.25814242e+00, 6.73426687e+01
2.10206088e-03, 9.11955285e-04, 9.97902349e-01, 2.09820826e-03, 9.47057682e-01, 2.10041220e-03, 3.25808510e+00, 6.73455479e+01
2.16107251e-03, 9.37529196e-04, 9.97843588e-01, 2.15700079e-03, 9.46998889e-01, 2.15933004e-03, 3.25802619e+00, 6.73485077e+01
2.22174078e-03, 9.63819479e-04, 9.97783184e-01, 2.21743751e-03, 9.46938453e-01, 2.21989920e-03, 3.25796562e+00, 6.73515504e+01
2.28411221e-03, 9.90846156e-04, 9.97721093e-01, 2.27956422e-03, 9.46876326e-01, 2.28216588e-03, 3.25790335e+00, 6.73546784e+01
2.34823460e-03, 1.01862981e-03, 9.97657267e-01, 2.34342799e-03, 9.46812462e-01, 2.34617757e-03, 3.25783934e+00, 6.73578939e+01
2.41415712e-03, 1.04719158e-03, 9.97591657e-01, 2.40907718e-03, 9.46746813e-01, 2.41198309e-03, 3.25777353e+00, 6.73611995e+01
2.48193029e-03, 1.07655322e-03, 9.97524214e-01, 2.47656150e-03, 9.46679329e-01, 2.47963261e-03, 3.25770588e+00, 6.73645977e+01
2.55160607e-03, 1.10673706e-03, 9.97454888e-01, 2.54593202e-03, 9.46609958e-01, 2.54917772e-03, 3.25763634e+00, 6.73680910e+01
2.62323788e-03, 1.13776607e-03, 9.97383625e-01, 2.61724122e-03, 9.46538649e-01, 2.62067143e-03, 3.25756485e+00, 6.73716821e+01
2.69688063e-03, 1.16966386e-03, 9.97310373e-01, 2.69054303e-03, 9.46465347e-01, 2.69416822e-03, 3.25749135e+00, 6.73753738e+01
2.77259076e-03, 1.20245468e-03, 9.97235075e-01, 2.76589285e-03, 9.46389997e-01, 2.76972410e-03, 3.25741579e+00, 6.73791688e+01
2.85042632e-03, 1.23616346e-03, 9.97157676e-01, 2.84334763e-03, 9.46312542e-01, 2.84739665e-03, 3.25733812e+00, 6.73830701e+01
2.93044698e-03, 1.27081583e-03, 9.97078115e-01, 2.92296588e-03, 9.46232924e-01, 2.92724503e-03, 3.25725827e+00, 6.73870805e+01
3.01271407e-03, 1.30643812e-03, 9.96996335e-01, 3.00480770e-03, 9.46151082e-01, 3.00933005e-03, 3.25717619e+00, 6.73912032e+01
3.09729067e-03, 1.34305740e-03, 9.96912273e-01, 3.08893488e-03, 9.46066955e-01, 3.09371423e-03, 3.25709180e+00, 6.73954413e+01
3.18424160e-03, 1.38070148e-03, 9.96825866e-01, 3.17541086e-03, 9.45980479e-01, 3.18046182e-03, 3.25700506e+00, 6.73997980e+01
3.27363353e-03, 1.41939895e-03, 9.96737048e-01, 3.26430087e-03, 9.45891589e-01, 3.26963885e-03, 3.25691588e+00, 6.74042766e+01
3.36553498e-03, 1.45917918e-03, 9.96645754e-01, 3.35567189e-03, 9.45800218e-01, 3.36131318e-03, 3.25682420e+00, 6.74088805e+01
3.46001639e-03, 1.50007238e-03, 9.96551914e-01, 3.44959276e-03, 9.45706297e-01, 3.45555458e-03, 3.25672996e+00, 6.74136132e+01
3.55715021e-03, 1.54210957e-03, 9.96455458e-01, 3.54613420e-03, 9.45609756e-01, 3.55243475e-03, 3.25663308e+00, 6.74184783e+01
3.65701088e-03, 1.58532264e-03, 9.96356314e-01, 3.64536887e-03, 9.45510521e-01, 3.65202737e-03, 3.25653349e+00, 6.74234795e+01
3.75967497e-03, 1.62974435e-03, 9.96254407e-01, 3.74737141e-03, 9.45408519e-01, 3.75440817e-03, 3.25643111e+00, 6.74286205e+01
3.86522116e-03, 1.67540839e-03, 9.96149661e-01, 3.85221851e-03, 9.45303672e-01, 3.85965499e-03, 3.25632586e+00, 6.74339054e+01
3.97373038e-03, 1.72234936e-03, 9.96041998e-01, 3.95998895e-03, 9.45195901e-01, 3.96784784e-03, 3.25621767e+00, 6.74393380e+01
4.08528580e-03, 1.77060283e-03, 9.95931336e-01, 4.07076367e-03, 9.45085126e-01, 4.07906892e-03, 3.25610645e+00, 6.74449225e+01
4.19997295e-03, 1.82020534e-03, 9.95817593e-01, 4.18462579e-03, 9.44971264e-01, 4.19340273e-03, 3.25599211e+00, 6.74506631e+01
4.31787973e-03, 1.87119444e-03, 9.95700684e-01, 4.30166074e-03, 9.44854229e-01, 4.31093612e-03, 3.25587458e+00, 6.74565642e+01
4.43909653e-03, 1.92360874e-03, 9.95580522e-01, 4.42195624e-03, 9.44733934e-01, 4.43175834e-03, 3.25575376e+00, 6.74626302e+01
4.56371628e-03, 1.97748788e-03, 9.95457017e-01, 4.54560242e-03, 9.44610288e-01, 4.55596110e-03, 3.25562956e+00, 6.74688657e+01
4.69183451e-03, 2.03287261e-03, 9.95330076e-01, 4.67269185e-03, 9.44483198e-01, 4.68363866e-03, 3.25550188e+00, 6.74752755e+01
4.82354943e-03, 2.08980480e-03, 9.95199606e-01, 4.80331960e-03, 9.44352570e-01, 4.81488790e-03, 3.25537063e+00, 6.74818643e+01
4.95896201e-03, 2.14832749e-03, 9.95065508e-01, 4.93758336e-03, 9.44218307e-01, 4.94980838e-03, 3.25523571e+00, 6.74886373e+01
5.09817606e-03, 2.20848488e-03, 9.94927683e-01, 5.07558343e-03, 9.44080307e-01, 5.08850239e-03, 3.25509701e+00, 6.74955994e+01
5.24129830e-03, 2.27032240e-03, 9.94786030e-01, 5.21742285e-03, 9.43938467e-01, 5.23107508e-03, 3.25495444e+00, 6.75027559e+01
5.38843844e-03, 2.33388671e-03, 9.94640441e-01, 5.36320743e-03, 9.43792683e-01, 5.37763449e-03, 3.25480788e+00, 6.75101123e+01
5.53970928e-03, 2.39922578e-03, 9.94490810e-01, 5.51304586e-03, 9.43642844e-01, 5.52829165e-03, 3.25465723e+00, 6.75176741e+01
5.69522678e-03, 2.46638889e-03, 9.94337025e-01, 5.66704975e-03, 9.43488840e-01, 5.68316065e-03, 3.25450236e+00, 6.75254469e+01
5.85511016e-03, 2.53542665e-03, 9.94178973e-01, 5.82533372e-03, 9.43330556e-01, 5.84235874e-03, 3.25434316e+00, 6.75334367e+01
6.01948197e-03, 2.60639109e-03, 9.94016535e-01, 5.98801550e-03, 9.43167875e-01, 6.00600640e-03, 3.25417951e+00, 6.75416495e+01
6.18846824e-03, 2.67933564e-03, 9.93849593e-01, 6.15521595e-03, 9.43000674e-01, 6.17422744e-03, 3.25401129e+00, 6.75500915e+01
6.36219849e-03, 2.75431521e-03, 9.93678023e-01, 6.32705920e-03, 9.42828831e-01, 6.34714907e-03, 3.25383837e+00, 6.75587689e+01
6.54080591e-03, 2.83138620e-03, 9.93501698e-01, 6.50367273e-03, 9.42652217e-01, 6.52490202e-03, 3.25366061e+00, 6.75676884e+01
6.72442742e-03, 2.91060657e-03, 9.93320488e-01, 6.68518740e-03, 9.42470703e-01, 6.70762060e-03, 3.25347790e+00, 6.75768567e+01
6.91320378e-03, 2.99203585e-03, 9.93134260e-01, 6.87173760e-03, 9.42284152e-01, 6.89544285e-03, 3.25329007e+00, 6.75862805e+01
7.10727970e-03, 3.07573520e-03, 9.92942877e-01, 7.06346130e-03, 9.42092429e-01, 7.08851058e-03, 3.25309701e+00, 6.75959671e+01
7.30680395e-03, 3.16176744e-03, 9.92746198e-01, 7.26050016e-03, 9.41895390e-01, 7.28696950e-03, 3.25289855e+00, 6.76059237e+01
7.51192949e-03, 3.25019713e-03, 9.92544079e-01, 7.46299960e-03, 9.41692890e-01, 7.49096934e-03, 3.25269455e+00, 6.76161578e+01
7.72281357e-03, 3.34109055e-03, 9.92336371e-01, 7.67110895e-03, 9.41484781e-01, 7.70066393e-03, 3.25248485e+00, 6.76266770e+01
7.93961785e-03, 3.43451582e-03, 9.92122923e-01, 7.88498147e-03, 9.41270909e-01, 7.91621133e-03, 3.25226931e+00, 6.76374892e+01
8.16250851e-03, 3.53054289e-03, 9.91903579e-01, 8.10477449e-03, 9.41051116e-01, 8.13777392e-03, 3.25204774e+00, 6.76486025e+01
8.39165644e-03, 3.62924361e-03, 9.91678177e-01, 8.33064954e-03, 9.40825241e-01, 8.36551855e-03, 3.25182000e+00, 6.76600253e+01
8.62723729e-03, 3.73069181e-03, 9.91446555e-01, 8.56277238e-03, 9.40593118e-01, 8.59961663e-03, 3.25158590e+00, 6.76717661e+01
8.86943166e-03, 3.83496328e-03, 9.91208544e-01, 8.80131319e-03, 9.40354577e-01, 8.84024427e-03, 3.25134527e+00, 6.76838336e+01
9.11842520e-03, 3.94213590e-03, 9.90963969e-01, 9.04644659e-03, 9.40109443e-01, 9.08758238e-03, 3.25109793e+00, 6.76962369e+01
9.37440879e-03, 4.05228964e-03, 9.90712655e-01, 9.29835183e-03, 9.39857538e-01, 9.34181684e-03, 3.25084370e+00, 6.77089853e+01
9.63757866e-03, 4.16550662e-03, 9.90454418e-01, 9.55721285e-03, 9.39598677e-01, 9.60313859e-03, 3.25058238e+00, 6.77220882e+01
9.90813657e-03, 4.28187121e-03, 9.90189071e-01, 9.82321841e-03, 9.39332672e-01, 9.87174378e-03, 3.25031377e+00, 6.77355554e+01
1.01862899e-02, 4.40147004e-03, 9.89916424e-01, 1.00965622e-02, 9.39059328e-01, 1.01478339e-02, 3.25003768e+00, 6.77493970e+01
1.04722519e-02, 4.52439206e-03, 9.89636280e-01, 1.03774430e-02, 9.38778447e-01, 1.04316160e-02, 3.24975390e+00, 6.77636232e+01
1.07662418e-02, 4.65072864e-03, 9.89348436e-01, 1.06660648e-02, 9.38489825e-01, 1.07233027e-02, 3.24946221e+00, 6.77782447e+01
1.10684849e-02, 4.78057359e-03, 9.89052685e-01, 1.09626367e-02, 9.38193253e-01, 1.10231124e-02, 3.24916240e+00, 6.77932723e+01
1.13792129e-02, 4.91402325e-03, 9.88748817e-01, 1.12673734e-02, 9.37888517e-01, 1.13312694e-02, 3.24885425e+00, 6.78087171e+01
1.16986641e-02, 5.05117654e-03, 9.88436612e-01, 1.15804952e-02, 9.37575395e-01, 1.16480043e-02, 3.24853751e+00, 6.78245907e+01
1.20270833e-02, 5.19213502e-03, 9.88115848e-01, 1.19022279e-02, 9.37253662e-01, 1.19735537e-02, 3.24821196e+00, 6.78409048e+01
1.23647224e-02, 5.33700299e-03, 9.87786297e-01, 1.22328032e-02, 9.36923087e-01, 1.23081607e-02, 3.24787736e+00, 6.78576715e+01
1.27118400e-02, 5.48588750e-03, 9.87447723e-01, 1.25724588e-02, 9.36583431e-01, 1.26520750e-02, 3.24753344e+00, 6.78749031e+01
1.30687023e-02, 5.63889849e-03, 9.87099885e-01, 1.29214385e-02, 9.36234452e-01, 1.30055531e-02, 3.24717996e+00, 6.78926126e+01
1.34355829e-02, 5.79614881e-03, 9.86742539e-01, 1.32799922e-02, 9.35875898e-01, 1.33688584e-02, 3.24681666e+00, 6.79108128e+01
1.38127630e-02, 5.95775431e-03, 9.86375430e-01, 1.36483763e-02, 9.35507514e-01, 1.37422614e-02, 3.24644326e+00, 6.79295173e+01
1.42005318e-02, 6.12383394e-03, 9.85998300e-01, 1.40268535e-02, 9.35129037e-01, 1.41260398e-02, 3.24605948e+00, 6.79487398e+01
1.45991865e-02, 6.29450978e-03, 9.85610883e-01, 1.44156935e-02, 9.34740197e-01, 1.45204790e-02, 3.24566504e+00, 6.79684945e+01
1.50090328e-02, 6.46990713e-03, 9.85212907e-01, 1.48151725e-02, 9.34340718e-01, 1.49258719e-02, 3.24525964e+00, 6.79887960e+01
1.54303847e-02, 6.65015464e-03, 9.84804094e-01, 1.52255738e-02, 9.33930316e-01, 1.53425194e-02, 3.24484300e+00, 6.80096591e+01
1.58635653e-02, 6.83538432e-03, 9.84384158e-01, 1.56471877e-02, 9.33508702e-01, 1.57707303e-02, 3.24441479e+00, 6.80310993e+01
1.63089068e-02, 7.02573168e-03, 9.83952805e-01, 1.60803118e-02, 9.33075578e-01, 1.62108218e-02, 3.24397470e+00, 6.80531321e+01
1.67667503e-02, 7.22133576e-03, 9.83509738e-01, 1.65252513e-02, 9.32630639e-01, 1.66631196e-02, 3.24352240e+00, 6.80757738e+01
1.72374471e-02, 7.42233928e-03, 9.83054648e-01, 1.69823187e-02, 9.32173571e-01, 1.71279581e-02, 3.24305756e+00, 6.80990409e+01
1.77213578e-02, 7.62888867e-03, 9.82587220e-01, 1.74518344e-02, 9.31704056e-01, 1.76056806e-02, 3.24257984e+00, 6.81229504e+01
1.82188534e-02, 7.84113421e-03, 9.82107134e-01, 1.79341266e-02, 9.31221763e-01, 1.80966396e-02, 3.24208888e+00, 6.81475198e+01
1.87303154e-02, 8.05923009e-03, 9.81614059e-01, 1.84295316e-02, 9.30726359e-01, 1.86011969e-02, 3.24158432e+00, 6.81727670e+01
1.92561357e-02, 8.28333450e-03, 9.81107658e-01, 1.89383938e-02, 9.30217496e-01, 1.91197241e-02, 3.24106579e+00, 6.81987104e+01
1.97967175e-02, 8.51360975e-03, 9.80587585e-01, 1.94610663e-02, 9.29694824e-01, 1.96526025e-02, 3.24053291e+00, 6.82253689e+01
2.03524752e-02, 8.75022235e-03, 9.80053486e-01, 1.99979104e-02, 9.29157980e-01, 2.02002235e-02, 3.23998529e+00, 6.82527618e+01
2.09238348e-02, 8.99334311e-03, 9.79504999e-01, 2.05492963e-02, 9.28606594e-01, 2.07629890e-02, 3.23942253e+00, 6.82809089e+01
2.15112343e-02, 9.24314725e-03, 9.78941755e-01, 2.11156031e-02, 9.28040287e-01, 2.13413114e-02, 3.23884421e+00, 6.83098308e+01
2.21151240e-02, 9.49981449e-03, 9.78363373e-01, 2.16972189e-02, 9.27458671e-01, 2.19356140e-02, 3.23824990e+00, 6.83395483e+01
2.27359668e-02, 9.76352916e-03, 9.77769466e-01, 2.22945410e-02, 9.26861349e-01, 2.25463314e-02, 3.23763919e+00, 6.83700829e+01
2.33742387e-02, 1.00344803e-02, 9.77159637e-01, 2.29079762e-02, 9.26247914e-01, 2.31739093e-02, 3.23701161e+00, 6.84014566e+01
2.40304289e-02, 1.03128618e-02, 9.76533482e-01, 2.35379408e-02, 9.25617949e-01, 2.38188055e-02, 3.23636671e+00, 6.84336920e+01
2.47050406e-02, 1.05988725e-02, 9.75890584e-01, 2.41848608e-02, 9.24971029e-01, 2.44814895e-02, 3.23570403e+00, 6.84668124e+01
2.53985907e-02, 1.08927162e-02, 9.75230519e-01, 2.48491723e-02, 9.24306718e-01, 2.51624431e-02, 3.23502307e+00, 6.85008414e+01
2.61116110e-02, 1.11946019e-02, 9.74552855e-01, 2.55313212e-02, 9.23624569e-01, 2.58621608e-02, 3.23432336e+00, 6.85358036e+01
2.68446481e-02, 1.15047439e-02, 9.73857148e-01, 2.62317640e-02, 9.22924126e-01, 2.65811500e-02, 3.23360437e+00, 6.85717238e+01
2.75982639e-02, 1.18233619e-02, 9.73142944e-01, 2.69509675e-02, 9.22204923e-01, 2.73199311e-02, 3.23286559e+00, 6.86086280e+01
2.83730362e-02, 1.21506810e-02, 9.72409782e-01, 2.76894088e-02, 9.21466481e-01, 2.80790382e-02, 3.23210648e+00, 6.86465423e+01
2.91695588e-02, 1.24869320e-02, 9.71657189e-01, 2.84475763e-02, 9.20708314e-01, 2.88590191e-02, 3.23132650e+00, 6.86854938e+01
2.99884423e-02, 1.28323514e-02, 9.70884681e-01, 2.92259689e-02, 9.19929921e-01, 2.96604357e-02, 3.23052508e+00, 6.87255102e+01
3.08303146e-02, 1.31871818e-02, 9.70091766e-01, 3.00250968e-02, 9.19130793e-01, 3.04838645e-02, 3.22970165e+00, 6.87666199e+01
3.16958209e-02, 1.35516713e-02, 9.69277940e-01, 3.08454814e-02, 9.18310409e-01, 3.13298967e-02, 3.22885562e+00, 6.88088522e+01
3.25856248e-02, 1.39260747e-02, 9.68442690e-01, 3.16876556e-02, 9.17468235e-01, 3.21991389e-02, 3.22798638e+00, 6.88522368e+01
3.35004083e-02, 1.43106525e-02, 9.67585491e-01, 3.25521637e-02, 9.16603726e-01, 3.30922129e-02, 3.22709330e+00, 6.88968045e+01
3.44408728e-02, 1.47056720e-02, 9.66705808e-01, 3.34395620e-02, 9.15716328e-01, 3.40097566e-02, 3.22617576e+00, 6.89425867e+01
3.54077391e-02, 1.51114068e-02, 9.65803096e-01, 3.43504185e-02, 9.14805472e-01, 3.49524239e-02, 3.22523309e+00, 6.89896157e+01
3.64017485e-02, 1.55281370e-02, 9.64876798e-01, 3.52853131e-02, 9.13870577e-01, 3.59208856e-02, 3.22426463e+00, 6.90379245e+01
3.74236629e-02, 1.59561497e-02, 9.63926345e-01, 3.62448381e-02, 9.12911052e-01, 3.69158292e-02, 3.22326969e+00, 6.90875469e+01
3.84742658e-02, 1.63957388e-02, 9.62951161e-01, 3.72295981e-02, 9.11926292e-01, 3.79379596e-02, 3.22224756e+00, 6.91385179e+01
3.95543624e-02, 1.68472053e-02, 9.61950655e-01, 3.82402100e-02, 9.10915680e-01, 3.89879997e-02, 3.22119752e+00, 6.91908730e+01
4.06647809e-02, 1.73108570e-02, 9.60924227e-01, 3.92773033e-02, 9.09878587e-01, 4.00666901e-02, 3.22011883e+00, 6.92446488e+01
4.18063724e-02, 1.77870096e-02, 9.59871264e-01, 4.03415201e-02, 9.08814370e-01, 4.11747903e-02, 3.21901073e+00, 6.92998827e+01
4.29800121e-02, 1.82759856e-02, 9.58791145e-01, 4.14335154e-02, 9.07722375e-01, 4.23130786e-02, 3.21787244e+00, 6.93566132e+01
4.41865996e-02, 1.87781154e-02, 9.57683234e-01, 4.25539569e-02, 9.06601933e-01, 4.34823525e-02, 3.21670316e+00, 6.94148797e+01
4.54270599e-02, 1.92937372e-02, 9.56546887e-01, 4.37035256e-02, 9.05452364e-01, 4.46834294e-02, 3.21550209e+00, 6.94747225e+01
4.67023439e-02, 1.98231967e-02, 9.55381447e-01, 4.48829152e-02, 9.04272975e-01, 4.59171469e-02, 3.21426837e+00, 6.95361831e+01
4.80134292e-02, 2.03668477e-02, 9.54186246e-01, 4.60928326e-02, 9.03063057e-01, 4.71843632e-02, 3.21300115e+00, 6.95993038e+01
4.93613210e-02, 2.09250522e-02, 9.52960606e-01, 4.73339981e-02, 9.01821892e-01, 4.84859575e-02, 3.21169956e+00, 6.96641283e+01
5.07470524e-02, 2.14981804e-02, 9.51703836e-01, 4.86071449e-02, 9.00548745e-01, 4.98228303e-02, 3.21036269e+00, 6.97307012e+01
5.21716858e-02, 2.20866106e-02, 9.50415235e-01, 4.99130197e-02, 8.99242870e-01, 5.11959043e-02, 3.20898961e+00, 6.97990681e+01
5.36363132e-02, 2.26907300e-02, 9.49094092e-01, 5.12523825e-02, 8.97903508e-01, 5.26061243e-02, 3.20757939e+00, 6.98692760e+01
5.51420574e-02, 2.33109341e-02, 9.47739684e-01, 5.26260064e-02, 8.96529884e-01, 5.40544580e-02, 3.20613106e+00, 6.99413729e+01
5.66900727e-02, 2.39476274e-02, 9.46351277e-01, 5.40346779e-02, 8.95121212e-01, 5.55418965e-02, 3.20464362e+00, 7.00154082e+01
5.82815458e-02, 2.46012230e-02, 9.44928128e-01, 5.54791969e-02, 8.93676693e-01, 5.70694543e-02, 3.20311606e+00, 7.00914324e+01
5.99176967e-02, 2.52721433e-02, 9.43469482e-01, 5.69603763e-02, 8.92195514e-01, 5.86381703e-02, 3.20154735e+00, 7.01694974e+01
6.15997796e-02, 2.59608197e-02, 9.41974574e-01, 5.84790424e-02, 8.90676848e-01, 6.02491080e-02, 3.19993641e+00, 7.02496562e+01
6.33290840e-02, 2.66676928e-02, 9.40442630e-01, 6.00360343e-02, 8.89119856e-01, 6.19033559e-02, 3.19828216e+00, 7.03319634e+01
6.51069356e-02, 2.73932126e-02, 9.38872865e-01, 6.16322044e-02, 8.87523686e-01, 6.36020283e-02, 3.19658349e+00, 7.04164749e+01
6.69346971e-02, 2.81378388e-02, 9.37264486e-01, 6.32684179e-02, 8.85887472e-01, 6.53462651e-02, 3.19483925e+00, 7.05032479e+01
6.88137699e-02, 2.89020403e-02, 9.35616689e-01, 6.49455525e-02, 8.84210338e-01, 6.71372332e-02, 3.19304828e+00, 7.05923414e+01
7.07455942e-02, 2.96862961e-02, 9.33928662e-01, 6.66644989e-02, 8.82491391e-01, 6.89761262e-02, 3.19120939e+00, 7.06838155e+01
7.27316511e-02, 3.04910947e-02, 9.32199585e-01, 6.84261598e-02, 8.80729730e-01, 7.08641653e-02, 3.18932135e+00, 7.07777321e+01
7.47734631e-02, 3.13169348e-02, 9.30428629e-01, 7.02314502e-02, 8.78924440e-01, 7.28025996e-02, 3.18738292e+00, 7.08741548e+01
7.68725952e-02, 3.21643250e-02, 9.28614958e-01, 7.20812972e-02, 8.77074593e-01, 7.47927065e-02, 3.18539281e+00, 7.09731486e+01
7.90306568e-02, 3.30337838e-02, 9.26757728e-01, 7.39766393e-02, 8.75179251e-01, 7.68357924e-02, 3.18334972e+00, 7.10747804e+01
8.12493021e-02, 3.39258402e-02, 9.24856088e-01, 7.59184264e-02, 8.73237464e-01, 7.89331930e-02, 3.18125232e+00, 7.11791187e+01
8.35302320e-02, 3.48410332e-02, 9.22909182e-01, 7.79076197e-02, 8.71248270e-01, 8.10862741e-02, 3.17909924e+00, 7.12862341e+01
8.58751948e-02, 3.57799125e-02, 9.20916146e-01, 7.99451906e-02, 8.69210699e-01, 8.32964313e-02, 3.17688909e+00, 7.13961989e+01
8.82859884e-02, 3.67430377e-02, 9.18876114e-01, 8.20321212e-02, 8.67123769e-01, 8.55650914e-02, 3.17462043e+00, 7.15090872e+01
9.07644607e-02, 3.77309793e-02, 9.16788212e-01, 8.41694031e-02, 8.64986487e-01, 8.78937123e-02, 3.17229180e+00, 7.16249754e+01
9.33125118e-02, 3.87443182e-02, 9.14651565e-01, 8.63580375e-02, 8.62797853e-01, 9.02837834e-02, 3.16990173e+00, 7.17439419e+01
9.59320948e-02, 3.97836456e-02, 9.12465293e-01, 8.85990343e-02, 8.60556856e-01, 9.27368265e-02, 3.16744869e+00, 7.18660672e+01
9.86252179e-02, 4.08495636e-02, 9.10228514e-01, 9.08934117e-02, 8.58262478e-01, 9.52543957e-02, 3.16493112e+00, 7.19914341e+01
1.01393946e-01, 4.19426849e-02, 9.07940346e-01, 9.32421957e-02, 8.55913694e-01, 9.78380783e-02, 3.16234744e+00, 7.21201277e+01
1.04240401e-01, 4.30636326e-02, 9.05599903e-01, 9.56464193e-02, 8.53509471e-01, 1.00489495e-01, 3.15969602e+00, 7.22522357e+01
1.07166765e-01, 4.42130406e-02, 9.03206303e-01, 9.81071220e-02, 8.51048768e-01, 1.03210300e-01, 3.15697522e+00, 7.23878480e+01
1.10175281e-01, 4.53915533e-02, 9.00758661e-01, 1.00625349e-01, 8.48530541e-01, 1.06002182e-01, 3.15418333e+00, 7.25270576e+01
1.13268257e-01, 4.65998259e-02, 8.98256098e-01, 1.03202150e-01, 8.45953740e-01, 1.08866865e-01, 3.15131865e+00, 7.26699597e+01
1.16448062e-01, 4.78385241e-02, 8.95697735e-01, 1.05838579e-01, 8.43317311e-01, 1.11806106e-01, 3.14837941e+00, 7.28166528e+01
1.19717134e-01, 4.91083240e-02, 8.93082699e-01, 1.08535693e-01, 8.40620197e-01, 1.14821699e-01, 3.14536382e+00, 7.29672383e+01
1.23077980e-01, 5.04099123e-02, 8.90410121e-01, 1.11294553e-01, 8.37861337e-01, 1.17915473e-01, 3.14227004e+00, 7.31218207e+01
1.26533176e-01, 5.17439860e-02, 8.87679139e-01, 1.14116219e-01, 8.35039671e-01, 1.21089294e-01, 3.13909622e+00, 7.32805076e+01
1.30085370e-01, 5.31112527e-02, 8.84888900e-01, 1.17001751e-01, 8.32154139e-01, 1.24345063e-01, 3.13584045e+00, 7.34434104e+01
1.33737286e-01, 5.45124297e-02, 8.82038557e-01, 1.19952211e-01, 8.29203679e-01, 1.27684717e-01, 3.13250080e+00, 7.36106438e+01
1.37491723e-01, 5.59482450e-02, 8.79127276e-01, 1.22968657e-01, 8.26187233e-01, 1.31110232e-01, 3.12907529e+00, 7.37823265e+01
1.41351558e-01, 5.74194362e-02, 8.76154234e-01, 1.26052144e-01, 8.23103746e-01, 1.34623618e-01, 3.12556190e+00, 7.39585809e+01
1.45319752e-01, 5.89267507e-02, 8.73118619e-01, 1.29203723e-01, 8.19952167e-01, 1.38226924e-01, 3.12195859e+00, 7.41395340e+01
1.49399346e-01, 6.04709458e-02, 8.70019635e-01, 1.32424438e-01, 8.16731452e-01, 1.41922236e-01, 3.11826328e+00, 7.43253168e+01
1.53593468e-01, 6.20527881e-02, 8.66856504e-01, 1.35715328e-01, 8.13440562e-01, 1.45711676e-01, 3.11447384e+00, 7.45160651e+01
1.57905331e-01, 6.36730536e-02, 8.63628462e-01, 1.39077421e-01, 8.10078469e-01, 1.49597406e-01, 3.11058811e+00, 7.47119197e+01
1.62338243e-01, 6.53325272e-02, 8.60334766e-01, 1.42511737e-01, 8.06644153e-01, 1.53581622e-01, 3.10660389e+00, 7.49130264e+01
1.66895601e-01, 6.70320026e-02, 8.56974693e-01, 1.46019283e-01, 8.03136607e-01, 1.57666560e-01, 3.10251896e+00, 7.51195365e+01
1.71580899e-01, 6.87722823e-02, 8.53547545e-01, 1.49601052e-01, 7.99554839e-01, 1.61854492e-01, 3.09833103e+00, 7.53316071e+01
1.76397728e-01, 7.05541769e-02, 8.50052645e-01, 1.53258022e-01, 7.95897868e-01, 1.66147726e-01, 3.09403779e+00, 7.55494013e+01
1.81349780e-01, 7.23785049e-02, 8.46489343e-01, 1.56991155e-01, 7.92164735e-01, 1.70548608e-01, 3.08963691e+00, 7.57730888e+01
1.86440853e-01, 7.42460926e-02, 8.42857018e-01, 1.60801394e-01, 7.88354496e-01, 1.75059519e-01, 3.08512600e+00, 7.60028460e+01
1.91674849e-01, 7.61577735e-02, 8.39155077e-01, 1.64689659e-01, 7.84466231e-01, 1.79682879e-01, 3.08050264e+00, 7.62388566e+01
1.97055780e-01, 7.81143880e-02, 8.35382959e-01, 1.68656850e-01, 7.80499040e-01, 1.84421141e-01, 3.07576438e+00, 7.64813120e+01
2.02587771e-01, 8.01167833e-02, 8.31540137e-01, 1.72703839e-01, 7.76452051e-01, 1.89276792e-01, 3.07090873e+00, 7.67304116e+01
2.08275063e-01, 8.21658124e-02, 8.27626118e-01, 1.76831473e-01, 7.72324417e-01, 1.94252355e-01, 3.06593316e+00, 7.69863637e+01
2.14122015e-01, 8.42623342e-02, 8.23640447e-01, 1.81040568e-01, 7.68115322e-01, 1.99350388e-01, 3.06083513e+00, 7.72493854e+01
2.20133111e-01, 8.64072127e-02, 8.19582709e-01, 1.85331907e-01, 7.63823983e-01, 2.04573478e-01, 3.05561204e+00, 7.75197038e+01
2.26312957e-01, 8.86013169e-02, 8.15452527e-01, 1.89706242e-01, 7.59449648e-01, 2.09924245e-01, 3.05026127e+00, 7.77975563e+01
2.32666291e-01, 9.08455198e-02, 8.11249571e-01, 1.94164285e-01, 7.54991605e-01, 2.15405341e-01, 3.04478018e+00, 7.80831912e+01
2.39197984e-01, 9.31406982e-02, 8.06973553e-01, 1.98706708e-01, 7.50449182e-01, 2.21019446e-01, 3.03916607e+00, 7.83768684e+01
2.45913043e-01, 9.54877322e-02, 8.02624233e-01, 2.03334143e-01, 7.45821747e-01, 2.26769267e-01, 3.03341625e+00, 7.86788605e+01
2.52816614e-01, 9.78875042e-02, 7.98201419e-01, 2.08047175e-01, 7.41108715e-01, 2.32657537e-01, 3.02752798e+00, 7.89894529e+01
2.59913992e-01, 1.00340899e-01, 7.93704972e-01, 2.12846341e-01, 7.36309549e-01, 2.38687016e-01, 3.02149850e+00, 7.93089452e+01
2.67210616e-01, 1.02848802e-01, 7.89134803e-01, 2.17732128e-01, 7.31423762e-01, 2.44860483e-01, 3.01532503e+00, 7.96376517e+01
2.74712079e-01, 1.05412101e-01, 7.84490880e-01, 2.22704969e-01, 7.26450921e-01, 2.51180740e-01, 3.00900478e+00, 7.99759027e+01
2.82424133e-01, 1.08031682e-01, 7.79773224e-01, 2.27765239e-01, 7.21390651e-01, 2.57650606e-01, 3.00253491e+00, 8.03240451e+01
2.90352688e-01, 1.10708431e-01, 7.74981917e-01, 2.32913251e-01, 7.16242639e-01, 2.64272913e-01, 2.99591260e+00, 8.06824437e+01
2.98503825e-01, 1.13443233e-01, 7.70117100e-01, 2.38149259e-01, 7.11006631e-01, 2.71050510e-01, 2.98913501e+00, 8.10514820e+01
3.06883789e-01, 1.16236971e-01, 7.65178976e-01, 2.43473444e-01, 7.05682446e-01, 2.77986253e-01, 2.98219926e+00, 8.14315639e+01
3.15499006e-01, 1.19090524e-01, 7.60167811e-01, 2.48885922e-01, 7.00269968e-01, 2.85083003e-01, 2.97510251e+00, 8.18231143e+01
3.24356081e-01, 1.22004770e-01, 7.55083934e-01, 2.54386731e-01, 6.94769159e-01, 2.92343625e-01, 2.96784189e+00, 8.22265807e+01
3.33461802e-01, 1.24980579e-01, 7.49927744e-01, 2.59975835e-01, 6.89180055e-01, 2.99770984e-01, 2.96041453e+00, 8.26424347e+01
3.42823149e-01, 1.28018820e-01, 7.44699703e-01, 2.65653113e-01, 6.83502777e-01, 3.07367937e-01, 2.95281758e+00, 8.30711730e+01
3.52447300e-01, 1.31120351e-01, 7.39400345e-01, 2.71418362e-01, 6.77737529e-01, 3.15137332e-01, 2.94504818e+00, 8.35133194e+01
3.62341632e-01, 1.34286029e-01, 7.34030273e-01, 2.77271289e-01, 6.71884601e-01, 3.23082002e-01, 2.93710351e+00, 8.39694257e+01
3.72513730e-01, 1.37516698e-01, 7.28590161e-01, 2.83211512e-01, 6.65944379e-01, 3.31204761e-01, 2.92898076e+00, 8.44400742e+01
3.82971391e-01, 1.40813196e-01, 7.23080757e-01, 2.89238548e-01, 6.59917342e-01, 3.39508395e-01, 2.92067712e+00, 8.49258786e+01
3.93722633e-01, 1.44176353e-01, 7.17502878e-01, 2.95351818e-01, 6.53804072e-01, 3.47995662e-01, 2.91218986e+00, 8.54274861e+01
4.04775697e-01, 1.47606985e-01, 7.11857418e-01, 3.01550639e-01, 6.47605251e-01, 3.56669277e-01, 2.90351624e+00, 8.59455794e+01
4.16139055e-01, 1.51105900e-01, 7.06145344e-01, 3.07834221e-01, 6.41321669e-01, 3.65531916e-01, 2.89465360e+00, 8.64808784e+01
4.27821420e-01, 1.54673893e-01, 7.00367697e-01, 3.14201662e-01, 6.34954228e-01, 3.74586201e-01, 2.88559932e+00, 8.70341423e+01
4.39831747e-01, 1.58311745e-01, 6.94525595e-01, 3.20651946e-01, 6.28503944e-01, 3.83834693e-01, 2.87635082e+00, 8.76061714e+01
4.52179242e-01, 1.62020224e-01, 6.88620228e-01, 3.27183940e-01, 6.21971950e-01, 3.93279890e-01, 2.86690563e+00, 8.81978098e+01
4.64873371e-01, 1.65800084e-01, 6.82652863e-01, 3.33796389e-01, 6.15359501e-01, 4.02924212e-01, 2.85726131e+00, 8.88099470e+01
4.77923865e-01, 1.69652062e-01, 6.76624841e-01, 3.40487913e-01, 6.08667977e-01, 4.12769995e-01, 2.84741552e+00, 8.94435203e+01
4.91340729e-01, 1.73576879e-01, 6.70537578e-01, 3.47257006e-01, 6.01898884e-01, 4.22819484e-01, 2.83736603e+00, 9.00995175e+01
5.05134247e-01, 1.77575238e-01, 6.64392563e-01, 3.54102028e-01, 5.95053863e-01, 4.33074821e-01, 2.82711070e+00, 9.07789785e+01
5.19314994e-01, 1.81647824e-01, 6.58191359e-01, 3.61021207e-01, 5.88134683e-01, 4.43538036e-01, 2.81664748e+00, 9.14829985e+01
5.33893840e-01, 1.85795303e-01, 6.51935600e-01, 3.68012637e-01, 5.81143253e-01, 4.54211035e-01, 2.80597448e+00, 9.22127301e+01
5.48881961e-01, 1.90018322e-01, 6.45626991e-01, 3.75074272e-01, 5.74081619e-01, 4.65095594e-01, 2.79508992e+00, 9.29693857e+01
5.64290847e-01, 1.94317504e-01, 6.39267309e-01, 3.82203923e-01, 5.66951967e-01, 4.76193346e-01, 2.78399217e+00, 9.37542400e+01
5.80132310e-01, 1.98693454e-01, 6.32858396e-01, 3.89399265e-01, 5.59756625e-01, 4.87505767e-01, 2.77267975e+00, 9.45686331e+01
5.96418495e-01, 2.03146750e-01, 6.26402164e-01, 3.96657826e-01, 5.52498064e-01, 4.99034172e-01, 2.76115134e+00, 9.54139723e+01
6.13161884e-01, 2.07677952e-01, 6.19900588e-01, 4.03976991e-01, 5.45178899e-01, 5.10779697e-01, 2.74940582e+00, 9.62917351e+01
6.30375315e-01, 2.12287591e-01, 6.13355704e-01, 4.11354004e-01, 5.37801886e-01, 5.22743293e-01, 2.73744222e+00, 9.72034721e+01
6.48071983e-01, 2.16976176e-01, 6.06769614e-01, 4.18785962e-01, 5.30369928e-01, 5.34925709e-01, 2.72525981e+00, 9.81508088e+01
6.66265452e-01, 2.21744190e-01, 6.00144472e-01, 4.26269821e-01, 5.22886069e-01, 5.47327489e-01, 2.71285803e+00, 9.91354489e+01
6.84969672e-01, 2.26592088e-01, 5.93482492e-01, 4.33802397e-01, 5.15353493e-01, 5.59948953e-01, 2.70023656e+00, 1.00159177e+02
7.04198979e-01, 2.31520301e-01, 5.86785940e-01, 4.41380365e-01, 5.07775525e-01, 5.72790193e-01, 2.68739532e+00, 1.01223859e+02
7.23968114e-01, 2.36529229e-01, 5.80057132e-01, 4.49000266e-01, 5.00155624e-01, 5.85851058e-01, 2.67433446e+00, 1.02331449e+02
7.44292233e-01, 2.41619247e-01, 5.73298431e-01, 4.56658506e-01, 4.92497384e-01, 5.99131147e-01, 2.66105437e+00, 1.03483988e+02
7.65186915e-01, 2.46790700e-01, 5.66512244e-01, 4.64351366e-01, 4.84804524e-01, 6.12629798e-01, 2.64755572e+00, 1.04683608e+02
7.86668179e-01, 2.52043903e-01, 5.59701019e-01, 4.72074999e-01, 4.77080891e-01, 6.26346080e-01, 2.63383944e+00, 1.05932533e+02
8.08752491e-01, 2.57379142e-01, 5.52867241e-01, 4.79825445e-01, 4.69330445e-01, 6.40278788e-01, 2.61990673e+00, 1.07233083e+02
8.31456781e-01, 2.62796674e-01, 5.46013431e-01, 4.87598630e-01, 4.61557260e-01, 6.54426430e-01, 2.60575909e+00, 1.08587677e+02
8.54798453e-01, 2.68296725e-01, 5.39142136e-01, 4.95390378e-01, 4.53765512e-01, 6.68787228e-01, 2.59139829e+00, 1.09998833e+02
8.78795401e-01, 2.73879488e-01, 5.32255933e-01, 5.03196416e-01, 4.45959474e-01, 6.83359108e-01, 2.57682641e+00, 1.11469172e+02
9.03466021e-01, 2.79545129e-01, 5.25357421e-01, 5.11012385e-01, 4.38143505e-01, 6.98139698e-01, 2.56204582e+00, 1.13001421e+02
9.28829225e-01, 2.85293778e-01, 5.18449216e-01, 5.18833850e-01, 4.30322040e-01, 7.13126329e-01, 2.54705919e+00, 1.14598412e+02
9.54904456e-01, 2.91125536e-01, 5.11533951e-01, 5.26656307e-01, 4.22499583e-01, 7.28316026e-01, 2.53186949e+00, 1.16263090e+02
9.81711702e-01, 2.97040474e-01, 5.04614268e-01, 5.34475199e-01, 4.14680691e-01, 7.43705516e-01, 2.51648000e+00, 1.17998508e+02
1.00927151e+00, 3.03038627e-01, 4.97692817e-01, 5.42285922e-01, 4.06869968e-01, 7.59291228e-01, 2.50089429e+00, 1.19807837e+02
1.03760502e+00, 3.09120002e-01, 4.90772250e-01, 5.50083842e-01, 3.99072048e-01, 7.75069293e-01, 2.48511622e+00, 1.21694364e+02
1.06673394e+00, 3.15284571e-01, 4.83855218e-01, 5.57864306e-01, 3.91291584e-01, 7.91035551e-01, 2.46914997e+00, 1.23661495e+02
1.09668060e+00, 3.21532276e-01, 4.76944367e-01, 5.65622652e-01, 3.83533239e-01, 8.07185559e-01, 2.45299996e+00, 1.25712758e+02
1.12746796e+00, 3.27863028e-01, 4.70042332e-01, 5.73354227e-01, 3.75801663e-01, 8.23514596e-01, 2.43667092e+00, 1.27851808e+02
1.15911962e+00, 3.34276704e-01, 4.63151736e-01, 5.81054398e-01, 3.68101492e-01, 8.40017674e-01, 2.42016784e+00, 1.30082427e+02
1.19165984e+00, 3.40773150e-01, 4.56275185e-01, 5.88718566e-01, 3.60437324e-01, 8.56689547e-01, 2.40349597e+00, 1.32408528e+02
1.22511358e+00, 3.47352184e-01, 4.49415262e-01, 5.96342179e-01, 3.52813711e-01, 8.73524725e-01, 2.38666079e+00, 1.34834159e+02
1.25950646e+00, 3.54013588e-01, 4.42574525e-01, 6.03920747e-01, 3.45235143e-01, 8.90517487e-01, 2.36966803e+00, 1.37363507e+02
1.29486487e+00, 3.60757118e-01, 4.35755505e-01, 6.11449853e-01, 3.37706037e-01, 9.07661894e-01, 2.35252362e+00, 1.40000902e+02
1.33121590e+00, 3.67582497e-01, 4.28960698e-01, 6.18925169e-01, 3.30230721e-01, 9.24951806e-01, 2.33523371e+00, 1.42750821e+02
1.36858742e+00, 3.74489419e-01, 4.22192565e-01, 6.26342466e-01, 3.22813424e-01, 9.42380897e-01, 2.31780462e+00, 1.45617891e+02
1.40700809e+00, 3.81477549e-01, 4.15453528e-01, 6.33697626e-01, 3.15458264e-01, 9.59942674e-01, 2.30024284e+00, 1.48606898e+02
1.44650734e+00, 3.88546523e-01, 4.08745964e-01, 6.40986655e-01, 3.08169235e-01, 9.77630493e-01, 2.28255502e+00, 1.51722788e+02
1.48711546e+00, 3.95695948e-01, 4.02072206e-01, 6.48205694e-01, 3.00950196e-01, 9.95437581e-01, 2.26474794e+00, 1.54970677e+02
1.52886359e+00, 4.02925403e-01, 3.95434536e-01, 6.55351026e-01, 2.93804864e-01, 1.01335705e+00, 2.24682847e+00, 1.58355855e+02
1.57178372e+00, 4.10234442e-01, 3.88835186e-01, 6.62419089e-01, 2.86736801e-01, 1.03138191e+00, 2.22880360e+00, 1.61883793e+02
1.61590875e+00, 4.17622591e-01, 3.82276331e-01, 6.69406480e-01, 2.79749410e-01, 1.04950512e+00, 2.21068040e+00, 1.65560151e+02
1.66127252e+00, 4.25089350e-01, 3.75760089e-01, 6.76309968e-01, 2.72845922e-01, 1.06771955e+00, 2.19246597e+00, 1.69390788e+02
1.70790980e+00, 4.32634194e-01, 3.69288519e-01, 6.83126493e-01, 2.66029397e-01, 1.08601806e+00, 2.17416746e+00, 1.73381767e+02
1.75585633e+00, 4.40256573e-01, 3.62863618e-01, 6.89853178e-01, 2.59302712e-01, 1.10439346e+00, 2.15579205e+00, 1.77539365e+02
1.80514888e+00, 4.47955916e-01, 3.56487318e-01, 6.96487330e-01, 2.52668560e-01, 1.12283860e+00, 2.13734692e+00, 1.81870086e+02
1.85582523e+00, 4.55731626e-01, 3.50161484e-01, 7.03026444e-01, 2.46129446e-01, 1.14134631e+00, 2.11883921e+00, 1.86380666e+02
1.90792422e+00, 4.63583085e-01, 3.43887915e-01, 7.09468204e-01, 2.39687686e-01, 1.15990945e+00, 2.10027606e+00, 1.91078091e+02
1.96148581e+00, 4.71509656e-01, 3.37668341e-01, 7.15810489e-01, 2.33345402e-01, 1.17852095e+00, 2.08166456e+00, 1.95969600e+02
2.01655104e+00, 4.79510678e-01, 3.31504419e-01, 7.22051366e-01, 2.27104524e-01, 1.19717379e+00, 2.06301173e+00, 2.01062706e+02
2.07316213e+00, 4.87585472e-01, 3.25397736e-01, 7.28189099e-01, 2.20966791e-01, 1.21586101e+00, 2.04432450e+00, 2.06365203e+02
2.13136247e+00, 4.95733342e-01, 3.19349807e-01, 7.34222139e-01, 2.14933751e-01, 1.23457576e+00, 2.02560975e+00, 2.11885183e+02
2.19119669e+00, 5.03953573e-01, 3.13362070e-01, 7.40149126e-01, 2.09006764e-01, 1.25331128e+00, 2.00687424e+00, 2.17631048e+02
2.25271064e+00, 5.12245431e-01, 3.07435893e-01, 7.45968888e-01, 2.03187002e-01, 1.27206090e+00, 1.98812461e+00, 2.23611526e+02
2.31595149e+00, 5.20608169e-01, 3.01572566e-01, 7.51680434e-01, 1.97475456e-01, 1.29081811e+00, 1.96936741e+00, 2.29835688e+02
2.38096772e+00, 5.29041024e-01, 2.95773306e-01, 7.57282953e-01, 1.91872937e-01, 1.30957648e+00, 1.95060904e+00, 2.36312964e+02
2.44780916e+00, 5.37543219e-01, 2.90039255e-01, 7.62775805e-01, 1.86380085e-01, 1.32832975e+00, 1.93185576e+00, 2.43053157e+02
2.51652705e+00, 5.46113963e-01, 2.84371479e-01, 7.68158523e-01, 1.80997367e-01, 1.34707179e+00, 1.91311372e+00, 2.50066467e+02
2.58717408e+00, 5.54752453e-01, 2.78770971e-01, 7.73430799e-01, 1.75725091e-01, 1.36579662e+00, 1.89438889e+00, 2.57363503e+02
2.65980440e+00, 5.63457874e-01, 2.73238647e-01, 7.78592487e-01, 1.70563403e-01, 1.38449841e+00, 1.87568711e+00, 2.64955309e+02
2.73447368e+00, 5.72229403e-01, 2.67775351e-01, 7.83643589e-01, 1.65512301e-01, 1.40317148e+00, 1.85701404e+00, 2.72853378e+02
2.81123917e+00, 5.81066203e-01, 2.62381854e-01, 7.88584253e-01, 1.60571637e-01, 1.42181031e+00, 1.83837520e+00, 2.81069678e+02
2.89015972e+00, 5.89967432e-01, 2.57058854e-01, 7.93414767e-01, 1.55741123e-01, 1.44040957e+00, 1.81977595e+00, 2.89616673e+02
2.97129582e+00, 5.98932239e-01, 2.51806978e-01, 7.98135548e-01, 1.51020342e-01, 1.45896405e+00, 1.80122147e+00, 2.98507342e+02
3.05470967e+00, 6.07959763e-01, 2.46626782e-01, 8.02747140e-01, 1.46408750e-01, 1.47746873e+00, 1.78271678e+00, 3.07755209e+02
3.14046522e+00, 6.17049141e-01, 2.41518754e-01, 8.07250204e-01, 1.41905686e-01, 1.49591877e+00, 1.76426675e+00, 3.17374360e+02
3.22862820e+00, 6.26199502e-01, 2.36483311e-01, 8.11645512e-01, 1.37510378e-01, 1.51430946e+00, 1.74587606e+00, 3.27379476e+02
3.31926620e+00, 6.35409971e-01, 2.31520808e-01, 8.15933940e-01, 1.33221950e-01, 1.53263627e+00, 1.72754924e+00, 3.37785856e+02
3.41244871e+00, 6.44679670e-01, 2.26631530e-01, 8.20116463e-01, 1.29039427e-01, 1.55089485e+00, 1.70929066e+00, 3.48609442e+02
3.50824714e+00, 6.54007716e-01, 2.21815701e-01, 8.24194145e-01, 1.24961745e-01, 1.56908100e+00, 1.69110452e+00, 3.59866852e+02
3.60673495e+00, 6.63393226e-01, 2.17073483e-01, 8.28168135e-01, 1.20987755e-01, 1.58719068e+00, 1.67299484e+00, 3.71575407e+02
3.70798763e+00, 6.72835313e-01, 2.12404976e-01, 8.32039660e-01, 1.17116230e-01, 1.60522000e+00, 1.65496551e+00, 3.83753165e+02
3.81208280e+00, 6.82333091e-01, 2.07810223e-01, 8.35810017e-01, 1.13345873e-01, 1.62316526e+00, 1.63702026e+00, 3.96418947e+02
3.91910025e+00, 6.91885673e-01, 2.03289209e-01, 8.39480570e-01, 1.09675320e-01, 1.64102288e+00, 1.61916264e+00, 4.09592377e+02
4.02912203e+00, 7.01492174e-01, 1.98841864e-01, 8.43052741e-01, 1.06103149e-01, 1.65878945e+00, 1.60139606e+00, 4.23293913e+02
4.14223247e+00, 7.11151707e-01, 1.94468065e-01, 8.46528006e-01, 1.02627884e-01, 1.67646172e+00, 1.58372380e+00, 4.37544881e+02
4.25851829e+00, 7.20863389e-01, 1.90167637e-01, 8.49907890e-01, 9.92480000e-02, 1.69403656e+00, 1.56614896e+00, 4.52367517e+02
4.37806863e+00, 7.30626340e-01, 1.85940357e-01, 8.53193960e-01, 9.59619305e-02, 1.71151101e+00, 1.54867451e+00, 4.67785004e+02
4.50097513e+00, 7.40439681e-01, 1.81785952e-01, 8.56387819e-01, 9.27680708e-02, 1.72888223e+00, 1.53130328e+00, 4.83821512e+02
4.62733201e+00, 7.50302539e-01, 1.77704105e-01, 8.59491107e-01, 8.96647834e-02, 1.74614755e+00, 1.51403796e+00, 5.00502238e+02
4.75723614e+00, 7.60214043e-01, 1.73694456e-01, 8.62505487e-01, 8.66504028e-02, 1.76330441e+00, 1.49688111e+00, 5.17853453e+02
4.89078709e+00, 7.70173327e-01, 1.69756602e-01, 8.65432650e-01, 8.37232396e-02, 1.78035038e+00, 1.47983514e+00, 5.35902548e+02
5.02808725e+00, 7.80179530e-01, 1.65890100e-01, 8.68274305e-01, 8.08815853e-02, 1.79728317e+00, 1.46290235e+00, 5.54678078e+02
5.16924187e+00, 7.90231798e-01, 1.62094471e-01, 8.71032175e-01, 7.81237156e-02, 1.81410062e+00, 1.44608490e+00, 5.74209813e+02
5.31435916e+00, 8.00329281e-01, 1.58369199e-01, 8.73707996e-01, 7.54478946e-02, 1.83080068e+00, 1.42938484e+00, 5.94528789e+02
5.46355035e+00, 8.10471136e-01, 1.54713732e-01, 8.76303512e-01, 7.28523783e-02, 1.84738144e+00, 1.41280408e+00, 6.15667362e+02
5.61692982e+00, 8.20656529e-01, 1.51127491e-01, 8.78820472e-01, 7.03354179e-02, 1.86384108e+00, 1.39634444e+00, 6.37659266e+02
5.77461515e+00, 8.30884629e-01, 1.47609861e-01, 8.81260627e-01, 6.78952631e-02, 1.88017791e+00, 1.38000760e+00, 6.60539664e+02
5.93672722e+00, 8.41154616e-01, 1.44160202e-01, 8.83625725e-01, 6.55301649e-02, 1.89639036e+00, 1.36379516e+00, 6.84345217e+02
6.10339029e+00, 8.51465677e-01, 1.40777848e-01, 8.85917512e-01, 6.32383784e-02, 1.91247695e+00, 1.34770857e+00, 7.09114140e+02
6.27473213e+00, 8.61817006e-01, 1.37462106e-01, 8.88137725e-01, 6.10181653e-02, 1.92843631e+00, 1.33174921e+00, 7.34886272e+02
6.45088409e+00, 8.72207807e-01, 1.34212261e-01, 8.90288093e-01, 5.88677967e-02, 1.94426718e+00, 1.31591834e+00, 7.61703143e+02
6.63198120e+00, 8.82637292e-01, 1.31027576e-01, 8.92370335e-01, 5.67855547e-02, 1.95996838e+00, 1.30021714e+00, 7.89608042e+02
6.81816229e+00, 8.93104682e-01, 1.27907296e-01, 8.94386155e-01, 5.47697351e-02, 1.97553885e+00, 1.28464667e+00, 8.18646098e+02
7.00957009e+00, 9.03609206e-01, 1.24850646e-01, 8.96337241e-01, 5.28186488e-02, 1.99097760e+00, 1.26920792e+00, 8.48864352e+02
7.20635132e+00, 9.14150106e-01, 1.21856835e-01, 8.98225266e-01, 5.09306239e-02, 2.00628375e+00, 1.25390176e+00, 8.80311838e+02
7.40865683e+00, 9.24726629e-01, 1.18925058e-01, 9.00051883e-01, 4.91040071e-02, 2.02145651e+00, 1.23872901e+00, 9.13039670e+02
7.61664172e+00, 9.35338035e-01, 1.16054495e-01, 9.01818725e-01, 4.73371651e-02, 2.03649514e+00, 1.22369037e+00, 9.47101127e+02
7.83046540e+00, 9.45983593e-01, 1.13244314e-01, 9.03527404e-01, 4.56284862e-02, 2.05139903e+00, 1.20878649e+00, 9.82551743e+02
8.05029181e+00, 9.56662583e-01, 1.10493675e-01, 9.05179509e-01, 4.39763811e-02, 2.06616762e+00, 1.19401790e+00, 1.01944941e+03
8.27628946e+00, 9.67374292e-01, 1.07801724e-01, 9.06776606e-01, 4.23792845e-02, 2.08080042e+00, 1.17938509e+00, 1.05785446e+03
8.50863158e+00, 9.78118021e-01, 1.05167604e-01, 9.08320235e-01, 4.08356555e-02, 2.09529705e+00, 1.16488847e+00, 1.09782980e+03
8.74749630e+00, 9.88893079e-01, 1.02590447e-01, 9.09811911e-01, 3.93439788e-02, 2.10965717e+00, 1.15052835e+00, 1.13944097e+03
8.99306672e+00, 9.99698787e-01, 1.00069381e-01, 9.11253125e-01, 3.79027653e-02, 2.12388052e+00, 1.13630500e+00, 1.18275631e+03
9.24553110e+00, 1.01053448e+00, 9.76035298e-02, 9.12645337e-01, 3.65105528e-02, 2.13796690e+00, 1.12221861e+00, 1.22784705e+03
9.50508296e+00, 1.02139949e+00, 9.51920136e-02, 9.13989983e-01, 3.51659066e-02, 2.15191620e+00, 1.10826932e+00, 1.27478742e+03
9.77192128e+00, 1.03229317e+00, 9.28339498e-02, 9.15288470e-01, 3.38674197e-02, 2.16572835e+00, 1.09445717e+00, 1.32365480e+03
1.00462506e+01, 1.04321489e+00, 9.05284548e-02, 9.16542177e-01, 3.26137134e-02, 2.17940333e+00, 1.08078218e+00, 1.37452984e+03
1.03282813e+01, 1.05416402e+00, 8.82746444e-02, 9.17752452e-01, 3.14034377e-02, 2.19294122e+00, 1.06724430e+00, 1.42749661e+03
1.06182294e+01, 1.06513995e+00, 8.60716349e-02, 9.18920619e-01, 3.02352713e-02, 2.20634211e+00, 1.05384341e+00, 1.48264273e+03
1.09163173e+01, 1.07614206e+00, 8.39185439e-02, 9.20047968e-01, 2.91079217e-02, 2.21960616e+00, 1.04057935e+00, 1.54005954e+03
1.12227736e+01, 1.08716977e+00, 8.18144912e-02, 9.21135765e-01, 2.80201256e-02, 2.23273361e+00, 1.02745191e+00, 1.59984222e+03
1.15378330e+01, 1.09822248e+00, 7.97585995e-02, 9.22185241e-01, 2.69706487e-02, 2.24572470e+00, 1.01446082e+00, 1.66208999e+03
1.18617372e+01, 1.10929963e+00, 7.77499950e-02, 9.23197604e-01, 2.59582857e-02, 2.25857975e+00, 1.00160577e+00, 1.72690627e+03
1.21947344e+01, 1.12040065e+00, 7.57878084e-02, 9.24174030e-01, 2.49818603e-02, 2.27129911e+00, 9.88886403e-01, 1.79439886e+03
1.25370799e+01, 1.13152499e+00, 7.38711753e-02, 9.25115665e-01, 2.40402250e-02, 2.28388320e+00, 9.76302314e-01, 1.86468011e+03
1.28890361e+01, 1.14267211e+00, 7.19992367e-02, 9.26023629e-01, 2.31322611e-02, 2.29633246e+00, 9.63853061e-01, 1.93786712e+03
1.32508729e+01, 1.15384147e+00, 7.01711401e-02, 9.26899012e-01, 2.22568783e-02, 2.30864736e+00, 9.51538160e-01, 2.01408195e+03
1.36228676e+01, 1.16503255e+00, 6.83860392e-02, 9.27742876e-01, 2.14130143e-02, 2.32082843e+00, 9.39357091e-01, 2.09345183e+03
1.40053055e+01, 1.17624484e+00, 6.66430952e-02, 9.28556255e-01, 2.05996351e-02, 2.33287622e+00, 9.27309294e-01, 2.17610936e+03
1.43984795e+01, 1.18747784e+00, 6.49414767e-02, 9.29340156e-01, 1.98157341e-02, 2.34479134e+00, 9.15394176e-01, 2.26219275e+03
1.48026913e+01, 1.19873106e+00, 6.32803605e-02, 9.30095558e-01, 1.90603321e-02, 2.35657441e+00, 9.03611111e-01, 2.35184608e+03
1.52182505e+01, 1.21000400e+00, 6.16589316e-02, 9.30823413e-01, 1.83324769e-02, 2.36822608e+00, 8.91959441e-01, 2.44521950e+03
1.56454759e+01, 1.22129622e+00, 6.00763839e-02, 9.31524647e-01, 1.76312426e-02, 2.37974704e+00, 8.80438479e-01, 2.54246952e+03
1.60846948e+01, 1.23260723e+00, 5.85319205e-02, 9.32200160e-01, 1.69557299e-02, 2.39113801e+00, 8.69047508e-01, 2.64375928e+03
1.65362441e+01, 1.24393658e+00, 5.70247538e-02, 9.32850825e-01, 1.63050647e-02, 2.40239973e+00, 8.57785786e-01, 2.74925881e+03
1.70004698e+01, 1.25528384e+00, 5.55541057e-02, 9.33477491e-01, 1.56783987e-02, 2.41353297e+00, 8.46652543e-01, 2.85914535e+03
1.74777277e+01, 1.26664856e+00, 5.41192085e-02, 9.34080982e-01, 1.50749080e-02, 2.42453853e+00, 8.35646988e-01, 2.97360364e+03
1.79683839e+01, 1.27803033e+00, 5.27193041e-02, 9.34662097e-01, 1.44937935e-02, 2.43541721e+00, 8.24768304e-01, 3.09282621e+03
1.84728144e+01, 1.28942872e+00, 5.13536452e-02, 9.35221610e-01, 1.39342796e-02, 2.44616986e+00, 8.14015656e-01, 3.21701377e+03
1.89914058e+01, 1.30084334e+00, 5.00214947e-02, 9.35760276e-01, 1.33956145e-02, 2.45679733e+00, 8.03388186e-01, 3.34637552e+03
1.95245558e+01, 1.31227377e+00, 4.87221263e-02, 9.36278821e-01, 1.28770691e-02, 2.46730050e+00, 7.92885019e-01, 3.48112950e+03
2.00726730e+01, 1.32371963e+00, 4.74548245e-02, 9.36777953e-01, 1.23779368e-02, 2.47768026e+00, 7.82505261e-01, 3.62150298e+03
2.06361777e+01, 1.33518054e+00, 4.62188846e-02, 9.37258357e-01, 1.18975330e-02, 2.48793751e+00, 7.72248003e-01, 3.76773287e+03
2.12155017e+01, 1.34665613e+00, 4.50136131e-02, 9.37720695e-01, 1.14351946e-02, 2.49807320e+00, 7.62112320e-01, 3.92006608e+03
2.18110892e+01, 1.35814602e+00, 4.38383275e-02, 9.38165611e-01, 1.09902794e-02, 2.50808825e+00, 7.52097272e-01, 4.07876000e+03
2.24233968e+01, 1.36964988e+00, 4.26923562e-02, 9.38593725e-01, 1.05621655e-02, 2.51798361e+00, 7.42201907e-01, 4.24408290e+03
2.30528939e+01, 1.38116734e+00, 4.15750390e-02, 9.39005639e-01, 1.01502513e-02, 2.52776026e+00, 7.32425260e-01, 4.41631440e+03
2.37000629e+01, 1.39269806e+00, 4.04857268e-02, 9.39401936e-01, 9.75395441e-03, 2.53741916e+00, 7.22766355e-01, 4.59574597e+03
2.43654001e+01, 1.40424172e+00, 3.94237819e-02, 9.39783179e-01, 9.37271143e-03, 2.54696131e+00, 7.13224207e-01, 4.78268141e+03
2.50494154e+01, 1.41579798e+00, 3.83885774e-02, 9.40149913e-01, 9.00597751e-03, 2.55638770e+00, 7.03797819e-01, 4.97743741e+03
2.57526333e+01, 1.42736654e+00, 3.73794979e-02, 9.40502664e-01, 8.65322577e-03, 2.56569933e+00, 6.94486188e-01, 5.18034403e+03
2.64755927e+01, 1.43894707e+00, 3.63959391e-02, 9.40841943e-01, 8.31394681e-03, 2.57489721e+00, 6.85288302e-01, 5.39174533e+03
2.72188479e+01, 1.45053928e+00, 3.54373078e-02, 9.41168242e-01, 7.98764828e-03, 2.58398237e+00, 6.76203144e-01, 5.61199994e+03
2.79829688e+01, 1.46214287e+00, 3.45030217e-02, 9.41482036e-01, 7.67385440e-03, 2.59295583e+00, 6.67229689e-01, 5.84148165e+03
2.87685409e+01, 1.47375755e+00, 3.35925097e-02, 9.41783785e-01, 7.37210547e-03, 2.60181861e+00, 6.58366907e-01, 6.08058012e+03
2.95761666e+01, 1.48538304e+00, 3.27052117e-02, 9.42073933e-01, 7.08195745e-03, 2.61057175e+00, 6.49613765e-01, 6.32970148e+03
3.04064649e+01, 1.49701906e+00, 3.18405781e-02, 9.42352909e-01, 6.80298145e-03, 2.61921629e+00, 6.40969225e-01, 6.58926906e+03
3.12600724e+01, 1.50866534e+00, 3.09980705e-02, 9.42621127e-01, 6.53476337e-03, 2.62775327e+00, 6.32432245e-01, 6.85972415e+03
3.21376434e+01, 1.52032162e+00, 3.01771610e-02, 9.42878987e-01, 6.27690340e-03, 2.63618373e+00, 6.24001784e-01, 7.14152668e+03
3.30398507e+01, 1.53198765e+00, 2.93773321e-02, 9.43126874e-01, 6.02901561e-03, 2.64450872e+00, 6.15676795e-01, 7.43515611e+03
3.39673858e+01, 1.54366317e+00, 2.85980772e-02, 9.43365163e-01, 5.79072755e-03, 2.65272928e+00, 6.07456233e-01, 7.74111217e+03
3.49209598e+01, 1.55534793e+00, 2.78388997e-02, 9.43594210e-01, 5.56167981e-03, 2.66084647e+00, 5.99339049e-01, 8.05991578e+03
3.59013038e+01, 1.56704171e+00, 2.70993135e-02, 9.43814364e-01, 5.34152565e-03, 2.66886132e+00, 5.91324198e-01, 8.39210992e+03
3.69091691e+01, 1.57874427e+00, 2.63788425e-02, 9.44025960e-01, 5.12993056e-03, 2.67677489e+00, 5.83410631e-01, 8.73826055e+03
3.79453285e+01, 1.59045537e+00, 2.56770206e-02, 9.44229318e-01, 4.92657195e-03, 2.68458821e+00, 5.75597302e-01, 9.09895763e+03
3.90105762e+01, 1.60217481e+00, 2.49933916e-02, 9.44424751e-01, 4.73113869e-03, 2.69230235e+00, 5.67883168e-01, 9.47481611e+03
4.01057288e+01, 1.61390235e+00, 2.43275093e-02, 9.44612559e-01, 4.54333080e-03, 2.69991833e+00, 5.60267184e-01, 9.86647698e+03
4.12316259e+01, 1.62563780e+00, 2.36789368e-02, 9.44793031e-01, 4.36285908e-03, 2.70743721e+00, 5.52748310e-01, 1.02746084e+04
4.23891306e+01, 1.63738095e+00, 2.30472468e-02, 9.44966445e-01, 4.18944476e-03, 2.71486001e+00, 5.45325508e-01, 1.06999068e+04
4.35791301e+01, 1.64913159e+00, 2.24320214e-02, 9.45133071e-01, 4.02281912e-03, 2.72218778e+00, 5.37997742e-01, 1.11430981e+04
4.48025368e+01, 1.66088953e+00, 2.18328518e-02, 9.45293167e-01, 3.86272324e-03, 2.72942154e+00, 5.30763980e-01, 1.16049391e+04
4.60602884e+01, 1.67265458e+00, 2.12493385e-02, 9.45446982e-01, 3.70890760e-03, 2.73656232e+00, 5.23623195e-01, 1.20862185e+04
4.73533492e+01, 1.68442656e+00, 2.06810907e-02, 9.45594758e-01, 3.56113182e-03, 2.74361116e+00, 5.16574361e-01, 1.25877586e+04
4.86827104e+01, 1.69620528e+00, 2.01277264e-02, 9.45736726e-01, 3.41916431e-03, 2.75056906e+00, 5.09616460e-01, 1.31104163e+04
5.00493910e+01, 1.70799057e+00, 1.95888723e-02, 9.45873108e-01, 3.28278200e-03, 2.75743704e+00, 5.02748475e-01, 1.36550850e+04
5.14544388e+01, 1.71978224e+00, 1.90641636e-02, 9.46004120e-01, 3.15177006e-03, 2.76421612e+00, 4.95969397e-01, 1.42226960e+04
5.28989308e+01, 1.73158015e+00, 1.85532437e-02, 9.46129969e-01, 3.02592158e-03, 2.77090730e+00, 4.89278221e-01, 1.48142198e+04
5.43839743e+01, 1.74338412e+00, 1.80557646e-02, 9.46250853e-01, 2.90503733e-03, 2.77751157e+00, 4.82673947e-01, 1.54306682e+04
5.59107078e+01, 1.75519399e+00, 1.75713858e-02, 9.46366965e-01, 2.78892550e-03, 2.78402994e+00, 4.76155581e-01, 1.60730959e+04
5.74803016e+01, 1.76700960e+00, 1.70997750e-02, 9.46478489e-01, 2.67740141e-03, 2.79046338e+00, 4.69722134e-01, 1.67426023e+04
5.90939590e+01, 1.77883082e+00, 1.66406078e-02, 9.46585603e-01, 2.57028729e-03, 2.79681289e+00, 4.63372626e-01, 1.74403333e+04
6.07529169e+01, 1.79065748e+00, 1.61935670e-02, 9.46688478e-01, 2.46741204e-03, 2.80307944e+00, 4.57106080e-01, 1.81674833e+04
6.24584471e+01, 1.80248944e+00, 1.57583434e-02, 9.46787279e-01, 2.36861095e-03, 2.80926399e+00, 4.50921527e-01, 1.89252975e+04
6.42118571e+01, 1.81432657e+00, 1.53346346e-02, 9.46882165e-01, 2.27372555e-03, 2.81536751e+00, 4.44818004e-01, 1.97150738e+04
6.60144909e+01, 1.82616872e+00, 1.49221457e-02, 9.46973287e-01, 2.18260331e-03, 2.82139096e+00, 4.38794557e-01, 2.05381650e+04
6.78677305e+01, 1.83801577e+00, 1.45205889e-02, 9.47060793e-01, 2.09509749e-03, 2.82733528e+00, 4.32850236e-01, 2.13959813e+04
6.97729965e+01, 1.84986758e+00, 1.41296829e-02, 9.47144823e-01, 2.01106690e-03, 2.83320142e+00, 4.26984100e-01, 2.22899928e+04
7.17317494e+01, 1.86172403e+00, 1.37491537e-02, 9.47225514e-01, 1.93037570e-03, 2.83899030e+00, 4.21195214e-01, 2.32217317e+04
7.37454909e+01, 1.87358500e+00, 1.33787335e-02, 9.47302997e-01, 1.85289324e-03, 2.84470287e+00, 4.15482652e-01, 2.41927953e+04
7.58157646e+01, 1.88545036e+00, 1.30181611e-02, 9.47377396e-01, 1.77849381e-03, 2.85034002e+00, 4.09845493e-01, 2.52048484e+04
7.79441575e+01, 1.89731999e+00, 1.26671819e-02, 9.47448834e-01, 1.70705653e-03, 2.85590269e+00, 4.04282826e-01, 2.62596265e+04
8.01323013e+01, 1.90919379e+00, 1.23255471e-02, 9.47517425e-01, 1.63846512e-03, 2.86139177e+00, 3.98793746e-01, 2.73589386e+04
8.23818733e+01, 1.92107165e+00, 1.19930143e-02, 9.47583282e-01, 1.57260779e-03, 2.86680816e+00, 3.93377358e-01, 2.85046705e+04
8.46945981e+01, 1.93295345e+00, 1.16693470e-02, 9.47646513e-01, 1.50937699e-03, 2.87215275e+00, 3.88032771e-01, 2.96987877e+04
8.70722485e+01, 1.94483908e+00, 1.13543144e-02, 9.47707221e-01, 1.44866934e-03, 2.87742641e+00, 3.82759105e-01, 3.09433392e+04
8.95166472e+01, 1.95672846e+00, 1.10476916e-02, 9.47765505e-01, 1.39038542e-03, 2.88263003e+00, 3.77555488e-01, 3.22404608e+04
9.20296681e+01, 1.96862147e+00, 1.07492590e-02, 9.47821460e-01, 1.33442966e-03, 2.88776446e+00, 3.72421053e-01, 3.35923788e+04
9.46132376e+01, 1.98051802e+00, 1.04588028e-02, 9.47875180e-01, 1.28071017e-03, 2.89283057e+00, 3.67354945e-01, 3.50014139e+04
9.72693362e+01, 1.99241802e+00, 1.01761143e-02, 9.47926751e-01, 1.22913861e-03, 2.89782920e+00, 3.62356313e-01, 3.64699851e+04
1.00000000e+02, 2.00432137e+00, 9.90099010e-03, 9.47976260e-01, 1.17963007e-03, 2.90276120e+00, 3.57424318e-01, 3.80006139e+04
