 --- Cosmological Parameters --- 
	 H0: 2.2047e-18 (1/s) = 68.0300 (km/s/Mpc) 
	 OmegaM: 3.2500e-01 
	 OmegaR: 0.0000e+00 
	 OmegaL: 6.7500e-01 
	 OmegaK: 0.0000e+00 
		 w0: -8.2700e-01 
		 wa: -7.5000e-01 
	 rho_crit: 8.6952e-30 (g/cm^3) 
z, log10(1+z), a, H0*t_look, H0*t_age, H0*t_conf, H0*t_conf_age, H(z) 
1.00000000e-04, 4.34272769e-05, 9.99900010e-01, 9.99916874e-05, 9.41188376e-01, 9.99966869e-05, 3.20359285e+00, 6.80345080e+01
1.02807322e-04, 4.46463579e-05, 9.99897203e-01, 1.02798537e-04, 9.41185569e-01, 1.02803821e-04, 3.20359004e+00, 6.80346345e+01
1.05693455e-04, 4.58996588e-05, 9.99894318e-01, 1.05684169e-04, 9.41182684e-01, 1.05689754e-04, 3.20358716e+00, 6.80347646e+01
1.08660611e-04, 4.71881402e-05, 9.99891351e-01, 1.08650797e-04, 9.41179717e-01, 1.08656700e-04, 3.20358419e+00, 6.80348984e+01
1.11711065e-04, 4.85127895e-05, 9.99888301e-01, 1.11700692e-04, 9.41176667e-01, 1.11706931e-04, 3.20358114e+00, 6.80350359e+01
1.14847155e-04, 4.98746217e-05, 9.99885166e-01, 1.14836191e-04, 9.41173532e-01, 1.14842785e-04, 3.20357800e+00, 6.80351773e+01
1.18071285e-04, 5.12746804e-05, 9.99881943e-01, 1.18059696e-04, 9.41170308e-01, 1.18066666e-04, 3.20357478e+00, 6.80353226e+01
1.21385926e-04, 5.27140387e-05, 9.99878629e-01, 1.21373678e-04, 9.41166994e-01, 1.21381045e-04, 3.20357147e+00, 6.80354720e+01
1.24793621e-04, 5.41937993e-05, 9.99875222e-01, 1.24780675e-04, 9.41163587e-01, 1.24788461e-04, 3.20356806e+00, 6.80356256e+01
1.28296980e-04, 5.57150964e-05, 9.99871719e-01, 1.28283298e-04, 9.41160085e-01, 1.28291526e-04, 3.20356456e+00, 6.80357836e+01
1.31898690e-04, 5.72790956e-05, 9.99868119e-01, 1.31884228e-04, 9.41156484e-01, 1.31892926e-04, 3.20356095e+00, 6.80359459e+01
1.35601511e-04, 5.88869955e-05, 9.99864417e-01, 1.35586227e-04, 9.41152782e-01, 1.35595419e-04, 3.20355725e+00, 6.80361128e+01
1.39408283e-04, 6.05400281e-05, 9.99860611e-01, 1.39392128e-04, 9.41148976e-01, 1.39401844e-04, 3.20355344e+00, 6.80362845e+01
1.43321923e-04, 6.22394601e-05, 9.99856699e-01, 1.43304848e-04, 9.41145063e-01, 1.43315117e-04, 3.20354953e+00, 6.80364609e+01
1.47345431e-04, 6.39865937e-05, 9.99852676e-01, 1.47327385e-04, 9.41141041e-01, 1.47338238e-04, 3.20354551e+00, 6.80366422e+01
1.51481892e-04, 6.57827676e-05, 9.99848541e-01, 1.51462818e-04, 9.41136905e-01, 1.51474290e-04, 3.20354137e+00, 6.80368287e+01
1.55734477e-04, 6.76293582e-05, 9.99844290e-01, 1.55714318e-04, 9.41132654e-01, 1.55726442e-04, 3.20353712e+00, 6.80370204e+01
1.60106446e-04, 6.95277803e-05, 9.99839919e-01, 1.60085139e-04, 9.41128283e-01, 1.60097954e-04, 3.20353275e+00, 6.80372175e+01
1.64601150e-04, 7.14794886e-05, 9.99835426e-01, 1.64578630e-04, 9.41123789e-01, 1.64592174e-04, 3.20352825e+00, 6.80374201e+01
1.69222035e-04, 7.34859785e-05, 9.99830807e-01, 1.69198233e-04, 9.41119170e-01, 1.69212548e-04, 3.20352363e+00, 6.80376284e+01
1.73972643e-04, 7.55487874e-05, 9.99826058e-01, 1.73947486e-04, 9.41114420e-01, 1.73962616e-04, 3.20351888e+00, 6.80378425e+01
1.78856616e-04, 7.76694958e-05, 9.99821175e-01, 1.78830026e-04, 9.41109538e-01, 1.78846018e-04, 3.20351400e+00, 6.80380627e+01
1.83877698e-04, 7.98497285e-05, 9.99816156e-01, 1.83849595e-04, 9.41104518e-01, 1.83866497e-04, 3.20350898e+00, 6.80382890e+01
1.89039738e-04, 8.20911560e-05, 9.99810996e-01, 1.89010034e-04, 9.41099358e-01, 1.89027899e-04, 3.20350382e+00, 6.80385217e+01
1.94346693e-04, 8.43954955e-05, 9.99805691e-01, 1.94315298e-04, 9.41094053e-01, 1.94334180e-04, 3.20349851e+00, 6.80387609e+01
1.99802631e-04, 8.67645125e-05, 9.99800237e-01, 1.99769449e-04, 9.41088599e-01, 1.99789405e-04, 3.20349306e+00, 6.80390069e+01
2.05411735e-04, 8.92000219e-05, 9.99794630e-01, 2.05376664e-04, 9.41082991e-01, 2.05397756e-04, 3.20348745e+00, 6.80392597e+01
2.11178304e-04, 9.17038897e-05, 9.99788866e-01, 2.11141237e-04, 9.41077227e-01, 2.11163530e-04, 3.20348168e+00, 6.80395196e+01
2.17106760e-04, 9.42780341e-05, 9.99782940e-01, 2.17067583e-04, 9.41071300e-01, 2.17091145e-04, 3.20347576e+00, 6.80397869e+01
2.23201647e-04, 9.69244272e-05, 9.99776848e-01, 2.23160239e-04, 9.41065208e-01, 2.23185143e-04, 3.20346966e+00, 6.80400616e+01
2.29467637e-04, 9.96450962e-05, 9.99770585e-01, 2.29423872e-04, 9.41058944e-01, 2.29450193e-04, 3.20346340e+00, 6.80403441e+01
2.35909533e-04, 1.02442125e-04, 9.99764146e-01, 2.35863277e-04, 9.41052505e-01, 2.35891096e-04, 3.20345696e+00, 6.80406344e+01
2.42532274e-04, 1.05317657e-04, 9.99757527e-01, 2.42483384e-04, 9.41045885e-01, 2.42512787e-04, 3.20345033e+00, 6.80409330e+01
2.49340937e-04, 1.08273895e-04, 9.99750721e-01, 2.49289264e-04, 9.41039079e-01, 2.49320341e-04, 3.20344353e+00, 6.80412399e+01
2.56340741e-04, 1.11313103e-04, 9.99743725e-01, 2.56286126e-04, 9.41032082e-01, 2.56318972e-04, 3.20343653e+00, 6.80415554e+01
2.63537052e-04, 1.14437609e-04, 9.99736532e-01, 2.63479328e-04, 9.41024889e-01, 2.63514044e-04, 3.20342933e+00, 6.80418798e+01
2.70935387e-04, 1.17649806e-04, 9.99729138e-01, 2.70874377e-04, 9.41017494e-01, 2.70911069e-04, 3.20342194e+00, 6.80422133e+01
2.78541416e-04, 1.20952156e-04, 9.99721536e-01, 2.78476933e-04, 9.41009891e-01, 2.78515714e-04, 3.20341433e+00, 6.80425561e+01
2.86360972e-04, 1.24347187e-04, 9.99713721e-01, 2.86292818e-04, 9.41002075e-01, 2.86333806e-04, 3.20340651e+00, 6.80429086e+01
2.94400048e-04, 1.27837499e-04, 9.99705687e-01, 2.94328014e-04, 9.40994040e-01, 2.94371336e-04, 3.20339848e+00, 6.80432709e+01
3.02664806e-04, 1.31425767e-04, 9.99697427e-01, 3.02588672e-04, 9.40985779e-01, 3.02634459e-04, 3.20339021e+00, 6.80436435e+01
3.11161583e-04, 1.35114738e-04, 9.99688935e-01, 3.11081115e-04, 9.40977287e-01, 3.11129509e-04, 3.20338172e+00, 6.80440264e+01
3.19896892e-04, 1.38907238e-04, 9.99680205e-01, 3.19811843e-04, 9.40968556e-01, 3.19862992e-04, 3.20337298e+00, 6.80444202e+01
3.28877429e-04, 1.42806171e-04, 9.99671231e-01, 3.28787538e-04, 9.40959580e-01, 3.28841599e-04, 3.20336401e+00, 6.80448250e+01
3.38110078e-04, 1.46814523e-04, 9.99662004e-01, 3.38015071e-04, 9.40950353e-01, 3.38072209e-04, 3.20335477e+00, 6.80452411e+01
3.47601918e-04, 1.50935364e-04, 9.99652519e-01, 3.47501502e-04, 9.40940866e-01, 3.47561893e-04, 3.20334528e+00, 6.80456690e+01
3.57360225e-04, 1.55171849e-04, 9.99642767e-01, 3.57254093e-04, 9.40931114e-01, 3.57317921e-04, 3.20333553e+00, 6.80461088e+01
3.67392478e-04, 1.59527223e-04, 9.99632742e-01, 3.67280305e-04, 9.40921088e-01, 3.67347766e-04, 3.20332550e+00, 6.80465610e+01
3.77706369e-04, 1.64004821e-04, 9.99622436e-01, 3.77587810e-04, 9.40910780e-01, 3.77659112e-04, 3.20331519e+00, 6.80470259e+01
3.88309805e-04, 1.68608072e-04, 9.99611841e-01, 3.88184497e-04, 9.40900183e-01, 3.88259857e-04, 3.20330459e+00, 6.80475038e+01
3.99210913e-04, 1.73340499e-04, 9.99600948e-01, 3.99078472e-04, 9.40889289e-01, 3.99158121e-04, 3.20329369e+00, 6.80479951e+01
4.10418050e-04, 1.78205728e-04, 9.99589750e-01, 4.10278070e-04, 9.40878090e-01, 4.10362254e-04, 3.20328248e+00, 6.80485003e+01
4.21939808e-04, 1.83207482e-04, 9.99578238e-01, 4.21791860e-04, 9.40866576e-01, 4.21880835e-04, 3.20327097e+00, 6.80490196e+01
4.33785019e-04, 1.88349591e-04, 9.99566403e-01, 4.33628649e-04, 9.40854739e-01, 4.33722688e-04, 3.20325912e+00, 6.80495535e+01
4.45962763e-04, 1.93635993e-04, 9.99554236e-01, 4.45797492e-04, 9.40842570e-01, 4.45896884e-04, 3.20324695e+00, 6.80501023e+01
4.58482375e-04, 1.99070734e-04, 9.99541728e-01, 4.58307697e-04, 9.40830060e-01, 4.58412746e-04, 3.20323443e+00, 6.80506666e+01
4.71353453e-04, 2.04657975e-04, 9.99528869e-01, 4.71168832e-04, 9.40817199e-01, 4.71279861e-04, 3.20322157e+00, 6.80512467e+01
4.84585864e-04, 2.10401992e-04, 9.99515649e-01, 4.84390734e-04, 9.40803977e-01, 4.84508083e-04, 3.20320834e+00, 6.80518431e+01
4.98189752e-04, 2.16307184e-04, 9.99502058e-01, 4.97983514e-04, 9.40790384e-01, 4.98107542e-04, 3.20319474e+00, 6.80524563e+01
5.12175544e-04, 2.22378069e-04, 9.99488087e-01, 5.11957567e-04, 9.40776410e-01, 5.12088655e-04, 3.20318076e+00, 6.80530866e+01
5.26553963e-04, 2.28619296e-04, 9.99473723e-01, 5.26323579e-04, 9.40762044e-01, 5.26462127e-04, 3.20316638e+00, 6.80537346e+01
5.41336030e-04, 2.35035640e-04, 9.99458957e-01, 5.41092532e-04, 9.40747275e-01, 5.41238967e-04, 3.20315161e+00, 6.80544009e+01
5.56533078e-04, 2.41632013e-04, 9.99443776e-01, 5.56275720e-04, 9.40732092e-01, 5.56430489e-04, 3.20313642e+00, 6.80550858e+01
5.72156756e-04, 2.48413463e-04, 9.99428170e-01, 5.71884749e-04, 9.40716483e-01, 5.72048327e-04, 3.20312080e+00, 6.80557899e+01
5.88219040e-04, 2.55385179e-04, 9.99412127e-01, 5.87931551e-04, 9.40700436e-01, 5.88104439e-04, 3.20310474e+00, 6.80565138e+01
6.04732245e-04, 2.62552498e-04, 9.99395633e-01, 6.04428392e-04, 9.40683940e-01, 6.04611120e-04, 3.20308824e+00, 6.80572581e+01
6.21709029e-04, 2.69920903e-04, 9.99378677e-01, 6.21387881e-04, 9.40666980e-01, 6.21581009e-04, 3.20307127e+00, 6.80580232e+01
6.39162405e-04, 2.77496033e-04, 9.99361246e-01, 6.38822979e-04, 9.40649545e-01, 6.39027099e-04, 3.20305382e+00, 6.80588098e+01
6.57105755e-04, 2.85283683e-04, 9.99343326e-01, 6.56747009e-04, 9.40631621e-01, 6.56962746e-04, 3.20303588e+00, 6.80596184e+01
6.75552832e-04, 2.93289812e-04, 9.99324903e-01, 6.75173667e-04, 9.40613194e-01, 6.75401682e-04, 3.20301744e+00, 6.80604498e+01
6.94517777e-04, 3.01520545e-04, 9.99305964e-01, 6.94117032e-04, 9.40594251e-01, 6.94358024e-04, 3.20299849e+00, 6.80613045e+01
7.14015130e-04, 3.09982178e-04, 9.99286494e-01, 7.13591577e-04, 9.40574776e-01, 7.13846284e-04, 3.20297900e+00, 6.80621831e+01
7.34059837e-04, 3.18681185e-04, 9.99266479e-01, 7.33612176e-04, 9.40554756e-01, 7.33881379e-04, 3.20295897e+00, 6.80630865e+01
7.54667263e-04, 3.27624220e-04, 9.99245902e-01, 7.54194124e-04, 9.40534174e-01, 7.54478647e-04, 3.20293837e+00, 6.80640152e+01
7.75853206e-04, 3.36818122e-04, 9.99224748e-01, 7.75353139e-04, 9.40513015e-01, 7.75653854e-04, 3.20291719e+00, 6.80649699e+01
7.97633907e-04, 3.46269924e-04, 9.99203002e-01, 7.97105379e-04, 9.40491263e-01, 7.97423207e-04, 3.20289542e+00, 6.80659514e+01
8.20026062e-04, 3.55986854e-04, 9.99180646e-01, 8.19467454e-04, 9.40468901e-01, 8.19803370e-04, 3.20287304e+00, 6.80669605e+01
8.43046837e-04, 3.65976343e-04, 9.99157663e-01, 8.42456437e-04, 9.40445912e-01, 8.42811469e-04, 3.20285004e+00, 6.80679979e+01
8.66713880e-04, 3.76246030e-04, 9.99134037e-01, 8.66089879e-04, 9.40422278e-01, 8.66465115e-04, 3.20282638e+00, 6.80690644e+01
8.91045332e-04, 3.86803767e-04, 9.99109748e-01, 8.90385819e-04, 9.40397982e-01, 8.90782408e-04, 3.20280206e+00, 6.80701609e+01
9.16059848e-04, 3.97657626e-04, 9.99084779e-01, 9.15362800e-04, 9.40373005e-01, 9.15781958e-04, 3.20277706e+00, 6.80712881e+01
9.41776601e-04, 4.08815904e-04, 9.99059110e-01, 9.41039885e-04, 9.40347328e-01, 9.41482894e-04, 3.20275136e+00, 6.80724469e+01
9.68215306e-04, 4.20287133e-04, 9.99032721e-01, 9.67436664e-04, 9.40320931e-01, 9.67904882e-04, 3.20272494e+00, 6.80736383e+01
9.95396231e-04, 4.32080081e-04, 9.99005594e-01, 9.94573277e-04, 9.40293795e-01, 9.95068138e-04, 3.20269778e+00, 6.80748631e+01
1.02334021e-03, 4.44203760e-04, 9.98977706e-01, 1.02247043e-03, 9.40265898e-01, 1.02299345e-03, 3.20266985e+00, 6.80761222e+01
1.05206867e-03, 4.56667438e-04, 9.98949037e-01, 1.05114939e-03, 9.40237219e-01, 1.05170217e-03, 3.20264114e+00, 6.80774167e+01
1.08160363e-03, 4.69480638e-04, 9.98919565e-01, 1.08063203e-03, 9.40207736e-01, 1.08121627e-03, 3.20261163e+00, 6.80787475e+01
1.11196773e-03, 4.82653152e-04, 9.98889267e-01, 1.11094085e-03, 9.40177427e-01, 1.11155832e-03, 3.20258129e+00, 6.80801157e+01
1.14318425e-03, 4.96195044e-04, 9.98858121e-01, 1.14209893e-03, 9.40146269e-01, 1.14275154e-03, 3.20255010e+00, 6.80815222e+01
1.17527712e-03, 5.10116661e-04, 9.98826103e-01, 1.17413004e-03, 9.40114238e-01, 1.17481978e-03, 3.20251803e+00, 6.80829682e+01
1.20827094e-03, 5.24428638e-04, 9.98793187e-01, 1.20705858e-03, 9.40081309e-01, 1.20778757e-03, 3.20248506e+00, 6.80844548e+01
1.24219100e-03, 5.39141905e-04, 9.98759350e-01, 1.24090966e-03, 9.40047458e-01, 1.24168012e-03, 3.20245117e+00, 6.80859830e+01
1.27706330e-03, 5.54267703e-04, 9.98724566e-01, 1.27570905e-03, 9.40012659e-01, 1.27652335e-03, 3.20241632e+00, 6.80875542e+01
1.31291459e-03, 5.69817580e-04, 9.98688807e-01, 1.31148328e-03, 9.39976885e-01, 1.31234390e-03, 3.20238050e+00, 6.80891695e+01
1.34977233e-03, 5.85803413e-04, 9.98652047e-01, 1.34825959e-03, 9.39940108e-01, 1.34916917e-03, 3.20234368e+00, 6.80908300e+01
1.38766479e-03, 6.02237406e-04, 9.98614258e-01, 1.38606597e-03, 9.39902302e-01, 1.38702730e-03, 3.20230582e+00, 6.80925372e+01
1.42662102e-03, 6.19132106e-04, 9.98575411e-01, 1.42493123e-03, 9.39863437e-01, 1.42594725e-03, 3.20226690e+00, 6.80942922e+01
1.46667087e-03, 6.36500410e-04, 9.98535477e-01, 1.46488494e-03, 9.39823483e-01, 1.46595875e-03, 3.20222689e+00, 6.80960965e+01
1.50784505e-03, 6.54355573e-04, 9.98494425e-01, 1.50595751e-03, 9.39782410e-01, 1.50709241e-03, 3.20218575e+00, 6.80979514e+01
1.55017512e-03, 6.72711224e-04, 9.98452224e-01, 1.54818019e-03, 9.39740188e-01, 1.54937965e-03, 3.20214347e+00, 6.80998583e+01
1.59369353e-03, 6.91581368e-04, 9.98408842e-01, 1.59158510e-03, 9.39696783e-01, 1.59285279e-03, 3.20209999e+00, 6.81018188e+01
1.63843365e-03, 7.10980403e-04, 9.98364246e-01, 1.63620527e-03, 9.39652163e-01, 1.63754507e-03, 3.20205530e+00, 6.81038342e+01
1.68442976e-03, 7.30923128e-04, 9.98318403e-01, 1.68207461e-03, 9.39606293e-01, 1.68349062e-03, 3.20200936e+00, 6.81059062e+01
1.73171713e-03, 7.51424755e-04, 9.98271277e-01, 1.72922800e-03, 9.39559140e-01, 1.73072455e-03, 3.20196212e+00, 6.81080362e+01
1.78033202e-03, 7.72500920e-04, 9.98222832e-01, 1.77770128e-03, 9.39510667e-01, 1.77928295e-03, 3.20191356e+00, 6.81102261e+01
1.83031168e-03, 7.94167695e-04, 9.98173032e-01, 1.82753128e-03, 9.39460837e-01, 1.82920291e-03, 3.20186364e+00, 6.81124773e+01
1.88169442e-03, 8.16441599e-04, 9.98121840e-01, 1.87875587e-03, 9.39409612e-01, 1.88052257e-03, 3.20181232e+00, 6.81147917e+01
1.93451965e-03, 8.39339613e-04, 9.98069215e-01, 1.93141394e-03, 9.39356954e-01, 1.93328112e-03, 3.20175957e+00, 6.81171711e+01
1.98882786e-03, 8.62879189e-04, 9.98015120e-01, 1.98554548e-03, 9.39302822e-01, 1.98751885e-03, 3.20170533e+00, 6.81196171e+01
2.04466067e-03, 8.87078267e-04, 9.97959511e-01, 2.04119158e-03, 9.39247176e-01, 2.04327718e-03, 3.20164957e+00, 6.81221318e+01
2.10206088e-03, 9.11955285e-04, 9.97902349e-01, 2.09839448e-03, 9.39189973e-01, 2.10059867e-03, 3.20159225e+00, 6.81247170e+01
2.16107251e-03, 9.37529196e-04, 9.97843588e-01, 2.15719757e-03, 9.39131170e-01, 2.15952710e-03, 3.20153332e+00, 6.81273747e+01
2.22174078e-03, 9.63819479e-04, 9.97783184e-01, 2.21764545e-03, 9.39070723e-01, 2.22010745e-03, 3.20147274e+00, 6.81301069e+01
2.28411221e-03, 9.90846156e-04, 9.97721093e-01, 2.27978395e-03, 9.39008584e-01, 2.28238594e-03, 3.20141046e+00, 6.81329158e+01
2.34823460e-03, 1.01862981e-03, 9.97657267e-01, 2.34366018e-03, 9.38944708e-01, 2.34641012e-03, 3.20134644e+00, 6.81358034e+01
2.41415712e-03, 1.04719158e-03, 9.97591657e-01, 2.40932254e-03, 9.38879045e-01, 2.41222884e-03, 3.20128062e+00, 6.81387720e+01
2.48193029e-03, 1.07655322e-03, 9.97524214e-01, 2.47682077e-03, 9.38811547e-01, 2.47989231e-03, 3.20121295e+00, 6.81418239e+01
2.55160607e-03, 1.10673706e-03, 9.97454888e-01, 2.54620599e-03, 9.38742162e-01, 2.54945215e-03, 3.20114339e+00, 6.81449613e+01
2.62323788e-03, 1.13776607e-03, 9.97383625e-01, 2.61753071e-03, 9.38670837e-01, 2.62096142e-03, 3.20107189e+00, 6.81481867e+01
2.69688063e-03, 1.16966386e-03, 9.97310373e-01, 2.69084892e-03, 9.38597519e-01, 2.69447466e-03, 3.20099837e+00, 6.81515025e+01
2.77259076e-03, 1.20245468e-03, 9.97235075e-01, 2.76621608e-03, 9.38522152e-01, 2.77004793e-03, 3.20092280e+00, 6.81549114e+01
2.85042632e-03, 1.23616346e-03, 9.97157676e-01, 2.84368917e-03, 9.38444679e-01, 2.84773884e-03, 3.20084511e+00, 6.81584158e+01
2.93044698e-03, 1.27081583e-03, 9.97078115e-01, 2.92332676e-03, 9.38365041e-01, 2.92760662e-03, 3.20076524e+00, 6.81620184e+01
3.01271407e-03, 1.30643812e-03, 9.96996335e-01, 3.00518903e-03, 9.38283179e-01, 3.00971214e-03, 3.20068313e+00, 6.81657220e+01
3.09729067e-03, 1.34305740e-03, 9.96912273e-01, 3.08933780e-03, 9.38199030e-01, 3.09411799e-03, 3.20059873e+00, 6.81695295e+01
3.18424160e-03, 1.38070148e-03, 9.96825866e-01, 3.17583660e-03, 9.38112531e-01, 3.18088846e-03, 3.20051196e+00, 6.81734437e+01
3.27363353e-03, 1.41939895e-03, 9.96737048e-01, 3.26475070e-03, 9.38023617e-01, 3.27008966e-03, 3.20042276e+00, 6.81774677e+01
3.36553498e-03, 1.45917918e-03, 9.96645754e-01, 3.35614719e-03, 9.37932221e-01, 3.36178954e-03, 3.20033106e+00, 6.81816044e+01
3.46001639e-03, 1.50007238e-03, 9.96551914e-01, 3.45009496e-03, 9.37838273e-01, 3.45605794e-03, 3.20023679e+00, 6.81858571e+01
3.55715021e-03, 1.54210957e-03, 9.96455458e-01, 3.54666482e-03, 9.37741703e-01, 3.55296662e-03, 3.20013988e+00, 6.81902290e+01
3.65701088e-03, 1.58532264e-03, 9.96356314e-01, 3.64592951e-03, 9.37642438e-01, 3.65258937e-03, 3.20004026e+00, 6.81947234e+01
3.75967497e-03, 1.62974435e-03, 9.96254407e-01, 3.74796376e-03, 9.37540404e-01, 3.75500200e-03, 3.19993784e+00, 6.81993438e+01
3.86522116e-03, 1.67540839e-03, 9.96149661e-01, 3.85284436e-03, 9.37435524e-01, 3.86028245e-03, 3.19983256e+00, 6.82040937e+01
3.97373038e-03, 1.72234936e-03, 9.96041998e-01, 3.96065019e-03, 9.37327718e-01, 3.96851082e-03, 3.19972434e+00, 6.82089767e+01
4.08528580e-03, 1.77060283e-03, 9.95931336e-01, 4.07146228e-03, 9.37216906e-01, 4.07976943e-03, 3.19961308e+00, 6.82139965e+01
4.19997295e-03, 1.82020534e-03, 9.95817593e-01, 4.18536390e-03, 9.37103004e-01, 4.19414290e-03, 3.19949870e+00, 6.82191570e+01
4.31787973e-03, 1.87119444e-03, 9.95700684e-01, 4.30244056e-03, 9.36985927e-01, 4.31171818e-03, 3.19938113e+00, 6.82244621e+01
4.43909653e-03, 1.92360874e-03, 9.95580522e-01, 4.42278012e-03, 9.36865588e-01, 4.43258464e-03, 3.19926026e+00, 6.82299158e+01
4.56371628e-03, 1.97748788e-03, 9.95457017e-01, 4.54647283e-03, 9.36741895e-01, 4.55683415e-03, 3.19913601e+00, 6.82355224e+01
4.69183451e-03, 2.03287261e-03, 9.95330076e-01, 4.67361141e-03, 9.36614757e-01, 4.68456110e-03, 3.19900829e+00, 6.82412860e+01
4.82354943e-03, 2.08980480e-03, 9.95199606e-01, 4.80429109e-03, 9.36484077e-01, 4.81586251e-03, 3.19887698e+00, 6.82472111e+01
4.95896201e-03, 2.14832749e-03, 9.95065508e-01, 4.93860968e-03, 9.36349758e-01, 4.95083809e-03, 3.19874201e+00, 6.82533021e+01
5.09817606e-03, 2.20848488e-03, 9.94927683e-01, 5.07666767e-03, 9.36211700e-01, 5.08959031e-03, 3.19860326e+00, 6.82595638e+01
5.24129830e-03, 2.27032240e-03, 9.94786030e-01, 5.21856826e-03, 9.36069800e-01, 5.23222449e-03, 3.19846062e+00, 6.82660008e+01
5.38843844e-03, 2.33388671e-03, 9.94640441e-01, 5.36441745e-03, 9.35923951e-01, 5.37884885e-03, 3.19831400e+00, 6.82726182e+01
5.53970928e-03, 2.39922578e-03, 9.94490810e-01, 5.51432411e-03, 9.35774044e-01, 5.52957461e-03, 3.19816327e+00, 6.82794208e+01
5.69522678e-03, 2.46638889e-03, 9.94337025e-01, 5.66840007e-03, 9.35619968e-01, 5.68451608e-03, 3.19800833e+00, 6.82864140e+01
5.85511016e-03, 2.53542665e-03, 9.94178973e-01, 5.82676014e-03, 9.35461608e-01, 5.84379071e-03, 3.19784906e+00, 6.82936030e+01
6.01948197e-03, 2.60639109e-03, 9.94016535e-01, 5.98952229e-03, 9.35298846e-01, 6.00751922e-03, 3.19768533e+00, 6.83009933e+01
6.18846824e-03, 2.67933564e-03, 9.93849593e-01, 6.15680761e-03, 9.35131560e-01, 6.17582565e-03, 3.19751702e+00, 6.83085905e+01
6.36219849e-03, 2.75431521e-03, 9.93678023e-01, 6.32874049e-03, 9.34959627e-01, 6.34883747e-03, 3.19734401e+00, 6.83164005e+01
6.54080591e-03, 2.83138620e-03, 9.93501698e-01, 6.50544866e-03, 9.34782919e-01, 6.52668567e-03, 3.19716616e+00, 6.83244290e+01
6.72442742e-03, 2.91060657e-03, 9.93320488e-01, 6.68706328e-03, 9.34601305e-01, 6.70950486e-03, 3.19698334e+00, 6.83326823e+01
6.91320378e-03, 2.99203585e-03, 9.93134260e-01, 6.87371900e-03, 9.34414649e-01, 6.89743336e-03, 3.19679541e+00, 6.83411666e+01
7.10727970e-03, 3.07573520e-03, 9.92942877e-01, 7.06555413e-03, 9.34222814e-01, 7.09061330e-03, 3.19660223e+00, 6.83498884e+01
7.30680395e-03, 3.16176744e-03, 9.92746198e-01, 7.26271064e-03, 9.34025657e-01, 7.28919072e-03, 3.19640366e+00, 6.83588543e+01
7.51192949e-03, 3.25019713e-03, 9.92544079e-01, 7.46533431e-03, 9.33823034e-01, 7.49331570e-03, 3.19619953e+00, 6.83680711e+01
7.72281357e-03, 3.34109055e-03, 9.92336371e-01, 7.67357481e-03, 9.33614793e-01, 7.70314245e-03, 3.19598970e+00, 6.83775458e+01
7.93961785e-03, 3.43451582e-03, 9.92122923e-01, 7.88758580e-03, 9.33400782e-01, 7.91882940e-03, 3.19577402e+00, 6.83872856e+01
8.16250851e-03, 3.53054289e-03, 9.91903579e-01, 8.10752501e-03, 9.33180843e-01, 8.14053936e-03, 3.19555231e+00, 6.83972979e+01
8.39165644e-03, 3.62924361e-03, 9.91678177e-01, 8.33355439e-03, 9.32954814e-01, 8.36843960e-03, 3.19532441e+00, 6.84075903e+01
8.62723729e-03, 3.73069181e-03, 9.91446555e-01, 8.56584017e-03, 9.32722528e-01, 8.60270200e-03, 3.19509014e+00, 6.84181705e+01
8.86943166e-03, 3.83496328e-03, 9.91208544e-01, 8.80455296e-03, 9.32483815e-01, 8.84350313e-03, 3.19484934e+00, 6.84290468e+01
9.11842520e-03, 3.94213590e-03, 9.90963969e-01, 9.04986793e-03, 9.32238500e-01, 9.09102443e-03, 3.19460182e+00, 6.84402272e+01
9.37440879e-03, 4.05228964e-03, 9.90712655e-01, 9.30196481e-03, 9.31986403e-01, 9.34545231e-03, 3.19434739e+00, 6.84517202e+01
9.63757866e-03, 4.16550662e-03, 9.90454418e-01, 9.56102812e-03, 9.31727340e-01, 9.60697827e-03, 3.19408587e+00, 6.84635346e+01
9.90813657e-03, 4.28187121e-03, 9.90189071e-01, 9.82724720e-03, 9.31461121e-01, 9.87579907e-03, 3.19381705e+00, 6.84756794e+01
1.01862899e-02, 4.40147004e-03, 9.89916424e-01, 1.01008164e-02, 9.31187552e-01, 1.01521168e-02, 3.19354073e+00, 6.84881636e+01
1.04722519e-02, 4.52439206e-03, 9.89636280e-01, 1.03819350e-02, 9.30906433e-01, 1.04361392e-02, 3.19325671e+00, 6.85009969e+01
1.07662418e-02, 4.65072864e-03, 9.89348436e-01, 1.06708077e-02, 9.30617560e-01, 1.07280796e-02, 3.19296477e+00, 6.85141889e+01
1.10684849e-02, 4.78057359e-03, 9.89052685e-01, 1.09676445e-02, 9.30320723e-01, 1.10281570e-02, 3.19266469e+00, 6.85277495e+01
1.13792129e-02, 4.91402325e-03, 9.88748817e-01, 1.12726608e-02, 9.30015707e-01, 1.13365968e-02, 3.19235625e+00, 6.85416891e+01
1.16986641e-02, 5.05117654e-03, 9.88436612e-01, 1.15860776e-02, 9.29702290e-01, 1.16536300e-02, 3.19203922e+00, 6.85560182e+01
1.20270833e-02, 5.19213502e-03, 9.88115848e-01, 1.19081215e-02, 9.29380246e-01, 1.19794943e-02, 3.19171335e+00, 6.85707476e+01
1.23647224e-02, 5.33700299e-03, 9.87786297e-01, 1.22390252e-02, 9.29049343e-01, 1.23144337e-02, 3.19137841e+00, 6.85858885e+01
1.27118400e-02, 5.48588750e-03, 9.87447723e-01, 1.25790274e-02, 9.28709341e-01, 1.26586989e-02, 3.19103415e+00, 6.86014523e+01
1.30687023e-02, 5.63889849e-03, 9.87099885e-01, 1.29283726e-02, 9.28359995e-01, 1.30125473e-02, 3.19068030e+00, 6.86174507e+01
1.34355829e-02, 5.79614881e-03, 9.86742539e-01, 1.32873120e-02, 9.28001056e-01, 1.33762434e-02, 3.19031660e+00, 6.86338960e+01
1.38127630e-02, 5.95775431e-03, 9.86375430e-01, 1.36561029e-02, 9.27632265e-01, 1.37500587e-02, 3.18994279e+00, 6.86508004e+01
1.42005318e-02, 6.12383394e-03, 9.85998300e-01, 1.40350093e-02, 9.27253359e-01, 1.41342723e-02, 3.18955857e+00, 6.86681768e+01
1.45991865e-02, 6.29450978e-03, 9.85610883e-01, 1.44243019e-02, 9.26864066e-01, 1.45291707e-02, 3.18916368e+00, 6.86860382e+01
1.50090328e-02, 6.46990713e-03, 9.85212907e-01, 1.48242584e-02, 9.26464110e-01, 1.49350482e-02, 3.18875780e+00, 6.87043981e+01
1.54303847e-02, 6.65015464e-03, 9.84804094e-01, 1.52351632e-02, 9.26053205e-01, 1.53522068e-02, 3.18834064e+00, 6.87232705e+01
1.58635653e-02, 6.83538432e-03, 9.84384158e-01, 1.56573082e-02, 9.25631060e-01, 1.57809571e-02, 3.18791189e+00, 6.87426694e+01
1.63089068e-02, 7.02573168e-03, 9.83952805e-01, 1.60909924e-02, 9.25197376e-01, 1.62216177e-02, 3.18747123e+00, 6.87626096e+01
1.67667503e-02, 7.22133576e-03, 9.83509738e-01, 1.65365225e-02, 9.24751845e-01, 1.66745158e-02, 3.18701833e+00, 6.87831060e+01
1.72374471e-02, 7.42233928e-03, 9.83054648e-01, 1.69942126e-02, 9.24294155e-01, 1.71399876e-02, 3.18655286e+00, 6.88041741e+01
1.77213578e-02, 7.62888867e-03, 9.82587220e-01, 1.74643848e-02, 9.23823983e-01, 1.76183782e-02, 3.18607447e+00, 6.88258298e+01
1.82188534e-02, 7.84113421e-03, 9.82107134e-01, 1.79473692e-02, 9.23340999e-01, 1.81100418e-02, 3.18558280e+00, 6.88480893e+01
1.87303154e-02, 8.05923009e-03, 9.81614059e-01, 1.84435039e-02, 9.22844864e-01, 1.86153423e-02, 3.18507750e+00, 6.88709694e+01
1.92561357e-02, 8.28333450e-03, 9.81107658e-01, 1.89531353e-02, 9.22335233e-01, 1.91346533e-02, 3.18455819e+00, 6.88944874e+01
1.97967175e-02, 8.51360975e-03, 9.80587585e-01, 1.94766185e-02, 9.21811749e-01, 1.96683583e-02, 3.18402449e+00, 6.89186608e+01
2.03524752e-02, 8.75022235e-03, 9.80053486e-01, 2.00143172e-02, 9.21274051e-01, 2.02168509e-02, 3.18347600e+00, 6.89435079e+01
2.09238348e-02, 8.99334311e-03, 9.79504999e-01, 2.05666036e-02, 9.20721764e-01, 2.07805356e-02, 3.18291231e+00, 6.89690474e+01
2.15112343e-02, 9.24314725e-03, 9.78941755e-01, 2.11338594e-02, 9.20154509e-01, 2.13598271e-02, 3.18233302e+00, 6.89952983e+01
2.21151240e-02, 9.49981449e-03, 9.78363373e-01, 2.17164752e-02, 9.19571893e-01, 2.19551515e-02, 3.18173770e+00, 6.90222805e+01
2.27359668e-02, 9.76352916e-03, 9.77769466e-01, 2.23148508e-02, 9.18973517e-01, 2.25669460e-02, 3.18112590e+00, 6.90500142e+01
2.33742387e-02, 1.00344803e-02, 9.77159637e-01, 2.29293959e-02, 9.18358972e-01, 2.31956595e-02, 3.18049719e+00, 6.90785202e+01
2.40304289e-02, 1.03128618e-02, 9.76533482e-01, 2.35605298e-02, 9.17727838e-01, 2.38417526e-02, 3.17985109e+00, 6.91078199e+01
2.47050406e-02, 1.05988725e-02, 9.75890584e-01, 2.42086814e-02, 9.17079687e-01, 2.45056982e-02, 3.17918715e+00, 6.91379352e+01
2.53985907e-02, 1.08927162e-02, 9.75230519e-01, 2.48742900e-02, 9.16414078e-01, 2.51879815e-02, 3.17850487e+00, 6.91688888e+01
2.61116110e-02, 1.11946019e-02, 9.74552855e-01, 2.55578050e-02, 9.15730563e-01, 2.58891004e-02, 3.17780375e+00, 6.92007038e+01
2.68446481e-02, 1.15047439e-02, 9.73857148e-01, 2.62596863e-02, 9.15028682e-01, 2.66095661e-02, 3.17708328e+00, 6.92334041e+01
2.75982639e-02, 1.18233619e-02, 9.73142944e-01, 2.69804042e-02, 9.14307964e-01, 2.73499030e-02, 3.17634294e+00, 6.92670142e+01
2.83730362e-02, 1.21506810e-02, 9.72409782e-01, 2.77204401e-02, 9.13567928e-01, 2.81106492e-02, 3.17558220e+00, 6.93015592e+01
2.91695588e-02, 1.24869320e-02, 9.71657189e-01, 2.84802860e-02, 9.12808082e-01, 2.88923568e-02, 3.17480049e+00, 6.93370650e+01
2.99884423e-02, 1.28323514e-02, 9.70884681e-01, 2.92604452e-02, 9.12027923e-01, 2.96955923e-02, 3.17399725e+00, 6.93735582e+01
3.08303146e-02, 1.31871818e-02, 9.70091766e-01, 3.00614324e-02, 9.11226936e-01, 3.05209369e-02, 3.17317191e+00, 6.94110661e+01
3.16958209e-02, 1.35516713e-02, 9.69277940e-01, 3.08837735e-02, 9.10404594e-01, 3.13689868e-02, 3.17232386e+00, 6.94496168e+01
3.25856248e-02, 1.39260747e-02, 9.68442690e-01, 3.17280062e-02, 9.09560362e-01, 3.22403537e-02, 3.17145249e+00, 6.94892391e+01
3.35004083e-02, 1.43106525e-02, 9.67585491e-01, 3.25946800e-02, 9.08693688e-01, 3.31356649e-02, 3.17055718e+00, 6.95299626e+01
3.44408728e-02, 1.47056720e-02, 9.66705808e-01, 3.34843563e-02, 9.07804012e-01, 3.40555640e-02, 3.16963728e+00, 6.95718178e+01
3.54077391e-02, 1.51114068e-02, 9.65803096e-01, 3.43976086e-02, 9.06890759e-01, 3.50007109e-02, 3.16869214e+00, 6.96148361e+01
3.64017485e-02, 1.55281370e-02, 9.64876798e-01, 3.53350227e-02, 9.05953345e-01, 3.59717825e-02, 3.16772106e+00, 6.96590495e+01
3.74236629e-02, 1.59561497e-02, 9.63926345e-01, 3.62971969e-02, 9.04991171e-01, 3.69694730e-02, 3.16672337e+00, 6.97044911e+01
3.84742658e-02, 1.63957388e-02, 9.62951161e-01, 3.72847419e-02, 9.04003626e-01, 3.79944942e-02, 3.16569835e+00, 6.97511950e+01
3.95543624e-02, 1.68472053e-02, 9.61950655e-01, 3.82982812e-02, 9.02990087e-01, 3.90475758e-02, 3.16464527e+00, 6.97991961e+01
4.06647809e-02, 1.73108570e-02, 9.60924227e-01, 3.93384510e-02, 9.01949917e-01, 4.01294663e-02, 3.16356338e+00, 6.98485302e+01
4.18063724e-02, 1.77870096e-02, 9.59871264e-01, 4.04059007e-02, 9.00882467e-01, 4.12409327e-02, 3.16245191e+00, 6.98992342e+01
4.29800121e-02, 1.82759856e-02, 9.58791145e-01, 4.15012925e-02, 8.99787075e-01, 4.23827614e-02, 3.16131009e+00, 6.99513461e+01
4.41865996e-02, 1.87781154e-02, 9.57683234e-01, 4.26253019e-02, 8.98663066e-01, 4.35557587e-02, 3.16013709e+00, 7.00049050e+01
4.54270599e-02, 1.92937372e-02, 9.56546887e-01, 4.37786178e-02, 8.97509750e-01, 4.47607507e-02, 3.15893210e+00, 7.00599508e+01
4.67023439e-02, 1.98231967e-02, 9.55381447e-01, 4.49619421e-02, 8.96326426e-01, 4.59985843e-02, 3.15769426e+00, 7.01165248e+01
4.80134292e-02, 2.03668477e-02, 9.54186246e-01, 4.61759906e-02, 8.95112377e-01, 4.72701273e-02, 3.15642272e+00, 7.01746693e+01
4.93613210e-02, 2.09250522e-02, 9.52960606e-01, 4.74214923e-02, 8.93866876e-01, 4.85762688e-02, 3.15511658e+00, 7.02344281e+01
5.07470524e-02, 2.14981804e-02, 9.51703836e-01, 4.86991898e-02, 8.92589178e-01, 4.99179201e-02, 3.15377493e+00, 7.02958458e+01
5.21716858e-02, 2.20866106e-02, 9.50415235e-01, 5.00098394e-02, 8.91278529e-01, 5.12960146e-02, 3.15239683e+00, 7.03589685e+01
5.36363132e-02, 2.26907300e-02, 9.49094092e-01, 5.13542111e-02, 8.89934157e-01, 5.27115085e-02, 3.15098134e+00, 7.04238437e+01
5.51420574e-02, 2.33109341e-02, 9.47739684e-01, 5.27330883e-02, 8.88555280e-01, 5.41653814e-02, 3.14952747e+00, 7.04905200e+01
5.66900727e-02, 2.39476274e-02, 9.46351277e-01, 5.41472684e-02, 8.87141100e-01, 5.56586364e-02, 3.14803421e+00, 7.05590477e+01
5.82815458e-02, 2.46012230e-02, 9.44928128e-01, 5.55975622e-02, 8.85690806e-01, 5.71923010e-02, 3.14650055e+00, 7.06294783e+01
5.99176967e-02, 2.52721433e-02, 9.43469482e-01, 5.70847941e-02, 8.84203574e-01, 5.87674272e-02, 3.14492542e+00, 7.07018650e+01
6.15997796e-02, 2.59608197e-02, 9.41974574e-01, 5.86098021e-02, 8.82678566e-01, 6.03850922e-02, 3.14330775e+00, 7.07762622e+01
6.33290840e-02, 2.66676928e-02, 9.40442630e-01, 6.01734377e-02, 8.81114930e-01, 6.20463988e-02, 3.14164645e+00, 7.08527263e+01
6.51069356e-02, 2.73932126e-02, 9.38872865e-01, 6.17765657e-02, 8.79511802e-01, 6.37524759e-02, 3.13994037e+00, 7.09313151e+01
6.69346971e-02, 2.81378388e-02, 9.37264486e-01, 6.34200642e-02, 8.77868304e-01, 6.55044788e-02, 3.13818837e+00, 7.10120881e+01
6.88137699e-02, 2.89020403e-02, 9.35616689e-01, 6.51048245e-02, 8.76183543e-01, 6.73035901e-02, 3.13638926e+00, 7.10951067e+01
7.07455942e-02, 2.96862961e-02, 9.33928662e-01, 6.68317506e-02, 8.74456617e-01, 6.91510197e-02, 3.13454183e+00, 7.11804340e+01
7.27316511e-02, 3.04910947e-02, 9.32199585e-01, 6.86017594e-02, 8.72686609e-01, 7.10480057e-02, 3.13264484e+00, 7.12681349e+01
7.47734631e-02, 3.13169348e-02, 9.30428629e-01, 7.04157804e-02, 8.70872588e-01, 7.29958143e-02, 3.13069703e+00, 7.13582766e+01
7.68725952e-02, 3.21643250e-02, 9.28614958e-01, 7.22747551e-02, 8.69013613e-01, 7.49957411e-02, 3.12869711e+00, 7.14509279e+01
7.90306568e-02, 3.30337838e-02, 9.26757728e-01, 7.41796374e-02, 8.67108731e-01, 7.70491109e-02, 3.12664374e+00, 7.15461600e+01
8.12493021e-02, 3.39258402e-02, 9.24856088e-01, 7.61313924e-02, 8.65156976e-01, 7.91572783e-02, 3.12453557e+00, 7.16440461e+01
8.35302320e-02, 3.48410332e-02, 9.22909182e-01, 7.81309968e-02, 8.63157371e-01, 8.13216283e-02, 3.12237122e+00, 7.17446618e+01
8.58751948e-02, 3.57799125e-02, 9.20916146e-01, 8.01794383e-02, 8.61108930e-01, 8.35435769e-02, 3.12014927e+00, 7.18480849e+01
8.82859884e-02, 3.67430377e-02, 9.18876114e-01, 8.22777149e-02, 8.59010653e-01, 8.58245711e-02, 3.11786828e+00, 7.19543957e+01
9.07644607e-02, 3.77309793e-02, 9.16788212e-01, 8.44268348e-02, 8.56861533e-01, 8.81660898e-02, 3.11552676e+00, 7.20636770e+01
9.33125118e-02, 3.87443182e-02, 9.14651565e-01, 8.66278157e-02, 8.54660552e-01, 9.05696438e-02, 3.11312320e+00, 7.21760144e+01
9.59320948e-02, 3.97836456e-02, 9.12465293e-01, 8.88816843e-02, 8.52406684e-01, 9.30367766e-02, 3.11065607e+00, 7.22914961e+01
9.86252179e-02, 4.08495636e-02, 9.10228514e-01, 9.11894757e-02, 8.50098892e-01, 9.55690647e-02, 3.10812378e+00, 7.24102130e+01
1.01393946e-01, 4.19426849e-02, 9.07940346e-01, 9.35522328e-02, 8.47736135e-01, 9.81681179e-02, 3.10552473e+00, 7.25322592e+01
1.04240401e-01, 4.30636326e-02, 9.05599903e-01, 9.59710057e-02, 8.45317362e-01, 1.00835580e-01, 3.10285727e+00, 7.26577319e+01
1.07166765e-01, 4.42130406e-02, 9.03206303e-01, 9.84468507e-02, 8.42841517e-01, 1.03573128e-01, 3.10011972e+00, 7.27867313e+01
1.10175281e-01, 4.53915533e-02, 9.00758661e-01, 1.00980830e-01, 8.40307538e-01, 1.06382474e-01, 3.09731037e+00, 7.29193613e+01
1.13268257e-01, 4.65998259e-02, 8.98256098e-01, 1.03574010e-01, 8.37714358e-01, 1.09265366e-01, 3.09442748e+00, 7.30557290e+01
1.16448062e-01, 4.78385241e-02, 8.95697735e-01, 1.06227461e-01, 8.35060907e-01, 1.12223584e-01, 3.09146926e+00, 7.31959453e+01
1.19717134e-01, 4.91083240e-02, 8.93082699e-01, 1.08942258e-01, 8.32346110e-01, 1.15258947e-01, 3.08843390e+00, 7.33401250e+01
1.23077980e-01, 5.04099123e-02, 8.90410121e-01, 1.11719474e-01, 8.29568894e-01, 1.18373308e-01, 3.08531954e+00, 7.34883868e+01
1.26533176e-01, 5.17439860e-02, 8.87679139e-01, 1.14560188e-01, 8.26728180e-01, 1.21568554e-01, 3.08212429e+00, 7.36408537e+01
1.30085370e-01, 5.31112527e-02, 8.84888900e-01, 1.17465474e-01, 8.23822894e-01, 1.24846610e-01, 3.07884624e+00, 7.37976530e+01
1.33737286e-01, 5.45124297e-02, 8.82038557e-01, 1.20436407e-01, 8.20851961e-01, 1.28209438e-01, 3.07548341e+00, 7.39589167e+01
1.37491723e-01, 5.59482450e-02, 8.79127276e-01, 1.23474058e-01, 8.17814310e-01, 1.31659034e-01, 3.07203381e+00, 7.41247815e+01
1.41351558e-01, 5.74194362e-02, 8.76154234e-01, 1.26579496e-01, 8.14708872e-01, 1.35197431e-01, 3.06849542e+00, 7.42953894e+01
1.45319752e-01, 5.89267507e-02, 8.73118619e-01, 1.29753782e-01, 8.11534586e-01, 1.38826700e-01, 3.06486615e+00, 7.44708873e+01
1.49399346e-01, 6.04709458e-02, 8.70019635e-01, 1.32997972e-01, 8.08290396e-01, 1.42548946e-01, 3.06114390e+00, 7.46514281e+01
1.53593468e-01, 6.20527881e-02, 8.66856504e-01, 1.36313113e-01, 8.04975255e-01, 1.46366310e-01, 3.05732654e+00, 7.48371702e+01
1.57905331e-01, 6.36730536e-02, 8.63628462e-01, 1.39700239e-01, 8.01588129e-01, 1.50280973e-01, 3.05341187e+00, 7.50282785e+01
1.62338243e-01, 6.53325272e-02, 8.60334766e-01, 1.43160378e-01, 7.98127990e-01, 1.54295146e-01, 3.04939770e+00, 7.52249240e+01
1.66895601e-01, 6.70320026e-02, 8.56974693e-01, 1.46694538e-01, 7.94593830e-01, 1.58411081e-01, 3.04528177e+00, 7.54272848e+01
1.71580899e-01, 6.87722823e-02, 8.53547545e-01, 1.50303717e-01, 7.90984651e-01, 1.62631061e-01, 3.04106179e+00, 7.56355459e+01
1.76397728e-01, 7.05541769e-02, 8.50052645e-01, 1.53988892e-01, 7.87299476e-01, 1.66957406e-01, 3.03673544e+00, 7.58498999e+01
1.81349780e-01, 7.23785049e-02, 8.46489343e-01, 1.57751021e-01, 7.83537347e-01, 1.71392471e-01, 3.03230038e+00, 7.60705474e+01
1.86440853e-01, 7.42460926e-02, 8.42857018e-01, 1.61591042e-01, 7.79697326e-01, 1.75938642e-01, 3.02775420e+00, 7.62976973e+01
1.91674849e-01, 7.61577735e-02, 8.39155077e-01, 1.65509869e-01, 7.75778499e-01, 1.80598341e-01, 3.02309451e+00, 7.65315672e+01
1.97055780e-01, 7.81143880e-02, 8.35382959e-01, 1.69508388e-01, 7.71779980e-01, 1.85374019e-01, 3.01831883e+00, 7.67723839e+01
2.02587771e-01, 8.01167833e-02, 8.31540137e-01, 1.73587458e-01, 7.67700910e-01, 1.90268162e-01, 3.01342468e+00, 7.70203842e+01
2.08275063e-01, 8.21658124e-02, 8.27626118e-01, 1.77747907e-01, 7.63540461e-01, 1.95283282e-01, 3.00840956e+00, 7.72758150e+01
2.14122015e-01, 8.42623342e-02, 8.23640447e-01, 1.81990530e-01, 7.59297838e-01, 2.00421924e-01, 3.00327092e+00, 7.75389339e+01
2.20133111e-01, 8.64072127e-02, 8.19582709e-01, 1.86316086e-01, 7.54972282e-01, 2.05686659e-01, 2.99800619e+00, 7.78100103e+01
2.26312957e-01, 8.86013169e-02, 8.15452527e-01, 1.90725294e-01, 7.50563074e-01, 2.11080084e-01, 2.99261276e+00, 7.80893252e+01
2.32666291e-01, 9.08455198e-02, 8.11249571e-01, 1.95218832e-01, 7.46069536e-01, 2.16604821e-01, 2.98708803e+00, 7.83771726e+01
2.39197984e-01, 9.31406982e-02, 8.06973553e-01, 1.99797334e-01, 7.41491034e-01, 2.22263516e-01, 2.98142933e+00, 7.86738599e+01
2.45913043e-01, 9.54877322e-02, 8.02624233e-01, 2.04461386e-01, 7.36826982e-01, 2.28058836e-01, 2.97563401e+00, 7.89797085e+01
2.52816614e-01, 9.78875042e-02, 7.98201419e-01, 2.09211525e-01, 7.32076843e-01, 2.33993466e-01, 2.96969938e+00, 7.92950548e+01
2.59913992e-01, 1.00340899e-01, 7.93704972e-01, 2.14048232e-01, 7.27240136e-01, 2.40070109e-01, 2.96362274e+00, 7.96202508e+01
2.67210616e-01, 1.02848802e-01, 7.89134803e-01, 2.18971932e-01, 7.22316436e-01, 2.46291482e-01, 2.95740136e+00, 7.99556652e+01
2.74712079e-01, 1.05412101e-01, 7.84490880e-01, 2.23982992e-01, 7.17305376e-01, 2.52660313e-01, 2.95103253e+00, 8.03016842e+01
2.82424133e-01, 1.08031682e-01, 7.79773224e-01, 2.29081712e-01, 7.12206656e-01, 2.59179340e-01, 2.94451351e+00, 8.06587123e+01
2.90352688e-01, 1.10708431e-01, 7.74981917e-01, 2.34268329e-01, 7.07020039e-01, 2.65851306e-01, 2.93784154e+00, 8.10271736e+01
2.98503825e-01, 1.13443233e-01, 7.70117100e-01, 2.39543005e-01, 7.01745363e-01, 2.72678958e-01, 2.93101389e+00, 8.14075125e+01
3.06883789e-01, 1.16236971e-01, 7.65178976e-01, 2.44905833e-01, 6.96382535e-01, 2.79665038e-01, 2.92402781e+00, 8.18001951e+01
3.15499006e-01, 1.19090524e-01, 7.60167811e-01, 2.50356826e-01, 6.90931542e-01, 2.86812287e-01, 2.91688056e+00, 8.22057102e+01
3.24356081e-01, 1.22004770e-01, 7.55083934e-01, 2.55895915e-01, 6.85392453e-01, 2.94123435e-01, 2.90956941e+00, 8.26245705e+01
3.33461802e-01, 1.24980579e-01, 7.49927744e-01, 2.61522948e-01, 6.79765420e-01, 3.01601198e-01, 2.90209165e+00, 8.30573138e+01
3.42823149e-01, 1.28018820e-01, 7.44699703e-01, 2.67237685e-01, 6.74050683e-01, 3.09248275e-01, 2.89444457e+00, 8.35045047e+01
3.52447300e-01, 1.31120351e-01, 7.39400345e-01, 2.73039792e-01, 6.68248576e-01, 3.17067341e-01, 2.88662551e+00, 8.39667353e+01
3.62341632e-01, 1.34286029e-01, 7.34030273e-01, 2.78928842e-01, 6.62359526e-01, 3.25061042e-01, 2.87863180e+00, 8.44446272e+01
3.72513730e-01, 1.37516698e-01, 7.28590161e-01, 2.84904307e-01, 6.56384061e-01, 3.33231991e-01, 2.87046086e+00, 8.49388326e+01
3.82971391e-01, 1.40813196e-01, 7.23080757e-01, 2.90965557e-01, 6.50322811e-01, 3.41582760e-01, 2.86211009e+00, 8.54500364e+01
3.93722633e-01, 1.44176353e-01, 7.17502878e-01, 2.97111853e-01, 6.44176515e-01, 3.50115876e-01, 2.85357697e+00, 8.59789569e+01
4.04775697e-01, 1.47606985e-01, 7.11857418e-01, 3.03342350e-01, 6.37946018e-01, 3.58833812e-01, 2.84485903e+00, 8.65263484e+01
4.16139055e-01, 1.51105900e-01, 7.06145344e-01, 3.09656088e-01, 6.31632280e-01, 3.67738983e-01, 2.83595386e+00, 8.70930022e+01
4.27821420e-01, 1.54673893e-01, 7.00367697e-01, 3.16051990e-01, 6.25236378e-01, 3.76833736e-01, 2.82685911e+00, 8.76797489e+01
4.39831747e-01, 1.58311745e-01, 6.94525595e-01, 3.22528860e-01, 6.18759508e-01, 3.86120345e-01, 2.81757250e+00, 8.82874598e+01
4.52179242e-01, 1.62020224e-01, 6.88620228e-01, 3.29085378e-01, 6.12202990e-01, 3.95601001e-01, 2.80809185e+00, 8.89170492e+01
4.64873371e-01, 1.65800084e-01, 6.82652863e-01, 3.35720101e-01, 6.05568267e-01, 4.05277807e-01, 2.79841504e+00, 8.95694758e+01
4.77923865e-01, 1.69652062e-01, 6.76624841e-01, 3.42431456e-01, 5.98856912e-01, 4.15152766e-01, 2.78854008e+00, 9.02457453e+01
4.91340729e-01, 1.73576879e-01, 6.70537578e-01, 3.49217740e-01, 5.92070628e-01, 4.25227775e-01, 2.77846507e+00, 9.09469120e+01
5.05134247e-01, 1.77575238e-01, 6.64392563e-01, 3.56077118e-01, 5.85211250e-01, 4.35504617e-01, 2.76818823e+00, 9.16740810e+01
5.19314994e-01, 1.81647824e-01, 6.58191359e-01, 3.63007620e-01, 5.78280748e-01, 4.45984948e-01, 2.75770790e+00, 9.24284105e+01
5.33893840e-01, 1.85795303e-01, 6.51935600e-01, 3.70007141e-01, 5.71281227e-01, 4.56670295e-01, 2.74702255e+00, 9.32111138e+01
5.48881961e-01, 1.90018322e-01, 6.45626991e-01, 3.77073438e-01, 5.64214930e-01, 4.67562037e-01, 2.73613081e+00, 9.40234615e+01
5.64290847e-01, 1.94317504e-01, 6.39267309e-01, 3.84204131e-01, 5.57084237e-01, 4.78661405e-01, 2.72503144e+00, 9.48667839e+01
5.80132310e-01, 1.98693454e-01, 6.32858396e-01, 3.91396703e-01, 5.49891665e-01, 4.89969467e-01, 2.71372338e+00, 9.57424733e+01
5.96418495e-01, 2.03146750e-01, 6.26402164e-01, 3.98648498e-01, 5.42639870e-01, 5.01487121e-01, 2.70220573e+00, 9.66519861e+01
6.13161884e-01, 2.07677952e-01, 6.19900588e-01, 4.05956724e-01, 5.35331644e-01, 5.13215084e-01, 2.69047776e+00, 9.75968453e+01
6.30375315e-01, 2.12287591e-01, 6.13355704e-01, 4.13318451e-01, 5.27969917e-01, 5.25153884e-01, 2.67853896e+00, 9.85786431e+01
6.48071983e-01, 2.16976176e-01, 6.06769614e-01, 4.20730617e-01, 5.20557751e-01, 5.37303852e-01, 2.66638899e+00, 9.95990428e+01
6.66265452e-01, 2.21744190e-01, 6.00144472e-01, 4.28190028e-01, 5.13098340e-01, 5.49665111e-01, 2.65402774e+00, 1.00659782e+02
6.84969672e-01, 2.26592088e-01, 5.93482492e-01, 4.35693360e-01, 5.05595008e-01, 5.62237567e-01, 2.64145528e+00, 1.01762674e+02
7.04198979e-01, 2.31520301e-01, 5.86785940e-01, 4.43237164e-01, 4.98051204e-01, 5.75020906e-01, 2.62867194e+00, 1.02909612e+02
7.23968114e-01, 2.36529229e-01, 5.80057132e-01, 4.50817869e-01, 4.90470499e-01, 5.88014579e-01, 2.61567827e+00, 1.04102568e+02
7.44292233e-01, 2.41619247e-01, 5.73298431e-01, 4.58431788e-01, 4.82856580e-01, 6.01217802e-01, 2.60247504e+00, 1.05343602e+02
7.65186915e-01, 2.46790700e-01, 5.66512244e-01, 4.66075123e-01, 4.75213245e-01, 6.14629545e-01, 2.58906330e+00, 1.06634855e+02
7.86668179e-01, 2.52043903e-01, 5.59701019e-01, 4.73743972e-01, 4.67544396e-01, 6.28248526e-01, 2.57544432e+00, 1.07978563e+02
8.08752491e-01, 2.57379142e-01, 5.52867241e-01, 4.81434332e-01, 4.59854036e-01, 6.42073210e-01, 2.56161964e+00, 1.09377048e+02
8.31456781e-01, 2.62796674e-01, 5.46013431e-01, 4.89142112e-01, 4.52146256e-01, 6.56101802e-01, 2.54759104e+00, 1.10832729e+02
8.54798453e-01, 2.68296725e-01, 5.39142136e-01, 4.96863137e-01, 4.44425230e-01, 6.70332243e-01, 2.53336060e+00, 1.12348123e+02
8.78795401e-01, 2.73879488e-01, 5.32255933e-01, 5.04593159e-01, 4.36695209e-01, 6.84762210e-01, 2.51893064e+00, 1.13925844e+02
9.03466021e-01, 2.79545129e-01, 5.25357421e-01, 5.12327864e-01, 4.28960504e-01, 6.99389112e-01, 2.50430373e+00, 1.15568609e+02
9.28829225e-01, 2.85293778e-01, 5.18449216e-01, 5.20062883e-01, 4.21225485e-01, 7.14210094e-01, 2.48948275e+00, 1.17279242e+02
9.54904456e-01, 2.91125536e-01, 5.11533951e-01, 5.27793804e-01, 4.13494564e-01, 7.29222034e-01, 2.47447081e+00, 1.19060674e+02
9.81711702e-01, 2.97040474e-01, 5.04614268e-01, 5.35516179e-01, 4.05772189e-01, 7.44421546e-01, 2.45927130e+00, 1.20915947e+02
1.00927151e+00, 3.03038627e-01, 4.97692817e-01, 5.43225539e-01, 3.98062829e-01, 7.59804984e-01, 2.44388786e+00, 1.22848218e+02
1.03760502e+00, 3.09120002e-01, 4.90772250e-01, 5.50917404e-01, 3.90370964e-01, 7.75368447e-01, 2.42832440e+00, 1.24860761e+02
1.06673394e+00, 3.15284571e-01, 4.83855218e-01, 5.58587292e-01, 3.82701076e-01, 7.91107783e-01, 2.41258506e+00, 1.26956973e+02
1.09668060e+00, 3.21532276e-01, 4.76944367e-01, 5.66230736e-01, 3.75057632e-01, 8.07018596e-01, 2.39667425e+00, 1.29140374e+02
1.12746796e+00, 3.27863028e-01, 4.70042332e-01, 5.73843292e-01, 3.67445076e-01, 8.23096256e-01, 2.38059659e+00, 1.31414612e+02
1.15911962e+00, 3.34276704e-01, 4.63151736e-01, 5.81420555e-01, 3.59867813e-01, 8.39335903e-01, 2.36435694e+00, 1.33783469e+02
1.19165984e+00, 3.40773150e-01, 4.56275185e-01, 5.88958165e-01, 3.52330203e-01, 8.55732463e-01, 2.34796038e+00, 1.36250863e+02
1.22511358e+00, 3.47352184e-01, 4.49415262e-01, 5.96451825e-01, 3.44836543e-01, 8.72280656e-01, 2.33141219e+00, 1.38820853e+02
1.25950646e+00, 3.54013588e-01, 4.42574525e-01, 6.03897310e-01, 3.37391058e-01, 8.88975008e-01, 2.31471784e+00, 1.41497644e+02
1.29486487e+00, 3.60757118e-01, 4.35755505e-01, 6.11290479e-01, 3.29997889e-01, 9.05809862e-01, 2.29788298e+00, 1.44285592e+02
1.33121590e+00, 3.67582497e-01, 4.28960698e-01, 6.18627283e-01, 3.22661085e-01, 9.22779395e-01, 2.28091345e+00, 1.47189209e+02
1.36858742e+00, 3.74489419e-01, 4.22192565e-01, 6.25903782e-01, 3.15384586e-01, 9.39877630e-01, 2.26381522e+00, 1.50213168e+02
1.40700809e+00, 3.81477549e-01, 4.15453528e-01, 6.33116148e-01, 3.08172220e-01, 9.57098450e-01, 2.24659440e+00, 1.53362311e+02
1.44650734e+00, 3.88546523e-01, 4.08745964e-01, 6.40260679e-01, 3.01027689e-01, 9.74435616e-01, 2.22925723e+00, 1.56641653e+02
1.48711546e+00, 3.95695948e-01, 4.02072206e-01, 6.47333807e-01, 2.93954561e-01, 9.91882778e-01, 2.21181007e+00, 1.60056392e+02
1.52886359e+00, 4.02925403e-01, 3.95434536e-01, 6.54332104e-01, 2.86956264e-01, 1.00943349e+00, 2.19425935e+00, 1.63611911e+02
1.57178372e+00, 4.10234442e-01, 3.88835186e-01, 6.61252292e-01, 2.80036076e-01, 1.02708124e+00, 2.17661160e+00, 1.67313793e+02
1.61590875e+00, 4.17622591e-01, 3.82276331e-01, 6.68091249e-01, 2.73197119e-01, 1.04481944e+00, 2.15887340e+00, 1.71167822e+02
1.66127252e+00, 4.25089350e-01, 3.75760089e-01, 6.74846012e-01, 2.66442356e-01, 1.06264147e+00, 2.14105138e+00, 1.75179997e+02
1.70790980e+00, 4.32634194e-01, 3.69288519e-01, 6.81513787e-01, 2.59774581e-01, 1.08054066e+00, 2.12315219e+00, 1.79356536e+02
1.75585633e+00, 4.40256573e-01, 3.62863618e-01, 6.88091948e-01, 2.53196420e-01, 1.09851033e+00, 2.10518251e+00, 1.83703892e+02
1.80514888e+00, 4.47955916e-01, 3.56487318e-01, 6.94578044e-01, 2.46710324e-01, 1.11654382e+00, 2.08714903e+00, 1.88228757e+02
1.85582523e+00, 4.55731626e-01, 3.50161484e-01, 7.00969799e-01, 2.40318569e-01, 1.13463445e+00, 2.06905840e+00, 1.92938078e+02
1.90792422e+00, 4.63583085e-01, 3.43887915e-01, 7.07265117e-01, 2.34023251e-01, 1.15277559e+00, 2.05091726e+00, 1.97839064e+02
1.96148581e+00, 4.71509656e-01, 3.37668341e-01, 7.13462077e-01, 2.27826291e-01, 1.17096063e+00, 2.03273222e+00, 2.02939202e+02
2.01655104e+00, 4.79510678e-01, 3.31504419e-01, 7.19558941e-01, 2.21729427e-01, 1.18918303e+00, 2.01450982e+00, 2.08246265e+02
2.07316213e+00, 4.87585472e-01, 3.25397736e-01, 7.25554144e-01, 2.15734224e-01, 1.20743630e+00, 1.99625655e+00, 2.13768330e+02
2.13136247e+00, 4.95733342e-01, 3.19349807e-01, 7.31446302e-01, 2.09842065e-01, 1.22571402e+00, 1.97797882e+00, 2.19513788e+02
2.19119669e+00, 5.03953573e-01, 3.13362070e-01, 7.37234205e-01, 2.04054163e-01, 1.24400988e+00, 1.95968297e+00, 2.25491362e+02
2.25271064e+00, 5.12245431e-01, 3.07435893e-01, 7.42916812e-01, 1.98371556e-01, 1.26231763e+00, 1.94137522e+00, 2.31710117e+02
2.31595149e+00, 5.20608169e-01, 3.01572566e-01, 7.48493254e-01, 1.92795114e-01, 1.28063114e+00, 1.92306171e+00, 2.38179483e+02
2.38096772e+00, 5.29041024e-01, 2.95773306e-01, 7.53962827e-01, 1.87325541e-01, 1.29894438e+00, 1.90474847e+00, 2.44909264e+02
2.44780916e+00, 5.37543219e-01, 2.90039255e-01, 7.59324987e-01, 1.81963381e-01, 1.31725145e+00, 1.88644140e+00, 2.51909662e+02
2.51652705e+00, 5.46113963e-01, 2.84371479e-01, 7.64579346e-01, 1.76709022e-01, 1.33554656e+00, 1.86814629e+00, 2.59191289e+02
2.58717408e+00, 5.54752453e-01, 2.78770971e-01, 7.69725670e-01, 1.71562698e-01, 1.35382406e+00, 1.84986879e+00, 2.66765192e+02
2.65980440e+00, 5.63457874e-01, 2.73238647e-01, 7.74763868e-01, 1.66524500e-01, 1.37207841e+00, 1.83161443e+00, 2.74642867e+02
2.73447368e+00, 5.72229403e-01, 2.67775351e-01, 7.79693993e-01, 1.61594375e-01, 1.39030425e+00, 1.81338860e+00, 2.82836283e+02
2.81123917e+00, 5.81066203e-01, 2.62381854e-01, 7.84516230e-01, 1.56772138e-01, 1.40849632e+00, 1.79519653e+00, 2.91357903e+02
2.89015972e+00, 5.89967432e-01, 2.57058854e-01, 7.89230896e-01, 1.52057472e-01, 1.42664951e+00, 1.77704333e+00, 3.00220702e+02
2.97129582e+00, 5.98932239e-01, 2.51806978e-01, 7.93838429e-01, 1.47449939e-01, 1.44475889e+00, 1.75893396e+00, 3.09438197e+02
3.05470967e+00, 6.07959763e-01, 2.46626782e-01, 7.98339385e-01, 1.42948983e-01, 1.46281963e+00, 1.74087322e+00, 3.19024466e+02
3.14046522e+00, 6.17049141e-01, 2.41518754e-01, 8.02734429e-01, 1.38553939e-01, 1.48082708e+00, 1.72286576e+00, 3.28994173e+02
3.22862820e+00, 6.26199502e-01, 2.36483311e-01, 8.07024332e-01, 1.34264036e-01, 1.49877674e+00, 1.70491611e+00, 3.39362599e+02
3.31926620e+00, 6.35409971e-01, 2.31520808e-01, 8.11209963e-01, 1.30078405e-01, 1.51666425e+00, 1.68702860e+00, 3.50145660e+02
3.41244871e+00, 6.44679670e-01, 2.26631530e-01, 8.15292281e-01, 1.25996086e-01, 1.53448539e+00, 1.66920746e+00, 3.61359946e+02
3.50824714e+00, 6.54007716e-01, 2.21815701e-01, 8.19272335e-01, 1.22016033e-01, 1.55223612e+00, 1.65145672e+00, 3.73022740e+02
3.60673495e+00, 6.63393226e-01, 2.17073483e-01, 8.23151248e-01, 1.18137120e-01, 1.56991253e+00, 1.63378032e+00, 3.85152056e+02
3.70798763e+00, 6.72835313e-01, 2.12404976e-01, 8.26930222e-01, 1.14358146e-01, 1.58751086e+00, 1.61618199e+00, 3.97766666e+02
3.81208280e+00, 6.82333091e-01, 2.07810223e-01, 8.30610524e-01, 1.10677844e-01, 1.60502749e+00, 1.59866536e+00, 4.10886136e+02
3.91910025e+00, 6.91885673e-01, 2.03289209e-01, 8.34193484e-01, 1.07094884e-01, 1.62245896e+00, 1.58123389e+00, 4.24530857e+02
4.02912203e+00, 7.01492174e-01, 1.98841864e-01, 8.37680489e-01, 1.03607879e-01, 1.63980195e+00, 1.56389089e+00, 4.38722083e+02
4.14223247e+00, 7.11151707e-01, 1.94468065e-01, 8.41072976e-01, 1.00215392e-01, 1.65705328e+00, 1.54663957e+00, 4.53481969e+02
4.25851829e+00, 7.20863389e-01, 1.90167637e-01, 8.44372431e-01, 9.69159370e-02, 1.67420990e+00, 1.52948294e+00, 4.68833605e+02
4.37806863e+00, 7.30626340e-01, 1.85940357e-01, 8.47580378e-01, 9.37079899e-02, 1.69126892e+00, 1.51242393e+00, 4.84801062e+02
4.50097513e+00, 7.40439681e-01, 1.81785952e-01, 8.50698379e-01, 9.05899886e-02, 1.70822756e+00, 1.49546529e+00, 5.01409430e+02
4.62733201e+00, 7.50302539e-01, 1.77704105e-01, 8.53728028e-01, 8.75603395e-02, 1.72508318e+00, 1.47860966e+00, 5.18684860e+02
4.75723614e+00, 7.60214043e-01, 1.73694456e-01, 8.56670946e-01, 8.46174220e-02, 1.74183329e+00, 1.46185955e+00, 5.36654615e+02
4.89078709e+00, 7.70173327e-01, 1.69756602e-01, 8.59528776e-01, 8.17595923e-02, 1.75847551e+00, 1.44521734e+00, 5.55347112e+02
5.02808725e+00, 7.80179530e-01, 1.65890100e-01, 8.62303180e-01, 7.89851875e-02, 1.77500758e+00, 1.42868527e+00, 5.74791974e+02
5.16924187e+00, 7.90231798e-01, 1.62094471e-01, 8.64995838e-01, 7.62925297e-02, 1.79142737e+00, 1.41226548e+00, 5.95020077e+02
5.31435916e+00, 8.00329281e-01, 1.58369199e-01, 8.67608439e-01, 7.36799293e-02, 1.80773286e+00, 1.39595998e+00, 6.16063609e+02
5.46355035e+00, 8.10471136e-01, 1.54713732e-01, 8.70142679e-01, 7.11456885e-02, 1.82392218e+00, 1.37977067e+00, 6.37956121e+02
5.61692982e+00, 8.20656529e-01, 1.51127491e-01, 8.72600263e-01, 6.86881050e-02, 1.83999352e+00, 1.36369932e+00, 6.60732588e+02
5.77461515e+00, 8.30884629e-01, 1.47609861e-01, 8.74982894e-01, 6.63054744e-02, 1.85594524e+00, 1.34774761e+00, 6.84429466e+02
5.93672722e+00, 8.41154616e-01, 1.44160202e-01, 8.77292275e-01, 6.39960933e-02, 1.87177575e+00, 1.33191709e+00, 7.09084756e+02
6.10339029e+00, 8.51465677e-01, 1.40777848e-01, 8.79530106e-01, 6.17582622e-02, 1.88748362e+00, 1.31620923e+00, 7.34738070e+02
6.27473213e+00, 8.61817006e-01, 1.37462106e-01, 8.81698080e-01, 5.95902880e-02, 1.90306747e+00, 1.30062537e+00, 7.61430699e+02
6.45088409e+00, 8.72207807e-01, 1.34212261e-01, 8.83797882e-01, 5.74904860e-02, 1.91852607e+00, 1.28516678e+00, 7.89205682e+02
6.63198120e+00, 8.82637292e-01, 1.31027576e-01, 8.85831186e-01, 5.54571824e-02, 1.93385825e+00, 1.26983459e+00, 8.18107881e+02
6.81816229e+00, 8.93104682e-01, 1.27907296e-01, 8.87799652e-01, 5.34887161e-02, 1.94906296e+00, 1.25462989e+00, 8.48184061e+02
7.00957009e+00, 9.03609206e-01, 1.24850646e-01, 8.89704927e-01, 5.15834408e-02, 1.96413921e+00, 1.23955363e+00, 8.79482965e+02
7.20635132e+00, 9.14150106e-01, 1.21856835e-01, 8.91548641e-01, 4.97397267e-02, 1.97908614e+00, 1.22460670e+00, 9.12055401e+02
7.40865683e+00, 9.24726629e-01, 1.18925058e-01, 8.93332406e-01, 4.79559617e-02, 1.99390295e+00, 1.20978990e+00, 9.45954326e+02
7.61664172e+00, 9.35338035e-01, 1.16054495e-01, 8.95057815e-01, 4.62305533e-02, 2.00858892e+00, 1.19510393e+00, 9.81234943e+02
7.83046540e+00, 9.45983593e-01, 1.13244314e-01, 8.96726438e-01, 4.45619296e-02, 2.02314342e+00, 1.18054942e+00, 1.01795479e+03
8.05029181e+00, 9.56662583e-01, 1.10493675e-01, 8.98339827e-01, 4.29485408e-02, 2.03756592e+00, 1.16612693e+00, 1.05617384e+03
8.27628946e+00, 9.67374292e-01, 1.07801724e-01, 8.99899508e-01, 4.13888598e-02, 2.05185592e+00, 1.15183693e+00, 1.09595460e+03
8.50863158e+00, 9.78118021e-01, 1.05167604e-01, 9.01406984e-01, 3.98813835e-02, 2.06601302e+00, 1.13767982e+00, 1.13736223e+03
8.74749630e+00, 9.88893079e-01, 1.02590447e-01, 9.02863734e-01, 3.84246336e-02, 2.08003691e+00, 1.12365594e+00, 1.18046464e+03
8.99306672e+00, 9.99698787e-01, 1.00069381e-01, 9.04271211e-01, 3.70171571e-02, 2.09392730e+00, 1.10976554e+00, 1.22533263e+03
9.24553110e+00, 1.01053448e+00, 9.76035298e-02, 9.05630841e-01, 3.56575272e-02, 2.10768402e+00, 1.09600883e+00, 1.27203997e+03
9.50508296e+00, 1.02139949e+00, 9.51920136e-02, 9.06944024e-01, 3.43443439e-02, 2.12130693e+00, 1.08238592e+00, 1.32066358e+03
9.77192128e+00, 1.03229317e+00, 9.28339498e-02, 9.08212134e-01, 3.30762341e-02, 2.13479595e+00, 1.06889690e+00, 1.37128360e+03
1.00462506e+01, 1.04321489e+00, 9.05284548e-02, 9.09436516e-01, 3.18518522e-02, 2.14815107e+00, 1.05554177e+00, 1.42398359e+03
1.03282813e+01, 1.05416402e+00, 8.82746444e-02, 9.10618487e-01, 3.06698806e-02, 2.16137236e+00, 1.04232049e+00, 1.47885063e+03
1.06182294e+01, 1.06513995e+00, 8.60716349e-02, 9.11759339e-01, 2.95290294e-02, 2.17445989e+00, 1.02923296e+00, 1.53597549e+03
1.09163173e+01, 1.07614206e+00, 8.39185439e-02, 9.12860331e-01, 2.84280371e-02, 2.18741384e+00, 1.01627901e+00, 1.59545278e+03
1.12227736e+01, 1.08716977e+00, 8.18144912e-02, 9.13922698e-01, 2.73656704e-02, 2.20023440e+00, 1.00345845e+00, 1.65738111e+03
1.15378330e+01, 1.09822248e+00, 7.97585995e-02, 9.14947644e-01, 2.63407244e-02, 2.21292183e+00, 9.90771019e-01, 1.72186326e+03
1.18617372e+01, 1.10929963e+00, 7.77499950e-02, 9.15936346e-01, 2.53520224e-02, 2.22547643e+00, 9.78216418e-01, 1.78900636e+03
1.21947344e+01, 1.12040065e+00, 7.57878084e-02, 9.16889952e-01, 2.43984160e-02, 2.23789855e+00, 9.65794299e-01, 1.85892208e+03
1.25370799e+01, 1.13152499e+00, 7.38711753e-02, 9.17809583e-01, 2.34787848e-02, 2.25018857e+00, 9.53504274e-01, 1.93172680e+03
1.28890361e+01, 1.14267211e+00, 7.19992367e-02, 9.18696331e-01, 2.25920365e-02, 2.26234693e+00, 9.41345912e-01, 2.00754182e+03
1.32508729e+01, 1.15384147e+00, 7.01711401e-02, 9.19551261e-01, 2.17371065e-02, 2.27437410e+00, 9.29318743e-01, 2.08649360e+03
1.36228676e+01, 1.16503255e+00, 6.83860392e-02, 9.20375410e-01, 2.09129577e-02, 2.28627059e+00, 9.17422260e-01, 2.16871391e+03
1.40053055e+01, 1.17624484e+00, 6.66430952e-02, 9.21169788e-01, 2.01185804e-02, 2.29803693e+00, 9.05655920e-01, 2.25434014e+03
1.43984795e+01, 1.18747784e+00, 6.49414767e-02, 9.21935376e-01, 1.93529917e-02, 2.30967370e+00, 8.94019144e-01, 2.34351546e+03
1.48026913e+01, 1.19873106e+00, 6.32803605e-02, 9.22673132e-01, 1.86152355e-02, 2.32118152e+00, 8.82511325e-01, 2.43638909e+03
1.52182505e+01, 1.21000400e+00, 6.16589316e-02, 9.23383986e-01, 1.79043818e-02, 2.33256103e+00, 8.71131819e-01, 2.53311661e+03
1.56454759e+01, 1.22129622e+00, 6.00763839e-02, 9.24068841e-01, 1.72195266e-02, 2.34381289e+00, 8.59879958e-01, 2.63386013e+03
1.60846948e+01, 1.23260723e+00, 5.85319205e-02, 9.24728576e-01, 1.65597916e-02, 2.35493780e+00, 8.48755042e-01, 2.73878865e+03
1.65362441e+01, 1.24393658e+00, 5.70247538e-02, 9.25364045e-01, 1.59243233e-02, 2.36593650e+00, 8.37756348e-01, 2.84807832e+03
1.70004698e+01, 1.25528384e+00, 5.55541057e-02, 9.25976075e-01, 1.53122932e-02, 2.37680972e+00, 8.26883125e-01, 2.96191273e+03
1.74777277e+01, 1.26664856e+00, 5.41192085e-02, 9.26565471e-01, 1.47228969e-02, 2.38755825e+00, 8.16134601e-01, 3.08048325e+03
1.79683839e+01, 1.27803033e+00, 5.27193041e-02, 9.27133014e-01, 1.41553538e-02, 2.39818287e+00, 8.05509980e-01, 3.20398935e+03
1.84728144e+01, 1.28942872e+00, 5.13536452e-02, 9.27679461e-01, 1.36089066e-02, 2.40868440e+00, 7.95008445e-01, 3.33263893e+03
1.89914058e+01, 1.30084334e+00, 5.00214947e-02, 9.28205547e-01, 1.30828211e-02, 2.41906369e+00, 7.84629161e-01, 3.46664871e+03
1.95245558e+01, 1.31227377e+00, 4.87221263e-02, 9.28711983e-01, 1.25763852e-02, 2.42932157e+00, 7.74371273e-01, 3.60624456e+03
2.00726730e+01, 1.32371963e+00, 4.74548245e-02, 9.29199459e-01, 1.20889089e-02, 2.43945894e+00, 7.64233908e-01, 3.75166192e+03
2.06361777e+01, 1.33518054e+00, 4.62188846e-02, 9.29668644e-01, 1.16197236e-02, 2.44947667e+00, 7.54216179e-01, 3.90314621e+03
2.12155017e+01, 1.34665613e+00, 4.50136131e-02, 9.30120186e-01, 1.11681817e-02, 2.45937566e+00, 7.44317184e-01, 4.06095321e+03
2.18110892e+01, 1.35814602e+00, 4.38383275e-02, 9.30554712e-01, 1.07336559e-02, 2.46915684e+00, 7.34536004e-01, 4.22534955e+03
2.24233968e+01, 1.36964988e+00, 4.26923562e-02, 9.30972829e-01, 1.03155392e-02, 2.47882114e+00, 7.24871709e-01, 4.39661314e+03
2.30528939e+01, 1.38116734e+00, 4.15750390e-02, 9.31375124e-01, 9.91324364e-03, 2.48836949e+00, 7.15323359e-01, 4.57503365e+03
2.37000629e+01, 1.39269806e+00, 4.04857268e-02, 9.31762167e-01, 9.52620067e-03, 2.49780285e+00, 7.05890000e-01, 4.76091302e+03
2.43654001e+01, 1.40424172e+00, 3.94237819e-02, 9.32134508e-01, 9.15386005e-03, 2.50712218e+00, 6.96570669e-01, 4.95456598e+03
2.50494154e+01, 1.41579798e+00, 3.83885774e-02, 9.32492678e-01, 8.79568963e-03, 2.51632845e+00, 6.87364394e-01, 5.15632058e+03
2.57526333e+01, 1.42736654e+00, 3.73794979e-02, 9.32837193e-01, 8.45117485e-03, 2.52542265e+00, 6.78270195e-01, 5.36651874e+03
2.64755927e+01, 1.43894707e+00, 3.63959391e-02, 9.33168550e-01, 8.11981821e-03, 2.53440576e+00, 6.69287085e-01, 5.58551690e+03
2.72188479e+01, 1.45053928e+00, 3.54373078e-02, 9.33487229e-01, 7.80113888e-03, 2.54327878e+00, 6.60414068e-01, 5.81368655e+03
2.79829688e+01, 1.46214287e+00, 3.45030217e-02, 9.33793696e-01, 7.49467217e-03, 2.55204270e+00, 6.51650145e-01, 6.05141494e+03
2.87685409e+01, 1.47375755e+00, 3.35925097e-02, 9.34088399e-01, 7.19996914e-03, 2.56069854e+00, 6.42994311e-01, 6.29910571e+03
2.95761666e+01, 1.48538304e+00, 3.27052117e-02, 9.34371772e-01, 6.91659611e-03, 2.56924729e+00, 6.34445556e-01, 6.55717959e+03
3.04064649e+01, 1.49701906e+00, 3.18405781e-02, 9.34644234e-01, 6.64413422e-03, 2.57768998e+00, 6.26002866e-01, 6.82607514e+03
3.12600724e+01, 1.50866534e+00, 3.09980705e-02, 9.34906189e-01, 6.38217903e-03, 2.58602762e+00, 6.17665226e-01, 7.10624947e+03
3.21376434e+01, 1.52032162e+00, 3.01771610e-02, 9.35158028e-01, 6.13034007e-03, 2.59426123e+00, 6.09431615e-01, 7.39817907e+03
3.30398507e+01, 1.53198765e+00, 2.93773321e-02, 9.35400128e-01, 5.88824044e-03, 2.60239183e+00, 6.01301014e-01, 7.70236061e+03
3.39673858e+01, 1.54366317e+00, 2.85980772e-02, 9.35632852e-01, 5.65551637e-03, 2.61042045e+00, 5.93272400e-01, 8.01931179e+03
3.49209598e+01, 1.55534793e+00, 2.78388997e-02, 9.35856551e-01, 5.43181685e-03, 2.61834809e+00, 5.85344752e-01, 8.34957225e+03
3.59013038e+01, 1.56704171e+00, 2.70993135e-02, 9.36071565e-01, 5.21680324e-03, 2.62617580e+00, 5.77517045e-01, 8.69370447e+03
3.69091691e+01, 1.57874427e+00, 2.63788425e-02, 9.36278219e-01, 5.01014885e-03, 2.63390459e+00, 5.69788258e-01, 9.05229476e+03
3.79453285e+01, 1.59045537e+00, 2.56770206e-02, 9.36476829e-01, 4.81153860e-03, 2.64153548e+00, 5.62157369e-01, 9.42595428e+03
3.90105762e+01, 1.60217481e+00, 2.49933916e-02, 9.36667699e-01, 4.62066865e-03, 2.64906949e+00, 5.54623357e-01, 9.81532007e+03
4.01057288e+01, 1.61390235e+00, 2.43275093e-02, 9.36851122e-01, 4.43724602e-03, 2.65650764e+00, 5.47185204e-01, 1.02210562e+04
4.12316259e+01, 1.62563780e+00, 2.36789368e-02, 9.37027380e-01, 4.26098826e-03, 2.66385095e+00, 5.39841893e-01, 1.06438547e+04
4.23891306e+01, 1.63738095e+00, 2.30472468e-02, 9.37196745e-01, 4.09162309e-03, 2.67110044e+00, 5.32592411e-01, 1.10844372e+04
4.35791301e+01, 1.64913159e+00, 2.24320214e-02, 9.37359480e-01, 3.92888810e-03, 2.67825710e+00, 5.25435745e-01, 1.15435556e+04
4.48025368e+01, 1.66088953e+00, 2.18328518e-02, 9.37515838e-01, 3.77253040e-03, 2.68532196e+00, 5.18370889e-01, 1.20219940e+04
4.60602884e+01, 1.67265458e+00, 2.12493385e-02, 9.37666062e-01, 3.62230630e-03, 2.69229601e+00, 5.11396838e-01, 1.25205694e+04
4.73533492e+01, 1.68442656e+00, 2.06810907e-02, 9.37810387e-01, 3.47798102e-03, 2.69918025e+00, 5.04512592e-01, 1.30401335e+04
4.86827104e+01, 1.69620528e+00, 2.01277264e-02, 9.37949040e-01, 3.33932840e-03, 2.70597569e+00, 4.97717155e-01, 1.35815742e+04
5.00493910e+01, 1.70799057e+00, 1.95888723e-02, 9.38082237e-01, 3.20613056e-03, 2.71268331e+00, 4.91009535e-01, 1.41458170e+04
5.14544388e+01, 1.71978224e+00, 1.90641636e-02, 9.38210190e-01, 3.07817769e-03, 2.71930410e+00, 4.84388746e-01, 1.47338264e+04
5.28989308e+01, 1.73158015e+00, 1.85532437e-02, 9.38333100e-01, 2.95526772e-03, 2.72583904e+00, 4.77853806e-01, 1.53466081e+04
5.43839743e+01, 1.74338412e+00, 1.80557646e-02, 9.38451162e-01, 2.83720606e-03, 2.73228911e+00, 4.71403739e-01, 1.59852101e+04
5.59107078e+01, 1.75519399e+00, 1.75713858e-02, 9.38564563e-01, 2.72380539e-03, 2.73865527e+00, 4.65037573e-01, 1.66507251e+04
5.74803016e+01, 1.76700960e+00, 1.70997750e-02, 9.38673483e-01, 2.61488534e-03, 2.74493850e+00, 4.58754345e-01, 1.73442919e+04
5.90939590e+01, 1.77883082e+00, 1.66406078e-02, 9.38778096e-01, 2.51027229e-03, 2.75113975e+00, 4.52553095e-01, 1.80670976e+04
6.07529169e+01, 1.79065748e+00, 1.61935670e-02, 9.38878569e-01, 2.40979913e-03, 2.75725998e+00, 4.46432869e-01, 1.88203796e+04
6.24584471e+01, 1.80248944e+00, 1.57583434e-02, 9.38975063e-01, 2.31330500e-03, 2.76330012e+00, 4.40392723e-01, 1.96054278e+04
6.42118571e+01, 1.81432657e+00, 1.53346346e-02, 9.39067733e-01, 2.22063513e-03, 2.76926113e+00, 4.34431715e-01, 2.04235868e+04
6.60144909e+01, 1.82616872e+00, 1.49221457e-02, 9.39156727e-01, 2.13164055e-03, 2.77514393e+00, 4.28548913e-01, 2.12762579e+04
6.78677305e+01, 1.83801577e+00, 1.45205889e-02, 9.39242190e-01, 2.04617796e-03, 2.78094946e+00, 4.22743389e-01, 2.21649021e+04
6.97729965e+01, 1.84986758e+00, 1.41296829e-02, 9.39324259e-01, 1.96410944e-03, 2.78667862e+00, 4.17014224e-01, 2.30910422e+04
7.17317494e+01, 1.86172403e+00, 1.37491537e-02, 9.39403066e-01, 1.88530235e-03, 2.79233234e+00, 4.11360506e-01, 2.40562655e+04
7.37454909e+01, 1.87358500e+00, 1.33787335e-02, 9.39478739e-01, 1.80962906e-03, 2.79791152e+00, 4.05781329e-01, 2.50622267e+04
7.58157646e+01, 1.88545036e+00, 1.30181611e-02, 9.39551401e-01, 1.73696682e-03, 2.80341705e+00, 4.00275796e-01, 2.61106506e+04
7.79441575e+01, 1.89731999e+00, 1.26671819e-02, 9.39621170e-01, 1.66719757e-03, 2.80884983e+00, 3.94843014e-01, 2.72033348e+04
8.01323013e+01, 1.90919379e+00, 1.23255471e-02, 9.39688160e-01, 1.60020774e-03, 2.81421074e+00, 3.89482102e-01, 2.83421536e+04
8.23818733e+01, 1.92107165e+00, 1.19930143e-02, 9.39752480e-01, 1.53588814e-03, 2.81950066e+00, 3.84192184e-01, 2.95290603e+04
8.46945981e+01, 1.93295345e+00, 1.16693470e-02, 9.39814234e-01, 1.47413375e-03, 2.82472046e+00, 3.78972391e-01, 3.07660912e+04
8.70722485e+01, 1.94483908e+00, 1.13543144e-02, 9.39873524e-01, 1.41484360e-03, 2.82987098e+00, 3.73821863e-01, 3.20553690e+04
8.95166472e+01, 1.95672846e+00, 1.10476916e-02, 9.39930447e-01, 1.35792058e-03, 2.83495310e+00, 3.68739747e-01, 3.33991060e+04
9.20296681e+01, 1.96862147e+00, 1.07492590e-02, 9.39985097e-01, 1.30327136e-03, 2.83996765e+00, 3.63725199e-01, 3.47996087e+04
9.46132376e+01, 1.98051802e+00, 1.04588028e-02, 9.40037562e-01, 1.25080620e-03, 2.84491546e+00, 3.58777382e-01, 3.62592811e+04
9.72693362e+01, 1.99241802e+00, 1.01761143e-02, 9.40087929e-01, 1.20043881e-03, 2.84979738e+00, 3.53895466e-01, 3.77806292e+04
1.00000000e+02, 2.00432137e+00, 9.90099010e-03, 9.40136282e-01, 1.15208627e-03, 2.85461422e+00, 3.49078631e-01, 3.93662652e+04
