 --- Cosmological Parameters --- 
	 H0: 2.1791e-18 (1/s) = 67.2400 (km/s/Mpc) 
	 OmegaM: 3.3000e-01 
	 OmegaR: 0.0000e+00 
	 OmegaL: 6.7000e-01 
	 OmegaK: 0.0000e+00 
		 w0: -7.2700e-01 
		 wa: -1.0500e+00 
	 rho_crit: 8.4944e-30 (g/cm^3) 
z, log10(1+z), a, H0*t_look, H0*t_age, H0*t_conf, H0*t_conf_age, H(z) 
1.00000000e-04, 4.34272769e-05, 9.99900010e-01, 9.99911541e-05, 9.32458634e-01, 9.99961535e-05, 3.17754526e+00, 6.72451730e+01
1.02807322e-04, 4.46463579e-05, 9.99897203e-01, 1.02797973e-04, 9.32455827e-01, 1.02803257e-04, 3.17754246e+00, 6.72453182e+01
1.05693455e-04, 4.58996588e-05, 9.99894318e-01, 1.05683574e-04, 9.32452941e-01, 1.05689158e-04, 3.17753957e+00, 6.72454675e+01
1.08660611e-04, 4.71881402e-05, 9.99891351e-01, 1.08650167e-04, 9.32449975e-01, 1.08656070e-04, 3.17753660e+00, 6.72456210e+01
1.11711065e-04, 4.85127895e-05, 9.99888301e-01, 1.11700026e-04, 9.32446925e-01, 1.11706265e-04, 3.17753355e+00, 6.72457788e+01
1.14847155e-04, 4.98746217e-05, 9.99885166e-01, 1.14835487e-04, 9.32443789e-01, 1.14842081e-04, 3.17753042e+00, 6.72459410e+01
1.18071285e-04, 5.12746804e-05, 9.99881943e-01, 1.18058953e-04, 9.32440566e-01, 1.18065922e-04, 3.17752719e+00, 6.72461077e+01
1.21385926e-04, 5.27140387e-05, 9.99878629e-01, 1.21372892e-04, 9.32437252e-01, 1.21380259e-04, 3.17752388e+00, 6.72462792e+01
1.24793621e-04, 5.41937993e-05, 9.99875222e-01, 1.24779845e-04, 9.32433845e-01, 1.24787630e-04, 3.17752047e+00, 6.72464555e+01
1.28296980e-04, 5.57150964e-05, 9.99871719e-01, 1.28282420e-04, 9.32430342e-01, 1.28290649e-04, 3.17751697e+00, 6.72466367e+01
1.31898690e-04, 5.72790956e-05, 9.99868119e-01, 1.31883301e-04, 9.32426741e-01, 1.31891998e-04, 3.17751337e+00, 6.72468230e+01
1.35601511e-04, 5.88869955e-05, 9.99864417e-01, 1.35585246e-04, 9.32423040e-01, 1.35594438e-04, 3.17750967e+00, 6.72470145e+01
1.39408283e-04, 6.05400281e-05, 9.99860611e-01, 1.39391092e-04, 9.32419234e-01, 1.39400807e-04, 3.17750586e+00, 6.72472114e+01
1.43321923e-04, 6.22394601e-05, 9.99856699e-01, 1.43303753e-04, 9.32415321e-01, 1.43314022e-04, 3.17750195e+00, 6.72474139e+01
1.47345431e-04, 6.39865937e-05, 9.99852676e-01, 1.47326227e-04, 9.32411299e-01, 1.47337080e-04, 3.17749792e+00, 6.72476220e+01
1.51481892e-04, 6.57827676e-05, 9.99848541e-01, 1.51461595e-04, 9.32407163e-01, 1.51473066e-04, 3.17749379e+00, 6.72478359e+01
1.55734477e-04, 6.76293582e-05, 9.99844290e-01, 1.55713024e-04, 9.32402912e-01, 1.55725149e-04, 3.17748953e+00, 6.72480559e+01
1.60106446e-04, 6.95277803e-05, 9.99839919e-01, 1.60083772e-04, 9.32398541e-01, 1.60096586e-04, 3.17748516e+00, 6.72482820e+01
1.64601150e-04, 7.14794886e-05, 9.99835426e-01, 1.64577185e-04, 9.32394048e-01, 1.64590729e-04, 3.17748067e+00, 6.72485145e+01
1.69222035e-04, 7.34859785e-05, 9.99830807e-01, 1.69196706e-04, 9.32389428e-01, 1.69211021e-04, 3.17747605e+00, 6.72487535e+01
1.73972643e-04, 7.55487874e-05, 9.99826058e-01, 1.73945872e-04, 9.32384679e-01, 1.73961002e-04, 3.17747130e+00, 6.72489993e+01
1.78856616e-04, 7.76694958e-05, 9.99821175e-01, 1.78828321e-04, 9.32379796e-01, 1.78844312e-04, 3.17746642e+00, 6.72492519e+01
1.83877698e-04, 7.98497285e-05, 9.99816156e-01, 1.83847792e-04, 9.32374777e-01, 1.83864693e-04, 3.17746140e+00, 6.72495116e+01
1.89039738e-04, 8.20911560e-05, 9.99810996e-01, 1.89008129e-04, 9.32369617e-01, 1.89025993e-04, 3.17745623e+00, 6.72497786e+01
1.94346693e-04, 8.43954955e-05, 9.99805691e-01, 1.94313284e-04, 9.32364311e-01, 1.94332165e-04, 3.17745093e+00, 6.72500531e+01
1.99802631e-04, 8.67645125e-05, 9.99800237e-01, 1.99767321e-04, 9.32358857e-01, 1.99787276e-04, 3.17744547e+00, 6.72503353e+01
2.05411735e-04, 8.92000219e-05, 9.99794630e-01, 2.05374414e-04, 9.32353250e-01, 2.05395506e-04, 3.17743986e+00, 6.72506254e+01
2.11178304e-04, 9.17038897e-05, 9.99788866e-01, 2.11138859e-04, 9.32347486e-01, 2.11161152e-04, 3.17743410e+00, 6.72509236e+01
2.17106760e-04, 9.42780341e-05, 9.99782940e-01, 2.17065070e-04, 9.32341560e-01, 2.17088631e-04, 3.17742817e+00, 6.72512303e+01
2.23201647e-04, 9.69244272e-05, 9.99776848e-01, 2.23157583e-04, 9.32335467e-01, 2.23182486e-04, 3.17742208e+00, 6.72515455e+01
2.29467637e-04, 9.96450962e-05, 9.99770585e-01, 2.29421064e-04, 9.32329204e-01, 2.29447385e-04, 3.17741581e+00, 6.72518696e+01
2.35909533e-04, 1.02442125e-04, 9.99764146e-01, 2.35860309e-04, 9.32322764e-01, 2.35888128e-04, 3.17740937e+00, 6.72522028e+01
2.42532274e-04, 1.05317657e-04, 9.99757527e-01, 2.42480248e-04, 9.32316145e-01, 2.42509651e-04, 3.17740275e+00, 6.72525453e+01
2.49340937e-04, 1.08273895e-04, 9.99750721e-01, 2.49285950e-04, 9.32309339e-01, 2.49317026e-04, 3.17739594e+00, 6.72528975e+01
2.56340741e-04, 1.11313103e-04, 9.99743725e-01, 2.56282623e-04, 9.32302342e-01, 2.56315469e-04, 3.17738894e+00, 6.72532595e+01
2.63537052e-04, 1.14437609e-04, 9.99736532e-01, 2.63475626e-04, 9.32295149e-01, 2.63510341e-04, 3.17738175e+00, 6.72536317e+01
2.70935387e-04, 1.17649806e-04, 9.99729138e-01, 2.70870464e-04, 9.32287754e-01, 2.70907155e-04, 3.17737435e+00, 6.72540143e+01
2.78541416e-04, 1.20952156e-04, 9.99721536e-01, 2.78472797e-04, 9.32280152e-01, 2.78511577e-04, 3.17736675e+00, 6.72544077e+01
2.86360972e-04, 1.24347187e-04, 9.99713721e-01, 2.86288447e-04, 9.32272336e-01, 2.86329434e-04, 3.17735893e+00, 6.72548121e+01
2.94400048e-04, 1.27837499e-04, 9.99705687e-01, 2.94323394e-04, 9.32264301e-01, 2.94366715e-04, 3.17735089e+00, 6.72552279e+01
3.02664806e-04, 1.31425767e-04, 9.99697427e-01, 3.02583789e-04, 9.32256041e-01, 3.02629575e-04, 3.17734263e+00, 6.72556553e+01
3.11161583e-04, 1.35114738e-04, 9.99688935e-01, 3.11075954e-04, 9.32247549e-01, 3.11124347e-04, 3.17733414e+00, 6.72560947e+01
3.19896892e-04, 1.38907238e-04, 9.99680205e-01, 3.19806388e-04, 9.32238818e-01, 3.19857536e-04, 3.17732540e+00, 6.72565465e+01
3.28877429e-04, 1.42806171e-04, 9.99671231e-01, 3.28781773e-04, 9.32229843e-01, 3.28835832e-04, 3.17731642e+00, 6.72570110e+01
3.38110078e-04, 1.46814523e-04, 9.99662004e-01, 3.38008978e-04, 9.32220616e-01, 3.38066114e-04, 3.17730719e+00, 6.72574884e+01
3.47601918e-04, 1.50935364e-04, 9.99652519e-01, 3.47495063e-04, 9.32211130e-01, 3.47555451e-04, 3.17729770e+00, 6.72579793e+01
3.57360225e-04, 1.55171849e-04, 9.99642767e-01, 3.57247286e-04, 9.32201377e-01, 3.57311113e-04, 3.17728795e+00, 6.72584840e+01
3.67392478e-04, 1.59527223e-04, 9.99632742e-01, 3.67273111e-04, 9.32191352e-01, 3.67340570e-04, 3.17727792e+00, 6.72590028e+01
3.77706369e-04, 1.64004821e-04, 9.99622436e-01, 3.77580208e-04, 9.32181045e-01, 3.77651507e-04, 3.17726761e+00, 6.72595362e+01
3.88309805e-04, 1.68608072e-04, 9.99611841e-01, 3.88176461e-04, 9.32170448e-01, 3.88251819e-04, 3.17725701e+00, 6.72600845e+01
3.99210913e-04, 1.73340499e-04, 9.99600948e-01, 3.99069979e-04, 9.32159555e-01, 3.99149626e-04, 3.17724611e+00, 6.72606482e+01
4.10418050e-04, 1.78205728e-04, 9.99589750e-01, 4.10269094e-04, 9.32148356e-01, 4.10353275e-04, 3.17723491e+00, 6.72612278e+01
4.21939808e-04, 1.83207482e-04, 9.99578238e-01, 4.21782373e-04, 9.32136842e-01, 4.21871345e-04, 3.17722339e+00, 6.72618236e+01
4.33785019e-04, 1.88349591e-04, 9.99566403e-01, 4.33618622e-04, 9.32125006e-01, 4.33712659e-04, 3.17721155e+00, 6.72624361e+01
4.45962763e-04, 1.93635993e-04, 9.99554236e-01, 4.45786895e-04, 9.32112838e-01, 4.45886284e-04, 3.17719937e+00, 6.72630659e+01
4.58482375e-04, 1.99070734e-04, 9.99541728e-01, 4.58296497e-04, 9.32100328e-01, 4.58401543e-04, 3.17718686e+00, 6.72637133e+01
4.71353453e-04, 2.04657975e-04, 9.99528869e-01, 4.71156995e-04, 9.32087468e-01, 4.71268020e-04, 3.17717399e+00, 6.72643788e+01
4.84585864e-04, 2.10401992e-04, 9.99515649e-01, 4.84378223e-04, 9.32074247e-01, 4.84495568e-04, 3.17716076e+00, 6.72650631e+01
4.98189752e-04, 2.16307184e-04, 9.99502058e-01, 4.97970292e-04, 9.32060654e-01, 4.98094315e-04, 3.17714717e+00, 6.72657665e+01
5.12175544e-04, 2.22378069e-04, 9.99488087e-01, 5.11943593e-04, 9.32046681e-01, 5.12074675e-04, 3.17713319e+00, 6.72664897e+01
5.26553963e-04, 2.28619296e-04, 9.99473723e-01, 5.26308809e-04, 9.32032316e-01, 5.26447352e-04, 3.17711881e+00, 6.72672332e+01
5.41336030e-04, 2.35035640e-04, 9.99458957e-01, 5.41076922e-04, 9.32017548e-01, 5.41223351e-04, 3.17710404e+00, 6.72679975e+01
5.56533078e-04, 2.41632013e-04, 9.99443776e-01, 5.56259222e-04, 9.32002366e-01, 5.56413985e-04, 3.17708885e+00, 6.72687833e+01
5.72156756e-04, 2.48413463e-04, 9.99428170e-01, 5.71867312e-04, 9.31986757e-01, 5.72030884e-04, 3.17707323e+00, 6.72695911e+01
5.88219040e-04, 2.55385179e-04, 9.99412127e-01, 5.87913123e-04, 9.31970712e-01, 5.88086003e-04, 3.17705717e+00, 6.72704216e+01
6.04732245e-04, 2.62552498e-04, 9.99395633e-01, 6.04408916e-04, 9.31954216e-01, 6.04591636e-04, 3.17704067e+00, 6.72712754e+01
6.21709029e-04, 2.69920903e-04, 9.99378677e-01, 6.21367297e-04, 9.31937257e-01, 6.21560416e-04, 3.17702370e+00, 6.72721531e+01
6.39162405e-04, 2.77496033e-04, 9.99361246e-01, 6.38801223e-04, 9.31919824e-01, 6.39005334e-04, 3.17700625e+00, 6.72730555e+01
6.57105755e-04, 2.85283683e-04, 9.99343326e-01, 6.56724016e-04, 9.31901901e-01, 6.56939743e-04, 3.17698832e+00, 6.72739832e+01
6.75552832e-04, 2.93289812e-04, 9.99324903e-01, 6.75149366e-04, 9.31883475e-01, 6.75377370e-04, 3.17696988e+00, 6.72749369e+01
6.94517777e-04, 3.01520545e-04, 9.99305964e-01, 6.94091349e-04, 9.31864533e-01, 6.94332329e-04, 3.17695093e+00, 6.72759174e+01
7.14015130e-04, 3.09982178e-04, 9.99286494e-01, 7.13564433e-04, 9.31845060e-01, 7.13819127e-04, 3.17693144e+00, 6.72769254e+01
7.34059837e-04, 3.18681185e-04, 9.99266479e-01, 7.33583489e-04, 9.31825041e-01, 7.33852678e-04, 3.17691141e+00, 6.72779617e+01
7.54667263e-04, 3.27624220e-04, 9.99245902e-01, 7.54163805e-04, 9.31804461e-01, 7.54448313e-04, 3.17689081e+00, 6.72790270e+01
7.75853206e-04, 3.36818122e-04, 9.99224748e-01, 7.75321095e-04, 9.31783304e-01, 7.75621794e-04, 3.17686964e+00, 6.72801222e+01
7.97633907e-04, 3.46269924e-04, 9.99203002e-01, 7.97071513e-04, 9.31761553e-01, 7.97389324e-04, 3.17684787e+00, 6.72812482e+01
8.20026062e-04, 3.55986854e-04, 9.99180646e-01, 8.19431662e-04, 9.31739193e-01, 8.19767559e-04, 3.17682549e+00, 6.72824057e+01
8.43046837e-04, 3.65976343e-04, 9.99157663e-01, 8.42418610e-04, 9.31716206e-01, 8.42773621e-04, 3.17680249e+00, 6.72835957e+01
8.66713880e-04, 3.76246030e-04, 9.99134037e-01, 8.66049901e-04, 9.31692575e-01, 8.66425114e-04, 3.17677883e+00, 6.72848191e+01
8.91045332e-04, 3.86803767e-04, 9.99109748e-01, 8.90343568e-04, 9.31668281e-01, 8.90740132e-04, 3.17675452e+00, 6.72860768e+01
9.16059848e-04, 3.97657626e-04, 9.99084779e-01, 9.15318147e-04, 9.31643307e-01, 9.15737277e-04, 3.17672952e+00, 6.72873698e+01
9.41776601e-04, 4.08815904e-04, 9.99059110e-01, 9.40992693e-04, 9.31617632e-01, 9.41435672e-04, 3.17670382e+00, 6.72886990e+01
9.68215306e-04, 4.20287133e-04, 9.99032721e-01, 9.67386789e-04, 9.31591238e-01, 9.67854975e-04, 3.17667740e+00, 6.72900656e+01
9.95396231e-04, 4.32080081e-04, 9.99005594e-01, 9.94520567e-04, 9.31564104e-01, 9.95015393e-04, 3.17665024e+00, 6.72914704e+01
1.02334021e-03, 4.44203760e-04, 9.98977706e-01, 1.02241472e-03, 9.31536210e-01, 1.02293770e-03, 3.17662232e+00, 6.72929147e+01
1.05206867e-03, 4.56667438e-04, 9.98949037e-01, 1.05109051e-03, 9.31507534e-01, 1.05164325e-03, 3.17659362e+00, 6.72943995e+01
1.08160363e-03, 4.69480638e-04, 9.98919565e-01, 1.08056981e-03, 9.31478055e-01, 1.08115400e-03, 3.17656411e+00, 6.72959259e+01
1.11196773e-03, 4.82653152e-04, 9.98889267e-01, 1.11087509e-03, 9.31447750e-01, 1.11149251e-03, 3.17653377e+00, 6.72974951e+01
1.14318425e-03, 4.96195044e-04, 9.98858121e-01, 1.14202943e-03, 9.31416595e-01, 1.14268199e-03, 3.17650258e+00, 6.72991083e+01
1.17527712e-03, 5.10116661e-04, 9.98826103e-01, 1.17405659e-03, 9.31384568e-01, 1.17474628e-03, 3.17647051e+00, 6.73007668e+01
1.20827094e-03, 5.24428638e-04, 9.98793187e-01, 1.20698096e-03, 9.31351644e-01, 1.20770988e-03, 3.17643755e+00, 6.73024718e+01
1.24219100e-03, 5.39141905e-04, 9.98759350e-01, 1.24082763e-03, 9.31317797e-01, 1.24159802e-03, 3.17640366e+00, 6.73042246e+01
1.27706330e-03, 5.54267703e-04, 9.98724566e-01, 1.27562236e-03, 9.31283002e-01, 1.27643658e-03, 3.17636882e+00, 6.73060265e+01
1.31291459e-03, 5.69817580e-04, 9.98688807e-01, 1.31139166e-03, 9.31247233e-01, 1.31225220e-03, 3.17633301e+00, 6.73078790e+01
1.34977233e-03, 5.85803413e-04, 9.98652047e-01, 1.34816276e-03, 9.31210462e-01, 1.34907226e-03, 3.17629619e+00, 6.73097834e+01
1.38766479e-03, 6.02237406e-04, 9.98614258e-01, 1.38596365e-03, 9.31172661e-01, 1.38692488e-03, 3.17625834e+00, 6.73117412e+01
1.42662102e-03, 6.19132106e-04, 9.98575411e-01, 1.42482309e-03, 9.31133802e-01, 1.42583900e-03, 3.17621942e+00, 6.73137539e+01
1.46667087e-03, 6.36500410e-04, 9.98535477e-01, 1.46477065e-03, 9.31093854e-01, 1.46584436e-03, 3.17617942e+00, 6.73158230e+01
1.50784505e-03, 6.54355573e-04, 9.98494425e-01, 1.50583673e-03, 9.31052788e-01, 1.50697151e-03, 3.17613829e+00, 6.73179501e+01
1.55017512e-03, 6.72711224e-04, 9.98452224e-01, 1.54805255e-03, 9.31010572e-01, 1.54925188e-03, 3.17609601e+00, 6.73201369e+01
1.59369353e-03, 6.91581368e-04, 9.98408842e-01, 1.59145022e-03, 9.30967175e-01, 1.59271776e-03, 3.17605254e+00, 6.73223850e+01
1.63843365e-03, 7.10980403e-04, 9.98364246e-01, 1.63606272e-03, 9.30922562e-01, 1.63740236e-03, 3.17600786e+00, 6.73246960e+01
1.68442976e-03, 7.30923128e-04, 9.98318403e-01, 1.68192396e-03, 9.30876701e-01, 1.68333980e-03, 3.17596192e+00, 6.73270719e+01
1.73171713e-03, 7.51424755e-04, 9.98271277e-01, 1.72906880e-03, 9.30829556e-01, 1.73056516e-03, 3.17591469e+00, 6.73295144e+01
1.78033202e-03, 7.72500920e-04, 9.98222832e-01, 1.77753304e-03, 9.30781092e-01, 1.77911451e-03, 3.17586615e+00, 6.73320253e+01
1.83031168e-03, 7.94167695e-04, 9.98173032e-01, 1.82735349e-03, 9.30731271e-01, 1.82902490e-03, 3.17581624e+00, 6.73346066e+01
1.88169442e-03, 8.16441599e-04, 9.98121840e-01, 1.87856798e-03, 9.30680057e-01, 1.88033445e-03, 3.17576493e+00, 6.73372602e+01
1.93451965e-03, 8.39339613e-04, 9.98069215e-01, 1.93121538e-03, 9.30627409e-01, 1.93308231e-03, 3.17571218e+00, 6.73399882e+01
1.98882786e-03, 8.62879189e-04, 9.98015120e-01, 1.98533565e-03, 9.30573289e-01, 1.98730874e-03, 3.17565795e+00, 6.73427926e+01
2.04466067e-03, 8.87078267e-04, 9.97959511e-01, 2.04096985e-03, 9.30517655e-01, 2.04305513e-03, 3.17560220e+00, 6.73456757e+01
2.10206088e-03, 9.11955285e-04, 9.97902349e-01, 2.09816016e-03, 9.30460465e-01, 2.10036402e-03, 3.17554490e+00, 6.73486395e+01
2.16107251e-03, 9.37529196e-04, 9.97843588e-01, 2.15694994e-03, 9.30401675e-01, 2.15927912e-03, 3.17548598e+00, 6.73516863e+01
2.22174078e-03, 9.63819479e-04, 9.97783184e-01, 2.21738377e-03, 9.30341241e-01, 2.21984538e-03, 3.17542541e+00, 6.73548186e+01
2.28411221e-03, 9.90846156e-04, 9.97721093e-01, 2.27950742e-03, 9.30279117e-01, 2.28210900e-03, 3.17536315e+00, 6.73580385e+01
2.34823460e-03, 1.01862981e-03, 9.97657267e-01, 2.34336796e-03, 9.30215257e-01, 2.34611745e-03, 3.17529914e+00, 6.73613487e+01
2.41415712e-03, 1.04719158e-03, 9.97591657e-01, 2.40901374e-03, 9.30149611e-01, 2.41191955e-03, 3.17523334e+00, 6.73647516e+01
2.48193029e-03, 1.07655322e-03, 9.97524214e-01, 2.47649446e-03, 9.30082130e-01, 2.47956545e-03, 3.17516569e+00, 6.73682498e+01
2.55160607e-03, 1.10673706e-03, 9.97454888e-01, 2.54586116e-03, 9.30012764e-01, 2.54910674e-03, 3.17509615e+00, 6.73718460e+01
2.62323788e-03, 1.13776607e-03, 9.97383625e-01, 2.61716633e-03, 9.29941458e-01, 2.62059640e-03, 3.17502466e+00, 6.73755430e+01
2.69688063e-03, 1.16966386e-03, 9.97310373e-01, 2.69046388e-03, 9.29868161e-01, 2.69408893e-03, 3.17495117e+00, 6.73793434e+01
2.77259076e-03, 1.20245468e-03, 9.97235075e-01, 2.76580920e-03, 9.29792816e-01, 2.76964030e-03, 3.17487562e+00, 6.73832503e+01
2.85042632e-03, 1.23616346e-03, 9.97157676e-01, 2.84325922e-03, 9.29715366e-01, 2.84730807e-03, 3.17479795e+00, 6.73872666e+01
2.93044698e-03, 1.27081583e-03, 9.97078115e-01, 2.92287244e-03, 9.29635752e-01, 2.92715141e-03, 3.17471811e+00, 6.73913953e+01
3.01271407e-03, 1.30643812e-03, 9.96996335e-01, 3.00470895e-03, 9.29553916e-01, 3.00923110e-03, 3.17463603e+00, 6.73956397e+01
3.09729067e-03, 1.34305740e-03, 9.96912273e-01, 3.08883051e-03, 9.29469794e-01, 3.09360965e-03, 3.17455165e+00, 6.74000028e+01
3.18424160e-03, 1.38070148e-03, 9.96825866e-01, 3.17530056e-03, 9.29383324e-01, 3.18035128e-03, 3.17446491e+00, 6.74044881e+01
3.27363353e-03, 1.41939895e-03, 9.96737048e-01, 3.26418429e-03, 9.29294440e-01, 3.26952202e-03, 3.17437574e+00, 6.74090990e+01
3.36553498e-03, 1.45917918e-03, 9.96645754e-01, 3.35554869e-03, 9.29203076e-01, 3.36118970e-03, 3.17428407e+00, 6.74138389e+01
3.46001639e-03, 1.50007238e-03, 9.96551914e-01, 3.44946255e-03, 9.29109162e-01, 3.45542407e-03, 3.17418984e+00, 6.74187114e+01
3.55715021e-03, 1.54210957e-03, 9.96455458e-01, 3.54599659e-03, 9.29012628e-01, 3.55229681e-03, 3.17409296e+00, 6.74237203e+01
3.65701088e-03, 1.58532264e-03, 9.96356314e-01, 3.64522344e-03, 9.28913401e-01, 3.65188158e-03, 3.17399338e+00, 6.74288694e+01
3.75967497e-03, 1.62974435e-03, 9.96254407e-01, 3.74721771e-03, 9.28811407e-01, 3.75425408e-03, 3.17389101e+00, 6.74341625e+01
3.86522116e-03, 1.67540839e-03, 9.96149661e-01, 3.85205607e-03, 9.28706569e-01, 3.85949213e-03, 3.17378577e+00, 6.74396038e+01
3.97373038e-03, 1.72234936e-03, 9.96041998e-01, 3.95981728e-03, 9.28598807e-01, 3.96767571e-03, 3.17367758e+00, 6.74451972e+01
4.08528580e-03, 1.77060283e-03, 9.95931336e-01, 4.07058223e-03, 9.28488043e-01, 4.07888699e-03, 3.17356637e+00, 6.74509471e+01
4.19997295e-03, 1.82020534e-03, 9.95817593e-01, 4.18443405e-03, 9.28374191e-01, 4.19321045e-03, 3.17345205e+00, 6.74568578e+01
4.31787973e-03, 1.87119444e-03, 9.95700684e-01, 4.30145810e-03, 9.28257167e-01, 4.31073289e-03, 3.17333453e+00, 6.74629338e+01
4.43909653e-03, 1.92360874e-03, 9.95580522e-01, 4.42174208e-03, 9.28136883e-01, 4.43154354e-03, 3.17321372e+00, 6.74691797e+01
4.56371628e-03, 1.97748788e-03, 9.95457017e-01, 4.54537609e-03, 9.28013249e-01, 4.55573407e-03, 3.17308953e+00, 6.74756003e+01
4.69183451e-03, 2.03287261e-03, 9.95330076e-01, 4.67245265e-03, 9.27886172e-01, 4.68339871e-03, 3.17296186e+00, 6.74822003e+01
4.82354943e-03, 2.08980480e-03, 9.95199606e-01, 4.80306681e-03, 9.27755558e-01, 4.81463430e-03, 3.17283063e+00, 6.74889849e+01
4.95896201e-03, 2.14832749e-03, 9.95065508e-01, 4.93731620e-03, 9.27621309e-01, 4.94954034e-03, 3.17269572e+00, 6.74959590e+01
5.09817606e-03, 2.20848488e-03, 9.94927683e-01, 5.07530109e-03, 9.27483324e-01, 5.08821909e-03, 3.17255704e+00, 6.75031281e+01
5.24129830e-03, 2.27032240e-03, 9.94786030e-01, 5.21712447e-03, 9.27341500e-01, 5.23077566e-03, 3.17241448e+00, 6.75104975e+01
5.38843844e-03, 2.33388671e-03, 9.94640441e-01, 5.36289210e-03, 9.27195733e-01, 5.37731802e-03, 3.17226794e+00, 6.75180728e+01
5.53970928e-03, 2.39922578e-03, 9.94490810e-01, 5.51271261e-03, 9.27045912e-01, 5.52795717e-03, 3.17211730e+00, 6.75258597e+01
5.69522678e-03, 2.46638889e-03, 9.94337025e-01, 5.66669757e-03, 9.26891927e-01, 5.68280713e-03, 3.17196245e+00, 6.75338642e+01
5.85511016e-03, 2.53542665e-03, 9.94178973e-01, 5.82496154e-03, 9.26733663e-01, 5.84198510e-03, 3.17180327e+00, 6.75420921e+01
6.01948197e-03, 2.60639109e-03, 9.94016535e-01, 5.98762217e-03, 9.26571003e-01, 6.00561150e-03, 3.17163965e+00, 6.75505499e+01
6.18846824e-03, 2.67933564e-03, 9.93849593e-01, 6.15480028e-03, 9.26403824e-01, 6.17381006e-03, 3.17147145e+00, 6.75592438e+01
6.36219849e-03, 2.75431521e-03, 9.93678023e-01, 6.32661993e-03, 9.26232005e-01, 6.34670793e-03, 3.17129855e+00, 6.75681804e+01
6.54080591e-03, 2.83138620e-03, 9.93501698e-01, 6.50320851e-03, 9.26055416e-01, 6.52443577e-03, 3.17112082e+00, 6.75773664e+01
6.72442742e-03, 2.91060657e-03, 9.93320488e-01, 6.68469682e-03, 9.25873928e-01, 6.70712782e-03, 3.17093813e+00, 6.75868089e+01
6.91320378e-03, 2.99203585e-03, 9.93134260e-01, 6.87121916e-03, 9.25687406e-01, 6.89492203e-03, 3.17075034e+00, 6.75965147e+01
7.10727970e-03, 3.07573520e-03, 9.92942877e-01, 7.06291342e-03, 9.25495711e-01, 7.08796011e-03, 3.17055730e+00, 6.76064914e+01
7.30680395e-03, 3.16176744e-03, 9.92746198e-01, 7.25992117e-03, 9.25298704e-01, 7.28638770e-03, 3.17035887e+00, 6.76167464e+01
7.51192949e-03, 3.25019713e-03, 9.92544079e-01, 7.46238775e-03, 9.25096237e-01, 7.49035443e-03, 3.17015491e+00, 6.76272873e+01
7.72281357e-03, 3.34109055e-03, 9.92336371e-01, 7.67046237e-03, 9.24888162e-01, 7.70001402e-03, 3.16994525e+00, 6.76381222e+01
7.93961785e-03, 3.43451582e-03, 9.92122923e-01, 7.88429818e-03, 9.24674327e-01, 7.91552443e-03, 3.16972974e+00, 6.76492592e+01
8.16250851e-03, 3.53054289e-03, 9.91903579e-01, 8.10405243e-03, 9.24454572e-01, 8.13704793e-03, 3.16950821e+00, 6.76607066e+01
8.39165644e-03, 3.62924361e-03, 9.91678177e-01, 8.32988650e-03, 9.24228738e-01, 8.36475125e-03, 3.16928051e+00, 6.76724730e+01
8.62723729e-03, 3.73069181e-03, 9.91446555e-01, 8.56196604e-03, 9.23996659e-01, 8.59880566e-03, 3.16904645e+00, 6.76845673e+01
8.86943166e-03, 3.83496328e-03, 9.91208544e-01, 8.80046110e-03, 9.23758164e-01, 8.83938714e-03, 3.16880587e+00, 6.76969985e+01
9.11842520e-03, 3.94213590e-03, 9.90963969e-01, 9.04554616e-03, 9.23513079e-01, 9.08667648e-03, 3.16855858e+00, 6.77097759e+01
9.37440879e-03, 4.05228964e-03, 9.90712655e-01, 9.29740031e-03, 9.23261224e-01, 9.34085938e-03, 3.16830440e+00, 6.77229091e+01
9.63757866e-03, 4.16550662e-03, 9.90454418e-01, 9.55620736e-03, 9.23002417e-01, 9.60212665e-03, 3.16804313e+00, 6.77364080e+01
9.90813657e-03, 4.28187121e-03, 9.90189071e-01, 9.82215590e-03, 9.22736469e-01, 9.87067426e-03, 3.16777459e+00, 6.77502825e+01
1.01862899e-02, 4.40147004e-03, 9.89916424e-01, 1.00954394e-02, 9.22463185e-01, 1.01467035e-02, 3.16749856e+00, 6.77645432e+01
1.04722519e-02, 4.52439206e-03, 9.89636280e-01, 1.03762566e-02, 9.22182368e-01, 1.04304213e-02, 3.16721484e+00, 6.77792006e+01
1.07662418e-02, 4.65072864e-03, 9.89348436e-01, 1.06648111e-02, 9.21893814e-01, 1.07220400e-02, 3.16692322e+00, 6.77942657e+01
1.10684849e-02, 4.78057359e-03, 9.89052685e-01, 1.09613119e-02, 9.21597313e-01, 1.10217778e-02, 3.16662348e+00, 6.78097498e+01
1.13792129e-02, 4.91402325e-03, 9.88748817e-01, 1.12659735e-02, 9.21292651e-01, 1.13298590e-02, 3.16631540e+00, 6.78256642e+01
1.16986641e-02, 5.05117654e-03, 9.88436612e-01, 1.15790160e-02, 9.20979609e-01, 1.16465136e-02, 3.16599875e+00, 6.78420210e+01
1.20270833e-02, 5.19213502e-03, 9.88115848e-01, 1.19006648e-02, 9.20657960e-01, 1.19719781e-02, 3.16567328e+00, 6.78588323e+01
1.23647224e-02, 5.33700299e-03, 9.87786297e-01, 1.22311516e-02, 9.20327473e-01, 1.23064954e-02, 3.16533876e+00, 6.78761106e+01
1.27118400e-02, 5.48588750e-03, 9.87447723e-01, 1.25707136e-02, 9.19987911e-01, 1.26503150e-02, 3.16499494e+00, 6.78938687e+01
1.30687023e-02, 5.63889849e-03, 9.87099885e-01, 1.29195945e-02, 9.19639030e-01, 1.30036930e-02, 3.16464157e+00, 6.79121198e+01
1.34355829e-02, 5.79614881e-03, 9.86742539e-01, 1.32780437e-02, 9.19280581e-01, 1.33668925e-02, 3.16427837e+00, 6.79308775e+01
1.38127630e-02, 5.95775431e-03, 9.86375430e-01, 1.36463174e-02, 9.18912307e-01, 1.37401836e-02, 3.16390508e+00, 6.79501556e+01
1.42005318e-02, 6.12383394e-03, 9.85998300e-01, 1.40246781e-02, 9.18533947e-01, 1.41238438e-02, 3.16352142e+00, 6.79699685e+01
1.45991865e-02, 6.29450978e-03, 9.85610883e-01, 1.44133949e-02, 9.18145230e-01, 1.45181581e-02, 3.16312710e+00, 6.79903308e+01
1.50090328e-02, 6.46990713e-03, 9.85212907e-01, 1.48127438e-02, 9.17745881e-01, 1.49234189e-02, 3.16272184e+00, 6.80112575e+01
1.54303847e-02, 6.65015464e-03, 9.84804094e-01, 1.52230076e-02, 9.17335617e-01, 1.53399268e-02, 3.16230533e+00, 6.80327641e+01
1.58635653e-02, 6.83538432e-03, 9.84384158e-01, 1.56444763e-02, 9.16914149e-01, 1.57679902e-02, 3.16187727e+00, 6.80548665e+01
1.63089068e-02, 7.02573168e-03, 9.83952805e-01, 1.60774470e-02, 9.16481178e-01, 1.62079259e-02, 3.16143733e+00, 6.80775810e+01
1.67667503e-02, 7.22133576e-03, 9.83509738e-01, 1.65222245e-02, 9.16036400e-01, 1.66600589e-02, 3.16098520e+00, 6.81009242e+01
1.72374471e-02, 7.42233928e-03, 9.83054648e-01, 1.69791207e-02, 9.15579504e-01, 1.71247233e-02, 3.16052054e+00, 6.81249135e+01
1.77213578e-02, 7.62888867e-03, 9.82587220e-01, 1.74484555e-02, 9.15110169e-01, 1.76022618e-02, 3.16004300e+00, 6.81495664e+01
1.82188534e-02, 7.84113421e-03, 9.82107134e-01, 1.79305567e-02, 9.14628068e-01, 1.80930264e-02, 3.15955223e+00, 6.81749009e+01
1.87303154e-02, 8.05923009e-03, 9.81614059e-01, 1.84257599e-02, 9.14132865e-01, 1.85973782e-02, 3.15904788e+00, 6.82009358e+01
1.92561357e-02, 8.28333450e-03, 9.81107658e-01, 1.89344090e-02, 9.13624216e-01, 1.91156882e-02, 3.15852957e+00, 6.82276900e+01
1.97967175e-02, 8.51360975e-03, 9.80587585e-01, 1.94568563e-02, 9.13101768e-01, 1.96483370e-02, 3.15799692e+00, 6.82551832e+01
2.03524752e-02, 8.75022235e-03, 9.80053486e-01, 1.99934626e-02, 9.12565162e-01, 2.01957154e-02, 3.15744954e+00, 6.82834355e+01
2.09238348e-02, 8.99334311e-03, 9.79504999e-01, 2.05445973e-02, 9.12014027e-01, 2.07582245e-02, 3.15688704e+00, 6.83124674e+01
2.15112343e-02, 9.24314725e-03, 9.78941755e-01, 2.11106387e-02, 9.11447986e-01, 2.13362760e-02, 3.15630898e+00, 6.83423002e+01
2.21151240e-02, 9.49981449e-03, 9.78363373e-01, 2.16919743e-02, 9.10866651e-01, 2.19302922e-02, 3.15571497e+00, 6.83729556e+01
2.27359668e-02, 9.76352916e-03, 9.77769466e-01, 2.22890004e-02, 9.10269624e-01, 2.25407069e-02, 3.15510455e+00, 6.84044559e+01
2.33742387e-02, 1.00344803e-02, 9.77159637e-01, 2.29021229e-02, 9.09656502e-01, 2.31679650e-02, 3.15447729e+00, 6.84368240e+01
2.40304289e-02, 1.03128618e-02, 9.76533482e-01, 2.35317573e-02, 9.09026867e-01, 2.38125232e-02, 3.15383274e+00, 6.84700834e+01
2.47050406e-02, 1.05988725e-02, 9.75890584e-01, 2.41783286e-02, 9.08380296e-01, 2.44748499e-02, 3.15317041e+00, 6.85042582e+01
2.53985907e-02, 1.08927162e-02, 9.75230519e-01, 2.48422718e-02, 9.07716353e-01, 2.51554260e-02, 3.15248983e+00, 6.85393732e+01
2.61116110e-02, 1.11946019e-02, 9.74552855e-01, 2.55240318e-02, 9.07034593e-01, 2.58547448e-02, 3.15179052e+00, 6.85754537e+01
2.68446481e-02, 1.15047439e-02, 9.73857148e-01, 2.62240639e-02, 9.06334561e-01, 2.65733124e-02, 3.15107195e+00, 6.86125258e+01
2.75982639e-02, 1.18233619e-02, 9.73142944e-01, 2.69428335e-02, 9.05615791e-01, 2.73116479e-02, 3.15033361e+00, 6.86506162e+01
2.83730362e-02, 1.21506810e-02, 9.72409782e-01, 2.76808168e-02, 9.04877808e-01, 2.80702841e-02, 3.14957498e+00, 6.86897525e+01
2.91695588e-02, 1.24869320e-02, 9.71657189e-01, 2.84385005e-02, 9.04120124e-01, 2.88497673e-02, 3.14879549e+00, 6.87299626e+01
2.99884423e-02, 1.28323514e-02, 9.70884681e-01, 2.92163823e-02, 9.03342242e-01, 2.96506579e-02, 3.14799460e+00, 6.87712756e+01
3.08303146e-02, 1.31871818e-02, 9.70091766e-01, 3.00149708e-02, 9.02543654e-01, 3.04735309e-02, 3.14717173e+00, 6.88137210e+01
3.16958209e-02, 1.35516713e-02, 9.69277940e-01, 3.08347859e-02, 9.01723839e-01, 3.13189759e-02, 3.14632628e+00, 6.88573292e+01
3.25856248e-02, 1.39260747e-02, 9.68442690e-01, 3.16763587e-02, 9.00882266e-01, 3.21875973e-02, 3.14545766e+00, 6.89021315e+01
3.35004083e-02, 1.43106525e-02, 9.67585491e-01, 3.25402319e-02, 9.00018393e-01, 3.30800154e-02, 3.14456524e+00, 6.89481599e+01
3.44408728e-02, 1.47056720e-02, 9.66705808e-01, 3.34269597e-02, 8.99131665e-01, 3.39968659e-02, 3.14364839e+00, 6.89954471e+01
3.54077391e-02, 1.51114068e-02, 9.65803096e-01, 3.43371083e-02, 8.98221516e-01, 3.49388007e-02, 3.14270646e+00, 6.90440268e+01
3.64017485e-02, 1.55281370e-02, 9.64876798e-01, 3.52712557e-02, 8.97287369e-01, 3.59064882e-02, 3.14173877e+00, 6.90939336e+01
3.74236629e-02, 1.59561497e-02, 9.63926345e-01, 3.62299918e-02, 8.96328633e-01, 3.69006137e-02, 3.14074465e+00, 6.91452030e+01
3.84742658e-02, 1.63957388e-02, 9.62951161e-01, 3.72139189e-02, 8.95344706e-01, 3.79218797e-02, 3.13972338e+00, 6.91978712e+01
3.95543624e-02, 1.68472053e-02, 9.61950655e-01, 3.82236515e-02, 8.94334973e-01, 3.89710061e-02, 3.13867425e+00, 6.92519756e+01
4.06647809e-02, 1.73108570e-02, 9.60924227e-01, 3.92598166e-02, 8.93298808e-01, 4.00487312e-02, 3.13759653e+00, 6.93075545e+01
4.18063724e-02, 1.77870096e-02, 9.59871264e-01, 4.03230536e-02, 8.92235571e-01, 4.11558112e-02, 3.13648945e+00, 6.93646470e+01
4.29800121e-02, 1.82759856e-02, 9.58791145e-01, 4.14140147e-02, 8.91144610e-01, 4.22930214e-02, 3.13535224e+00, 6.94232934e+01
4.41865996e-02, 1.87781154e-02, 9.57683234e-01, 4.25333647e-02, 8.90025260e-01, 4.34611561e-02, 3.13418410e+00, 6.94835351e+01
4.54270599e-02, 1.92937372e-02, 9.56546887e-01, 4.36817811e-02, 8.88876844e-01, 4.46610292e-02, 3.13298423e+00, 6.95454143e+01
4.67023439e-02, 1.98231967e-02, 9.55381447e-01, 4.48599547e-02, 8.87698670e-01, 4.58934747e-02, 3.13175179e+00, 6.96089745e+01
4.80134292e-02, 2.03668477e-02, 9.54186246e-01, 4.60685887e-02, 8.86490036e-01, 4.71593468e-02, 3.13048591e+00, 6.96742602e+01
4.93613210e-02, 2.09250522e-02, 9.52960606e-01, 4.73083997e-02, 8.85250225e-01, 4.84595206e-02, 3.12918574e+00, 6.97413172e+01
5.07470524e-02, 2.14981804e-02, 9.51703836e-01, 4.85801171e-02, 8.83978508e-01, 4.97948925e-02, 3.12785037e+00, 6.98101923e+01
5.21716858e-02, 2.20866106e-02, 9.50415235e-01, 4.98844835e-02, 8.82674141e-01, 5.11663804e-02, 3.12647888e+00, 6.98809337e+01
5.36363132e-02, 2.26907300e-02, 9.49094092e-01, 5.12222546e-02, 8.81336370e-01, 5.25749245e-02, 3.12507034e+00, 6.99535906e+01
5.51420574e-02, 2.33109341e-02, 9.47739684e-01, 5.25941990e-02, 8.79964426e-01, 5.40214874e-02, 3.12362377e+00, 7.00282137e+01
5.66900727e-02, 2.39476274e-02, 9.46351277e-01, 5.40010985e-02, 8.78557526e-01, 5.55070547e-02, 3.12213821e+00, 7.01048549e+01
5.82815458e-02, 2.46012230e-02, 9.44928128e-01, 5.54437478e-02, 8.77114877e-01, 5.70326354e-02, 3.12061262e+00, 7.01835675e+01
5.99176967e-02, 2.52721433e-02, 9.43469482e-01, 5.69229546e-02, 8.75635670e-01, 5.85992623e-02, 3.11904600e+00, 7.02644061e+01
6.15997796e-02, 2.59608197e-02, 9.41974574e-01, 5.84395397e-02, 8.74119085e-01, 6.02079925e-02, 3.11743727e+00, 7.03474268e+01
6.33290840e-02, 2.66676928e-02, 9.40442630e-01, 5.99943364e-02, 8.72564288e-01, 6.18599081e-02, 3.11578535e+00, 7.04326871e+01
6.51069356e-02, 2.73932126e-02, 9.38872865e-01, 6.15881908e-02, 8.70970434e-01, 6.35561160e-02, 3.11408914e+00, 7.05202461e+01
6.69346971e-02, 2.81378388e-02, 9.37264486e-01, 6.32219617e-02, 8.69336663e-01, 6.52977490e-02, 3.11234751e+00, 7.06101643e+01
6.88137699e-02, 2.89020403e-02, 9.35616689e-01, 6.48965201e-02, 8.67662105e-01, 6.70859659e-02, 3.11055929e+00, 7.07025040e+01
7.07455942e-02, 2.96862961e-02, 9.33928662e-01, 6.66127492e-02, 8.65945876e-01, 6.89219522e-02, 3.10872331e+00, 7.07973289e+01
7.27316511e-02, 3.04910947e-02, 9.32199585e-01, 6.83715446e-02, 8.64187080e-01, 7.08069201e-02, 3.10683834e+00, 7.08947047e+01
7.47734631e-02, 3.13169348e-02, 9.30428629e-01, 7.01738131e-02, 8.62384812e-01, 7.27421096e-02, 3.10490315e+00, 7.09946985e+01
7.68725952e-02, 3.21643250e-02, 9.28614958e-01, 7.20204735e-02, 8.60538151e-01, 7.47287882e-02, 3.10291647e+00, 7.10973795e+01
7.90306568e-02, 3.30337838e-02, 9.26757728e-01, 7.39124556e-02, 8.58646169e-01, 7.67682522e-02, 3.10087701e+00, 7.12028186e+01
8.12493021e-02, 3.39258402e-02, 9.24856088e-01, 7.58507002e-02, 8.56707925e-01, 7.88618264e-02, 3.09878343e+00, 7.13110887e+01
8.35302320e-02, 3.48410332e-02, 9.22909182e-01, 7.78361585e-02, 8.54722466e-01, 8.10108648e-02, 3.09663440e+00, 7.14222646e+01
8.58751948e-02, 3.57799125e-02, 9.20916146e-01, 7.98697921e-02, 8.52688833e-01, 8.32167512e-02, 3.09442851e+00, 7.15364232e+01
8.82859884e-02, 3.67430377e-02, 9.18876114e-01, 8.19525723e-02, 8.50606053e-01, 8.54808995e-02, 3.09216436e+00, 7.16536436e+01
9.07644607e-02, 3.77309793e-02, 9.16788212e-01, 8.40854794e-02, 8.48473145e-01, 8.78047539e-02, 3.08984051e+00, 7.17740070e+01
9.33125118e-02, 3.87443182e-02, 9.14651565e-01, 8.62695029e-02, 8.46289122e-01, 9.01897897e-02, 3.08745547e+00, 7.18975970e+01
9.59320948e-02, 3.97836456e-02, 9.12465293e-01, 8.85056404e-02, 8.44052984e-01, 9.26375136e-02, 3.08500775e+00, 7.20244994e+01
9.86252179e-02, 4.08495636e-02, 9.10228514e-01, 9.07948970e-02, 8.41763728e-01, 9.51494639e-02, 3.08249580e+00, 7.21548027e+01
1.01393946e-01, 4.19426849e-02, 9.07940346e-01, 9.31382851e-02, 8.39420340e-01, 9.77272109e-02, 3.07991805e+00, 7.22885977e+01
1.04240401e-01, 4.30636326e-02, 9.05599903e-01, 9.55368236e-02, 8.37021801e-01, 1.00372358e-01, 3.07727290e+00, 7.24259780e+01
1.07166765e-01, 4.42130406e-02, 9.03206303e-01, 9.79915367e-02, 8.34567088e-01, 1.03086540e-01, 3.07455872e+00, 7.25670401e+01
1.10175281e-01, 4.53915533e-02, 9.00758661e-01, 1.00503454e-01, 8.32055171e-01, 1.05871427e-01, 3.07177383e+00, 7.27118830e+01
1.13268257e-01, 4.65998259e-02, 8.98256098e-01, 1.03073609e-01, 8.29485016e-01, 1.08728721e-01, 3.06891654e+00, 7.28606092e+01
1.16448062e-01, 4.78385241e-02, 8.95697735e-01, 1.05703038e-01, 8.26855587e-01, 1.11660158e-01, 3.06598510e+00, 7.30133238e+01
1.19717134e-01, 4.91083240e-02, 8.93082699e-01, 1.08392781e-01, 8.24165844e-01, 1.14667509e-01, 3.06297775e+00, 7.31701357e+01
1.23077980e-01, 5.04099123e-02, 8.90410121e-01, 1.11143877e-01, 8.21414747e-01, 1.17752578e-01, 3.05989268e+00, 7.33311569e+01
1.26533176e-01, 5.17439860e-02, 8.87679139e-01, 1.13957369e-01, 8.18601255e-01, 1.20917205e-01, 3.05672805e+00, 7.34965031e+01
1.30085370e-01, 5.31112527e-02, 8.84888900e-01, 1.16834297e-01, 8.15724328e-01, 1.24163265e-01, 3.05348200e+00, 7.36662935e+01
1.33737286e-01, 5.45124297e-02, 8.82038557e-01, 1.19775699e-01, 8.12782926e-01, 1.27492665e-01, 3.05015259e+00, 7.38406517e+01
1.37491723e-01, 5.59482450e-02, 8.79127276e-01, 1.22782610e-01, 8.09776015e-01, 1.30907352e-01, 3.04673791e+00, 7.40197051e+01
1.41351558e-01, 5.74194362e-02, 8.76154234e-01, 1.25856062e-01, 8.06702563e-01, 1.34409304e-01, 3.04323596e+00, 7.42035854e+01
1.45319752e-01, 5.89267507e-02, 8.73118619e-01, 1.28997081e-01, 8.03561544e-01, 1.38000537e-01, 3.03964472e+00, 7.43924291e+01
1.49399346e-01, 6.04709458e-02, 8.70019635e-01, 1.32206686e-01, 8.00351939e-01, 1.41683101e-01, 3.03596216e+00, 7.45863771e+01
1.53593468e-01, 6.20527881e-02, 8.66856504e-01, 1.35485887e-01, 7.97072738e-01, 1.45459082e-01, 3.03218618e+00, 7.47855757e+01
1.57905331e-01, 6.36730536e-02, 8.63628462e-01, 1.38835685e-01, 7.93722940e-01, 1.49330601e-01, 3.02831466e+00, 7.49901763e+01
1.62338243e-01, 6.53325272e-02, 8.60334766e-01, 1.42257069e-01, 7.90301556e-01, 1.53299815e-01, 3.02434545e+00, 7.52003360e+01
1.66895601e-01, 6.70320026e-02, 8.56974693e-01, 1.45751015e-01, 7.86807610e-01, 1.57368915e-01, 3.02027635e+00, 7.54162176e+01
1.71580899e-01, 6.87722823e-02, 8.53547545e-01, 1.49318485e-01, 7.83240140e-01, 1.61540127e-01, 3.01610513e+00, 7.56379904e+01
1.76397728e-01, 7.05541769e-02, 8.50052645e-01, 1.52960422e-01, 7.79598203e-01, 1.65815712e-01, 3.01182955e+00, 7.58658299e+01
1.81349780e-01, 7.23785049e-02, 8.46489343e-01, 1.56677754e-01, 7.75880871e-01, 1.70197966e-01, 3.00744729e+00, 7.60999189e+01
1.86440853e-01, 7.42460926e-02, 8.42857018e-01, 1.60471386e-01, 7.72087239e-01, 1.74689217e-01, 3.00295604e+00, 7.63404473e+01
1.91674849e-01, 7.61577735e-02, 8.39155077e-01, 1.64342201e-01, 7.68216423e-01, 1.79291828e-01, 2.99835343e+00, 7.65876129e+01
1.97055780e-01, 7.81143880e-02, 8.35382959e-01, 1.68291059e-01, 7.64267566e-01, 1.84008192e-01, 2.99363707e+00, 7.68416216e+01
2.02587771e-01, 8.01167833e-02, 8.31540137e-01, 1.72318790e-01, 7.60239834e-01, 1.88840737e-01, 2.98880452e+00, 7.71026879e+01
2.08275063e-01, 8.21658124e-02, 8.27626118e-01, 1.76426199e-01, 7.56132426e-01, 1.93791921e-01, 2.98385334e+00, 7.73710359e+01
2.14122015e-01, 8.42623342e-02, 8.23640447e-01, 1.80614057e-01, 7.51944568e-01, 1.98864231e-01, 2.97878103e+00, 7.76468990e+01
2.20133111e-01, 8.64072127e-02, 8.19582709e-01, 1.84883101e-01, 7.47675524e-01, 2.04060184e-01, 2.97358508e+00, 7.79305212e+01
2.26312957e-01, 8.86013169e-02, 8.15452527e-01, 1.89234034e-01, 7.43324591e-01, 2.09382326e-01, 2.96826293e+00, 7.82221573e+01
2.32666291e-01, 9.08455198e-02, 8.11249571e-01, 1.93667519e-01, 7.38891106e-01, 2.14833229e-01, 2.96281203e+00, 7.85220740e+01
2.39197984e-01, 9.31406982e-02, 8.06973553e-01, 1.98184177e-01, 7.34374447e-01, 2.20415489e-01, 2.95722977e+00, 7.88305500e+01
2.45913043e-01, 9.54877322e-02, 8.02624233e-01, 2.02784586e-01, 7.29774038e-01, 2.26131728e-01, 2.95151353e+00, 7.91478773e+01
2.52816614e-01, 9.78875042e-02, 7.98201419e-01, 2.07469277e-01, 7.25089348e-01, 2.31984590e-01, 2.94566067e+00, 7.94743617e+01
2.59913992e-01, 1.00340899e-01, 7.93704972e-01, 2.12238728e-01, 7.20319896e-01, 2.37976735e-01, 2.93966852e+00, 7.98103236e+01
2.67210616e-01, 1.02848802e-01, 7.89134803e-01, 2.17093369e-01, 7.15465255e-01, 2.44110847e-01, 2.93353441e+00, 8.01560992e+01
2.74712079e-01, 1.05412101e-01, 7.84490880e-01, 2.22033572e-01, 7.10525053e-01, 2.50389621e-01, 2.92725564e+00, 8.05120410e+01
2.82424133e-01, 1.08031682e-01, 7.79773224e-01, 2.27059648e-01, 7.05498977e-01, 2.56815768e-01, 2.92082949e+00, 8.08785192e+01
2.90352688e-01, 1.10708431e-01, 7.74981917e-01, 2.32171848e-01, 7.00386776e-01, 2.63392007e-01, 2.91425325e+00, 8.12559226e+01
2.98503825e-01, 1.13443233e-01, 7.70117100e-01, 2.37370359e-01, 6.95188266e-01, 2.70121067e-01, 2.90752419e+00, 8.16446596e+01
3.06883789e-01, 1.16236971e-01, 7.65178976e-01, 2.42655295e-01, 6.89903330e-01, 2.77005679e-01, 2.90063958e+00, 8.20451595e+01
3.15499006e-01, 1.19090524e-01, 7.60167811e-01, 2.48026702e-01, 6.84531923e-01, 2.84048577e-01, 2.89359668e+00, 8.24578738e+01
3.24356081e-01, 1.22004770e-01, 7.55083934e-01, 2.53484548e-01, 6.79074077e-01, 2.91252490e-01, 2.88639277e+00, 8.28832772e+01
3.33461802e-01, 1.24980579e-01, 7.49927744e-01, 2.59028723e-01, 6.73529902e-01, 2.98620143e-01, 2.87902512e+00, 8.33218695e+01
3.42823149e-01, 1.28018820e-01, 7.44699703e-01, 2.64659034e-01, 6.67899591e-01, 3.06154247e-01, 2.87149101e+00, 8.37741763e+01
3.52447300e-01, 1.31120351e-01, 7.39400345e-01, 2.70375203e-01, 6.62183422e-01, 3.13857498e-01, 2.86378776e+00, 8.42407511e+01
3.62341632e-01, 1.34286029e-01, 7.34030273e-01, 2.76176860e-01, 6.56381765e-01, 3.21732573e-01, 2.85591269e+00, 8.47221768e+01
3.72513730e-01, 1.37516698e-01, 7.28590161e-01, 2.82063544e-01, 6.50495081e-01, 3.29782122e-01, 2.84786314e+00, 8.52190669e+01
3.82971391e-01, 1.40813196e-01, 7.23080757e-01, 2.88034697e-01, 6.44523928e-01, 3.38008763e-01, 2.83963650e+00, 8.57320677e+01
3.93722633e-01, 1.44176353e-01, 7.17502878e-01, 2.94089660e-01, 6.38468965e-01, 3.46415077e-01, 2.83123018e+00, 8.62618597e+01
4.04775697e-01, 1.47606985e-01, 7.11857418e-01, 3.00227670e-01, 6.32330955e-01, 3.55003603e-01, 2.82264166e+00, 8.68091599e+01
4.16139055e-01, 1.51105900e-01, 7.06145344e-01, 3.06447858e-01, 6.26110767e-01, 3.63776827e-01, 2.81386843e+00, 8.73747231e+01
4.27821420e-01, 1.54673893e-01, 7.00367697e-01, 3.12749243e-01, 6.19809382e-01, 3.72737180e-01, 2.80490808e+00, 8.79593445e+01
4.39831747e-01, 1.58311745e-01, 6.94525595e-01, 3.19130729e-01, 6.13427896e-01, 3.81887028e-01, 2.79575823e+00, 8.85638612e+01
4.52179242e-01, 1.62020224e-01, 6.88620228e-01, 3.25591106e-01, 6.06967519e-01, 3.91228664e-01, 2.78641660e+00, 8.91891549e+01
4.64873371e-01, 1.65800084e-01, 6.82652863e-01, 3.32129040e-01, 6.00429585e-01, 4.00764303e-01, 2.77688096e+00, 8.98361535e+01
4.77923865e-01, 1.69652062e-01, 6.76624841e-01, 3.38743076e-01, 5.93815549e-01, 4.10496070e-01, 2.76714919e+00, 9.05058335e+01
4.91340729e-01, 1.73576879e-01, 6.70537578e-01, 3.45431632e-01, 5.87126993e-01, 4.20425991e-01, 2.75721927e+00, 9.11992227e+01
5.05134247e-01, 1.77575238e-01, 6.64392563e-01, 3.52192997e-01, 5.80365628e-01, 4.30555989e-01, 2.74708927e+00, 9.19174019e+01
5.19314994e-01, 1.81647824e-01, 6.58191359e-01, 3.59025330e-01, 5.73533295e-01, 4.40887870e-01, 2.73675739e+00, 9.26615078e+01
5.33893840e-01, 1.85795303e-01, 6.51935600e-01, 3.65926656e-01, 5.66631969e-01, 4.51423315e-01, 2.72622194e+00, 9.34327352e+01
5.48881961e-01, 1.90018322e-01, 6.45626991e-01, 3.72894865e-01, 5.59663759e-01, 4.62163870e-01, 2.71548139e+00, 9.42323394e+01
5.64290847e-01, 1.94317504e-01, 6.39267309e-01, 3.79927713e-01, 5.52630912e-01, 4.73110937e-01, 2.70453432e+00, 9.50616389e+01
5.80132310e-01, 1.98693454e-01, 6.32858396e-01, 3.87022816e-01, 5.45535808e-01, 4.84265762e-01, 2.69337950e+00, 9.59220179e+01
5.96418495e-01, 2.03146750e-01, 6.26402164e-01, 3.94177655e-01, 5.38380970e-01, 4.95629426e-01, 2.68201583e+00, 9.68149287e+01
6.13161884e-01, 2.07677952e-01, 6.19900588e-01, 4.01389570e-01, 5.31169055e-01, 5.07202835e-01, 2.67044242e+00, 9.77418944e+01
6.30375315e-01, 2.12287591e-01, 6.13355704e-01, 4.08655766e-01, 5.23902859e-01, 5.18986711e-01, 2.65865855e+00, 9.87045114e+01
6.48071983e-01, 2.16976176e-01, 6.06769614e-01, 4.15973310e-01, 5.16585315e-01, 5.30981577e-01, 2.64666368e+00, 9.97044522e+01
6.66265452e-01, 2.21744190e-01, 6.00144472e-01, 4.23339134e-01, 5.09219490e-01, 5.43187753e-01, 2.63445751e+00, 1.00743468e+02
6.84969672e-01, 2.26592088e-01, 5.93482492e-01, 4.30750038e-01, 5.01808586e-01, 5.55605342e-01, 2.62203992e+00, 1.01823390e+02
7.04198979e-01, 2.31520301e-01, 5.86785940e-01, 4.38202690e-01, 4.94355934e-01, 5.68234222e-01, 2.60941104e+00, 1.02946134e+02
7.23968114e-01, 2.36529229e-01, 5.80057132e-01, 4.45693631e-01, 4.86864993e-01, 5.81074040e-01, 2.59657122e+00, 1.04113703e+02
7.44292233e-01, 2.41619247e-01, 5.73298431e-01, 4.53219279e-01, 4.79339345e-01, 5.94124196e-01, 2.58352106e+00, 1.05328187e+02
7.65186915e-01, 2.46790700e-01, 5.66512244e-01, 4.60775934e-01, 4.71782691e-01, 6.07383843e-01, 2.57026142e+00, 1.06591768e+02
7.86668179e-01, 2.52043903e-01, 5.59701019e-01, 4.68359782e-01, 4.64198843e-01, 6.20851876e-01, 2.55679338e+00, 1.07906721e+02
8.08752491e-01, 2.57379142e-01, 5.52867241e-01, 4.75966901e-01, 4.56591723e-01, 6.34526926e-01, 2.54311833e+00, 1.09275419e+02
8.31456781e-01, 2.62796674e-01, 5.46013431e-01, 4.83593273e-01, 4.48965352e-01, 6.48407352e-01, 2.52923791e+00, 1.10700333e+02
8.54798453e-01, 2.68296725e-01, 5.39142136e-01, 4.91234782e-01, 4.41323843e-01, 6.62491243e-01, 2.51515402e+00, 1.12184034e+02
8.78795401e-01, 2.73879488e-01, 5.32255933e-01, 4.98887232e-01, 4.33671393e-01, 6.76776408e-01, 2.50086885e+00, 1.13729198e+02
9.03466021e-01, 2.79545129e-01, 5.25357421e-01, 5.06546350e-01, 4.26012274e-01, 6.91260375e-01, 2.48638489e+00, 1.15338608e+02
9.28829225e-01, 2.85293778e-01, 5.18449216e-01, 5.14207798e-01, 4.18350827e-01, 7.05940392e-01, 2.47170487e+00, 1.17015154e+02
9.54904456e-01, 2.91125536e-01, 5.11533951e-01, 5.21867182e-01, 4.10691443e-01, 7.20813425e-01, 2.45683184e+00, 1.18761837e+02
9.81711702e-01, 2.97040474e-01, 5.04614268e-01, 5.29520063e-01, 4.03038562e-01, 7.35876160e-01, 2.44176910e+00, 1.20581774e+02
1.00927151e+00, 3.03038627e-01, 4.97692817e-01, 5.37161970e-01, 3.95396654e-01, 7.51125005e-01, 2.42652025e+00, 1.22478197e+02
1.03760502e+00, 3.09120002e-01, 4.90772250e-01, 5.44788411e-01, 3.87770214e-01, 7.66556096e-01, 2.41108916e+00, 1.24454456e+02
1.06673394e+00, 3.15284571e-01, 4.83855218e-01, 5.52394882e-01, 3.80163743e-01, 7.82165298e-01, 2.39547996e+00, 1.26514026e+02
1.09668060e+00, 3.21532276e-01, 4.76944367e-01, 5.59976884e-01, 3.72581741e-01, 7.97948218e-01, 2.37969704e+00, 1.28660505e+02
1.12746796e+00, 3.27863028e-01, 4.70042332e-01, 5.67529935e-01, 3.65028690e-01, 8.13900206e-01, 2.36374505e+00, 1.30897619e+02
1.15911962e+00, 3.34276704e-01, 4.63151736e-01, 5.75049579e-01, 3.57509045e-01, 8.30016370e-01, 2.34762889e+00, 1.33229227e+02
1.19165984e+00, 3.40773150e-01, 4.56275185e-01, 5.82531404e-01, 3.50027221e-01, 8.46291584e-01, 2.33135368e+00, 1.35659323e+02
1.22511358e+00, 3.47352184e-01, 4.49415262e-01, 5.89971049e-01, 3.42587575e-01, 8.62720500e-01, 2.31492476e+00, 1.38192038e+02
1.25950646e+00, 3.54013588e-01, 4.42574525e-01, 5.97364223e-01, 3.35194401e-01, 8.79297562e-01, 2.29834770e+00, 1.40831648e+02
1.29486487e+00, 3.60757118e-01, 4.35755505e-01, 6.04706712e-01, 3.27851912e-01, 8.96017018e-01, 2.28162824e+00, 1.43582576e+02
1.33121590e+00, 3.67582497e-01, 4.28960698e-01, 6.11994394e-01, 3.20564231e-01, 9.12872936e-01, 2.26477232e+00, 1.46449396e+02
1.36858742e+00, 3.74489419e-01, 4.22192565e-01, 6.19223247e-01, 3.13335377e-01, 9.29859219e-01, 2.24778604e+00, 1.49436840e+02
1.40700809e+00, 3.81477549e-01, 4.15453528e-01, 6.26389367e-01, 3.06169258e-01, 9.46969621e-01, 2.23067564e+00, 1.52549803e+02
1.44650734e+00, 3.88546523e-01, 4.08745964e-01, 6.33488969e-01, 2.99069655e-01, 9.64197764e-01, 2.21344750e+00, 1.55793349e+02
1.48711546e+00, 3.95695948e-01, 4.02072206e-01, 6.40518406e-01, 2.92040219e-01, 9.81537156e-01, 2.19610810e+00, 1.59172716e+02
1.52886359e+00, 4.02925403e-01, 3.95434536e-01, 6.47474169e-01, 2.85084456e-01, 9.98981205e-01, 2.17866405e+00, 1.62693323e+02
1.57178372e+00, 4.10234442e-01, 3.88835186e-01, 6.54352903e-01, 2.78205721e-01, 1.01652324e+00, 2.16112202e+00, 1.66360781e+02
1.61590875e+00, 4.17622591e-01, 3.82276331e-01, 6.61151410e-01, 2.71407215e-01, 1.03415653e+00, 2.14348873e+00, 1.70180895e+02
1.66127252e+00, 4.25089350e-01, 3.75760089e-01, 6.67866655e-01, 2.64691970e-01, 1.05187429e+00, 2.12577097e+00, 1.74159677e+02
1.70790980e+00, 4.32634194e-01, 3.69288519e-01, 6.74495774e-01, 2.58062851e-01, 1.06966971e+00, 2.10797555e+00, 1.78303355e+02
1.75585633e+00, 4.40256573e-01, 3.62863618e-01, 6.81036077e-01, 2.51522548e-01, 1.08753597e+00, 2.09010929e+00, 1.82618377e+02
1.80514888e+00, 4.47955916e-01, 3.56487318e-01, 6.87485052e-01, 2.45073572e-01, 1.10546625e+00, 2.07217901e+00, 1.87111429e+02
1.85582523e+00, 4.55731626e-01, 3.50161484e-01, 6.93840369e-01, 2.38718256e-01, 1.12345375e+00, 2.05419151e+00, 1.91789440e+02
1.90792422e+00, 4.63583085e-01, 3.43887915e-01, 7.00099878e-01, 2.32458747e-01, 1.14149169e+00, 2.03615357e+00, 1.96659597e+02
1.96148581e+00, 4.71509656e-01, 3.37668341e-01, 7.06261615e-01, 2.26297010e-01, 1.15957337e+00, 2.01807189e+00, 2.01729353e+02
2.01655104e+00, 4.79510678e-01, 3.31504419e-01, 7.12323798e-01, 2.20234827e-01, 1.17769212e+00, 1.99995314e+00, 2.07006446e+02
2.07316213e+00, 4.87585472e-01, 3.25397736e-01, 7.18284830e-01, 2.14273795e-01, 1.19584135e+00, 1.98180391e+00, 2.12498905e+02
2.13136247e+00, 4.95733342e-01, 3.19349807e-01, 7.24143294e-01, 2.08415331e-01, 1.21401455e+00, 1.96363071e+00, 2.18215069e+02
2.19119669e+00, 5.03953573e-01, 3.13362070e-01, 7.29897953e-01, 2.02660672e-01, 1.23220532e+00, 1.94543994e+00, 2.24163602e+02
2.25271064e+00, 5.12245431e-01, 3.07435893e-01, 7.35547746e-01, 1.97010878e-01, 1.25040735e+00, 1.92723791e+00, 2.30353505e+02
2.31595149e+00, 5.20608169e-01, 3.01572566e-01, 7.41091787e-01, 1.91466837e-01, 1.26861445e+00, 1.90903081e+00, 2.36794134e+02
2.38096772e+00, 5.29041024e-01, 2.95773306e-01, 7.46529358e-01, 1.86029267e-01, 1.28682054e+00, 1.89082472e+00, 2.43495219e+02
2.44780916e+00, 5.37543219e-01, 2.90039255e-01, 7.51859905e-01, 1.80698720e-01, 1.30501968e+00, 1.87262558e+00, 2.50466878e+02
2.51652705e+00, 5.46113963e-01, 2.84371479e-01, 7.57083035e-01, 1.75475590e-01, 1.32320605e+00, 1.85443921e+00, 2.57719638e+02
2.58717408e+00, 5.54752453e-01, 2.78770971e-01, 7.62198510e-01, 1.70360115e-01, 1.34137399e+00, 1.83627127e+00, 2.65264453e+02
2.65980440e+00, 5.63457874e-01, 2.73238647e-01, 7.67206239e-01, 1.65352386e-01, 1.35951795e+00, 1.81812731e+00, 2.73112724e+02
2.73447368e+00, 5.72229403e-01, 2.67775351e-01, 7.72106277e-01, 1.60452348e-01, 1.37763256e+00, 1.80001270e+00, 2.81276320e+02
2.81123917e+00, 5.81066203e-01, 2.62381854e-01, 7.76898813e-01, 1.55659812e-01, 1.39571257e+00, 1.78193269e+00, 2.89767601e+02
2.89015972e+00, 5.89967432e-01, 2.57058854e-01, 7.81584168e-01, 1.50974456e-01, 1.41375291e+00, 1.76389235e+00, 2.98599437e+02
2.97129582e+00, 5.98932239e-01, 2.51806978e-01, 7.86162789e-01, 1.46395836e-01, 1.43174864e+00, 1.74589662e+00, 3.07785235e+02
3.05470967e+00, 6.07959763e-01, 2.46626782e-01, 7.90635238e-01, 1.41923387e-01, 1.44969500e+00, 1.72795026e+00, 3.17338961e+02
3.14046522e+00, 6.17049141e-01, 2.41518754e-01, 7.95002189e-01, 1.37556436e-01, 1.46758735e+00, 1.71005791e+00, 3.27275167e+02
3.22862820e+00, 6.26199502e-01, 2.36483311e-01, 7.99264423e-01, 1.33294202e-01, 1.48542123e+00, 1.69222403e+00, 3.37609014e+02
3.31926620e+00, 6.35409971e-01, 2.31520808e-01, 8.03422817e-01, 1.29135807e-01, 1.50319234e+00, 1.67445292e+00, 3.48356305e+02
3.41244871e+00, 6.44679670e-01, 2.26631530e-01, 8.07478342e-01, 1.25080283e-01, 1.52089651e+00, 1.65674875e+00, 3.59533505e+02
3.50824714e+00, 6.54007716e-01, 2.21815701e-01, 8.11432052e-01, 1.21126573e-01, 1.53852975e+00, 1.63911551e+00, 3.71157779e+02
3.60673495e+00, 6.63393226e-01, 2.17073483e-01, 8.15285082e-01, 1.17273542e-01, 1.55608821e+00, 1.62155705e+00, 3.83247017e+02
3.70798763e+00, 6.72835313e-01, 2.12404976e-01, 8.19038641e-01, 1.13519984e-01, 1.57356818e+00, 1.60407708e+00, 3.95819867e+02
3.81208280e+00, 6.82333091e-01, 2.07810223e-01, 8.22694004e-01, 1.09864621e-01, 1.59096611e+00, 1.58667915e+00, 4.08895768e+02
3.91910025e+00, 6.91885673e-01, 2.03289209e-01, 8.26252508e-01, 1.06306117e-01, 1.60827860e+00, 1.56936666e+00, 4.22494985e+02
4.02912203e+00, 7.01492174e-01, 1.98841864e-01, 8.29715546e-01, 1.02843079e-01, 1.62550239e+00, 1.55214287e+00, 4.36638644e+02
4.14223247e+00, 7.11151707e-01, 1.94468065e-01, 8.33084562e-01, 9.94740631e-02, 1.64263436e+00, 1.53501090e+00, 4.51348767e+02
4.25851829e+00, 7.20863389e-01, 1.90167637e-01, 8.36361043e-01, 9.61975813e-02, 1.65967152e+00, 1.51797374e+00, 4.66648316e+02
4.37806863e+00, 7.30626340e-01, 1.85940357e-01, 8.39546521e-01, 9.30121042e-02, 1.67661105e+00, 1.50103421e+00, 4.82561226e+02
4.50097513e+00, 7.40439681e-01, 1.81785952e-01, 8.42642557e-01, 8.99160674e-02, 1.69345022e+00, 1.48419504e+00, 4.99112453e+02
4.62733201e+00, 7.50302539e-01, 1.77704105e-01, 8.45650749e-01, 8.69078756e-02, 1.71018647e+00, 1.46745879e+00, 5.16328012e+02
4.75723614e+00, 7.60214043e-01, 1.73694456e-01, 8.48572717e-01, 8.39859074e-02, 1.72681734e+00, 1.45082792e+00, 5.34235025e+02
4.89078709e+00, 7.70173327e-01, 1.69756602e-01, 8.51410106e-01, 8.11485191e-02, 1.74334052e+00, 1.43430474e+00, 5.52861769e+02
5.02808725e+00, 7.80179530e-01, 1.65890100e-01, 8.54164576e-01, 7.83940487e-02, 1.75975380e+00, 1.41789146e+00, 5.72237722e+02
5.16924187e+00, 7.90231798e-01, 1.62094471e-01, 8.56837805e-01, 7.57208200e-02, 1.77605511e+00, 1.40159015e+00, 5.92393615e+02
5.31435916e+00, 8.00329281e-01, 1.58369199e-01, 8.59431478e-01, 7.31271463e-02, 1.79224248e+00, 1.38540278e+00, 6.13361485e+02
5.46355035e+00, 8.10471136e-01, 1.54713732e-01, 8.61947292e-01, 7.06113331e-02, 1.80831408e+00, 1.36933118e+00, 6.35174731e+02
5.61692982e+00, 8.20656529e-01, 1.51127491e-01, 8.64386943e-01, 6.81716820e-02, 1.82426815e+00, 1.35337711e+00, 6.57868169e+02
5.77461515e+00, 8.30884629e-01, 1.47609861e-01, 8.66752131e-01, 6.58064935e-02, 1.84010309e+00, 1.33754217e+00, 6.81478095e+02
5.93672722e+00, 8.41154616e-01, 1.44160202e-01, 8.69044555e-01, 6.35140697e-02, 1.85581736e+00, 1.32182790e+00, 7.06042346e+02
6.10339029e+00, 8.51465677e-01, 1.40777848e-01, 8.71265908e-01, 6.12927171e-02, 1.87140956e+00, 1.30623570e+00, 7.31600363e+02
6.27473213e+00, 8.61817006e-01, 1.37462106e-01, 8.73417876e-01, 5.91407488e-02, 1.88687836e+00, 1.29076690e+00, 7.58193262e+02
6.45088409e+00, 8.72207807e-01, 1.34212261e-01, 8.75502138e-01, 5.70564872e-02, 1.90222255e+00, 1.27542271e+00, 7.85863902e+02
6.63198120e+00, 8.82637292e-01, 1.31027576e-01, 8.77520359e-01, 5.50382659e-02, 1.91744101e+00, 1.26020425e+00, 8.14656959e+02
6.81816229e+00, 8.93104682e-01, 1.27907296e-01, 8.79474193e-01, 5.30844317e-02, 1.93253269e+00, 1.24511257e+00, 8.44619005e+02
7.00957009e+00, 9.03609206e-01, 1.24850646e-01, 8.81365279e-01, 5.11933462e-02, 1.94749666e+00, 1.23014860e+00, 8.75798583e+02
7.20635132e+00, 9.14150106e-01, 1.21856835e-01, 8.83195237e-01, 4.93633879e-02, 1.96233207e+00, 1.21531319e+00, 9.08246295e+02
7.40865683e+00, 9.24726629e-01, 1.18925058e-01, 8.84965671e-01, 4.75929535e-02, 1.97703815e+00, 1.20060711e+00, 9.42014886e+02
7.61664172e+00, 9.35338035e-01, 1.16054495e-01, 8.86678166e-01, 4.58804592e-02, 1.99161420e+00, 1.18603106e+00, 9.77159334e+02
7.83046540e+00, 9.45983593e-01, 1.13244314e-01, 8.88334283e-01, 4.42243421e-02, 2.00605962e+00, 1.17158564e+00, 1.01373695e+03
8.05029181e+00, 9.56662583e-01, 1.10493675e-01, 8.89935563e-01, 4.26230615e-02, 2.02037387e+00, 1.15727139e+00, 1.05180746e+03
8.27628946e+00, 9.67374292e-01, 1.07801724e-01, 8.91483525e-01, 4.10750995e-02, 2.03455650e+00, 1.14308876e+00, 1.09143313e+03
8.50863158e+00, 9.78118021e-01, 1.05167604e-01, 8.92979662e-01, 3.95789623e-02, 2.04860712e+00, 1.12903814e+00, 1.13267886e+03
8.74749630e+00, 9.88893079e-01, 1.02590447e-01, 8.94425444e-01, 3.81331808e-02, 2.06252541e+00, 1.11511985e+00, 1.17561229e+03
8.99306672e+00, 9.99698787e-01, 1.00069381e-01, 8.95822313e-01, 3.67363114e-02, 2.07631113e+00, 1.10133413e+00, 1.22030394e+03
9.24553110e+00, 1.01053448e+00, 9.76035298e-02, 8.97171688e-01, 3.53869367e-02, 2.08996408e+00, 1.08768118e+00, 1.26682728e+03
9.50508296e+00, 1.02139949e+00, 9.51920136e-02, 8.98474959e-01, 3.40836657e-02, 2.10348416e+00, 1.07416110e+00, 1.31525893e+03
9.77192128e+00, 1.03229317e+00, 9.28339498e-02, 8.99733490e-01, 3.28251346e-02, 2.11687129e+00, 1.06077397e+00, 1.36567871e+03
1.00462506e+01, 1.04321489e+00, 9.05284548e-02, 9.00948618e-01, 3.16100071e-02, 2.13012547e+00, 1.04751979e+00, 1.41816986e+03
1.03282813e+01, 1.05416402e+00, 8.82746444e-02, 9.02121650e-01, 3.04369744e-02, 2.14324676e+00, 1.03439850e+00, 1.47281910e+03
1.06182294e+01, 1.06513995e+00, 8.60716349e-02, 9.03253869e-01, 2.93047558e-02, 2.15623527e+00, 1.02140999e+00, 1.52971686e+03
1.09163173e+01, 1.07614206e+00, 8.39185439e-02, 9.04346526e-01, 2.82120985e-02, 2.16909115e+00, 1.00855411e+00, 1.58895735e+03
1.12227736e+01, 1.08716977e+00, 8.18144912e-02, 9.05400847e-01, 2.71577779e-02, 2.18181461e+00, 9.95830653e-01, 1.65063880e+03
1.15378330e+01, 1.09822248e+00, 7.97585995e-02, 9.06418027e-01, 2.61405977e-02, 2.19440591e+00, 9.83239352e-01, 1.71486359e+03
1.18617372e+01, 1.10929963e+00, 7.77499950e-02, 9.07399235e-01, 2.51593895e-02, 2.20686535e+00, 9.70779908e-01, 1.78173842e+03
1.21947344e+01, 1.12040065e+00, 7.57878084e-02, 9.08345611e-01, 2.42130133e-02, 2.21919329e+00, 9.58451974e-01, 1.85137450e+03
1.25370799e+01, 1.13152499e+00, 7.38711753e-02, 9.09258268e-01, 2.33003568e-02, 2.23139010e+00, 9.46255159e-01, 1.92388776e+03
1.28890361e+01, 1.14267211e+00, 7.19992367e-02, 9.10138289e-01, 2.24203356e-02, 2.24345623e+00, 9.34189033e-01, 1.99939903e+03
1.32508729e+01, 1.15384147e+00, 7.01711401e-02, 9.10986732e-01, 2.15718928e-02, 2.25539213e+00, 9.22253127e-01, 2.07803424e+03
1.36228676e+01, 1.16503255e+00, 6.83860392e-02, 9.11804626e-01, 2.07539992e-02, 2.26719832e+00, 9.10446936e-01, 2.15992466e+03
1.40053055e+01, 1.17624484e+00, 6.66430952e-02, 9.12592973e-01, 1.99656522e-02, 2.27887534e+00, 8.98769917e-01, 2.24520711e+03
1.43984795e+01, 1.18747784e+00, 6.49414767e-02, 9.13352748e-01, 1.92058763e-02, 2.29042376e+00, 8.87221495e-01, 2.33402419e+03
1.48026913e+01, 1.19873106e+00, 6.32803605e-02, 9.14084902e-01, 1.84737225e-02, 2.30184420e+00, 8.75801064e-01, 2.42652454e+03
1.52182505e+01, 1.21000400e+00, 6.16589316e-02, 9.14790357e-01, 1.77682677e-02, 2.31313727e+00, 8.64507986e-01, 2.52286310e+03
1.56454759e+01, 1.22129622e+00, 6.00763839e-02, 9.15470010e-01, 1.70886146e-02, 2.32430367e+00, 8.53341593e-01, 2.62320134e+03
1.60846948e+01, 1.23260723e+00, 5.85319205e-02, 9.16124733e-01, 1.64338915e-02, 2.33534407e+00, 8.42301192e-01, 2.72770758e+03
1.65362441e+01, 1.24393658e+00, 5.70247538e-02, 9.16755373e-01, 1.58032513e-02, 2.34625920e+00, 8.31386062e-01, 2.83655726e+03
1.70004698e+01, 1.25528384e+00, 5.55541057e-02, 9.17362753e-01, 1.51958717e-02, 2.35704980e+00, 8.20595459e-01, 2.94993325e+03
1.74777277e+01, 1.26664856e+00, 5.41192085e-02, 9.17947671e-01, 1.46109543e-02, 2.36771665e+00, 8.09928613e-01, 3.06802613e+03
1.79683839e+01, 1.27803033e+00, 5.27193041e-02, 9.18510901e-01, 1.40477243e-02, 2.37826052e+00, 7.99384736e-01, 3.19103458e+03
1.84728144e+01, 1.28942872e+00, 5.13536452e-02, 9.19053195e-01, 1.35054302e-02, 2.38868225e+00, 7.88963015e-01, 3.31916567e+03
1.89914058e+01, 1.30084334e+00, 5.00214947e-02, 9.19575282e-01, 1.29833433e-02, 2.39898264e+00, 7.78662620e-01, 3.45263524e+03
1.95245558e+01, 1.31227377e+00, 4.87221263e-02, 9.20077868e-01, 1.24807568e-02, 2.40916256e+00, 7.68482702e-01, 3.59166826e+03
2.00726730e+01, 1.32371963e+00, 4.74548245e-02, 9.20561639e-01, 1.19969861e-02, 2.41922286e+00, 7.58422397e-01, 3.73649921e+03
2.06361777e+01, 1.33518054e+00, 4.62188846e-02, 9.21027257e-01, 1.15313674e-02, 2.42916444e+00, 7.48480821e-01, 3.88737253e+03
2.12155017e+01, 1.34665613e+00, 4.50136131e-02, 9.21475367e-01, 1.10832582e-02, 2.43898818e+00, 7.38657079e-01, 4.04454298e+03
2.18110892e+01, 1.35814602e+00, 4.38383275e-02, 9.21906589e-01, 1.06520359e-02, 2.44869500e+00, 7.28950259e-01, 4.20827610e+03
2.24233968e+01, 1.36964988e+00, 4.26923562e-02, 9.22321527e-01, 1.02370979e-02, 2.45828582e+00, 7.19359439e-01, 4.37884869e+03
2.30528939e+01, 1.38116734e+00, 4.15750390e-02, 9.22720764e-01, 9.83786098e-03, 2.46776158e+00, 7.09883683e-01, 4.55654925e+03
2.37000629e+01, 1.39269806e+00, 4.04857268e-02, 9.23104864e-01, 9.45376071e-03, 2.47712321e+00, 7.00522047e-01, 4.74167851e+03
2.43654001e+01, 1.40424172e+00, 3.94237819e-02, 9.23474374e-01, 9.08425109e-03, 2.48637169e+00, 6.91273573e-01, 4.93454992e+03
2.50494154e+01, 1.41579798e+00, 3.83885774e-02, 9.23829821e-01, 8.72880398e-03, 2.49550796e+00, 6.82137297e-01, 5.13549021e+03
2.57526333e+01, 1.42736654e+00, 3.73794979e-02, 9.24171716e-01, 8.38690873e-03, 2.50453301e+00, 6.73112246e-01, 5.34483994e+03
2.64755927e+01, 1.43894707e+00, 3.63959391e-02, 9.24500553e-01, 8.05807161e-03, 2.51344782e+00, 6.64197440e-01, 5.56295408e+03
2.72188479e+01, 1.45053928e+00, 3.54373078e-02, 9.24816809e-01, 7.74181544e-03, 2.52225337e+00, 6.55391892e-01, 5.79020265e+03
2.79829688e+01, 1.46214287e+00, 3.45030217e-02, 9.25120946e-01, 7.43767907e-03, 2.53095065e+00, 6.46694609e-01, 6.02697133e+03
2.87685409e+01, 1.47375755e+00, 3.35925097e-02, 9.25413408e-01, 7.14521695e-03, 2.53954067e+00, 6.38104593e-01, 6.27366213e+03
2.95761666e+01, 1.48538304e+00, 3.27052117e-02, 9.25694626e-01, 6.86399869e-03, 2.54802442e+00, 6.29620843e-01, 6.53069408e+03
3.04064649e+01, 1.49701906e+00, 3.18405781e-02, 9.25965016e-01, 6.59360864e-03, 2.55640291e+00, 6.21242352e-01, 6.79850397e+03
3.12600724e+01, 1.50866534e+00, 3.09980705e-02, 9.26224979e-01, 6.33364540e-03, 2.56467715e+00, 6.12968113e-01, 7.07754707e+03
3.21376434e+01, 1.52032162e+00, 3.01771610e-02, 9.26474903e-01, 6.08372149e-03, 2.57284815e+00, 6.04797112e-01, 7.36829795e+03
3.30398507e+01, 1.53198765e+00, 2.93773321e-02, 9.26715162e-01, 5.84346284e-03, 2.58091692e+00, 5.96728339e-01, 7.67125127e+03
3.39673858e+01, 1.54366317e+00, 2.85980772e-02, 9.26946116e-01, 5.61250848e-03, 2.58888448e+00, 5.88760777e-01, 7.98692265e+03
3.49209598e+01, 1.55534793e+00, 2.78388997e-02, 9.27168115e-01, 5.39051006e-03, 2.59675185e+00, 5.80893413e-01, 8.31584953e+03
3.59013038e+01, 1.56704171e+00, 2.70993135e-02, 9.27381493e-01, 5.17713149e-03, 2.60452003e+00, 5.73125232e-01, 8.65859213e+03
3.69091691e+01, 1.57874427e+00, 2.63788425e-02, 9.27586576e-01, 4.97204859e-03, 2.61219004e+00, 5.65455218e-01, 9.01573441e+03
3.79453285e+01, 1.59045537e+00, 2.56770206e-02, 9.27783676e-01, 4.77494867e-03, 2.61976290e+00, 5.57882357e-01, 9.38788504e+03
3.90105762e+01, 1.60217481e+00, 2.49933916e-02, 9.27973095e-01, 4.58553019e-03, 2.62723962e+00, 5.50405638e-01, 9.77567850e+03
4.01057288e+01, 1.61390235e+00, 2.43275093e-02, 9.28155122e-01, 4.40350239e-03, 2.63462121e+00, 5.43024048e-01, 1.01797761e+04
4.12316259e+01, 1.62563780e+00, 2.36789368e-02, 9.28330040e-01, 4.22858499e-03, 2.64190868e+00, 5.35736580e-01, 1.06008673e+04
4.23891306e+01, 1.63738095e+00, 2.30472468e-02, 9.28498117e-01, 4.06050776e-03, 2.64910303e+00, 5.28542226e-01, 1.10396706e+04
4.35791301e+01, 1.64913159e+00, 2.24320214e-02, 9.28659614e-01, 3.89901030e-03, 2.65620528e+00, 5.21439984e-01, 1.14969350e+04
4.48025368e+01, 1.66088953e+00, 2.18328518e-02, 9.28814783e-01, 3.74384163e-03, 2.66321641e+00, 5.14428853e-01, 1.19734412e+04
4.60602884e+01, 1.67265458e+00, 2.12493385e-02, 9.28963865e-01, 3.59475992e-03, 2.67013742e+00, 5.07507837e-01, 1.24700032e+04
4.73533492e+01, 1.68442656e+00, 2.06810907e-02, 9.29107093e-01, 3.45153218e-03, 2.67696932e+00, 5.00675943e-01, 1.29874691e+04
4.86827104e+01, 1.69620528e+00, 2.01277264e-02, 9.29244691e-01, 3.31393395e-03, 2.68371308e+00, 4.93932182e-01, 1.35267232e+04
5.00493910e+01, 1.70799057e+00, 1.95888723e-02, 9.29376876e-01, 3.18174903e-03, 2.69036969e+00, 4.87275571e-01, 1.40886873e+04
5.14544388e+01, 1.71978224e+00, 1.90641636e-02, 9.29503856e-01, 3.05476919e-03, 2.69694013e+00, 4.80705131e-01, 1.46743221e+04
5.28989308e+01, 1.73158015e+00, 1.85532437e-02, 9.29625831e-01, 2.93279390e-03, 2.70342537e+00, 4.74219886e-01, 1.52846291e+04
5.43839743e+01, 1.74338412e+00, 1.80557646e-02, 9.29742995e-01, 2.81563007e-03, 2.70982639e+00, 4.67818869e-01, 1.59206522e+04
5.59107078e+01, 1.75519399e+00, 1.75713858e-02, 9.29855533e-01, 2.70309177e-03, 2.71614414e+00, 4.61501116e-01, 1.65834795e+04
5.74803016e+01, 1.76700960e+00, 1.70997750e-02, 9.29963625e-01, 2.59500002e-03, 2.72237959e+00, 4.55265670e-01, 1.72742454e+04
5.90939590e+01, 1.77883082e+00, 1.66406078e-02, 9.30067442e-01, 2.49118251e-03, 2.72853368e+00, 4.49111578e-01, 1.79941320e+04
6.07529169e+01, 1.79065748e+00, 1.61935670e-02, 9.30167151e-01, 2.39147341e-03, 2.73460737e+00, 4.43037895e-01, 1.87443719e+04
6.24584471e+01, 1.80248944e+00, 1.57583434e-02, 9.30262912e-01, 2.29571309e-03, 2.74060158e+00, 4.37043681e-01, 1.95262497e+04
6.42118571e+01, 1.81432657e+00, 1.53346346e-02, 9.30354877e-01, 2.20374793e-03, 2.74651726e+00, 4.31128005e-01, 2.03411044e+04
6.60144909e+01, 1.82616872e+00, 1.49221457e-02, 9.30443195e-01, 2.11543013e-03, 2.75235532e+00, 4.25289939e-01, 2.11903320e+04
6.78677305e+01, 1.83801577e+00, 1.45205889e-02, 9.30528007e-01, 2.03061745e-03, 2.75811670e+00, 4.19528564e-01, 2.20753874e+04
6.97729965e+01, 1.84986758e+00, 1.41296829e-02, 9.30609452e-01, 1.94917304e-03, 2.76380229e+00, 4.13842968e-01, 2.29977872e+04
7.17317494e+01, 1.86172403e+00, 1.37491537e-02, 9.30687660e-01, 1.87096524e-03, 2.76941302e+00, 4.08232245e-01, 2.39591125e+04
7.37454909e+01, 1.87358500e+00, 1.33787335e-02, 9.30762757e-01, 1.79586743e-03, 2.77494976e+00, 4.02695495e-01, 2.49610111e+04
7.58157646e+01, 1.88545036e+00, 1.30181611e-02, 9.30834867e-01, 1.72375776e-03, 2.78041343e+00, 3.97231829e-01, 2.60052008e+04
7.79441575e+01, 1.89731999e+00, 1.26671819e-02, 9.30904106e-01, 1.65451908e-03, 2.78580490e+00, 3.91840363e-01, 2.70934722e+04
8.01323013e+01, 1.90919379e+00, 1.23255471e-02, 9.30970586e-01, 1.58803869e-03, 2.79112504e+00, 3.86520219e-01, 2.82276918e+04
8.23818733e+01, 1.92107165e+00, 1.19930143e-02, 9.31034417e-01, 1.52420822e-03, 2.79637473e+00, 3.81270528e-01, 2.94098052e+04
8.46945981e+01, 1.93295345e+00, 1.16693470e-02, 9.31095701e-01, 1.46292345e-03, 2.80155483e+00, 3.76090430e-01, 3.06418403e+04
8.70722485e+01, 1.94483908e+00, 1.13543144e-02, 9.31154541e-01, 1.40408418e-03, 2.80666619e+00, 3.70979070e-01, 3.19259112e+04
8.95166472e+01, 1.95672846e+00, 1.10476916e-02, 9.31211031e-01, 1.34759404e-03, 2.81170966e+00, 3.65935602e-01, 3.32642215e+04
9.20296681e+01, 1.96862147e+00, 1.07492590e-02, 9.31265264e-01, 1.29336041e-03, 2.81668607e+00, 3.60959188e-01, 3.46590682e+04
9.46132376e+01, 1.98051802e+00, 1.04588028e-02, 9.31317331e-01, 1.24129422e-03, 2.82159626e+00, 3.56048997e-01, 3.61128456e+04
9.72693362e+01, 1.99241802e+00, 1.01761143e-02, 9.31367315e-01, 1.19130986e-03, 2.82644105e+00, 3.51204207e-01, 3.76280496e+04
1.00000000e+02, 2.00432137e+00, 9.90099010e-03, 9.31415300e-01, 1.14332503e-03, 2.83122126e+00, 3.46424002e-01, 3.92072819e+04
