 --- Cosmological Parameters --- 
	 H0: 2.1791e-18 (1/s) = 67.2400 (km/s/Mpc) 
	 OmegaM: 3.0000e-01 
	 OmegaR: 0.0000e+00 
	 OmegaL: 7.0000e-01 
	 OmegaK: 0.0000e+00 
		 w0: -7.2700e-01 
		 wa: -1.0500e+00 
	 rho_crit: 8.4944e-30 (g/cm^3) 
z, log10(1+z), a, H0*t_look, H0*t_age, H0*t_conf, H0*t_conf_age, H(z) 
1.00000000e-04, 4.34272769e-05, 9.99900010e-01, 9.99913176e-05, 9.57829213e-01, 9.99963171e-05, 3.30416988e+00, 6.72449530e+01
1.02807322e-04, 4.46463579e-05, 9.99897203e-01, 1.02798146e-04, 9.57826407e-01, 1.02803430e-04, 3.30416707e+00, 6.72450920e+01
1.05693455e-04, 4.58996588e-05, 9.99894318e-01, 1.05683756e-04, 9.57823521e-01, 1.05689341e-04, 3.30416418e+00, 6.72452349e+01
1.08660611e-04, 4.71881402e-05, 9.99891351e-01, 1.08650360e-04, 9.57820554e-01, 1.08656263e-04, 3.30416122e+00, 6.72453819e+01
1.11711065e-04, 4.85127895e-05, 9.99888301e-01, 1.11700230e-04, 9.57817504e-01, 1.11706469e-04, 3.30415817e+00, 6.72455330e+01
1.14847155e-04, 4.98746217e-05, 9.99885166e-01, 1.14835703e-04, 9.57814369e-01, 1.14842297e-04, 3.30415503e+00, 6.72456883e+01
1.18071285e-04, 5.12746804e-05, 9.99881943e-01, 1.18059181e-04, 9.57811146e-01, 1.18066150e-04, 3.30415181e+00, 6.72458480e+01
1.21385926e-04, 5.27140387e-05, 9.99878629e-01, 1.21373133e-04, 9.57807832e-01, 1.21380500e-04, 3.30414849e+00, 6.72460121e+01
1.24793621e-04, 5.41937993e-05, 9.99875222e-01, 1.24780099e-04, 9.57804425e-01, 1.24787885e-04, 3.30414508e+00, 6.72461809e+01
1.28296980e-04, 5.57150964e-05, 9.99871719e-01, 1.28282689e-04, 9.57800922e-01, 1.28290918e-04, 3.30414158e+00, 6.72463544e+01
1.31898690e-04, 5.72790956e-05, 9.99868119e-01, 1.31883585e-04, 9.57797321e-01, 1.31892282e-04, 3.30413798e+00, 6.72465328e+01
1.35601511e-04, 5.88869955e-05, 9.99864417e-01, 1.35585547e-04, 9.57793619e-01, 1.35594739e-04, 3.30413428e+00, 6.72467162e+01
1.39408283e-04, 6.05400281e-05, 9.99860611e-01, 1.39391409e-04, 9.57789813e-01, 1.39401125e-04, 3.30413047e+00, 6.72469047e+01
1.43321923e-04, 6.22394601e-05, 9.99856699e-01, 1.43304089e-04, 9.57785901e-01, 1.43314358e-04, 3.30412656e+00, 6.72470985e+01
1.47345431e-04, 6.39865937e-05, 9.99852676e-01, 1.47326582e-04, 9.57781878e-01, 1.47337435e-04, 3.30412253e+00, 6.72472978e+01
1.51481892e-04, 6.57827676e-05, 9.99848541e-01, 1.51461970e-04, 9.57777743e-01, 1.51473441e-04, 3.30411840e+00, 6.72475026e+01
1.55734477e-04, 6.76293582e-05, 9.99844290e-01, 1.55713421e-04, 9.57773491e-01, 1.55725545e-04, 3.30411415e+00, 6.72477132e+01
1.60106446e-04, 6.95277803e-05, 9.99839919e-01, 1.60084191e-04, 9.57769120e-01, 1.60097006e-04, 3.30410977e+00, 6.72479298e+01
1.64601150e-04, 7.14794886e-05, 9.99835426e-01, 1.64577628e-04, 9.57764627e-01, 1.64591172e-04, 3.30410528e+00, 6.72481524e+01
1.69222035e-04, 7.34859785e-05, 9.99830807e-01, 1.69197174e-04, 9.57760008e-01, 1.69211489e-04, 3.30410066e+00, 6.72483812e+01
1.73972643e-04, 7.55487874e-05, 9.99826058e-01, 1.73946367e-04, 9.57755258e-01, 1.73961497e-04, 3.30409591e+00, 6.72486165e+01
1.78856616e-04, 7.76694958e-05, 9.99821175e-01, 1.78828844e-04, 9.57750376e-01, 1.78844835e-04, 3.30409103e+00, 6.72488583e+01
1.83877698e-04, 7.98497285e-05, 9.99816156e-01, 1.83848345e-04, 9.57745356e-01, 1.83865247e-04, 3.30408601e+00, 6.72491070e+01
1.89039738e-04, 8.20911560e-05, 9.99810996e-01, 1.89008713e-04, 9.57740196e-01, 1.89026577e-04, 3.30408085e+00, 6.72493626e+01
1.94346693e-04, 8.43954955e-05, 9.99805691e-01, 1.94313902e-04, 9.57734891e-01, 1.94332783e-04, 3.30407554e+00, 6.72496254e+01
1.99802631e-04, 8.67645125e-05, 9.99800237e-01, 1.99767973e-04, 9.57729437e-01, 1.99787929e-04, 3.30407008e+00, 6.72498956e+01
2.05411735e-04, 8.92000219e-05, 9.99794630e-01, 2.05375104e-04, 9.57723830e-01, 2.05396196e-04, 3.30406448e+00, 6.72501734e+01
2.11178304e-04, 9.17038897e-05, 9.99788866e-01, 2.11139589e-04, 9.57718065e-01, 2.11161881e-04, 3.30405871e+00, 6.72504590e+01
2.17106760e-04, 9.42780341e-05, 9.99782940e-01, 2.17065841e-04, 9.57712139e-01, 2.17089402e-04, 3.30405278e+00, 6.72507525e+01
2.23201647e-04, 9.69244272e-05, 9.99776848e-01, 2.23158398e-04, 9.57706046e-01, 2.23183301e-04, 3.30404669e+00, 6.72510544e+01
2.29467637e-04, 9.96450962e-05, 9.99770585e-01, 2.29421926e-04, 9.57699783e-01, 2.29448246e-04, 3.30404042e+00, 6.72513647e+01
2.35909533e-04, 1.02442125e-04, 9.99764146e-01, 2.35861220e-04, 9.57693343e-01, 2.35889039e-04, 3.30403398e+00, 6.72516837e+01
2.42532274e-04, 1.05317657e-04, 9.99757527e-01, 2.42481210e-04, 9.57686723e-01, 2.42510613e-04, 3.30402736e+00, 6.72520116e+01
2.49340937e-04, 1.08273895e-04, 9.99750721e-01, 2.49286966e-04, 9.57679918e-01, 2.49318043e-04, 3.30402055e+00, 6.72523488e+01
2.56340741e-04, 1.11313103e-04, 9.99743725e-01, 2.56283698e-04, 9.57672921e-01, 2.56316543e-04, 3.30401356e+00, 6.72526954e+01
2.63537052e-04, 1.14437609e-04, 9.99736532e-01, 2.63476762e-04, 9.57665728e-01, 2.63511477e-04, 3.30400636e+00, 6.72530517e+01
2.70935387e-04, 1.17649806e-04, 9.99729138e-01, 2.70871664e-04, 9.57658333e-01, 2.70908356e-04, 3.30399896e+00, 6.72534181e+01
2.78541416e-04, 1.20952156e-04, 9.99721536e-01, 2.78474066e-04, 9.57650731e-01, 2.78512846e-04, 3.30399136e+00, 6.72537947e+01
2.86360972e-04, 1.24347187e-04, 9.99713721e-01, 2.86289788e-04, 9.57642915e-01, 2.86330776e-04, 3.30398354e+00, 6.72541819e+01
2.94400048e-04, 1.27837499e-04, 9.99705687e-01, 2.94324811e-04, 9.57634880e-01, 2.94368132e-04, 3.30397550e+00, 6.72545800e+01
3.02664806e-04, 1.31425767e-04, 9.99697427e-01, 3.02585287e-04, 9.57626619e-01, 3.02631074e-04, 3.30396724e+00, 6.72549892e+01
3.11161583e-04, 1.35114738e-04, 9.99688935e-01, 3.11077537e-04, 9.57618127e-01, 3.11125930e-04, 3.30395875e+00, 6.72554100e+01
3.19896892e-04, 1.38907238e-04, 9.99680205e-01, 3.19808062e-04, 9.57609397e-01, 3.19859210e-04, 3.30395001e+00, 6.72558425e+01
3.28877429e-04, 1.42806171e-04, 9.99671231e-01, 3.28783542e-04, 9.57600421e-01, 3.28837602e-04, 3.30394103e+00, 6.72562872e+01
3.38110078e-04, 1.46814523e-04, 9.99662004e-01, 3.38010847e-04, 9.57591194e-01, 3.38067984e-04, 3.30393180e+00, 6.72567443e+01
3.47601918e-04, 1.50935364e-04, 9.99652519e-01, 3.47497038e-04, 9.57581708e-01, 3.47557428e-04, 3.30392231e+00, 6.72572143e+01
3.57360225e-04, 1.55171849e-04, 9.99642767e-01, 3.57249375e-04, 9.57571955e-01, 3.57313201e-04, 3.30391256e+00, 6.72576975e+01
3.67392478e-04, 1.59527223e-04, 9.99632742e-01, 3.67275318e-04, 9.57561929e-01, 3.67342778e-04, 3.30390253e+00, 6.72581942e+01
3.77706369e-04, 1.64004821e-04, 9.99622436e-01, 3.77582540e-04, 9.57551622e-01, 3.77653840e-04, 3.30389222e+00, 6.72587049e+01
3.88309805e-04, 1.68608072e-04, 9.99611841e-01, 3.88178927e-04, 9.57541026e-01, 3.88254286e-04, 3.30388162e+00, 6.72592299e+01
3.99210913e-04, 1.73340499e-04, 9.99600948e-01, 3.99072585e-04, 9.57530132e-01, 3.99152233e-04, 3.30387072e+00, 6.72597696e+01
4.10418050e-04, 1.78205728e-04, 9.99589750e-01, 4.10271849e-04, 9.57518933e-01, 4.10356030e-04, 3.30385952e+00, 6.72603245e+01
4.21939808e-04, 1.83207482e-04, 9.99578238e-01, 4.21785284e-04, 9.57507419e-01, 4.21874258e-04, 3.30384800e+00, 6.72608949e+01
4.33785019e-04, 1.88349591e-04, 9.99566403e-01, 4.33621699e-04, 9.57495583e-01, 4.33715737e-04, 3.30383616e+00, 6.72614814e+01
4.45962763e-04, 1.93635993e-04, 9.99554236e-01, 4.45790147e-04, 9.57483415e-01, 4.45889537e-04, 3.30382398e+00, 6.72620843e+01
4.58482375e-04, 1.99070734e-04, 9.99541728e-01, 4.58299934e-04, 9.57470905e-01, 4.58404981e-04, 3.30381147e+00, 6.72627041e+01
4.71353453e-04, 2.04657975e-04, 9.99528869e-01, 4.71160628e-04, 9.57458044e-01, 4.71271654e-04, 3.30379860e+00, 6.72633413e+01
4.84585864e-04, 2.10401992e-04, 9.99515649e-01, 4.84382063e-04, 9.57444823e-01, 4.84499409e-04, 3.30378537e+00, 6.72639964e+01
4.98189752e-04, 2.16307184e-04, 9.99502058e-01, 4.97974350e-04, 9.57431230e-01, 4.98098375e-04, 3.30377177e+00, 6.72646699e+01
5.12175544e-04, 2.22378069e-04, 9.99488087e-01, 5.11947882e-04, 9.57417257e-01, 5.12078966e-04, 3.30375779e+00, 6.72653622e+01
5.26553963e-04, 2.28619296e-04, 9.99473723e-01, 5.26313342e-04, 9.57402891e-01, 5.26451887e-04, 3.30374342e+00, 6.72660740e+01
5.41336030e-04, 2.35035640e-04, 9.99458957e-01, 5.41081714e-04, 9.57388123e-01, 5.41228144e-04, 3.30372864e+00, 6.72668058e+01
5.56533078e-04, 2.41632013e-04, 9.99443776e-01, 5.56264286e-04, 9.57372940e-01, 5.56419051e-04, 3.30371345e+00, 6.72675581e+01
5.72156756e-04, 2.48413463e-04, 9.99428170e-01, 5.71872665e-04, 9.57357332e-01, 5.72036238e-04, 3.30369784e+00, 6.72683315e+01
5.88219040e-04, 2.55385179e-04, 9.99412127e-01, 5.87918780e-04, 9.57341286e-01, 5.88091663e-04, 3.30368178e+00, 6.72691266e+01
6.04732245e-04, 2.62552498e-04, 9.99395633e-01, 6.04414895e-04, 9.57324790e-01, 6.04597617e-04, 3.30366527e+00, 6.72699440e+01
6.21709029e-04, 2.69920903e-04, 9.99378677e-01, 6.21373616e-04, 9.57307831e-01, 6.21566738e-04, 3.30364830e+00, 6.72707844e+01
6.39162405e-04, 2.77496033e-04, 9.99361246e-01, 6.38807903e-04, 9.57290397e-01, 6.39012016e-04, 3.30363086e+00, 6.72716483e+01
6.57105755e-04, 2.85283683e-04, 9.99343326e-01, 6.56731075e-04, 9.57272474e-01, 6.56946805e-04, 3.30361292e+00, 6.72725364e+01
6.75552832e-04, 2.93289812e-04, 9.99324903e-01, 6.75156828e-04, 9.57254048e-01, 6.75384835e-04, 3.30359449e+00, 6.72734495e+01
6.94517777e-04, 3.01520545e-04, 9.99305964e-01, 6.94099235e-04, 9.57235105e-01, 6.94340219e-04, 3.30357553e+00, 6.72743882e+01
7.14015130e-04, 3.09982178e-04, 9.99286494e-01, 7.13572768e-04, 9.57215632e-01, 7.13827466e-04, 3.30355604e+00, 6.72753532e+01
7.34059837e-04, 3.18681185e-04, 9.99266479e-01, 7.33592298e-04, 9.57195612e-01, 7.33861491e-04, 3.30353601e+00, 6.72763453e+01
7.54667263e-04, 3.27624220e-04, 9.99245902e-01, 7.54173116e-04, 9.57175032e-01, 7.54457628e-04, 3.30351541e+00, 6.72773652e+01
7.75853206e-04, 3.36818122e-04, 9.99224748e-01, 7.75330936e-04, 9.57153874e-01, 7.75631640e-04, 3.30349424e+00, 6.72784137e+01
7.97633907e-04, 3.46269924e-04, 9.99203002e-01, 7.97081914e-04, 9.57132123e-01, 7.97399730e-04, 3.30347247e+00, 6.72794917e+01
8.20026062e-04, 3.55986854e-04, 9.99180646e-01, 8.19442655e-04, 9.57109762e-01, 8.19778557e-04, 3.30345009e+00, 6.72805998e+01
8.43046837e-04, 3.65976343e-04, 9.99157663e-01, 8.42430229e-04, 9.57086774e-01, 8.42785246e-04, 3.30342709e+00, 6.72817391e+01
8.66713880e-04, 3.76246030e-04, 9.99134037e-01, 8.66062181e-04, 9.57063143e-01, 8.66437401e-04, 3.30340343e+00, 6.72829103e+01
8.91045332e-04, 3.86803767e-04, 9.99109748e-01, 8.90356546e-04, 9.57038848e-01, 8.90753118e-04, 3.30337912e+00, 6.72841143e+01
9.16059848e-04, 3.97657626e-04, 9.99084779e-01, 9.15331864e-04, 9.57013873e-01, 9.15751003e-04, 3.30335412e+00, 6.72853521e+01
9.41776601e-04, 4.08815904e-04, 9.99059110e-01, 9.41007190e-04, 9.56988197e-01, 9.41450179e-04, 3.30332842e+00, 6.72866247e+01
9.68215306e-04, 4.20287133e-04, 9.99032721e-01, 9.67402112e-04, 9.56961803e-01, 9.67870307e-04, 3.30330200e+00, 6.72879329e+01
9.95396231e-04, 4.32080081e-04, 9.99005594e-01, 9.94536762e-04, 9.56934668e-01, 9.95031599e-04, 3.30327484e+00, 6.72892778e+01
1.02334021e-03, 4.44203760e-04, 9.98977706e-01, 1.02243184e-03, 9.56906773e-01, 1.02295483e-03, 3.30324692e+00, 6.72906604e+01
1.05206867e-03, 4.56667438e-04, 9.98949037e-01, 1.05110860e-03, 9.56878096e-01, 1.05166136e-03, 3.30321821e+00, 6.72920818e+01
1.08160363e-03, 4.69480638e-04, 9.98919565e-01, 1.08058893e-03, 9.56848616e-01, 1.08117314e-03, 3.30318870e+00, 6.72935431e+01
1.11196773e-03, 4.82653152e-04, 9.98889267e-01, 1.11089530e-03, 9.56818309e-01, 1.11151274e-03, 3.30315836e+00, 6.72950453e+01
1.14318425e-03, 4.96195044e-04, 9.98858121e-01, 1.14205079e-03, 9.56787154e-01, 1.14270337e-03, 3.30312717e+00, 6.72965897e+01
1.17527712e-03, 5.10116661e-04, 9.98826103e-01, 1.17407917e-03, 9.56755126e-01, 1.17476887e-03, 3.30309510e+00, 6.72981773e+01
1.20827094e-03, 5.24428638e-04, 9.98793187e-01, 1.20700482e-03, 9.56722200e-01, 1.20773376e-03, 3.30306214e+00, 6.72998095e+01
1.24219100e-03, 5.39141905e-04, 9.98759350e-01, 1.24085284e-03, 9.56688352e-01, 1.24162326e-03, 3.30302825e+00, 6.73014874e+01
1.27706330e-03, 5.54267703e-04, 9.98724566e-01, 1.27564901e-03, 9.56653556e-01, 1.27646326e-03, 3.30299341e+00, 6.73032123e+01
1.31291459e-03, 5.69817580e-04, 9.98688807e-01, 1.31141983e-03, 9.56617785e-01, 1.31228040e-03, 3.30295759e+00, 6.73049857e+01
1.34977233e-03, 5.85803413e-04, 9.98652047e-01, 1.34819253e-03, 9.56581012e-01, 1.34910205e-03, 3.30292077e+00, 6.73068087e+01
1.38766479e-03, 6.02237406e-04, 9.98614258e-01, 1.38599511e-03, 9.56543210e-01, 1.38695638e-03, 3.30288292e+00, 6.73086828e+01
1.42662102e-03, 6.19132106e-04, 9.98575411e-01, 1.42485635e-03, 9.56504348e-01, 1.42587229e-03, 3.30284400e+00, 6.73106095e+01
1.46667087e-03, 6.36500410e-04, 9.98535477e-01, 1.46480580e-03, 9.56464399e-01, 1.46587954e-03, 3.30280399e+00, 6.73125902e+01
1.50784505e-03, 6.54355573e-04, 9.98494425e-01, 1.50587388e-03, 9.56423331e-01, 1.50700870e-03, 3.30276286e+00, 6.73146263e+01
1.55017512e-03, 6.72711224e-04, 9.98452224e-01, 1.54809181e-03, 9.56381113e-01, 1.54929118e-03, 3.30272058e+00, 6.73167196e+01
1.59369353e-03, 6.91581368e-04, 9.98408842e-01, 1.59149171e-03, 9.56337713e-01, 1.59275930e-03, 3.30267711e+00, 6.73188715e+01
1.63843365e-03, 7.10980403e-04, 9.98364246e-01, 1.63610658e-03, 9.56293098e-01, 1.63744627e-03, 3.30263243e+00, 6.73210837e+01
1.68442976e-03, 7.30923128e-04, 9.98318403e-01, 1.68197032e-03, 9.56247234e-01, 1.68338621e-03, 3.30258649e+00, 6.73233580e+01
1.73171713e-03, 7.51424755e-04, 9.98271277e-01, 1.72911779e-03, 9.56200087e-01, 1.73061421e-03, 3.30253926e+00, 6.73256959e+01
1.78033202e-03, 7.72500920e-04, 9.98222832e-01, 1.77758481e-03, 9.56151620e-01, 1.77916635e-03, 3.30249071e+00, 6.73280994e+01
1.83031168e-03, 7.94167695e-04, 9.98173032e-01, 1.82740821e-03, 9.56101796e-01, 1.82907969e-03, 3.30244079e+00, 6.73305702e+01
1.88169442e-03, 8.16441599e-04, 9.98121840e-01, 1.87862582e-03, 9.56050579e-01, 1.88039235e-03, 3.30238948e+00, 6.73331102e+01
1.93451965e-03, 8.39339613e-04, 9.98069215e-01, 1.93127651e-03, 9.55997928e-01, 1.93314351e-03, 3.30233673e+00, 6.73357214e+01
1.98882786e-03, 8.62879189e-04, 9.98015120e-01, 1.98540026e-03, 9.55943804e-01, 1.98737343e-03, 3.30228250e+00, 6.73384057e+01
2.04466067e-03, 8.87078267e-04, 9.97959511e-01, 2.04103813e-03, 9.55888167e-01, 2.04312351e-03, 3.30222675e+00, 6.73411652e+01
2.10206088e-03, 9.11955285e-04, 9.97902349e-01, 2.09823232e-03, 9.55830972e-01, 2.10043629e-03, 3.30216944e+00, 6.73440021e+01
2.16107251e-03, 9.37529196e-04, 9.97843588e-01, 2.15702621e-03, 9.55772178e-01, 2.15935550e-03, 3.30211052e+00, 6.73469183e+01
2.22174078e-03, 9.63819479e-04, 9.97783184e-01, 2.21746438e-03, 9.55711740e-01, 2.21992611e-03, 3.30204995e+00, 6.73499163e+01
2.28411221e-03, 9.90846156e-04, 9.97721093e-01, 2.27959262e-03, 9.55649612e-01, 2.28219432e-03, 3.30198768e+00, 6.73529982e+01
2.34823460e-03, 1.01862981e-03, 9.97657267e-01, 2.34345800e-03, 9.55585747e-01, 2.34620763e-03, 3.30192366e+00, 6.73561664e+01
2.41415712e-03, 1.04719158e-03, 9.97591657e-01, 2.40910891e-03, 9.55520096e-01, 2.41201486e-03, 3.30185786e+00, 6.73594234e+01
2.48193029e-03, 1.07655322e-03, 9.97524214e-01, 2.47659503e-03, 9.55452610e-01, 2.47966620e-03, 3.30179021e+00, 6.73627715e+01
2.55160607e-03, 1.10673706e-03, 9.97454888e-01, 2.54596746e-03, 9.55383237e-01, 2.54921322e-03, 3.30172066e+00, 6.73662134e+01
2.62323788e-03, 1.13776607e-03, 9.97383625e-01, 2.61727867e-03, 9.55311926e-01, 2.62070894e-03, 3.30164916e+00, 6.73697516e+01
2.69688063e-03, 1.16966386e-03, 9.97310373e-01, 2.69058261e-03, 9.55238622e-01, 2.69420787e-03, 3.30157566e+00, 6.73733889e+01
2.77259076e-03, 1.20245468e-03, 9.97235075e-01, 2.76593468e-03, 9.55163270e-01, 2.76976601e-03, 3.30150011e+00, 6.73771280e+01
2.85042632e-03, 1.23616346e-03, 9.97157676e-01, 2.84339184e-03, 9.55085813e-01, 2.84744094e-03, 3.30142243e+00, 6.73809717e+01
2.93044698e-03, 1.27081583e-03, 9.97078115e-01, 2.92301260e-03, 9.55006192e-01, 2.92729184e-03, 3.30134258e+00, 6.73849230e+01
3.01271407e-03, 1.30643812e-03, 9.96996335e-01, 3.00485708e-03, 9.54924348e-01, 3.00937953e-03, 3.30126049e+00, 6.73889849e+01
3.09729067e-03, 1.34305740e-03, 9.96912273e-01, 3.08898706e-03, 9.54840218e-01, 3.09376653e-03, 3.30117611e+00, 6.73931605e+01
3.18424160e-03, 1.38070148e-03, 9.96825866e-01, 3.17546602e-03, 9.54753739e-01, 3.18051709e-03, 3.30108935e+00, 6.73974529e+01
3.27363353e-03, 1.41939895e-03, 9.96737048e-01, 3.26435916e-03, 9.54664846e-01, 3.26969727e-03, 3.30100017e+00, 6.74018653e+01
3.36553498e-03, 1.45917918e-03, 9.96645754e-01, 3.35573350e-03, 9.54573471e-01, 3.36137493e-03, 3.30090850e+00, 6.74064012e+01
3.46001639e-03, 1.50007238e-03, 9.96551914e-01, 3.44965787e-03, 9.54479547e-01, 3.45561984e-03, 3.30081425e+00, 6.74110640e+01
3.55715021e-03, 1.54210957e-03, 9.96455458e-01, 3.54620302e-03, 9.54383002e-01, 3.55250373e-03, 3.30071737e+00, 6.74158572e+01
3.65701088e-03, 1.58532264e-03, 9.96356314e-01, 3.64544160e-03, 9.54283763e-01, 3.65210027e-03, 3.30061777e+00, 6.74207844e+01
3.75967497e-03, 1.62974435e-03, 9.96254407e-01, 3.74744827e-03, 9.54181756e-01, 3.75448522e-03, 3.30051539e+00, 6.74258494e+01
3.86522116e-03, 1.67540839e-03, 9.96149661e-01, 3.85229974e-03, 9.54076905e-01, 3.85973643e-03, 3.30041014e+00, 6.74310560e+01
3.97373038e-03, 1.72234936e-03, 9.96041998e-01, 3.96007480e-03, 9.53969130e-01, 3.96793391e-03, 3.30030194e+00, 6.74364082e+01
4.08528580e-03, 1.77060283e-03, 9.95931336e-01, 4.07085440e-03, 9.53858350e-01, 4.07915989e-03, 3.30019071e+00, 6.74419099e+01
4.19997295e-03, 1.82020534e-03, 9.95817593e-01, 4.18472168e-03, 9.53744483e-01, 4.19349889e-03, 3.30007637e+00, 6.74475655e+01
4.31787973e-03, 1.87119444e-03, 9.95700684e-01, 4.30176208e-03, 9.53627443e-01, 4.31103775e-03, 3.29995883e+00, 6.74533791e+01
4.43909653e-03, 1.92360874e-03, 9.95580522e-01, 4.42206334e-03, 9.53507141e-01, 4.43186575e-03, 3.29983801e+00, 6.74593552e+01
4.56371628e-03, 1.97748788e-03, 9.95457017e-01, 4.54571561e-03, 9.53383489e-01, 4.55607462e-03, 3.29971380e+00, 6.74654982e+01
4.69183451e-03, 2.03287261e-03, 9.95330076e-01, 4.67281146e-03, 9.53256393e-01, 4.68375865e-03, 3.29958611e+00, 6.74718128e+01
4.82354943e-03, 2.08980480e-03, 9.95199606e-01, 4.80344602e-03, 9.53125759e-01, 4.81501473e-03, 3.29945486e+00, 6.74783038e+01
4.95896201e-03, 2.14832749e-03, 9.95065508e-01, 4.93771696e-03, 9.52991488e-01, 4.94994242e-03, 3.29931993e+00, 6.74849761e+01
5.09817606e-03, 2.20848488e-03, 9.94927683e-01, 5.07572462e-03, 9.52853480e-01, 5.08864406e-03, 3.29918123e+00, 6.74918347e+01
5.24129830e-03, 2.27032240e-03, 9.94786030e-01, 5.21757206e-03, 9.52711633e-01, 5.23122482e-03, 3.29903865e+00, 6.74988848e+01
5.38843844e-03, 2.33388671e-03, 9.94640441e-01, 5.36336512e-03, 9.52565840e-01, 5.37779275e-03, 3.29889208e+00, 6.75061317e+01
5.53970928e-03, 2.39922578e-03, 9.94490810e-01, 5.51321251e-03, 9.52415992e-01, 5.52845892e-03, 3.29874141e+00, 6.75135809e+01
5.69522678e-03, 2.46638889e-03, 9.94337025e-01, 5.66722587e-03, 9.52261979e-01, 5.68333744e-03, 3.29858653e+00, 6.75212379e+01
5.85511016e-03, 2.53542665e-03, 9.94178973e-01, 5.82551985e-03, 9.52103685e-01, 5.84254559e-03, 3.29842733e+00, 6.75291086e+01
6.01948197e-03, 2.60639109e-03, 9.94016535e-01, 5.98821220e-03, 9.51940992e-01, 6.00620389e-03, 3.29826367e+00, 6.75371989e+01
6.18846824e-03, 2.67933564e-03, 9.93849593e-01, 6.15542382e-03, 9.51773781e-01, 6.17443617e-03, 3.29809544e+00, 6.75455148e+01
6.36219849e-03, 2.75431521e-03, 9.93678023e-01, 6.32727889e-03, 9.51601926e-01, 6.34736968e-03, 3.29792250e+00, 6.75540627e+01
6.54080591e-03, 2.83138620e-03, 9.93501698e-01, 6.50390489e-03, 9.51425300e-01, 6.52513519e-03, 3.29774474e+00, 6.75628489e+01
6.72442742e-03, 2.91060657e-03, 9.93320488e-01, 6.68543275e-03, 9.51243772e-01, 6.70786705e-03, 3.29756200e+00, 6.75718800e+01
6.91320378e-03, 2.99203585e-03, 9.93134260e-01, 6.87199688e-03, 9.51057208e-01, 6.89570333e-03, 3.29737417e+00, 6.75811629e+01
7.10727970e-03, 3.07573520e-03, 9.92942877e-01, 7.06373530e-03, 9.50865469e-01, 7.08878588e-03, 3.29718109e+00, 6.75907044e+01
7.30680395e-03, 3.16176744e-03, 9.92746198e-01, 7.26078972e-03, 9.50668415e-01, 7.28726047e-03, 3.29698261e+00, 6.76005118e+01
7.51192949e-03, 3.25019713e-03, 9.92544079e-01, 7.46330561e-03, 9.50465899e-01, 7.49127688e-03, 3.29677859e+00, 6.76105923e+01
7.72281357e-03, 3.34109055e-03, 9.92336371e-01, 7.67143232e-03, 9.50257772e-01, 7.70098897e-03, 3.29656888e+00, 6.76209536e+01
7.93961785e-03, 3.43451582e-03, 9.92122923e-01, 7.88532320e-03, 9.50043881e-01, 7.91655487e-03, 3.29635332e+00, 6.76316034e+01
8.16250851e-03, 3.53054289e-03, 9.91903579e-01, 8.10513562e-03, 9.49824069e-01, 8.13813701e-03, 3.29613173e+00, 6.76425497e+01
8.39165644e-03, 3.62924361e-03, 9.91678177e-01, 8.33103116e-03, 9.49598174e-01, 8.36590231e-03, 3.29590397e+00, 6.76538006e+01
8.62723729e-03, 3.73069181e-03, 9.91446555e-01, 8.56317567e-03, 9.49366029e-01, 8.60002223e-03, 3.29566985e+00, 6.76653646e+01
8.86943166e-03, 3.83496328e-03, 9.91208544e-01, 8.80173936e-03, 9.49127465e-01, 8.84067296e-03, 3.29542920e+00, 6.76772502e+01
9.11842520e-03, 3.94213590e-03, 9.90963969e-01, 9.04689694e-03, 9.48882308e-01, 9.08803547e-03, 3.29518184e+00, 6.76894664e+01
9.37440879e-03, 4.05228964e-03, 9.90712655e-01, 9.29882773e-03, 9.48630377e-01, 9.34229572e-03, 3.29492758e+00, 6.77020223e+01
9.63757866e-03, 4.16550662e-03, 9.90454418e-01, 9.55771575e-03, 9.48371489e-01, 9.60364472e-03, 3.29466623e+00, 6.77149271e+01
9.90813657e-03, 4.28187121e-03, 9.90189071e-01, 9.82374984e-03, 9.48105455e-01, 9.87227872e-03, 3.29439759e+00, 6.77281906e+01
1.01862899e-02, 4.40147004e-03, 9.89916424e-01, 1.00971238e-02, 9.47832081e-01, 1.01483993e-02, 3.29412147e+00, 6.77418226e+01
1.04722519e-02, 4.52439206e-03, 9.89636280e-01, 1.03780365e-02, 9.47551168e-01, 1.04322136e-02, 3.29383766e+00, 6.77558331e+01
1.07662418e-02, 4.65072864e-03, 9.89348436e-01, 1.06666918e-02, 9.47262513e-01, 1.07239343e-02, 3.29354594e+00, 6.77702327e+01
1.10684849e-02, 4.78057359e-03, 9.89052685e-01, 1.09632993e-02, 9.46965905e-01, 1.10237799e-02, 3.29324609e+00, 6.77850320e+01
1.13792129e-02, 4.91402325e-03, 9.88748817e-01, 1.12680736e-02, 9.46661131e-01, 1.13319750e-02, 3.29293790e+00, 6.78002420e+01
1.16986641e-02, 5.05117654e-03, 9.88436612e-01, 1.15812351e-02, 9.46347970e-01, 1.16487500e-02, 3.29262112e+00, 6.78158739e+01
1.20270833e-02, 5.19213502e-03, 9.88115848e-01, 1.19030097e-02, 9.46026195e-01, 1.19743418e-02, 3.29229553e+00, 6.78319393e+01
1.23647224e-02, 5.33700299e-03, 9.87786297e-01, 1.22336294e-02, 9.45695575e-01, 1.23089936e-02, 3.29196088e+00, 6.78484500e+01
1.27118400e-02, 5.48588750e-03, 9.87447723e-01, 1.25733318e-02, 9.45355873e-01, 1.26529553e-02, 3.29161692e+00, 6.78654184e+01
1.30687023e-02, 5.63889849e-03, 9.87099885e-01, 1.29223610e-02, 9.45006844e-01, 1.30064836e-02, 3.29126339e+00, 6.78828568e+01
1.34355829e-02, 5.79614881e-03, 9.86742539e-01, 1.32809669e-02, 9.44648238e-01, 1.33698418e-02, 3.29090003e+00, 6.79007782e+01
1.38127630e-02, 5.95775431e-03, 9.86375430e-01, 1.36494062e-02, 9.44279799e-01, 1.37433008e-02, 3.29052657e+00, 6.79191957e+01
1.42005318e-02, 6.12383394e-03, 9.85998300e-01, 1.40279418e-02, 9.43901263e-01, 1.41271383e-02, 3.29014273e+00, 6.79381230e+01
1.45991865e-02, 6.29450978e-03, 9.85610883e-01, 1.44168434e-02, 9.43512361e-01, 1.45216401e-02, 3.28974823e+00, 6.79575738e+01
1.50090328e-02, 6.46990713e-03, 9.85212907e-01, 1.48163874e-02, 9.43112817e-01, 1.49270990e-02, 3.28934277e+00, 6.79775625e+01
1.54303847e-02, 6.65015464e-03, 9.84804094e-01, 1.52268575e-02, 9.42702347e-01, 1.53438163e-02, 3.28892606e+00, 6.79981037e+01
1.58635653e-02, 6.83538432e-03, 9.84384158e-01, 1.56485441e-02, 9.42280661e-01, 1.57721010e-02, 3.28849777e+00, 6.80192125e+01
1.63089068e-02, 7.02573168e-03, 9.83952805e-01, 1.60817450e-02, 9.41847460e-01, 1.62122705e-02, 3.28805760e+00, 6.80409044e+01
1.67667503e-02, 7.22133576e-03, 9.83509738e-01, 1.65267656e-02, 9.41402439e-01, 1.66646507e-02, 3.28760522e+00, 6.80631950e+01
1.72374471e-02, 7.42233928e-03, 9.83054648e-01, 1.69839187e-02, 9.40945286e-01, 1.71295764e-02, 3.28714030e+00, 6.80861009e+01
1.77213578e-02, 7.62888867e-03, 9.82587220e-01, 1.74535248e-02, 9.40475680e-01, 1.76073910e-02, 3.28666248e+00, 6.81096385e+01
1.82188534e-02, 7.84113421e-03, 9.82107134e-01, 1.79359126e-02, 9.39993292e-01, 1.80984473e-02, 3.28617142e+00, 6.81338251e+01
1.87303154e-02, 8.05923009e-03, 9.81614059e-01, 1.84314186e-02, 9.39497786e-01, 1.86031075e-02, 3.28566676e+00, 6.81586783e+01
1.92561357e-02, 8.28333450e-03, 9.81107658e-01, 1.89403875e-02, 9.38988817e-01, 1.91217434e-02, 3.28514813e+00, 6.81842160e+01
1.97967175e-02, 8.51360975e-03, 9.80587585e-01, 1.94631727e-02, 9.38466032e-01, 1.96547366e-02, 3.28461513e+00, 6.82104568e+01
2.03524752e-02, 8.75022235e-03, 9.80053486e-01, 2.00001358e-02, 9.37929069e-01, 2.02024791e-02, 3.28406739e+00, 6.82374197e+01
2.09238348e-02, 8.99334311e-03, 9.79504999e-01, 2.05516475e-02, 9.37377557e-01, 2.07653729e-02, 3.28350450e+00, 6.82651242e+01
2.15112343e-02, 9.24314725e-03, 9.78941755e-01, 2.11180871e-02, 9.36811118e-01, 2.13438309e-02, 3.28292604e+00, 6.82935903e+01
2.21151240e-02, 9.49981449e-03, 9.78363373e-01, 2.16998431e-02, 9.36229362e-01, 2.19382769e-02, 3.28233159e+00, 6.83228385e+01
2.27359668e-02, 9.76352916e-03, 9.77769466e-01, 2.22973134e-02, 9.35631891e-01, 2.25491457e-02, 3.28172073e+00, 6.83528899e+01
2.33742387e-02, 1.00344803e-02, 9.77159637e-01, 2.29109051e-02, 9.35018300e-01, 2.31768838e-02, 3.28109299e+00, 6.83837660e+01
2.40304289e-02, 1.03128618e-02, 9.76533482e-01, 2.35410349e-02, 9.34388170e-01, 2.38219491e-02, 3.28044792e+00, 6.84154891e+01
2.47050406e-02, 1.05988725e-02, 9.75890584e-01, 2.41881295e-02, 9.33741075e-01, 2.44848119e-02, 3.27978506e+00, 6.84480818e+01
2.53985907e-02, 1.08927162e-02, 9.75230519e-01, 2.48526254e-02, 9.33076579e-01, 2.51659546e-02, 3.27910392e+00, 6.84815674e+01
2.61116110e-02, 1.11946019e-02, 9.74552855e-01, 2.55349691e-02, 9.32394236e-01, 2.58658720e-02, 3.27840400e+00, 6.85159699e+01
2.68446481e-02, 1.15047439e-02, 9.73857148e-01, 2.62356176e-02, 9.31693587e-01, 2.65850723e-02, 3.27768480e+00, 6.85513138e+01
2.75982639e-02, 1.18233619e-02, 9.73142944e-01, 2.69550382e-02, 9.30974167e-01, 2.73240765e-02, 3.27694580e+00, 6.85876242e+01
2.83730362e-02, 1.21506810e-02, 9.72409782e-01, 2.76937089e-02, 9.30235496e-01, 2.80834194e-02, 3.27618645e+00, 6.86249270e+01
2.91695588e-02, 1.24869320e-02, 9.71657189e-01, 2.84521186e-02, 9.29477086e-01, 2.88636494e-02, 3.27540622e+00, 6.86632486e+01
2.99884423e-02, 1.28323514e-02, 9.70884681e-01, 2.92307669e-02, 9.28698438e-01, 2.96653294e-02, 3.27460454e+00, 6.87026161e+01
3.08303146e-02, 1.31871818e-02, 9.70091766e-01, 3.00301649e-02, 9.27899040e-01, 3.04890365e-02, 3.27378084e+00, 6.87430573e+01
3.16958209e-02, 1.35516713e-02, 9.69277940e-01, 3.08508348e-02, 9.27078370e-01, 3.13353629e-02, 3.27293451e+00, 6.87846009e+01
3.25856248e-02, 1.39260747e-02, 9.68442690e-01, 3.16933101e-02, 9.26235895e-01, 3.22049159e-02, 3.27206496e+00, 6.88272759e+01
3.35004083e-02, 1.43106525e-02, 9.67585491e-01, 3.25581363e-02, 9.25371068e-01, 3.30983185e-02, 3.27117155e+00, 6.88711125e+01
3.44408728e-02, 1.47056720e-02, 9.66705808e-01, 3.34458704e-02, 9.24483334e-01, 3.40162093e-02, 3.27025366e+00, 6.89161414e+01
3.54077391e-02, 1.51114068e-02, 9.65803096e-01, 3.43570813e-02, 9.23572123e-01, 3.49592436e-02, 3.26931063e+00, 6.89623941e+01
3.64017485e-02, 1.55281370e-02, 9.64876798e-01, 3.52923503e-02, 9.22636854e-01, 3.59280930e-02, 3.26834178e+00, 6.90099028e+01
3.74236629e-02, 1.59561497e-02, 9.63926345e-01, 3.62522706e-02, 9.21676934e-01, 3.69234464e-02, 3.26734643e+00, 6.90587009e+01
3.84742658e-02, 1.63957388e-02, 9.62951161e-01, 3.72374478e-02, 9.20691757e-01, 3.79460099e-02, 3.26632386e+00, 6.91088221e+01
3.95543624e-02, 1.68472053e-02, 9.61950655e-01, 3.82485002e-02, 9.19680705e-01, 3.89965076e-02, 3.26527336e+00, 6.91603015e+01
4.06647809e-02, 1.73108570e-02, 9.60924227e-01, 3.92860584e-02, 9.18643146e-01, 4.00756817e-02, 3.26419419e+00, 6.92131745e+01
4.18063724e-02, 1.77870096e-02, 9.59871264e-01, 4.03507661e-02, 9.17578439e-01, 4.11842931e-02, 3.26308558e+00, 6.92674779e+01
4.29800121e-02, 1.82759856e-02, 9.58791145e-01, 4.14432796e-02, 9.16485925e-01, 4.23231215e-02, 3.26194675e+00, 6.93232491e+01
4.41865996e-02, 1.87781154e-02, 9.57683234e-01, 4.25642682e-02, 9.15364936e-01, 4.34929663e-02, 3.26077691e+00, 6.93805265e+01
4.54270599e-02, 1.92937372e-02, 9.56546887e-01, 4.37144143e-02, 9.14214790e-01, 4.46946465e-02, 3.25957523e+00, 6.94393496e+01
4.67023439e-02, 1.98231967e-02, 9.55381447e-01, 4.48944133e-02, 9.13034791e-01, 4.59290015e-02, 3.25834087e+00, 6.94997588e+01
4.80134292e-02, 2.03668477e-02, 9.54186246e-01, 4.61049740e-02, 9.11824231e-01, 4.71968915e-02, 3.25707298e+00, 6.95617954e+01
4.93613210e-02, 2.09250522e-02, 9.52960606e-01, 4.73468183e-02, 9.10582386e-01, 4.84991977e-02, 3.25577067e+00, 6.96255018e+01
5.07470524e-02, 2.14981804e-02, 9.51703836e-01, 4.86206817e-02, 9.09308523e-01, 4.98368229e-02, 3.25443305e+00, 6.96909216e+01
5.21716858e-02, 2.20866106e-02, 9.50415235e-01, 4.99273126e-02, 9.08001892e-01, 5.12106920e-02, 3.25305918e+00, 6.97580993e+01
5.36363132e-02, 2.26907300e-02, 9.49094092e-01, 5.12674734e-02, 9.06661731e-01, 5.26217522e-02, 3.25164812e+00, 6.98270805e+01
5.51420574e-02, 2.33109341e-02, 9.47739684e-01, 5.26419393e-02, 9.05287265e-01, 5.40709738e-02, 3.25019890e+00, 6.98979121e+01
5.66900727e-02, 2.39476274e-02, 9.46351277e-01, 5.40514994e-02, 9.03877705e-01, 5.55593505e-02, 3.24871052e+00, 6.99706420e+01
5.82815458e-02, 2.46012230e-02, 9.44928128e-01, 5.54969560e-02, 9.02432249e-01, 5.70878998e-02, 3.24718197e+00, 7.00453194e+01
5.99176967e-02, 2.52721433e-02, 9.43469482e-01, 5.69791246e-02, 9.00950080e-01, 5.86576635e-02, 3.24561221e+00, 7.01219948e+01
6.15997796e-02, 2.59608197e-02, 9.41974574e-01, 5.84988344e-02, 8.99430370e-01, 6.02697083e-02, 3.24400016e+00, 7.02007199e+01
6.33290840e-02, 2.66676928e-02, 9.40442630e-01, 6.00569274e-02, 8.97872277e-01, 6.19251262e-02, 3.24234475e+00, 7.02815474e+01
6.51069356e-02, 2.73932126e-02, 9.38872865e-01, 6.16542592e-02, 8.96274945e-01, 6.36250347e-02, 3.24064484e+00, 7.03645319e+01
6.69346971e-02, 2.81378388e-02, 9.37264486e-01, 6.32916981e-02, 8.94637507e-01, 6.53705779e-02, 3.23889929e+00, 7.04497289e+01
6.88137699e-02, 2.89020403e-02, 9.35616689e-01, 6.49701253e-02, 8.92959079e-01, 6.71629263e-02, 3.23710695e+00, 7.05371955e+01
7.07455942e-02, 2.96862961e-02, 9.33928662e-01, 6.66904351e-02, 8.91238770e-01, 6.90032779e-02, 3.23526659e+00, 7.06269903e+01
7.27316511e-02, 3.04910947e-02, 9.32199585e-01, 6.84535341e-02, 8.89475671e-01, 7.08928583e-02, 3.23337701e+00, 7.07191732e+01
7.47734631e-02, 3.13169348e-02, 9.30428629e-01, 7.02603412e-02, 8.87668863e-01, 7.28329210e-02, 3.23143695e+00, 7.08138059e+01
7.68725952e-02, 3.21643250e-02, 9.28614958e-01, 7.21117876e-02, 8.85817417e-01, 7.48247487e-02, 3.22944512e+00, 7.09109515e+01
7.90306568e-02, 3.30337838e-02, 9.26757728e-01, 7.40088164e-02, 8.83920388e-01, 7.68696528e-02, 3.22740022e+00, 7.10106746e+01
8.12493021e-02, 3.39258402e-02, 9.24856088e-01, 7.59523822e-02, 8.81976822e-01, 7.89689746e-02, 3.22530090e+00, 7.11130419e+01
8.35302320e-02, 3.48410332e-02, 9.22909182e-01, 7.79434508e-02, 8.79985754e-01, 8.11240855e-02, 3.22314579e+00, 7.12181215e+01
8.58751948e-02, 3.57799125e-02, 9.20916146e-01, 7.99829990e-02, 8.77946206e-01, 8.33363875e-02, 3.22093348e+00, 7.13259833e+01
8.82859884e-02, 3.67430377e-02, 9.18876114e-01, 8.20720141e-02, 8.75857191e-01, 8.56073137e-02, 3.21866256e+00, 7.14366993e+01
9.07644607e-02, 3.77309793e-02, 9.16788212e-01, 8.42114935e-02, 8.73717711e-01, 8.79383288e-02, 3.21633154e+00, 7.15503433e+01
9.33125118e-02, 3.87443182e-02, 9.14651565e-01, 8.64024443e-02, 8.71526760e-01, 9.03309296e-02, 3.21393894e+00, 7.16669909e+01
9.59320948e-02, 3.97836456e-02, 9.12465293e-01, 8.86458827e-02, 8.69283322e-01, 9.27866453e-02, 3.21148323e+00, 7.17867200e+01
9.86252179e-02, 4.08495636e-02, 9.10228514e-01, 9.09428335e-02, 8.66986371e-01, 9.53070382e-02, 3.20896283e+00, 7.19096106e+01
1.01393946e-01, 4.19426849e-02, 9.07940346e-01, 9.32943294e-02, 8.64634875e-01, 9.78937039e-02, 3.20637617e+00, 7.20357450e+01
1.04240401e-01, 4.30636326e-02, 9.05599903e-01, 9.57014108e-02, 8.62227794e-01, 1.00548272e-01, 3.20372160e+00, 7.21652077e+01
1.07166765e-01, 4.42130406e-02, 9.03206303e-01, 9.81651247e-02, 8.59764080e-01, 1.03272407e-01, 3.20099746e+00, 7.22980855e+01
1.10175281e-01, 4.53915533e-02, 9.00758661e-01, 1.00686524e-01, 8.57242680e-01, 1.06067806e-01, 3.19820207e+00, 7.24344680e+01
1.13268257e-01, 4.65998259e-02, 8.98256098e-01, 1.03266668e-01, 8.54662537e-01, 1.08936205e-01, 3.19533367e+00, 7.25744472e+01
1.16448062e-01, 4.78385241e-02, 8.95697735e-01, 1.05906618e-01, 8.52022587e-01, 1.11879371e-01, 3.19239050e+00, 7.27181179e+01
1.19717134e-01, 4.91083240e-02, 8.93082699e-01, 1.08607441e-01, 8.49321764e-01, 1.14899111e-01, 3.18937076e+00, 7.28655778e+01
1.23077980e-01, 5.04099123e-02, 8.90410121e-01, 1.11370207e-01, 8.46558998e-01, 1.17997266e-01, 3.18627261e+00, 7.30169275e+01
1.26533176e-01, 5.17439860e-02, 8.87679139e-01, 1.14195986e-01, 8.43733219e-01, 1.21175714e-01, 3.18309416e+00, 7.31722708e+01
1.30085370e-01, 5.31112527e-02, 8.84888900e-01, 1.17085850e-01, 8.40843354e-01, 1.24436370e-01, 3.17983350e+00, 7.33317148e+01
1.33737286e-01, 5.45124297e-02, 8.82038557e-01, 1.20040871e-01, 8.37888334e-01, 1.27781187e-01, 3.17648868e+00, 7.34953699e+01
1.37491723e-01, 5.59482450e-02, 8.79127276e-01, 1.23062118e-01, 8.34867086e-01, 1.31212154e-01, 3.17305772e+00, 7.36633503e+01
1.41351558e-01, 5.74194362e-02, 8.76154234e-01, 1.26150660e-01, 8.31778545e-01, 1.34731299e-01, 3.16953857e+00, 7.38357738e+01
1.45319752e-01, 5.89267507e-02, 8.73118619e-01, 1.29307558e-01, 8.28621646e-01, 1.38340687e-01, 3.16592918e+00, 7.40127624e+01
1.49399346e-01, 6.04709458e-02, 8.70019635e-01, 1.32533872e-01, 8.25395332e-01, 1.42042423e-01, 3.16222745e+00, 7.41944422e+01
1.53593468e-01, 6.20527881e-02, 8.66856504e-01, 1.35830654e-01, 8.22098551e-01, 1.45838648e-01, 3.15843122e+00, 7.43809436e+01
1.57905331e-01, 6.36730536e-02, 8.63628462e-01, 1.39198946e-01, 8.18730259e-01, 1.49731542e-01, 3.15453833e+00, 7.45724020e+01
1.62338243e-01, 6.53325272e-02, 8.60334766e-01, 1.42639783e-01, 8.15289422e-01, 1.53723324e-01, 3.15054655e+00, 7.47689576e+01
1.66895601e-01, 6.70320026e-02, 8.56974693e-01, 1.46154188e-01, 8.11775017e-01, 1.57816250e-01, 3.14645362e+00, 7.49707556e+01
1.71580899e-01, 6.87722823e-02, 8.53547545e-01, 1.49743171e-01, 8.08186034e-01, 1.62012617e-01, 3.14225725e+00, 7.51779472e+01
1.76397728e-01, 7.05541769e-02, 8.50052645e-01, 1.53407728e-01, 8.04521477e-01, 1.66314758e-01, 3.13795511e+00, 7.53906889e+01
1.81349780e-01, 7.23785049e-02, 8.46489343e-01, 1.57148838e-01, 8.00780367e-01, 1.70725043e-01, 3.13354483e+00, 7.56091439e+01
1.86440853e-01, 7.42460926e-02, 8.42857018e-01, 1.60967462e-01, 7.96961743e-01, 1.75245882e-01, 3.12902399e+00, 7.58334817e+01
1.91674849e-01, 7.61577735e-02, 8.39155077e-01, 1.64864541e-01, 7.93064663e-01, 1.79879723e-01, 3.12439015e+00, 7.60638788e+01
1.97055780e-01, 7.81143880e-02, 8.35382959e-01, 1.68840995e-01, 7.89088210e-01, 1.84629048e-01, 3.11964082e+00, 7.63005192e+01
2.02587771e-01, 8.01167833e-02, 8.31540137e-01, 1.72897717e-01, 7.85031487e-01, 1.89496377e-01, 3.11477349e+00, 7.65435945e+01
2.08275063e-01, 8.21658124e-02, 8.27626118e-01, 1.77035576e-01, 7.80893628e-01, 1.94484266e-01, 3.10978561e+00, 7.67933050e+01
2.14122015e-01, 8.42623342e-02, 8.23640447e-01, 1.81255412e-01, 7.76673793e-01, 1.99595308e-01, 3.10467456e+00, 7.70498595e+01
2.20133111e-01, 8.64072127e-02, 8.19582709e-01, 1.85558031e-01, 7.72371174e-01, 2.04832126e-01, 3.09943775e+00, 7.73134765e+01
2.26312957e-01, 8.86013169e-02, 8.15452527e-01, 1.89944209e-01, 7.67984996e-01, 2.10197381e-01, 3.09407249e+00, 7.75843843e+01
2.32666291e-01, 9.08455198e-02, 8.11249571e-01, 1.94414684e-01, 7.63514521e-01, 2.15693763e-01, 3.08857611e+00, 7.78628221e+01
2.39197984e-01, 9.31406982e-02, 8.06973553e-01, 1.98970156e-01, 7.58959048e-01, 2.21323995e-01, 3.08294588e+00, 7.81490400e+01
2.45913043e-01, 9.54877322e-02, 8.02624233e-01, 2.03611284e-01, 7.54317921e-01, 2.27090830e-01, 3.07717904e+00, 7.84433005e+01
2.52816614e-01, 9.78875042e-02, 7.98201419e-01, 2.08338681e-01, 7.49590524e-01, 2.32997048e-01, 3.07127282e+00, 7.87458788e+01
2.59913992e-01, 1.00340899e-01, 7.93704972e-01, 2.13152914e-01, 7.44776290e-01, 2.39045457e-01, 3.06522441e+00, 7.90570636e+01
2.67210616e-01, 1.02848802e-01, 7.89134803e-01, 2.18054502e-01, 7.39874703e-01, 2.45238889e-01, 3.05903098e+00, 7.93771582e+01
2.74712079e-01, 1.05412101e-01, 7.84490880e-01, 2.23043906e-01, 7.34885299e-01, 2.51580198e-01, 3.05268967e+00, 7.97064813e+01
2.82424133e-01, 1.08031682e-01, 7.79773224e-01, 2.28121536e-01, 7.29807669e-01, 2.58072260e-01, 3.04619761e+00, 8.00453678e+01
2.90352688e-01, 1.10708431e-01, 7.74981917e-01, 2.33287739e-01, 7.24641465e-01, 2.64717968e-01, 3.03955190e+00, 8.03941702e+01
2.98503825e-01, 1.13443233e-01, 7.70117100e-01, 2.38542802e-01, 7.19386403e-01, 2.71520231e-01, 3.03274964e+00, 8.07532593e+01
3.06883789e-01, 1.16236971e-01, 7.65178976e-01, 2.43886943e-01, 7.14042262e-01, 2.78481969e-01, 3.02578790e+00, 8.11230257e+01
3.15499006e-01, 1.19090524e-01, 7.60167811e-01, 2.49320313e-01, 7.08608892e-01, 2.85606113e-01, 3.01866376e+00, 8.15038807e+01
3.24356081e-01, 1.22004770e-01, 7.55083934e-01, 2.54842988e-01, 7.03086217e-01, 2.92895597e-01, 3.01137427e+00, 8.18962578e+01
3.33461802e-01, 1.24980579e-01, 7.49927744e-01, 2.60454969e-01, 6.97474236e-01, 3.00353358e-01, 3.00391651e+00, 8.23006139e+01
3.42823149e-01, 1.28018820e-01, 7.44699703e-01, 2.66156175e-01, 6.91773030e-01, 3.07982332e-01, 2.99628754e+00, 8.27174309e+01
3.52447300e-01, 1.31120351e-01, 7.39400345e-01, 2.71946443e-01, 6.85982761e-01, 3.15785444e-01, 2.98848443e+00, 8.31472170e+01
3.62341632e-01, 1.34286029e-01, 7.34030273e-01, 2.77825521e-01, 6.80103683e-01, 3.23765611e-01, 2.98050426e+00, 8.35905082e+01
3.72513730e-01, 1.37516698e-01, 7.28590161e-01, 2.83793066e-01, 6.74136138e-01, 3.31925732e-01, 2.97234414e+00, 8.40478704e+01
3.82971391e-01, 1.40813196e-01, 7.23080757e-01, 2.89848639e-01, 6.68080566e-01, 3.40268682e-01, 2.96400119e+00, 8.45199004e+01
3.93722633e-01, 1.44176353e-01, 7.17502878e-01, 2.95991702e-01, 6.61937502e-01, 3.48797311e-01, 2.95547256e+00, 8.50072282e+01
4.04775697e-01, 1.47606985e-01, 7.11857418e-01, 3.02221615e-01, 6.55707590e-01, 3.57514432e-01, 2.94675544e+00, 8.55105187e+01
4.16139055e-01, 1.51105900e-01, 7.06145344e-01, 3.08537629e-01, 6.49391576e-01, 3.66422816e-01, 2.93784706e+00, 8.60304735e+01
4.27821420e-01, 1.54673893e-01, 7.00367697e-01, 3.14938886e-01, 6.42990319e-01, 3.75525188e-01, 2.92874468e+00, 8.65678332e+01
4.39831747e-01, 1.58311745e-01, 6.94525595e-01, 3.21424414e-01, 6.36504791e-01, 3.84824214e-01, 2.91944566e+00, 8.71233789e+01
4.52179242e-01, 1.62020224e-01, 6.88620228e-01, 3.27993122e-01, 6.29936083e-01, 3.94322499e-01, 2.90994737e+00, 8.76979350e+01
4.64873371e-01, 1.65800084e-01, 6.82652863e-01, 3.34643797e-01, 6.23285408e-01, 4.04022575e-01, 2.90024730e+00, 8.82923711e+01
4.77923865e-01, 1.69652062e-01, 6.76624841e-01, 3.41375101e-01, 6.16554104e-01, 4.13926891e-01, 2.89034298e+00, 8.89076040e+01
4.91340729e-01, 1.73576879e-01, 6.70537578e-01, 3.48185568e-01, 6.09743637e-01, 4.24037807e-01, 2.88023206e+00, 8.95446004e+01
5.05134247e-01, 1.77575238e-01, 6.64392563e-01, 3.55073600e-01, 6.02855605e-01, 4.34357583e-01, 2.86991229e+00, 9.02043791e+01
5.19314994e-01, 1.81647824e-01, 6.58191359e-01, 3.62037464e-01, 5.95891741e-01, 4.44888371e-01, 2.85938150e+00, 9.08880136e+01
5.33893840e-01, 1.85795303e-01, 6.51935600e-01, 3.69075290e-01, 5.88853915e-01, 4.55632199e-01, 2.84863767e+00, 9.15966342e+01
5.48881961e-01, 1.90018322e-01, 6.45626991e-01, 3.76185068e-01, 5.81744137e-01, 4.66590968e-01, 2.83767890e+00, 9.23314308e+01
5.64290847e-01, 1.94317504e-01, 6.39267309e-01, 3.83364645e-01, 5.74564559e-01, 4.77766433e-01, 2.82650344e+00, 9.30936555e+01
5.80132310e-01, 1.98693454e-01, 6.32858396e-01, 3.90611726e-01, 5.67317479e-01, 4.89160200e-01, 2.81510967e+00, 9.38846249e+01
5.96418495e-01, 2.03146750e-01, 6.26402164e-01, 3.97923869e-01, 5.60005336e-01, 5.00773709e-01, 2.80349616e+00, 9.47057229e+01
6.13161884e-01, 2.07677952e-01, 6.19900588e-01, 4.05298486e-01, 5.52630719e-01, 5.12608222e-01, 2.79166165e+00, 9.55584032e+01
6.30375315e-01, 2.12287591e-01, 6.13355704e-01, 4.12732843e-01, 5.45196362e-01, 5.24664817e-01, 2.77960506e+00, 9.64441921e+01
6.48071983e-01, 2.16976176e-01, 6.06769614e-01, 4.20224057e-01, 5.37705147e-01, 5.36944369e-01, 2.76732550e+00, 9.73646907e+01
6.66265452e-01, 2.21744190e-01, 6.00144472e-01, 4.27769102e-01, 5.30160102e-01, 5.49447544e-01, 2.75482233e+00, 9.83215779e+01
6.84969672e-01, 2.26592088e-01, 5.93482492e-01, 4.35364805e-01, 5.22564399e-01, 5.62174786e-01, 2.74209509e+00, 9.93166129e+01
7.04198979e-01, 2.31520301e-01, 5.86785940e-01, 4.43007850e-01, 5.14921355e-01, 5.75126304e-01, 2.72914357e+00, 1.00351638e+02
7.23968114e-01, 2.36529229e-01, 5.80057132e-01, 4.50694780e-01, 5.07234425e-01, 5.88302062e-01, 2.71596781e+00, 1.01428579e+02
7.44292233e-01, 2.41619247e-01, 5.73298431e-01, 4.58422000e-01, 4.99507205e-01, 6.01701770e-01, 2.70256810e+00, 1.02549453e+02
7.65186915e-01, 2.46790700e-01, 5.66512244e-01, 4.66185783e-01, 4.91743422e-01, 6.15324873e-01, 2.68894500e+00, 1.03716364e+02
7.86668179e-01, 2.52043903e-01, 5.59701019e-01, 4.73982272e-01, 4.83946933e-01, 6.29170542e-01, 2.67509933e+00, 1.04931511e+02
8.08752491e-01, 2.57379142e-01, 5.52867241e-01, 4.81807487e-01, 4.76121718e-01, 6.43237663e-01, 2.66103221e+00, 1.06197187e+02
8.31456781e-01, 2.62796674e-01, 5.46013431e-01, 4.89657332e-01, 4.68271873e-01, 6.57524833e-01, 2.64674504e+00, 1.07515782e+02
8.54798453e-01, 2.68296725e-01, 5.39142136e-01, 4.97527600e-01, 4.60401605e-01, 6.72030353e-01, 2.63223952e+00, 1.08889789e+02
8.78795401e-01, 2.73879488e-01, 5.32255933e-01, 5.05413983e-01, 4.52515222e-01, 6.86752220e-01, 2.61751765e+00, 1.10321798e+02
9.03466021e-01, 2.79545129e-01, 5.25357421e-01, 5.13312080e-01, 4.44617125e-01, 7.01688124e-01, 2.60258175e+00, 1.11814509e+02
9.28829225e-01, 2.85293778e-01, 5.18449216e-01, 5.21217407e-01, 4.36711797e-01, 7.16835446e-01, 2.58743443e+00, 1.13370724e+02
9.54904456e-01, 2.91125536e-01, 5.11533951e-01, 5.29125407e-01, 4.28803798e-01, 7.32191253e-01, 2.57207862e+00, 1.14993356e+02
9.81711702e-01, 2.97040474e-01, 5.04614268e-01, 5.37031460e-01, 4.20897744e-01, 7.47752304e-01, 2.55651757e+00, 1.16685431e+02
1.00927151e+00, 3.03038627e-01, 4.97692817e-01, 5.44930898e-01, 4.12998307e-01, 7.63515042e-01, 2.54075483e+00, 1.18450084e+02
1.03760502e+00, 3.09120002e-01, 4.90772250e-01, 5.52819013e-01, 4.05110192e-01, 7.79475608e-01, 2.52479426e+00, 1.20290572e+02
1.06673394e+00, 3.15284571e-01, 4.83855218e-01, 5.60691073e-01, 3.97238132e-01, 7.95629835e-01, 2.50864004e+00, 1.22210264e+02
1.09668060e+00, 3.21532276e-01, 4.76944367e-01, 5.68542333e-01, 3.89386872e-01, 8.11973260e-01, 2.49229661e+00, 1.24212655e+02
1.12746796e+00, 3.27863028e-01, 4.70042332e-01, 5.76368052e-01, 3.81561153e-01, 8.28501133e-01, 2.47576874e+00, 1.26301362e+02
1.15911962e+00, 3.34276704e-01, 4.63151736e-01, 5.84163503e-01, 3.73765702e-01, 8.45208419e-01, 2.45906145e+00, 1.28480128e+02
1.19165984e+00, 3.40773150e-01, 4.56275185e-01, 5.91923988e-01, 3.66005216e-01, 8.62089815e-01, 2.44218006e+00, 1.30752825e+02
1.22511358e+00, 3.47352184e-01, 4.49415262e-01, 5.99644855e-01, 3.58284349e-01, 8.79139763e-01, 2.42513011e+00, 1.33123461e+02
1.25950646e+00, 3.54013588e-01, 4.42574525e-01, 6.07321508e-01, 3.50607697e-01, 8.96352456e-01, 2.40791742e+00, 1.35596176e+02
1.29486487e+00, 3.60757118e-01, 4.35755505e-01, 6.14949422e-01, 3.42979782e-01, 9.13721860e-01, 2.39054801e+00, 1.38175254e+02
1.33121590e+00, 3.67582497e-01, 4.28960698e-01, 6.22524159e-01, 3.35405046e-01, 9.31241729e-01, 2.37302814e+00, 1.40865122e+02
1.36858742e+00, 3.74489419e-01, 4.22192565e-01, 6.30041377e-01, 3.27887828e-01, 9.48905618e-01, 2.35536425e+00, 1.43670354e+02
1.40700809e+00, 3.81477549e-01, 4.15453528e-01, 6.37496845e-01, 3.20432359e-01, 9.66706903e-01, 2.33756297e+00, 1.46595681e+02
1.44650734e+00, 3.88546523e-01, 4.08745964e-01, 6.44886457e-01, 3.13042748e-01, 9.84638803e-01, 2.31963107e+00, 1.49645991e+02
1.48711546e+00, 3.95695948e-01, 4.02072206e-01, 6.52206237e-01, 3.05722968e-01, 1.00269439e+00, 2.30157548e+00, 1.52826337e+02
1.52886359e+00, 4.02925403e-01, 3.95434536e-01, 6.59452357e-01, 2.98476848e-01, 1.02086662e+00, 2.28340325e+00, 1.56141943e+02
1.57178372e+00, 4.10234442e-01, 3.88835186e-01, 6.66621140e-01, 2.91308064e-01, 1.03914835e+00, 2.26512152e+00, 1.59598210e+02
1.61590875e+00, 4.17622591e-01, 3.82276331e-01, 6.73709076e-01, 2.84220128e-01, 1.05753234e+00, 2.24673753e+00, 1.63200726e+02
1.66127252e+00, 4.25089350e-01, 3.75760089e-01, 6.80712822e-01, 2.77216383e-01, 1.07601130e+00, 2.22825857e+00, 1.66955270e+02
1.70790980e+00, 4.32634194e-01, 3.69288519e-01, 6.87629214e-01, 2.70299991e-01, 1.09457790e+00, 2.20969198e+00, 1.70867822e+02
1.75585633e+00, 4.40256573e-01, 3.62863618e-01, 6.94455271e-01, 2.63473934e-01, 1.11322476e+00, 2.19104511e+00, 1.74944573e+02
1.80514888e+00, 4.47955916e-01, 3.56487318e-01, 7.01188200e-01, 2.56741004e-01, 1.13194454e+00, 2.17232533e+00, 1.79191933e+02
1.85582523e+00, 4.55731626e-01, 3.50161484e-01, 7.07825401e-01, 2.50103804e-01, 1.15072986e+00, 2.15354001e+00, 1.83616542e+02
1.90792422e+00, 4.63583085e-01, 3.43887915e-01, 7.14364467e-01, 2.43564738e-01, 1.16957341e+00, 2.13469646e+00, 1.88225281e+02
1.96148581e+00, 4.71509656e-01, 3.37668341e-01, 7.20803187e-01, 2.37126017e-01, 1.18846791e+00, 2.11580196e+00, 1.93025284e+02
2.01655104e+00, 4.79510678e-01, 3.31504419e-01, 7.27139549e-01, 2.30789655e-01, 1.20740613e+00, 2.09686374e+00, 1.98023946e+02
2.07316213e+00, 4.87585472e-01, 3.25397736e-01, 7.33371736e-01, 2.24557469e-01, 1.22638094e+00, 2.07788893e+00, 2.03228943e+02
2.13136247e+00, 4.95733342e-01, 3.19349807e-01, 7.39498127e-01, 2.18431078e-01, 1.24538527e+00, 2.05888460e+00, 2.08648240e+02
2.19119669e+00, 5.03953573e-01, 3.13362070e-01, 7.45517294e-01, 2.12411910e-01, 1.26441217e+00, 2.03985770e+00, 2.14290105e+02
2.25271064e+00, 5.12245431e-01, 3.07435893e-01, 7.51428002e-01, 2.06501202e-01, 1.28345480e+00, 2.02081507e+00, 2.20163129e+02
2.31595149e+00, 5.20608169e-01, 3.01572566e-01, 7.57229203e-01, 2.00700002e-01, 1.30250644e+00, 2.00176343e+00, 2.26276235e+02
2.38096772e+00, 5.29041024e-01, 2.95773306e-01, 7.62920031e-01, 1.95009174e-01, 1.32156049e+00, 1.98270938e+00, 2.32638700e+02
2.44780916e+00, 5.37543219e-01, 2.90039255e-01, 7.68499800e-01, 1.89429405e-01, 1.34061051e+00, 1.96365936e+00, 2.39260167e+02
2.51652705e+00, 5.46113963e-01, 2.84371479e-01, 7.73967999e-01, 1.83961205e-01, 1.35965020e+00, 1.94461968e+00, 2.46150667e+02
2.58717408e+00, 5.54752453e-01, 2.78770971e-01, 7.79324285e-01, 1.78604920e-01, 1.37867339e+00, 1.92559648e+00, 2.53320635e+02
2.65980440e+00, 5.63457874e-01, 2.73238647e-01, 7.84568474e-01, 1.73360730e-01, 1.39767410e+00, 1.90659578e+00, 2.60780930e+02
2.73447368e+00, 5.72229403e-01, 2.67775351e-01, 7.89700543e-01, 1.68228661e-01, 1.41664649e+00, 1.88762338e+00, 2.68542854e+02
2.81123917e+00, 5.81066203e-01, 2.62381854e-01, 7.94720616e-01, 1.63208589e-01, 1.43558489e+00, 1.86868498e+00, 2.76618175e+02
2.89015972e+00, 5.89967432e-01, 2.57058854e-01, 7.99628957e-01, 1.58300247e-01, 1.45448381e+00, 1.84978606e+00, 2.85019147e+02
2.97129582e+00, 5.98932239e-01, 2.51806978e-01, 8.04425971e-01, 1.53503234e-01, 1.47333792e+00, 1.83093195e+00, 2.93758531e+02
3.05470967e+00, 6.07959763e-01, 2.46626782e-01, 8.09112188e-01, 1.48817017e-01, 1.49214205e+00, 1.81212782e+00, 3.02849624e+02
3.14046522e+00, 6.17049141e-01, 2.41518754e-01, 8.13688261e-01, 1.44240944e-01, 1.51089122e+00, 1.79337865e+00, 3.12306275e+02
3.22862820e+00, 6.26199502e-01, 2.36483311e-01, 8.18154956e-01, 1.39774249e-01, 1.52958061e+00, 1.77468926e+00, 3.22142917e+02
3.31926620e+00, 6.35409971e-01, 2.31520808e-01, 8.22513149e-01, 1.35416055e-01, 1.54820557e+00, 1.75606430e+00, 3.32374592e+02
3.41244871e+00, 6.44679670e-01, 2.26631530e-01, 8.26763815e-01, 1.31165389e-01, 1.56676162e+00, 1.73750825e+00, 3.43016973e+02
3.50824714e+00, 6.54007716e-01, 2.21815701e-01, 8.30908023e-01, 1.27021182e-01, 1.58524447e+00, 1.71902540e+00, 3.54086399e+02
3.60673495e+00, 6.63393226e-01, 2.17073483e-01, 8.34946927e-01, 1.22982278e-01, 1.60364996e+00, 1.70061991e+00, 3.65599900e+02
3.70798763e+00, 6.72835313e-01, 2.12404976e-01, 8.38881764e-01, 1.19047441e-01, 1.62197413e+00, 1.68229574e+00, 3.77575229e+02
3.81208280e+00, 6.82333091e-01, 2.07810223e-01, 8.42713843e-01, 1.15215361e-01, 1.64021316e+00, 1.66405672e+00, 3.90030894e+02
3.91910025e+00, 6.91885673e-01, 2.03289209e-01, 8.46444541e-01, 1.11484664e-01, 1.65836339e+00, 1.64590648e+00, 4.02986187e+02
4.02912203e+00, 7.01492174e-01, 1.98841864e-01, 8.50075295e-01, 1.07853910e-01, 1.67642133e+00, 1.62784854e+00, 4.16461225e+02
4.14223247e+00, 7.11151707e-01, 1.94468065e-01, 8.53607599e-01, 1.04321606e-01, 1.69438365e+00, 1.60988623e+00, 4.30476978e+02
4.25851829e+00, 7.20863389e-01, 1.90167637e-01, 8.57042995e-01, 1.00886209e-01, 1.71224714e+00, 1.59202273e+00, 4.45055312e+02
4.37806863e+00, 7.30626340e-01, 1.85940357e-01, 8.60383071e-01, 9.75461333e-02, 1.73000878e+00, 1.57426109e+00, 4.60219021e+02
4.50097513e+00, 7.40439681e-01, 1.81785952e-01, 8.63629453e-01, 9.42997519e-02, 1.74766568e+00, 1.55660420e+00, 4.75991872e+02
4.62733201e+00, 7.50302539e-01, 1.77704105e-01, 8.66783799e-01, 9.11454052e-02, 1.76521507e+00, 1.53905481e+00, 4.92398647e+02
4.75723614e+00, 7.60214043e-01, 1.73694456e-01, 8.69847800e-01, 8.80814043e-02, 1.78265434e+00, 1.52161553e+00, 5.09465178e+02
4.89078709e+00, 7.70173327e-01, 1.69756602e-01, 8.72823169e-01, 8.51060358e-02, 1.79998103e+00, 1.50428884e+00, 5.27218403e+02
5.02808725e+00, 7.80179530e-01, 1.65890100e-01, 8.75711639e-01, 8.22175660e-02, 1.81719278e+00, 1.48707709e+00, 5.45686403e+02
5.16924187e+00, 7.90231798e-01, 1.62094471e-01, 8.78514960e-01, 7.94142452e-02, 1.83428739e+00, 1.46998248e+00, 5.64898456e+02
5.31435916e+00, 8.00329281e-01, 1.58369199e-01, 8.81234893e-01, 7.66943113e-02, 1.85126277e+00, 1.45300710e+00, 5.84885087e+02
5.46355035e+00, 8.10471136e-01, 1.54713732e-01, 8.83873211e-01, 7.40559937e-02, 1.86811695e+00, 1.43615292e+00, 6.05678118e+02
5.61692982e+00, 8.20656529e-01, 1.51127491e-01, 8.86431688e-01, 7.14975169e-02, 1.88484809e+00, 1.41942178e+00, 6.27310724e+02
5.77461515e+00, 8.30884629e-01, 1.47609861e-01, 8.88912101e-01, 6.90171032e-02, 1.90145446e+00, 1.40281541e+00, 6.49817493e+02
5.93672722e+00, 8.41154616e-01, 1.44160202e-01, 8.91316228e-01, 6.66129763e-02, 1.91793444e+00, 1.38633543e+00, 6.73234481e+02
6.10339029e+00, 8.51465677e-01, 1.40777848e-01, 8.93645841e-01, 6.42833639e-02, 1.93428654e+00, 1.36998333e+00, 6.97599276e+02
6.27473213e+00, 8.61817006e-01, 1.37462106e-01, 8.95902705e-01, 6.20265001e-02, 1.95050935e+00, 1.35376052e+00, 7.22951062e+02
6.45088409e+00, 8.72207807e-01, 1.34212261e-01, 8.98088576e-01, 5.98406285e-02, 1.96660159e+00, 1.33766828e+00, 7.49330688e+02
6.63198120e+00, 8.82637292e-01, 1.31027576e-01, 9.00205201e-01, 5.77240037e-02, 1.98256206e+00, 1.32170782e+00, 7.76780735e+02
6.81816229e+00, 8.93104682e-01, 1.27907296e-01, 9.02254311e-01, 5.56748941e-02, 1.99838966e+00, 1.30588021e+00, 8.05345590e+02
7.00957009e+00, 9.03609206e-01, 1.24850646e-01, 9.04237621e-01, 5.36915835e-02, 2.01408340e+00, 1.29018647e+00, 8.35071526e+02
7.20635132e+00, 9.14150106e-01, 1.21856835e-01, 9.06156832e-01, 5.17723728e-02, 2.02964238e+00, 1.27462749e+00, 8.66006774e+02
7.40865683e+00, 9.24726629e-01, 1.18925058e-01, 9.08013623e-01, 4.99155819e-02, 2.04506577e+00, 1.25920410e+00, 8.98201612e+02
7.61664172e+00, 9.35338035e-01, 1.16054495e-01, 9.09809654e-01, 4.81195511e-02, 2.06035285e+00, 1.24391702e+00, 9.31708449e+02
7.83046540e+00, 9.45983593e-01, 1.13244314e-01, 9.11546562e-01, 4.63826423e-02, 2.07550297e+00, 1.22876690e+00, 9.66581913e+02
8.05029181e+00, 9.56662583e-01, 1.10493675e-01, 9.13225964e-01, 4.47032404e-02, 2.09051557e+00, 1.21375430e+00, 1.00287895e+03
8.27628946e+00, 9.67374292e-01, 1.07801724e-01, 9.14849450e-01, 4.30797545e-02, 2.10539016e+00, 1.19887971e+00, 1.04065890e+03
8.50863158e+00, 9.78118021e-01, 1.05167604e-01, 9.16418586e-01, 4.15106184e-02, 2.12012633e+00, 1.18414354e+00, 1.07998365e+03
8.74749630e+00, 9.88893079e-01, 1.02590447e-01, 9.17934913e-01, 3.99942921e-02, 2.13472375e+00, 1.16954613e+00, 1.12091768e+03
8.99306672e+00, 9.99698787e-01, 1.00069381e-01, 9.19399943e-01, 3.85292620e-02, 2.14918214e+00, 1.15508773e+00, 1.16352821e+03
9.24553110e+00, 1.01053448e+00, 9.76035298e-02, 9.20815163e-01, 3.71140419e-02, 2.16350132e+00, 1.14076855e+00, 1.20788530e+03
9.50508296e+00, 1.02139949e+00, 9.51920136e-02, 9.22182031e-01, 3.57471734e-02, 2.17768115e+00, 1.12658872e+00, 1.25406197e+03
9.77192128e+00, 1.03229317e+00, 9.28339498e-02, 9.23501978e-01, 3.44272266e-02, 2.19172157e+00, 1.11254830e+00, 1.30213435e+03
1.00462506e+01, 1.04321489e+00, 9.05284548e-02, 9.24776405e-01, 3.31528000e-02, 2.20562257e+00, 1.09864731e+00, 1.35218177e+03
1.03282813e+01, 1.05416402e+00, 8.82746444e-02, 9.26006683e-01, 3.19225214e-02, 2.21938420e+00, 1.08488567e+00, 1.40428694e+03
1.06182294e+01, 1.06513995e+00, 8.60716349e-02, 9.27194157e-01, 3.07350477e-02, 2.23300657e+00, 1.07126330e+00, 1.45853604e+03
1.09163173e+01, 1.07614206e+00, 8.39185439e-02, 9.28340140e-01, 2.95890651e-02, 2.24648986e+00, 1.05778001e+00, 1.51501892e+03
1.12227736e+01, 1.08716977e+00, 8.18144912e-02, 9.29445915e-01, 2.84832895e-02, 2.25983428e+00, 1.04443559e+00, 1.57382923e+03
1.15378330e+01, 1.09822248e+00, 7.97585995e-02, 9.30512738e-01, 2.74164662e-02, 2.27304009e+00, 1.03122978e+00, 1.63506456e+03
1.18617372e+01, 1.10929963e+00, 7.77499950e-02, 9.31541835e-01, 2.63873701e-02, 2.28610762e+00, 1.01816225e+00, 1.69882666e+03
1.21947344e+01, 1.12040065e+00, 7.57878084e-02, 9.32534399e-01, 2.53948055e-02, 2.29903723e+00, 1.00523265e+00, 1.76522156e+03
1.25370799e+01, 1.13152499e+00, 7.38711753e-02, 9.33491599e-01, 2.44376060e-02, 2.31182932e+00, 9.92440554e-01, 1.83435978e+03
1.28890361e+01, 1.14267211e+00, 7.19992367e-02, 9.34414571e-01, 2.35146342e-02, 2.32448435e+00, 9.79785525e-01, 1.90635653e+03
1.32508729e+01, 1.15384147e+00, 7.01711401e-02, 9.35304423e-01, 2.26247818e-02, 2.33700280e+00, 9.67267069e-01, 1.98133187e+03
1.36228676e+01, 1.16503255e+00, 6.83860392e-02, 9.36162235e-01, 2.17669693e-02, 2.34938522e+00, 9.54884654e-01, 2.05941097e+03
1.40053055e+01, 1.17624484e+00, 6.66430952e-02, 9.36989059e-01, 2.09401454e-02, 2.36163216e+00, 9.42637713e-01, 2.14072427e+03
1.43984795e+01, 1.18747784e+00, 6.49414767e-02, 9.37785918e-01, 2.01432869e-02, 2.37374423e+00, 9.30525644e-01, 2.22540774e+03
1.48026913e+01, 1.19873106e+00, 6.32803605e-02, 9.38553806e-01, 1.93753984e-02, 2.38572206e+00, 9.18547810e-01, 2.31360310e+03
1.52182505e+01, 1.21000400e+00, 6.16589316e-02, 9.39293693e-01, 1.86355120e-02, 2.39756633e+00, 9.06703542e-01, 2.40545806e+03
1.56454759e+01, 1.22129622e+00, 6.00763839e-02, 9.40006518e-01, 1.79226866e-02, 2.40927773e+00, 8.94992142e-01, 2.50112660e+03
1.60846948e+01, 1.23260723e+00, 5.85319205e-02, 9.40693197e-01, 1.72360078e-02, 2.42085699e+00, 8.83412881e-01, 2.60076919e+03
1.65362441e+01, 1.24393658e+00, 5.70247538e-02, 9.41354617e-01, 1.65745873e-02, 2.43230487e+00, 8.71965005e-01, 2.70455310e+03
1.70004698e+01, 1.25528384e+00, 5.55541057e-02, 9.41991642e-01, 1.59375625e-02, 2.44362214e+00, 8.60647732e-01, 2.81265269e+03
1.74777277e+01, 1.26664856e+00, 5.41192085e-02, 9.42605108e-01, 1.53240963e-02, 2.45480961e+00, 8.49460257e-01, 2.92524968e+03
1.79683839e+01, 1.27803033e+00, 5.27193041e-02, 9.43195829e-01, 1.47333760e-02, 2.46586812e+00, 8.38401750e-01, 3.04253350e+03
1.84728144e+01, 1.28942872e+00, 5.13536452e-02, 9.43764591e-01, 1.41646134e-02, 2.47679851e+00, 8.27471361e-01, 3.16470157e+03
1.89914058e+01, 1.30084334e+00, 5.00214947e-02, 9.44312160e-01, 1.36170442e-02, 2.48760165e+00, 8.16668220e-01, 3.29195969e+03
1.95245558e+01, 1.31227377e+00, 4.87221263e-02, 9.44839277e-01, 1.30899273e-02, 2.49827844e+00, 8.05991436e-01, 3.42452236e+03
2.00726730e+01, 1.32371963e+00, 4.74548245e-02, 9.45346660e-01, 1.25825444e-02, 2.50882977e+00, 7.95440102e-01, 3.56261317e+03
2.06361777e+01, 1.33518054e+00, 4.62188846e-02, 9.45835005e-01, 1.20941996e-02, 2.51925658e+00, 7.85013292e-01, 3.70646514e+03
2.12155017e+01, 1.34665613e+00, 4.50136131e-02, 9.46304986e-01, 1.16242187e-02, 2.52955981e+00, 7.74710066e-01, 3.85632120e+03
2.18110892e+01, 1.35814602e+00, 4.38383275e-02, 9.46757256e-01, 1.11719490e-02, 2.53974040e+00, 7.64529470e-01, 4.01243454e+03
2.24233968e+01, 1.36964988e+00, 4.26923562e-02, 9.47192446e-01, 1.07367585e-02, 2.54979934e+00, 7.54470534e-01, 4.17506905e+03
2.30528939e+01, 1.38116734e+00, 4.15750390e-02, 9.47611169e-01, 1.03180353e-02, 2.55973759e+00, 7.44532280e-01, 4.34449983e+03
2.37000629e+01, 1.39269806e+00, 4.04857268e-02, 9.48014017e-01, 9.91518763e-03, 2.56955616e+00, 7.34713713e-01, 4.52101360e+03
2.43654001e+01, 1.40424172e+00, 3.94237819e-02, 9.48401562e-01, 9.52764270e-03, 2.57925604e+00, 7.25013833e-01, 4.70490922e+03
2.50494154e+01, 1.41579798e+00, 3.83885774e-02, 9.48774358e-01, 9.15484667e-03, 2.58883824e+00, 7.15431627e-01, 4.89649823e+03
2.57526333e+01, 1.42736654e+00, 3.73794979e-02, 9.49132941e-01, 8.79626393e-03, 2.59830380e+00, 7.05966075e-01, 5.09610532e+03
2.64755927e+01, 1.43894707e+00, 3.63959391e-02, 9.49477828e-01, 8.45137668e-03, 2.60765372e+00, 6.96616148e-01, 5.30406896e+03
2.72188479e+01, 1.45053928e+00, 3.54373078e-02, 9.49809520e-01, 8.11968443e-03, 2.61688906e+00, 6.87380812e-01, 5.52074194e+03
2.79829688e+01, 1.46214287e+00, 3.45030217e-02, 9.50128501e-01, 7.80070353e-03, 2.62601085e+00, 6.78259025e-01, 5.74649198e+03
2.87685409e+01, 1.47375755e+00, 3.35925097e-02, 9.50435238e-01, 7.49396669e-03, 2.63502013e+00, 6.69249741e-01, 5.98170240e+03
2.95761666e+01, 1.48538304e+00, 3.27052117e-02, 9.50730182e-01, 7.19902250e-03, 2.64391796e+00, 6.60351909e-01, 6.22677273e+03
3.04064649e+01, 1.49701906e+00, 3.18405781e-02, 9.51013770e-01, 6.91543503e-03, 2.65270540e+00, 6.51564474e-01, 6.48211941e+03
3.12600724e+01, 1.50866534e+00, 3.09980705e-02, 9.51286421e-01, 6.64278329e-03, 2.66138349e+00, 6.42886379e-01, 6.74817655e+03
3.21376434e+01, 1.52032162e+00, 3.01771610e-02, 9.51548544e-01, 6.38066089e-03, 2.66995331e+00, 6.34316561e-01, 7.02539662e+03
3.30398507e+01, 1.53198765e+00, 2.93773321e-02, 9.51800529e-01, 6.12867551e-03, 2.67841591e+00, 6.25853960e-01, 7.31425126e+03
3.39673858e+01, 1.54366317e+00, 2.85980772e-02, 9.52042756e-01, 5.88644853e-03, 2.68677236e+00, 6.17497512e-01, 7.61523209e+03
3.49209598e+01, 1.55534793e+00, 2.78388997e-02, 9.52275590e-01, 5.65361463e-03, 2.69502372e+00, 6.09246151e-01, 7.92885155e+03
3.59013038e+01, 1.56704171e+00, 2.70993135e-02, 9.52499383e-01, 5.42982130e-03, 2.70317106e+00, 6.01098813e-01, 8.25564379e+03
3.69091691e+01, 1.57874427e+00, 2.63788425e-02, 9.52714476e-01, 5.21472854e-03, 2.71121544e+00, 5.93054435e-01, 8.59616558e+03
3.79453285e+01, 1.59045537e+00, 2.56770206e-02, 9.52921196e-01, 5.00800840e-03, 2.71915792e+00, 5.85111952e-01, 8.95099728e+03
3.90105762e+01, 1.60217481e+00, 2.49933916e-02, 9.53119860e-01, 4.80934462e-03, 2.72699957e+00, 5.77270302e-01, 9.32074382e+03
4.01057288e+01, 1.61390235e+00, 2.43275093e-02, 9.53310772e-01, 4.61843226e-03, 2.73474145e+00, 5.69528426e-01, 9.70603579e+03
4.12316259e+01, 1.62563780e+00, 2.36789368e-02, 9.53494227e-01, 4.43497734e-03, 2.74238461e+00, 5.61885265e-01, 1.01075305e+04
4.23891306e+01, 1.63738095e+00, 2.30472468e-02, 9.53670508e-01, 4.25869647e-03, 2.74993011e+00, 5.54339763e-01, 1.05259130e+04
4.35791301e+01, 1.64913159e+00, 2.24320214e-02, 9.53839888e-01, 4.08931650e-03, 2.75737900e+00, 5.46890869e-01, 1.09618974e+04
4.48025368e+01, 1.66088953e+00, 2.18328518e-02, 9.54002630e-01, 3.92657423e-03, 2.76473234e+00, 5.39537533e-01, 1.14162283e+04
4.60602884e+01, 1.67265458e+00, 2.12493385e-02, 9.54158989e-01, 3.77021601e-03, 2.77199116e+00, 5.32278710e-01, 1.18896815e+04
4.73533492e+01, 1.68442656e+00, 2.06810907e-02, 9.54309207e-01, 3.61999749e-03, 2.77915651e+00, 5.25113359e-01, 1.23830659e+04
4.86827104e+01, 1.69620528e+00, 2.01277264e-02, 9.54453521e-01, 3.47568325e-03, 2.78622943e+00, 5.18040443e-01, 1.28972246e+04
5.00493910e+01, 1.70799057e+00, 1.95888723e-02, 9.54592158e-01, 3.33704654e-03, 2.79321094e+00, 5.11058930e-01, 1.34330363e+04
5.14544388e+01, 1.71978224e+00, 1.90641636e-02, 9.54725336e-01, 3.20386896e-03, 2.80010208e+00, 5.04167794e-01, 1.39914172e+04
5.28989308e+01, 1.73158015e+00, 1.85532437e-02, 9.54853264e-01, 3.07594020e-03, 2.80690386e+00, 4.97366012e-01, 1.45733221e+04
5.43839743e+01, 1.74338412e+00, 1.80557646e-02, 9.54976147e-01, 2.95305773e-03, 2.81361730e+00, 4.90652569e-01, 1.51797463e+04
5.59107078e+01, 1.75519399e+00, 1.75713858e-02, 9.55094178e-01, 2.83502656e-03, 2.82024342e+00, 4.84026454e-01, 1.58117274e+04
5.74803016e+01, 1.76700960e+00, 1.70997750e-02, 9.55207546e-01, 2.72165898e-03, 2.82678321e+00, 4.77486662e-01, 1.64703467e+04
5.90939590e+01, 1.77883082e+00, 1.66406078e-02, 9.55316430e-01, 2.61277426e-03, 2.83323768e+00, 4.71032196e-01, 1.71567317e+04
6.07529169e+01, 1.79065748e+00, 1.61935670e-02, 9.55421006e-01, 2.50819847e-03, 2.83960781e+00, 4.64662064e-01, 1.78720574e+04
6.24584471e+01, 1.80248944e+00, 1.57583434e-02, 9.55521440e-01, 2.40776420e-03, 2.84589459e+00, 4.58375280e-01, 1.86175486e+04
6.42118571e+01, 1.81432657e+00, 1.53346346e-02, 9.55617894e-01, 2.31131033e-03, 2.85209901e+00, 4.52170866e-01, 1.93944821e+04
6.60144909e+01, 1.82616872e+00, 1.49221457e-02, 9.55710523e-01, 2.21868184e-03, 2.85822202e+00, 4.46047851e-01, 2.02041888e+04
6.78677305e+01, 1.83801577e+00, 1.45205889e-02, 9.55799475e-01, 2.12972955e-03, 2.86426460e+00, 4.40005270e-01, 2.10480560e+04
6.97729965e+01, 1.84986758e+00, 1.41296829e-02, 9.55884895e-01, 2.04430993e-03, 2.87022771e+00, 4.34042167e-01, 2.19275298e+04
7.17317494e+01, 1.86172403e+00, 1.37491537e-02, 9.55966920e-01, 1.96228490e-03, 2.87611228e+00, 4.28157590e-01, 2.28441175e+04
7.37454909e+01, 1.87358500e+00, 1.33787335e-02, 9.56045683e-01, 1.88352165e-03, 2.88191927e+00, 4.22350599e-01, 2.37993903e+04
7.58157646e+01, 1.88545036e+00, 1.30181611e-02, 9.56121312e-01, 1.80789239e-03, 2.88764961e+00, 4.16620258e-01, 2.47949861e+04
7.79441575e+01, 1.89731999e+00, 1.26671819e-02, 9.56193930e-01, 1.73527425e-03, 2.89330423e+00, 4.10965639e-01, 2.58326122e+04
8.01323013e+01, 1.90919379e+00, 1.23255471e-02, 9.56263656e-01, 1.66554903e-03, 2.89888405e+00, 4.05385825e-01, 2.69140481e+04
8.23818733e+01, 1.92107165e+00, 1.19930143e-02, 9.56330602e-01, 1.59860307e-03, 2.90438997e+00, 3.99879903e-01, 2.80411490e+04
8.46945981e+01, 1.93295345e+00, 1.16693470e-02, 9.56394878e-01, 1.53432706e-03, 2.90982290e+00, 3.94446970e-01, 2.92158484e+04
8.70722485e+01, 1.94483908e+00, 1.13543144e-02, 9.56456589e-01, 1.47261591e-03, 2.91518374e+00, 3.89086131e-01, 3.04401620e+04
8.95166472e+01, 1.95672846e+00, 1.10476916e-02, 9.56515836e-01, 1.41336856e-03, 2.92047337e+00, 3.83796497e-01, 3.17161908e+04
9.20296681e+01, 1.96862147e+00, 1.07492590e-02, 9.56572717e-01, 1.35648784e-03, 2.92569268e+00, 3.78577190e-01, 3.30461249e+04
9.46132376e+01, 1.98051802e+00, 1.04588028e-02, 9.56627324e-01, 1.30188037e-03, 2.93084253e+00, 3.73427339e-01, 3.44322473e+04
9.72693362e+01, 1.99241802e+00, 1.01761143e-02, 9.56679748e-01, 1.24945633e-03, 2.93592379e+00, 3.68346080e-01, 3.58769376e+04
1.00000000e+02, 2.00432137e+00, 9.90099010e-03, 9.56730075e-01, 1.19912940e-03, 2.94093731e+00, 3.63332558e-01, 3.73826765e+04
