 --- Cosmological Parameters --- 
	 H0: 2.1791e-18 (1/s) = 67.2400 (km/s/Mpc) 
	 OmegaM: 3.2000e-01 
	 OmegaR: 0.0000e+00 
	 OmegaL: 6.8000e-01 
	 OmegaK: 0.0000e+00 
		 w0: -7.2700e-01 
		 wa: -1.0500e+00 
	 rho_crit: 8.4944e-30 (g/cm^3) 
z, log10(1+z), a, H0*t_look, H0*t_age, H0*t_conf, H0*t_conf_age, H(z) 
1.00000000e-04, 4.34272769e-05, 9.99900010e-01, 9.99912086e-05, 9.40606143e-01, 9.99962080e-05, 3.21792398e+00, 6.72450996e+01
1.02807322e-04, 4.46463579e-05, 9.99897203e-01, 1.02798030e-04, 9.40603336e-01, 1.02803315e-04, 3.21792117e+00, 6.72452428e+01
1.05693455e-04, 4.58996588e-05, 9.99894318e-01, 1.05683634e-04, 9.40600450e-01, 1.05689219e-04, 3.21791829e+00, 6.72453900e+01
1.08660611e-04, 4.71881402e-05, 9.99891351e-01, 1.08650231e-04, 9.40597484e-01, 1.08656134e-04, 3.21791532e+00, 6.72455413e+01
1.11711065e-04, 4.85127895e-05, 9.99888301e-01, 1.11700094e-04, 9.40594434e-01, 1.11706333e-04, 3.21791227e+00, 6.72456968e+01
1.14847155e-04, 4.98746217e-05, 9.99885166e-01, 1.14835559e-04, 9.40591298e-01, 1.14842153e-04, 3.21790914e+00, 6.72458567e+01
1.18071285e-04, 5.12746804e-05, 9.99881943e-01, 1.18059029e-04, 9.40588075e-01, 1.18065998e-04, 3.21790591e+00, 6.72460212e+01
1.21385926e-04, 5.27140387e-05, 9.99878629e-01, 1.21372973e-04, 9.40584761e-01, 1.21380339e-04, 3.21790260e+00, 6.72461902e+01
1.24793621e-04, 5.41937993e-05, 9.99875222e-01, 1.24779930e-04, 9.40581354e-01, 1.24787715e-04, 3.21789919e+00, 6.72463639e+01
1.28296980e-04, 5.57150964e-05, 9.99871719e-01, 1.28282509e-04, 9.40577852e-01, 1.28290738e-04, 3.21789569e+00, 6.72465426e+01
1.31898690e-04, 5.72790956e-05, 9.99868119e-01, 1.31883395e-04, 9.40574251e-01, 1.31892093e-04, 3.21789209e+00, 6.72467263e+01
1.35601511e-04, 5.88869955e-05, 9.99864417e-01, 1.35585346e-04, 9.40570549e-01, 1.35594539e-04, 3.21788838e+00, 6.72469151e+01
1.39408283e-04, 6.05400281e-05, 9.99860611e-01, 1.39391198e-04, 9.40566743e-01, 1.39400913e-04, 3.21788458e+00, 6.72471092e+01
1.43321923e-04, 6.22394601e-05, 9.99856699e-01, 1.43303865e-04, 9.40562830e-01, 1.43314134e-04, 3.21788066e+00, 6.72473087e+01
1.47345431e-04, 6.39865937e-05, 9.99852676e-01, 1.47326345e-04, 9.40558808e-01, 1.47337199e-04, 3.21787664e+00, 6.72475139e+01
1.51481892e-04, 6.57827676e-05, 9.99848541e-01, 1.51461720e-04, 9.40554672e-01, 1.51473191e-04, 3.21787251e+00, 6.72477248e+01
1.55734477e-04, 6.76293582e-05, 9.99844290e-01, 1.55713157e-04, 9.40550421e-01, 1.55725281e-04, 3.21786825e+00, 6.72479417e+01
1.60106446e-04, 6.95277803e-05, 9.99839919e-01, 1.60083912e-04, 9.40546050e-01, 1.60096726e-04, 3.21786388e+00, 6.72481646e+01
1.64601150e-04, 7.14794886e-05, 9.99835426e-01, 1.64577333e-04, 9.40541557e-01, 1.64590877e-04, 3.21785939e+00, 6.72483938e+01
1.69222035e-04, 7.34859785e-05, 9.99830807e-01, 1.69196862e-04, 9.40536937e-01, 1.69211177e-04, 3.21785477e+00, 6.72486294e+01
1.73972643e-04, 7.55487874e-05, 9.99826058e-01, 1.73946037e-04, 9.40532188e-01, 1.73961167e-04, 3.21785002e+00, 6.72488717e+01
1.78856616e-04, 7.76694958e-05, 9.99821175e-01, 1.78828495e-04, 9.40527306e-01, 1.78844487e-04, 3.21784513e+00, 6.72491207e+01
1.83877698e-04, 7.98497285e-05, 9.99816156e-01, 1.83847976e-04, 9.40522286e-01, 1.83864878e-04, 3.21784011e+00, 6.72493767e+01
1.89039738e-04, 8.20911560e-05, 9.99810996e-01, 1.89008324e-04, 9.40517126e-01, 1.89026188e-04, 3.21783495e+00, 6.72496399e+01
1.94346693e-04, 8.43954955e-05, 9.99805691e-01, 1.94313490e-04, 9.40511821e-01, 1.94332371e-04, 3.21782965e+00, 6.72499105e+01
1.99802631e-04, 8.67645125e-05, 9.99800237e-01, 1.99767538e-04, 9.40506366e-01, 1.99787494e-04, 3.21782419e+00, 6.72501887e+01
2.05411735e-04, 8.92000219e-05, 9.99794630e-01, 2.05374644e-04, 9.40500759e-01, 2.05395736e-04, 3.21781858e+00, 6.72504747e+01
2.11178304e-04, 9.17038897e-05, 9.99788866e-01, 2.11139103e-04, 9.40494995e-01, 2.11161395e-04, 3.21781282e+00, 6.72507687e+01
2.17106760e-04, 9.42780341e-05, 9.99782940e-01, 2.17065327e-04, 9.40489069e-01, 2.17088888e-04, 3.21780689e+00, 6.72510710e+01
2.23201647e-04, 9.69244272e-05, 9.99776848e-01, 2.23157855e-04, 9.40482976e-01, 2.23182758e-04, 3.21780080e+00, 6.72513818e+01
2.29467637e-04, 9.96450962e-05, 9.99770585e-01, 2.29421351e-04, 9.40476713e-01, 2.29447672e-04, 3.21779453e+00, 6.72517013e+01
2.35909533e-04, 1.02442125e-04, 9.99764146e-01, 2.35860613e-04, 9.40470273e-01, 2.35888432e-04, 3.21778809e+00, 6.72520297e+01
2.42532274e-04, 1.05317657e-04, 9.99757527e-01, 2.42480569e-04, 9.40463653e-01, 2.42509972e-04, 3.21778147e+00, 6.72523674e+01
2.49340937e-04, 1.08273895e-04, 9.99750721e-01, 2.49286288e-04, 9.40456848e-01, 2.49317365e-04, 3.21777466e+00, 6.72527146e+01
2.56340741e-04, 1.11313103e-04, 9.99743725e-01, 2.56282981e-04, 9.40449851e-01, 2.56315827e-04, 3.21776766e+00, 6.72530715e+01
2.63537052e-04, 1.14437609e-04, 9.99736532e-01, 2.63476004e-04, 9.40442658e-01, 2.63510719e-04, 3.21776047e+00, 6.72534384e+01
2.70935387e-04, 1.17649806e-04, 9.99729138e-01, 2.70870864e-04, 9.40435263e-01, 2.70907555e-04, 3.21775307e+00, 6.72538156e+01
2.78541416e-04, 1.20952156e-04, 9.99721536e-01, 2.78473220e-04, 9.40427661e-01, 2.78512000e-04, 3.21774547e+00, 6.72542034e+01
2.86360972e-04, 1.24347187e-04, 9.99713721e-01, 2.86288894e-04, 9.40419845e-01, 2.86329881e-04, 3.21773765e+00, 6.72546021e+01
2.94400048e-04, 1.27837499e-04, 9.99705687e-01, 2.94323866e-04, 9.40411810e-01, 2.94367187e-04, 3.21772961e+00, 6.72550119e+01
3.02664806e-04, 1.31425767e-04, 9.99697427e-01, 3.02584288e-04, 9.40403550e-01, 3.02630075e-04, 3.21772135e+00, 6.72554333e+01
3.11161583e-04, 1.35114738e-04, 9.99688935e-01, 3.11076482e-04, 9.40395058e-01, 3.11124875e-04, 3.21771285e+00, 6.72558665e+01
3.19896892e-04, 1.38907238e-04, 9.99680205e-01, 3.19806946e-04, 9.40386327e-01, 3.19858094e-04, 3.21770412e+00, 6.72563118e+01
3.28877429e-04, 1.42806171e-04, 9.99671231e-01, 3.28782363e-04, 9.40377352e-01, 3.28836422e-04, 3.21769514e+00, 6.72567697e+01
3.38110078e-04, 1.46814523e-04, 9.99662004e-01, 3.38009601e-04, 9.40368124e-01, 3.38066737e-04, 3.21768591e+00, 6.72572404e+01
3.47601918e-04, 1.50935364e-04, 9.99652519e-01, 3.47495721e-04, 9.40358638e-01, 3.47556110e-04, 3.21767642e+00, 6.72577243e+01
3.57360225e-04, 1.55171849e-04, 9.99642767e-01, 3.57247982e-04, 9.40348886e-01, 3.57311809e-04, 3.21766667e+00, 6.72582218e+01
3.67392478e-04, 1.59527223e-04, 9.99632742e-01, 3.67273847e-04, 9.40338860e-01, 3.67341306e-04, 3.21765664e+00, 6.72587333e+01
3.77706369e-04, 1.64004821e-04, 9.99622436e-01, 3.77580985e-04, 9.40328553e-01, 3.77652285e-04, 3.21764633e+00, 6.72592591e+01
3.88309805e-04, 1.68608072e-04, 9.99611841e-01, 3.88177283e-04, 9.40317957e-01, 3.88252641e-04, 3.21763573e+00, 6.72597996e+01
3.99210913e-04, 1.73340499e-04, 9.99600948e-01, 3.99070848e-04, 9.40307063e-01, 3.99150495e-04, 3.21762483e+00, 6.72603554e+01
4.10418050e-04, 1.78205728e-04, 9.99589750e-01, 4.10270012e-04, 9.40295864e-01, 4.10354193e-04, 3.21761362e+00, 6.72609267e+01
4.21939808e-04, 1.83207482e-04, 9.99578238e-01, 4.21783344e-04, 9.40284351e-01, 4.21872316e-04, 3.21760211e+00, 6.72615140e+01
4.33785019e-04, 1.88349591e-04, 9.99566403e-01, 4.33619648e-04, 9.40272514e-01, 4.33713685e-04, 3.21759026e+00, 6.72621179e+01
4.45962763e-04, 1.93635993e-04, 9.99554236e-01, 4.45787979e-04, 9.40260346e-01, 4.45887368e-04, 3.21757809e+00, 6.72627387e+01
4.58482375e-04, 1.99070734e-04, 9.99541728e-01, 4.58297642e-04, 9.40247836e-01, 4.58402689e-04, 3.21756558e+00, 6.72633769e+01
4.71353453e-04, 2.04657975e-04, 9.99528869e-01, 4.71158206e-04, 9.40234976e-01, 4.71269231e-04, 3.21755271e+00, 6.72640330e+01
4.84585864e-04, 2.10401992e-04, 9.99515649e-01, 4.84379503e-04, 9.40221755e-01, 4.84496848e-04, 3.21753948e+00, 6.72647075e+01
4.98189752e-04, 2.16307184e-04, 9.99502058e-01, 4.97971644e-04, 9.40208162e-01, 4.98095669e-04, 3.21752588e+00, 6.72654010e+01
5.12175544e-04, 2.22378069e-04, 9.99488087e-01, 5.11945022e-04, 9.40194189e-01, 5.12076106e-04, 3.21751190e+00, 6.72661139e+01
5.26553963e-04, 2.28619296e-04, 9.99473723e-01, 5.26310320e-04, 9.40179824e-01, 5.26448864e-04, 3.21749753e+00, 6.72668468e+01
5.41336030e-04, 2.35035640e-04, 9.99458957e-01, 5.41078519e-04, 9.40165056e-01, 5.41224949e-04, 3.21748275e+00, 6.72676003e+01
5.56533078e-04, 2.41632013e-04, 9.99443776e-01, 5.56260910e-04, 9.40149873e-01, 5.56415673e-04, 3.21746756e+00, 6.72683749e+01
5.72156756e-04, 2.48413463e-04, 9.99428170e-01, 5.71869096e-04, 9.40134265e-01, 5.72032668e-04, 3.21745195e+00, 6.72691712e+01
5.88219040e-04, 2.55385179e-04, 9.99412127e-01, 5.87915008e-04, 9.40118219e-01, 5.88087890e-04, 3.21743589e+00, 6.72699899e+01
6.04732245e-04, 2.62552498e-04, 9.99395633e-01, 6.04410909e-04, 9.40101723e-01, 6.04593630e-04, 3.21741938e+00, 6.72708316e+01
6.21709029e-04, 2.69920903e-04, 9.99378677e-01, 6.21369403e-04, 9.40084765e-01, 6.21562523e-04, 3.21740242e+00, 6.72716969e+01
6.39162405e-04, 2.77496033e-04, 9.99361246e-01, 6.38803450e-04, 9.40067331e-01, 6.39007561e-04, 3.21738497e+00, 6.72725864e+01
6.57105755e-04, 2.85283683e-04, 9.99343326e-01, 6.56726369e-04, 9.40049408e-01, 6.56942097e-04, 3.21736704e+00, 6.72735010e+01
6.75552832e-04, 2.93289812e-04, 9.99324903e-01, 6.75151853e-04, 9.40030982e-01, 6.75379859e-04, 3.21734860e+00, 6.72744411e+01
6.94517777e-04, 3.01520545e-04, 9.99305964e-01, 6.94093978e-04, 9.40012040e-01, 6.94334959e-04, 3.21732964e+00, 6.72754077e+01
7.14015130e-04, 3.09982178e-04, 9.99286494e-01, 7.13567211e-04, 9.39992567e-01, 7.13821907e-04, 3.21731016e+00, 6.72764013e+01
7.34059837e-04, 3.18681185e-04, 9.99266479e-01, 7.33586425e-04, 9.39972548e-01, 7.33855616e-04, 3.21729012e+00, 6.72774229e+01
7.54667263e-04, 3.27624220e-04, 9.99245902e-01, 7.54166908e-04, 9.39951967e-01, 7.54451418e-04, 3.21726953e+00, 6.72784731e+01
7.75853206e-04, 3.36818122e-04, 9.99224748e-01, 7.75324375e-04, 9.39930810e-01, 7.75625076e-04, 3.21724835e+00, 6.72795527e+01
7.97633907e-04, 3.46269924e-04, 9.99203002e-01, 7.97074980e-04, 9.39909059e-01, 7.97392793e-04, 3.21722659e+00, 6.72806627e+01
8.20026062e-04, 3.55986854e-04, 9.99180646e-01, 8.19435326e-04, 9.39886699e-01, 8.19771225e-04, 3.21720421e+00, 6.72818038e+01
8.43046837e-04, 3.65976343e-04, 9.99157663e-01, 8.42422483e-04, 9.39863712e-01, 8.42777496e-04, 3.21718120e+00, 6.72829768e+01
8.66713880e-04, 3.76246030e-04, 9.99134037e-01, 8.66053994e-04, 9.39840080e-01, 8.66429209e-04, 3.21715755e+00, 6.72841828e+01
8.91045332e-04, 3.86803767e-04, 9.99109748e-01, 8.90347894e-04, 9.39815786e-01, 8.90744461e-04, 3.21713323e+00, 6.72854227e+01
9.16059848e-04, 3.97657626e-04, 9.99084779e-01, 9.15322720e-04, 9.39790811e-01, 9.15741852e-04, 3.21710824e+00, 6.72866973e+01
9.41776601e-04, 4.08815904e-04, 9.99059110e-01, 9.40997525e-04, 9.39765136e-01, 9.41440508e-04, 3.21708254e+00, 6.72880076e+01
9.68215306e-04, 4.20287133e-04, 9.99032721e-01, 9.67391896e-04, 9.39738742e-01, 9.67860085e-04, 3.21705612e+00, 6.72893547e+01
9.95396231e-04, 4.32080081e-04, 9.99005594e-01, 9.94525965e-04, 9.39711608e-01, 9.95020795e-04, 3.21702896e+00, 6.72907396e+01
1.02334021e-03, 4.44203760e-04, 9.98977706e-01, 1.02242042e-03, 9.39683714e-01, 1.02294341e-03, 3.21700103e+00, 6.72921633e+01
1.05206867e-03, 4.56667438e-04, 9.98949037e-01, 1.05109654e-03, 9.39655037e-01, 1.05164929e-03, 3.21697233e+00, 6.72936269e+01
1.08160363e-03, 4.69480638e-04, 9.98919565e-01, 1.08057619e-03, 9.39625558e-01, 1.08116038e-03, 3.21694282e+00, 6.72951316e+01
1.11196773e-03, 4.82653152e-04, 9.98889267e-01, 1.11088182e-03, 9.39595252e-01, 1.11149926e-03, 3.21691248e+00, 6.72966785e+01
1.14318425e-03, 4.96195044e-04, 9.98858121e-01, 1.14203655e-03, 9.39564097e-01, 1.14268911e-03, 3.21688129e+00, 6.72982688e+01
1.17527712e-03, 5.10116661e-04, 9.98826103e-01, 1.17406412e-03, 9.39532070e-01, 1.17475381e-03, 3.21684922e+00, 6.72999037e+01
1.20827094e-03, 5.24428638e-04, 9.98793187e-01, 1.20698892e-03, 9.39499145e-01, 1.20771784e-03, 3.21681626e+00, 6.73015844e+01
1.24219100e-03, 5.39141905e-04, 9.98759350e-01, 1.24083603e-03, 9.39465298e-01, 1.24160643e-03, 3.21678237e+00, 6.73033122e+01
1.27706330e-03, 5.54267703e-04, 9.98724566e-01, 1.27563125e-03, 9.39430503e-01, 1.27644547e-03, 3.21674753e+00, 6.73050885e+01
1.31291459e-03, 5.69817580e-04, 9.98688807e-01, 1.31140105e-03, 9.39394733e-01, 1.31226160e-03, 3.21671172e+00, 6.73069146e+01
1.34977233e-03, 5.85803413e-04, 9.98652047e-01, 1.34817269e-03, 9.39357961e-01, 1.34908219e-03, 3.21667490e+00, 6.73087918e+01
1.38766479e-03, 6.02237406e-04, 9.98614258e-01, 1.38597414e-03, 9.39320160e-01, 1.38693538e-03, 3.21663704e+00, 6.73107217e+01
1.42662102e-03, 6.19132106e-04, 9.98575411e-01, 1.42483418e-03, 9.39281300e-01, 1.42585010e-03, 3.21659813e+00, 6.73127058e+01
1.46667087e-03, 6.36500410e-04, 9.98535477e-01, 1.46478237e-03, 9.39241352e-01, 1.46585609e-03, 3.21655812e+00, 6.73147454e+01
1.50784505e-03, 6.54355573e-04, 9.98494425e-01, 1.50584911e-03, 9.39200285e-01, 1.50698391e-03, 3.21651699e+00, 6.73168422e+01
1.55017512e-03, 6.72711224e-04, 9.98452224e-01, 1.54806564e-03, 9.39158068e-01, 1.54926498e-03, 3.21647471e+00, 6.73189978e+01
1.59369353e-03, 6.91581368e-04, 9.98408842e-01, 1.59146405e-03, 9.39114670e-01, 1.59273161e-03, 3.21643125e+00, 6.73212138e+01
1.63843365e-03, 7.10980403e-04, 9.98364246e-01, 1.63607734e-03, 9.39070057e-01, 1.63741700e-03, 3.21638656e+00, 6.73234920e+01
1.68442976e-03, 7.30923128e-04, 9.98318403e-01, 1.68193941e-03, 9.39024195e-01, 1.68335527e-03, 3.21634062e+00, 6.73258339e+01
1.73171713e-03, 7.51424755e-04, 9.98271277e-01, 1.72908513e-03, 9.38977049e-01, 1.73058151e-03, 3.21629340e+00, 6.73282416e+01
1.78033202e-03, 7.72500920e-04, 9.98222832e-01, 1.77755030e-03, 9.38928584e-01, 1.77913179e-03, 3.21624485e+00, 6.73307167e+01
1.83031168e-03, 7.94167695e-04, 9.98173032e-01, 1.82737173e-03, 9.38878762e-01, 1.82904316e-03, 3.21619494e+00, 6.73332611e+01
1.88169442e-03, 8.16441599e-04, 9.98121840e-01, 1.87858726e-03, 9.38827547e-01, 1.88035375e-03, 3.21614362e+00, 6.73358769e+01
1.93451965e-03, 8.39339613e-04, 9.98069215e-01, 1.93123576e-03, 9.38774898e-01, 1.93310271e-03, 3.21609088e+00, 6.73385659e+01
1.98882786e-03, 8.62879189e-04, 9.98015120e-01, 1.98535719e-03, 9.38720777e-01, 1.98733030e-03, 3.21603665e+00, 6.73413304e+01
2.04466067e-03, 8.87078267e-04, 9.97959511e-01, 2.04099260e-03, 9.38665141e-01, 2.04307792e-03, 3.21598090e+00, 6.73441722e+01
2.10206088e-03, 9.11955285e-04, 9.97902349e-01, 2.09818421e-03, 9.38607950e-01, 2.10038811e-03, 0.00000000e+00, 6.73470937e+01
2.16107251e-03, 9.37529196e-04, 9.97843588e-01, 2.15697536e-03, 9.38549159e-01, 2.15930458e-03, 3.21586467e+00, 6.73500970e+01
2.22174078e-03, 9.63819479e-04, 9.97783184e-01, 2.21741064e-03, 9.38488723e-01, 2.21987229e-03, 3.21580411e+00, 6.73531845e+01
2.28411221e-03, 9.90846156e-04, 9.97721093e-01, 2.27953582e-03, 9.38426598e-01, 2.28213744e-03, 3.21574184e+00, 6.73563585e+01
2.34823460e-03, 1.01862981e-03, 9.97657267e-01, 2.34339797e-03, 9.38362736e-01, 2.34614751e-03, 3.21567783e+00, 6.73596213e+01
2.41415712e-03, 1.04719158e-03, 9.97591657e-01, 2.40904546e-03, 9.38297089e-01, 2.41195132e-03, 3.21561203e+00, 6.73629756e+01
2.48193029e-03, 1.07655322e-03, 9.97524214e-01, 2.47652798e-03, 9.38229606e-01, 2.47959903e-03, 3.21554438e+00, 6.73664238e+01
2.55160607e-03, 1.10673706e-03, 9.97454888e-01, 2.54589659e-03, 9.38160237e-01, 2.54914223e-03, 3.21547484e+00, 6.73699685e+01
2.62323788e-03, 1.13776607e-03, 9.97383625e-01, 2.61720378e-03, 9.38088930e-01, 2.62063392e-03, 3.21540334e+00, 6.73736126e+01
2.69688063e-03, 1.16966386e-03, 9.97310373e-01, 2.69050345e-03, 9.38015631e-01, 2.69412857e-03, 3.21532985e+00, 6.73773586e+01
2.77259076e-03, 1.20245468e-03, 9.97235075e-01, 2.76585102e-03, 9.37940283e-01, 2.76968220e-03, 3.21525430e+00, 6.73812096e+01
2.85042632e-03, 1.23616346e-03, 9.97157676e-01, 2.84330343e-03, 9.37862831e-01, 2.84735236e-03, 3.21517663e+00, 6.73851684e+01
2.93044698e-03, 1.27081583e-03, 9.97078115e-01, 2.92291916e-03, 9.37783215e-01, 2.92719822e-03, 3.21509678e+00, 6.73892380e+01
3.01271407e-03, 1.30643812e-03, 9.96996335e-01, 3.00475833e-03, 9.37701376e-01, 3.00928058e-03, 3.21501470e+00, 6.73934215e+01
3.09729067e-03, 1.34305740e-03, 9.96912273e-01, 3.08888269e-03, 9.37617251e-01, 3.09366194e-03, 3.21493032e+00, 6.73977221e+01
3.18424160e-03, 1.38070148e-03, 9.96825866e-01, 3.17535571e-03, 9.37530778e-01, 3.18040655e-03, 3.21484357e+00, 6.74021431e+01
3.27363353e-03, 1.41939895e-03, 9.96737048e-01, 3.26424258e-03, 9.37441891e-01, 3.26958043e-03, 3.21475440e+00, 6.74066878e+01
3.36553498e-03, 1.45917918e-03, 9.96645754e-01, 3.35561028e-03, 9.37350524e-01, 3.36125144e-03, 3.21466273e+00, 6.74113597e+01
3.46001639e-03, 1.50007238e-03, 9.96551914e-01, 3.44952765e-03, 9.37256606e-01, 3.45548933e-03, 3.21456849e+00, 6.74161624e+01
3.55715021e-03, 1.54210957e-03, 9.96455458e-01, 3.54606539e-03, 9.37160069e-01, 3.55236578e-03, 3.21447161e+00, 6.74210994e+01
3.65701088e-03, 1.58532264e-03, 9.96356314e-01, 3.64529615e-03, 9.37060838e-01, 3.65195447e-03, 3.21437202e+00, 6.74261745e+01
3.75967497e-03, 1.62974435e-03, 9.96254407e-01, 3.74729456e-03, 9.36958839e-01, 3.75433112e-03, 3.21426965e+00, 6.74313916e+01
3.86522116e-03, 1.67540839e-03, 9.96149661e-01, 3.85213729e-03, 9.36853997e-01, 3.85957356e-03, 3.21416440e+00, 6.74367546e+01
3.97373038e-03, 1.72234936e-03, 9.96041998e-01, 3.95990311e-03, 9.36746231e-01, 3.96776177e-03, 3.21405622e+00, 6.74422677e+01
4.08528580e-03, 1.77060283e-03, 9.95931336e-01, 4.07067295e-03, 9.36635461e-01, 4.07897795e-03, 3.21394500e+00, 6.74479349e+01
4.19997295e-03, 1.82020534e-03, 9.95817593e-01, 4.18452992e-03, 9.36521604e-01, 4.19330659e-03, 3.21383067e+00, 6.74537605e+01
4.31787973e-03, 1.87119444e-03, 9.95700684e-01, 4.30155941e-03, 9.36404575e-01, 4.31083450e-03, 3.21371314e+00, 6.74597491e+01
4.43909653e-03, 1.92360874e-03, 9.95580522e-01, 4.42184916e-03, 9.36284285e-01, 4.43165093e-03, 3.21359233e+00, 6.74659050e+01
4.56371628e-03, 1.97748788e-03, 9.95457017e-01, 4.54548925e-03, 9.36160645e-01, 4.55584758e-03, 3.21346813e+00, 6.74722331e+01
4.69183451e-03, 2.03287261e-03, 9.95330076e-01, 4.67257224e-03, 9.36033562e-01, 4.68351868e-03, 3.21334046e+00, 6.74787380e+01
4.82354943e-03, 2.08980480e-03, 9.95199606e-01, 4.80319320e-03, 9.35902941e-01, 4.81476109e-03, 3.21320922e+00, 6.74854247e+01
4.95896201e-03, 2.14832749e-03, 9.95065508e-01, 4.93744977e-03, 9.35768684e-01, 4.94967435e-03, 3.21307430e+00, 6.74922982e+01
5.09817606e-03, 2.20848488e-03, 9.94927683e-01, 5.07544225e-03, 9.35630692e-01, 5.08836074e-03, 3.21293562e+00, 6.74993638e+01
5.24129830e-03, 2.27032240e-03, 9.94786030e-01, 5.21727365e-03, 9.35488860e-01, 5.23092536e-03, 3.21279305e+00, 6.75066268e+01
5.38843844e-03, 2.33388671e-03, 9.94640441e-01, 5.36304975e-03, 9.35343084e-01, 5.37747625e-03, 3.21264650e+00, 6.75140927e+01
5.53970928e-03, 2.39922578e-03, 9.94490810e-01, 5.51287922e-03, 9.35193255e-01, 5.52812440e-03, 3.21249585e+00, 6.75217670e+01
5.69522678e-03, 2.46638889e-03, 9.94337025e-01, 5.66687365e-03, 9.35039260e-01, 5.68298388e-03, 3.21234099e+00, 6.75296557e+01
5.85511016e-03, 2.53542665e-03, 9.94178973e-01, 5.82514762e-03, 9.34880986e-01, 5.84217191e-03, 3.21218181e+00, 6.75377646e+01
6.01948197e-03, 2.60639109e-03, 9.94016535e-01, 5.98781882e-03, 9.34718315e-01, 6.00580893e-03, 3.21201817e+00, 6.75460999e+01
6.18846824e-03, 2.67933564e-03, 9.93849593e-01, 6.15500810e-03, 9.34551126e-01, 6.17401873e-03, 3.21184996e+00, 6.75546678e+01
6.36219849e-03, 2.75431521e-03, 9.93678023e-01, 6.32683955e-03, 9.34379294e-01, 6.34692848e-03, 3.21167705e+00, 6.75634748e+01
6.54080591e-03, 2.83138620e-03, 9.93501698e-01, 6.50344060e-03, 9.34202693e-01, 6.52466888e-03, 3.21149931e+00, 6.75725276e+01
6.72442742e-03, 2.91060657e-03, 9.93320488e-01, 6.68494209e-03, 9.34021192e-01, 6.70737420e-03, 3.21131660e+00, 6.75818329e+01
6.91320378e-03, 2.99203585e-03, 9.93134260e-01, 6.87147836e-03, 9.33834656e-01, 6.89518242e-03, 3.21112880e+00, 6.75913978e+01
7.10727970e-03, 3.07573520e-03, 9.92942877e-01, 7.06318734e-03, 9.33642947e-01, 7.08823532e-03, 3.21093574e+00, 6.76012295e+01
7.30680395e-03, 3.16176744e-03, 9.92746198e-01, 7.26021064e-03, 9.33445923e-01, 7.28667858e-03, 3.21073730e+00, 6.76113353e+01
7.51192949e-03, 3.25019713e-03, 9.92544079e-01, 7.46269365e-03, 9.33243440e-01, 7.49066186e-03, 3.21053332e+00, 6.76217228e+01
7.72281357e-03, 3.34109055e-03, 9.92336371e-01, 7.67078563e-03, 9.33035348e-01, 7.70033895e-03, 3.21032364e+00, 6.76323998e+01
7.93961785e-03, 3.43451582e-03, 9.92122923e-01, 7.88463979e-03, 9.32821494e-01, 7.91586785e-03, 3.21010811e+00, 6.76433744e+01
8.16250851e-03, 3.53054289e-03, 9.91903579e-01, 8.10441343e-03, 9.32601721e-01, 8.13741089e-03, 3.20988657e+00, 6.76546548e+01
8.39165644e-03, 3.62924361e-03, 9.91678177e-01, 8.33026798e-03, 9.32375866e-01, 8.36513486e-03, 3.20965884e+00, 6.76662494e+01
8.62723729e-03, 3.73069181e-03, 9.91446555e-01, 8.56236917e-03, 9.32143765e-01, 8.59921111e-03, 3.20942477e+00, 6.76781670e+01
8.86943166e-03, 3.83496328e-03, 9.91208544e-01, 8.80088710e-03, 9.31905247e-01, 8.83981566e-03, 3.20918416e+00, 6.76904163e+01
9.11842520e-03, 3.94213590e-03, 9.90963969e-01, 9.04599633e-03, 9.31660138e-01, 9.08712938e-03, 3.20893685e+00, 6.77030067e+01
9.37440879e-03, 4.05228964e-03, 9.90712655e-01, 9.29787602e-03, 9.31408258e-01, 9.34133806e-03, 3.20868264e+00, 6.77159475e+01
9.63757866e-03, 4.16550662e-03, 9.90454418e-01, 9.55671005e-03, 9.31149424e-01, 9.60263256e-03, 3.20842135e+00, 6.77292484e+01
9.90813657e-03, 4.28187121e-03, 9.90189071e-01, 9.82268710e-03, 9.30883447e-01, 9.87120896e-03, 3.20815277e+00, 6.77429194e+01
1.01862899e-02, 4.40147004e-03, 9.89916424e-01, 1.00960008e-02, 9.30610133e-01, 1.01472687e-02, 3.20787671e+00, 6.77569705e+01
1.04722519e-02, 4.52439206e-03, 9.89636280e-01, 1.03768497e-02, 9.30329284e-01, 1.04310186e-02, 3.20759296e+00, 6.77714124e+01
1.07662418e-02, 4.65072864e-03, 9.89348436e-01, 1.06654378e-02, 9.30040696e-01, 1.07226713e-02, 3.20730131e+00, 6.77862557e+01
1.10684849e-02, 4.78057359e-03, 9.89052685e-01, 1.09619742e-02, 9.29744160e-01, 1.10224450e-02, 3.20700153e+00, 6.78015115e+01
1.13792129e-02, 4.91402325e-03, 9.88748817e-01, 1.12666734e-02, 9.29439461e-01, 1.13305641e-02, 3.20669341e+00, 6.78171912e+01
1.16986641e-02, 5.05117654e-03, 9.88436612e-01, 1.15797555e-02, 9.29126379e-01, 1.16472588e-02, 3.20637672e+00, 6.78333064e+01
1.20270833e-02, 5.19213502e-03, 9.88115848e-01, 1.19014462e-02, 9.28804688e-01, 1.19727658e-02, 3.20605121e+00, 6.78498692e+01
1.23647224e-02, 5.33700299e-03, 9.87786297e-01, 1.22319773e-02, 9.28474157e-01, 1.23073279e-02, 3.20571665e+00, 6.78668917e+01
1.27118400e-02, 5.48588750e-03, 9.87447723e-01, 1.25715861e-02, 9.28134548e-01, 1.26511949e-02, 3.20537278e+00, 6.78843866e+01
1.30687023e-02, 5.63889849e-03, 9.87099885e-01, 1.29205164e-02, 9.27785618e-01, 1.30046229e-02, 3.20501936e+00, 6.79023669e+01
1.34355829e-02, 5.79614881e-03, 9.86742539e-01, 1.32790178e-02, 9.27427116e-01, 1.33678753e-02, 3.20465610e+00, 6.79208459e+01
1.38127630e-02, 5.95775431e-03, 9.86375430e-01, 1.36473467e-02, 9.27058787e-01, 1.37412223e-02, 3.20428276e+00, 6.79398372e+01
1.42005318e-02, 6.12383394e-03, 9.85998300e-01, 1.40257656e-02, 9.26680368e-01, 1.41249417e-02, 3.20389904e+00, 6.79593550e+01
1.45991865e-02, 6.29450978e-03, 9.85610883e-01, 1.44145440e-02, 9.26291590e-01, 1.45193184e-02, 3.20350466e+00, 6.79794135e+01
1.50090328e-02, 6.46990713e-03, 9.85212907e-01, 1.48139579e-02, 9.25892176e-01, 1.49246452e-02, 3.20309933e+00, 6.80000277e+01
1.54303847e-02, 6.65015464e-03, 9.84804094e-01, 1.52242904e-02, 9.25481844e-01, 1.53412229e-02, 3.20268276e+00, 6.80212126e+01
1.58635653e-02, 6.83538432e-03, 9.84384158e-01, 1.56458317e-02, 9.25060302e-01, 1.57693600e-02, 3.20225462e+00, 6.80429839e+01
1.63089068e-02, 7.02573168e-03, 9.83952805e-01, 1.60788792e-02, 9.24627255e-01, 1.62093736e-02, 3.20181460e+00, 6.80653576e+01
1.67667503e-02, 7.22133576e-03, 9.83509738e-01, 1.65237376e-02, 9.24182396e-01, 1.66615890e-02, 3.20136239e+00, 6.80883502e+01
1.72374471e-02, 7.42233928e-03, 9.83054648e-01, 1.69807194e-02, 9.23725415e-01, 1.71263404e-02, 3.20089764e+00, 6.81119784e+01
1.77213578e-02, 7.62888867e-03, 9.82587220e-01, 1.74501446e-02, 9.23255989e-01, 1.76039709e-02, 3.20042001e+00, 6.81362597e+01
1.82188534e-02, 7.84113421e-03, 9.82107134e-01, 1.79323413e-02, 9.22773793e-01, 1.80948326e-02, 3.19992915e+00, 6.81612117e+01
1.87303154e-02, 8.05923009e-03, 9.81614059e-01, 1.84276453e-02, 9.22278489e-01, 1.85992872e-02, 3.19942469e+00, 6.81868529e+01
1.92561357e-02, 8.28333450e-03, 9.81107658e-01, 1.89364010e-02, 9.21769733e-01, 1.91177057e-02, 3.19890627e+00, 6.82132018e+01
1.97967175e-02, 8.51360975e-03, 9.80587585e-01, 1.94589608e-02, 9.21247173e-01, 1.96504693e-02, 3.19837351e+00, 6.82402777e+01
2.03524752e-02, 8.75022235e-03, 9.80053486e-01, 1.99956860e-02, 9.20710448e-01, 2.01979690e-02, 3.19782601e+00, 6.82681003e+01
2.09238348e-02, 8.99334311e-03, 9.79504999e-01, 2.05469463e-02, 9.20159188e-01, 2.07606062e-02, 3.19726337e+00, 6.82966900e+01
2.15112343e-02, 9.24314725e-03, 9.78941755e-01, 2.11131203e-02, 9.19593014e-01, 2.13387931e-02, 3.19668519e+00, 6.83260674e+01
2.21151240e-02, 9.49981449e-03, 9.78363373e-01, 2.16945959e-02, 9.19011538e-01, 2.19329525e-02, 3.19609103e+00, 6.83562540e+01
2.27359668e-02, 9.76352916e-03, 9.77769466e-01, 2.22917700e-02, 9.18414364e-01, 2.25435184e-02, 3.19548046e+00, 6.83872716e+01
2.33742387e-02, 1.00344803e-02, 9.77159637e-01, 2.29050488e-02, 9.17801085e-01, 2.31709364e-02, 3.19485304e+00, 6.84191426e+01
2.40304289e-02, 1.03128618e-02, 9.76533482e-01, 2.35348482e-02, 9.17171286e-01, 2.38156635e-02, 3.19420831e+00, 6.84518901e+01
2.47050406e-02, 1.05988725e-02, 9.75890584e-01, 2.41815938e-02, 9.16524540e-01, 2.44781688e-02, 3.19354581e+00, 6.84855378e+01
2.53985907e-02, 1.08927162e-02, 9.75230519e-01, 2.48457210e-02, 9.15860413e-01, 2.51589336e-02, 3.19286504e+00, 6.85201100e+01
2.61116110e-02, 1.11946019e-02, 9.74552855e-01, 2.55276755e-02, 9.15178459e-01, 2.58584518e-02, 3.19216553e+00, 6.85556315e+01
2.68446481e-02, 1.15047439e-02, 9.73857148e-01, 2.62279128e-02, 9.14478221e-01, 2.65772300e-02, 3.19144675e+00, 6.85921278e+01
2.75982639e-02, 1.18233619e-02, 9.73142944e-01, 2.69468992e-02, 9.13759235e-01, 2.73157883e-02, 3.19070819e+00, 6.86296253e+01
2.83730362e-02, 1.21506810e-02, 9.72409782e-01, 2.76851115e-02, 9.13021023e-01, 2.80746598e-02, 3.18994932e+00, 6.86681508e+01
2.91695588e-02, 1.24869320e-02, 9.71657189e-01, 2.84430369e-02, 9.12263097e-01, 2.88543917e-02, 3.18916959e+00, 6.87077318e+01
2.99884423e-02, 1.28323514e-02, 9.70884681e-01, 2.92211740e-02, 9.11484960e-01, 2.96555452e-02, 3.18836843e+00, 6.87483967e+01
3.08303146e-02, 1.31871818e-02, 9.70091766e-01, 3.00200321e-02, 9.10686102e-01, 3.04786959e-02, 3.18754528e+00, 6.87901745e+01
3.16958209e-02, 1.35516713e-02, 9.69277940e-01, 3.08401318e-02, 9.09866002e-01, 3.13244344e-02, 3.18669954e+00, 6.88330950e+01
3.25856248e-02, 1.39260747e-02, 9.68442690e-01, 3.16820051e-02, 9.09024129e-01, 3.21933660e-02, 3.18583061e+00, 6.88771887e+01
3.35004083e-02, 1.43106525e-02, 9.67585491e-01, 3.25461956e-02, 9.08159938e-01, 3.30861119e-02, 3.18493787e+00, 6.89224870e+01
3.44408728e-02, 1.47056720e-02, 9.66705808e-01, 3.34332585e-02, 9.07272876e-01, 3.40033088e-02, 3.18402067e+00, 6.89690220e+01
3.54077391e-02, 1.51114068e-02, 9.65803096e-01, 3.43437608e-02, 9.06362373e-01, 3.49456096e-02, 3.18307837e+00, 6.90168266e+01
3.64017485e-02, 1.55281370e-02, 9.64876798e-01, 3.52782816e-02, 9.05427852e-01, 3.59136840e-02, 3.18211029e+00, 6.90659347e+01
3.74236629e-02, 1.59561497e-02, 9.63926345e-01, 3.62374119e-02, 9.04468722e-01, 3.69082183e-02, 3.18111576e+00, 6.91163810e+01
3.84742658e-02, 1.63957388e-02, 9.62951161e-01, 3.72217552e-02, 9.03484379e-01, 3.79299162e-02, 3.18009406e+00, 6.91682009e+01
3.95543624e-02, 1.68472053e-02, 9.61950655e-01, 3.82319271e-02, 9.02474207e-01, 3.89794992e-02, 3.17904448e+00, 6.92214311e+01
4.06647809e-02, 1.73108570e-02, 9.60924227e-01, 3.92685560e-02, 9.01437578e-01, 4.00577066e-02, 3.17796627e+00, 6.92761088e+01
4.18063724e-02, 1.77870096e-02, 9.59871264e-01, 4.03322826e-02, 9.00373851e-01, 4.11652964e-02, 3.17685868e+00, 6.93322724e+01
4.29800121e-02, 1.82759856e-02, 9.58791145e-01, 4.14237604e-02, 8.99282374e-01, 4.23030452e-02, 3.17572093e+00, 6.93899613e+01
4.41865996e-02, 1.87781154e-02, 9.57683234e-01, 4.25436558e-02, 8.98162478e-01, 4.34717491e-02, 3.17455223e+00, 6.94492159e+01
4.54270599e-02, 1.92937372e-02, 9.56546887e-01, 4.36926479e-02, 8.97013486e-01, 4.46722237e-02, 3.17335175e+00, 6.95100774e+01
4.67023439e-02, 1.98231967e-02, 9.55381447e-01, 4.48714290e-02, 8.95834705e-01, 4.59053047e-02, 3.17211867e+00, 6.95725883e+01
4.80134292e-02, 2.03668477e-02, 9.54186246e-01, 4.60807042e-02, 8.94625430e-01, 4.71718483e-02, 3.17085213e+00, 6.96367921e+01
4.93613210e-02, 2.09250522e-02, 9.52960606e-01, 4.73211919e-02, 8.93384942e-01, 4.84727318e-02, 3.16955125e+00, 6.97027334e+01
5.07470524e-02, 2.14981804e-02, 9.51703836e-01, 4.85936234e-02, 8.92112511e-01, 4.98088535e-02, 3.16821512e+00, 6.97704581e+01
5.21716858e-02, 2.20866106e-02, 9.50415235e-01, 4.98987434e-02, 8.90807391e-01, 5.11811338e-02, 3.16684284e+00, 6.98400129e+01
5.36363132e-02, 2.26907300e-02, 9.49094092e-01, 5.12373096e-02, 8.89468824e-01, 5.25905151e-02, 3.16543346e+00, 6.99114460e+01
5.51420574e-02, 2.33109341e-02, 9.47739684e-01, 5.26100929e-02, 8.88096041e-01, 5.40379626e-02, 3.16398602e+00, 6.99848068e+01
5.66900727e-02, 2.39476274e-02, 9.46351277e-01, 5.40178776e-02, 8.86688256e-01, 5.55244646e-02, 3.16249951e+00, 7.00601459e+01
5.82815458e-02, 2.46012230e-02, 9.44928128e-01, 5.54614608e-02, 8.85244673e-01, 5.70510328e-02, 3.16097295e+00, 7.01375151e+01
5.99176967e-02, 2.52721433e-02, 9.43469482e-01, 5.69416530e-02, 8.83764481e-01, 5.86187033e-02, 3.15940527e+00, 7.02169678e+01
6.15997796e-02, 2.59608197e-02, 9.41974574e-01, 5.84592775e-02, 8.82246857e-01, 6.02285361e-02, 3.15779544e+00, 7.02985585e+01
6.33290840e-02, 2.66676928e-02, 9.40442630e-01, 6.00151706e-02, 8.80690963e-01, 6.18816166e-02, 3.15614236e+00, 7.03823433e+01
6.51069356e-02, 2.73932126e-02, 9.38872865e-01, 6.16101817e-02, 8.79095952e-01, 6.35790554e-02, 3.15444492e+00, 7.04683796e+01
6.69346971e-02, 2.81378388e-02, 9.37264486e-01, 6.32451724e-02, 8.77460962e-01, 6.53219889e-02, 3.15270199e+00, 7.05567264e+01
6.88137699e-02, 2.89020403e-02, 9.35616689e-01, 6.49210175e-02, 8.75785117e-01, 6.71115798e-02, 3.15091240e+00, 7.06474441e+01
7.07455942e-02, 2.96862961e-02, 9.33928662e-01, 6.66386036e-02, 8.74067530e-01, 6.89490177e-02, 3.14907496e+00, 7.07405950e+01
7.27316511e-02, 3.04910947e-02, 9.32199585e-01, 6.83988300e-02, 8.72307304e-01, 7.08355193e-02, 3.14718846e+00, 7.08362425e+01
7.47734631e-02, 3.13169348e-02, 9.30428629e-01, 7.02026076e-02, 8.70503526e-01, 7.27723291e-02, 3.14525165e+00, 7.09344523e+01
7.68725952e-02, 3.21643250e-02, 9.28614958e-01, 7.20508592e-02, 8.68655275e-01, 7.47607197e-02, 3.14326326e+00, 7.10352912e+01
7.90306568e-02, 3.30337838e-02, 9.26757728e-01, 7.39445191e-02, 8.66761615e-01, 7.68019922e-02, 3.14122199e+00, 7.11388283e+01
8.12493021e-02, 3.39258402e-02, 9.24856088e-01, 7.58845325e-02, 8.64821602e-01, 7.88974770e-02, 3.13912650e+00, 7.12451343e+01
8.35302320e-02, 3.48410332e-02, 9.22909182e-01, 7.78718557e-02, 8.62834278e-01, 8.10485339e-02, 3.13697544e+00, 7.13542818e+01
8.58751948e-02, 3.57799125e-02, 9.20916146e-01, 7.99074551e-02, 8.60798679e-01, 8.32565527e-02, 3.13476743e+00, 7.14663454e+01
8.82859884e-02, 3.67430377e-02, 9.18876114e-01, 8.19923073e-02, 8.58713827e-01, 8.55229535e-02, 3.13250102e+00, 7.15814019e+01
9.07644607e-02, 3.77309793e-02, 9.16788212e-01, 8.41273985e-02, 8.56578736e-01, 8.78491874e-02, 3.13017479e+00, 7.16995300e+01
9.33125118e-02, 3.87443182e-02, 9.14651565e-01, 8.63137238e-02, 8.54392410e-01, 9.02367369e-02, 3.12778724e+00, 7.18208106e+01
9.59320948e-02, 3.97836456e-02, 9.12465293e-01, 8.85522870e-02, 8.52153847e-01, 9.26871161e-02, 3.12533686e+00, 7.19453269e+01
9.86252179e-02, 4.08495636e-02, 9.10228514e-01, 9.08440997e-02, 8.49862034e-01, 9.52018711e-02, 3.12282211e+00, 7.20731647e+01
1.01393946e-01, 4.19426849e-02, 9.07940346e-01, 9.31901811e-02, 8.47515953e-01, 9.77825808e-02, 3.12024140e+00, 7.22044119e+01
1.04240401e-01, 4.30636326e-02, 9.05599903e-01, 9.55915571e-02, 8.45114577e-01, 1.00430857e-01, 3.11759312e+00, 7.23391590e+01
1.07166765e-01, 4.42130406e-02, 9.03206303e-01, 9.80492595e-02, 8.42656874e-01, 1.03148345e-01, 3.11487563e+00, 7.24774994e+01
1.10175281e-01, 4.53915533e-02, 9.00758661e-01, 1.00564326e-01, 8.40141808e-01, 1.05936722e-01, 3.11208726e+00, 7.26195291e+01
1.13268257e-01, 4.65998259e-02, 8.98256098e-01, 1.03137797e-01, 8.37568337e-01, 1.08797703e-01, 3.10922627e+00, 7.27653469e+01
1.16448062e-01, 4.78385241e-02, 8.95697735e-01, 1.05770719e-01, 8.34935415e-01, 1.11733035e-01, 3.10629094e+00, 7.29150547e+01
1.19717134e-01, 4.91083240e-02, 8.93082699e-01, 1.08464140e-01, 8.32241994e-01, 1.14744498e-01, 3.10327948e+00, 7.30687575e+01
1.23077980e-01, 5.04099123e-02, 8.90410121e-01, 1.11219110e-01, 8.29487024e-01, 1.17833911e-01, 3.10019007e+00, 7.32265636e+01
1.26533176e-01, 5.17439860e-02, 8.87679139e-01, 1.14036680e-01, 8.26669454e-01, 1.21003125e-01, 3.09702085e+00, 7.33885848e+01
1.30085370e-01, 5.31112527e-02, 8.84888900e-01, 1.16917901e-01, 8.23788233e-01, 1.24254028e-01, 3.09376995e+00, 7.35549364e+01
1.33737286e-01, 5.45124297e-02, 8.82038557e-01, 1.19863821e-01, 8.20842313e-01, 1.27588544e-01, 3.09043543e+00, 7.37257375e+01
1.37491723e-01, 5.59482450e-02, 8.79127276e-01, 1.22875488e-01, 8.17830646e-01, 1.31008632e-01, 3.08701535e+00, 7.39011111e+01
1.41351558e-01, 5.74194362e-02, 8.76154234e-01, 1.25953946e-01, 8.14752188e-01, 1.34516287e-01, 3.08350769e+00, 7.40811845e+01
1.45319752e-01, 5.89267507e-02, 8.73118619e-01, 1.29100231e-01, 8.11605903e-01, 1.38113541e-01, 3.07991044e+00, 7.42660892e+01
1.49399346e-01, 6.04709458e-02, 8.70019635e-01, 1.32315377e-01, 8.08390757e-01, 1.41802463e-01, 3.07622152e+00, 7.44559614e+01
1.53593468e-01, 6.20527881e-02, 8.66856504e-01, 1.35600407e-01, 8.05105727e-01, 1.45585155e-01, 3.07243882e+00, 7.46509420e+01
1.57905331e-01, 6.36730536e-02, 8.63628462e-01, 1.38956335e-01, 8.01749799e-01, 1.49463760e-01, 3.06856022e+00, 7.48511773e+01
1.62338243e-01, 6.53325272e-02, 8.60334766e-01, 1.42384167e-01, 7.98321967e-01, 1.53440454e-01, 3.06458352e+00, 7.50568187e+01
1.66895601e-01, 6.70320026e-02, 8.56974693e-01, 1.45884893e-01, 7.94821241e-01, 1.57517450e-01, 3.06050653e+00, 7.52680232e+01
1.71580899e-01, 6.87722823e-02, 8.53547545e-01, 1.49459491e-01, 7.91246643e-01, 1.61696997e-01, 3.05632698e+00, 7.54849542e+01
1.76397728e-01, 7.05541769e-02, 8.50052645e-01, 1.53108922e-01, 7.87597212e-01, 1.65981379e-01, 3.05204260e+00, 7.57077809e+01
1.81349780e-01, 7.23785049e-02, 8.46489343e-01, 1.56834129e-01, 7.83872005e-01, 1.70372917e-01, 3.04765106e+00, 7.59366797e+01
1.86440853e-01, 7.42460926e-02, 8.42857018e-01, 1.60636037e-01, 7.80070097e-01, 1.74873967e-01, 3.04315001e+00, 7.61718337e+01
1.91674849e-01, 7.61577735e-02, 8.39155077e-01, 1.64515548e-01, 7.76190586e-01, 1.79486917e-01, 3.03853706e+00, 7.64134337e+01
1.97055780e-01, 7.81143880e-02, 8.35382959e-01, 1.68473540e-01, 7.72232594e-01, 1.84214192e-01, 3.03380979e+00, 7.66616785e+01
2.02587771e-01, 8.01167833e-02, 8.31540137e-01, 1.72510866e-01, 7.68195268e-01, 1.89058248e-01, 3.02896573e+00, 7.69167750e+01
2.08275063e-01, 8.21658124e-02, 8.27626118e-01, 1.76628350e-01, 7.64077784e-01, 1.94021577e-01, 3.02400240e+00, 7.71789394e+01
2.14122015e-01, 8.42623342e-02, 8.23640447e-01, 1.80826786e-01, 7.59879348e-01, 1.99106699e-01, 3.01891728e+00, 7.74483972e+01
2.20133111e-01, 8.64072127e-02, 8.19582709e-01, 1.85106935e-01, 7.55599199e-01, 2.04316168e-01, 3.01370781e+00, 7.77253839e+01
2.26312957e-01, 8.86013169e-02, 8.15452527e-01, 1.89469522e-01, 7.51236613e-01, 2.09652565e-01, 3.00837141e+00, 7.80101457e+01
2.32666291e-01, 9.08455198e-02, 8.11249571e-01, 1.93915234e-01, 7.46790900e-01, 2.15118502e-01, 3.00290548e+00, 7.83029401e+01
2.39197984e-01, 9.31406982e-02, 8.06973553e-01, 1.98444720e-01, 7.42261414e-01, 2.20716617e-01, 2.99730736e+00, 7.86040366e+01
2.45913043e-01, 9.54877322e-02, 8.02624233e-01, 2.03058583e-01, 7.37647551e-01, 2.26449573e-01, 2.99157441e+00, 7.89137174e+01
2.52816614e-01, 9.78875042e-02, 7.98201419e-01, 2.07757380e-01, 7.32948754e-01, 2.32320059e-01, 2.98570392e+00, 7.92322783e+01
2.59913992e-01, 1.00340899e-01, 7.93704972e-01, 2.12541619e-01, 7.28164515e-01, 2.38330784e-01, 2.97969319e+00, 7.95600294e+01
2.67210616e-01, 1.02848802e-01, 7.89134803e-01, 2.17411759e-01, 7.23294375e-01, 2.44484479e-01, 2.97353950e+00, 7.98972960e+01
2.74712079e-01, 1.05412101e-01, 7.84490880e-01, 2.22368200e-01, 7.18337934e-01, 2.50783892e-01, 2.96724009e+00, 8.02444196e+01
2.82424133e-01, 1.08031682e-01, 7.79773224e-01, 2.27411286e-01, 7.13294848e-01, 2.57231787e-01, 2.96079219e+00, 8.06017590e+01
2.90352688e-01, 1.10708431e-01, 7.74981917e-01, 2.32541299e-01, 7.08164835e-01, 2.63830940e-01, 2.95419304e+00, 8.09696908e+01
2.98503825e-01, 1.13443233e-01, 7.70117100e-01, 2.37758456e-01, 7.02947678e-01, 2.70584137e-01, 2.94743984e+00, 8.13486115e+01
3.06883789e-01, 1.16236971e-01, 7.65178976e-01, 2.43062909e-01, 6.97643225e-01, 2.77494173e-01, 2.94052981e+00, 8.17389375e+01
3.15499006e-01, 1.19090524e-01, 7.60167811e-01, 2.48454734e-01, 6.92251400e-01, 2.84563843e-01, 2.93346014e+00, 8.21411072e+01
3.24356081e-01, 1.22004770e-01, 7.55083934e-01, 2.53933935e-01, 6.86772199e-01, 2.91795944e-01, 2.92622803e+00, 8.25555819e+01
3.33461802e-01, 1.24980579e-01, 7.49927744e-01, 2.59500438e-01, 6.81205696e-01, 2.99193269e-01, 2.91883071e+00, 8.29828474e+01
3.42823149e-01, 1.28018820e-01, 7.44699703e-01, 2.65154086e-01, 6.75552048e-01, 3.06758602e-01, 2.91126538e+00, 8.34234152e+01
3.52447300e-01, 1.31120351e-01, 7.39400345e-01, 2.70894637e-01, 6.69811497e-01, 3.14494713e-01, 2.90352927e+00, 8.38778238e+01
3.62341632e-01, 1.34286029e-01, 7.34030273e-01, 2.76721761e-01, 6.63984373e-01, 3.22404356e-01, 2.89561962e+00, 8.43466410e+01
3.72513730e-01, 1.37516698e-01, 7.28590161e-01, 2.82635032e-01, 6.58071102e-01, 3.30490261e-01, 2.88753372e+00, 8.48304647e+01
3.82971391e-01, 1.40813196e-01, 7.23080757e-01, 2.88633932e-01, 6.52072202e-01, 3.38755130e-01, 2.87926885e+00, 8.53299252e+01
3.93722633e-01, 1.44176353e-01, 7.17502878e-01, 2.94717839e-01, 6.45988295e-01, 3.47201629e-01, 2.87082235e+00, 8.58456866e+01
4.04775697e-01, 1.47606985e-01, 7.11857418e-01, 3.00886030e-01, 6.39820104e-01, 3.55832385e-01, 2.86219159e+00, 8.63784489e+01
4.16139055e-01, 1.51105900e-01, 7.06145344e-01, 3.07137673e-01, 6.33568461e-01, 3.64649976e-01, 2.85337400e+00, 8.69289496e+01
4.27821420e-01, 1.54673893e-01, 7.00367697e-01, 3.13471828e-01, 6.27234306e-01, 3.73656928e-01, 2.84436705e+00, 8.74979663e+01
4.39831747e-01, 1.58311745e-01, 6.94525595e-01, 3.19887436e-01, 6.20818698e-01, 3.82855701e-01, 2.83516828e+00, 8.80863179e+01
4.52179242e-01, 1.62020224e-01, 6.88620228e-01, 3.26383326e-01, 6.14322808e-01, 3.92248690e-01, 2.82577529e+00, 8.86948674e+01
4.64873371e-01, 1.65800084e-01, 6.82652863e-01, 3.32958201e-01, 6.07747933e-01, 4.01838208e-01, 2.81618577e+00, 8.93245239e+01
4.77923865e-01, 1.69652062e-01, 6.76624841e-01, 3.39610642e-01, 6.01095492e-01, 4.11626485e-01, 2.80639749e+00, 8.99762447e+01
4.91340729e-01, 1.73576879e-01, 6.70537578e-01, 3.46339105e-01, 5.94367029e-01, 4.21615654e-01, 2.79640832e+00, 9.06510377e+01
5.05134247e-01, 1.77575238e-01, 6.64392563e-01, 3.53141913e-01, 5.87564221e-01, 4.31807743e-01, 2.78621623e+00, 9.13499636e+01
5.19314994e-01, 1.81647824e-01, 6.58191359e-01, 3.60017258e-01, 5.80688876e-01, 4.42204669e-01, 2.77581931e+00, 9.20741388e+01
5.33893840e-01, 1.85795303e-01, 6.51935600e-01, 3.66963197e-01, 5.73742937e-01, 4.52808222e-01, 2.76521576e+00, 9.28247370e+01
5.48881961e-01, 1.90018322e-01, 6.45626991e-01, 3.73977652e-01, 5.66728482e-01, 4.63620060e-01, 2.75440392e+00, 9.36029926e+01
5.64290847e-01, 1.94317504e-01, 6.39267309e-01, 3.81058406e-01, 5.59647728e-01, 4.74641696e-01, 2.74338228e+00, 9.44102026e+01
5.80132310e-01, 1.98693454e-01, 6.32858396e-01, 3.88203101e-01, 5.52503033e-01, 4.85874490e-01, 2.73214949e+00, 9.52477293e+01
5.96418495e-01, 2.03146750e-01, 6.26402164e-01, 3.95409241e-01, 5.45296893e-01, 4.97319636e-01, 2.72070434e+00, 9.61170030e+01
6.13161884e-01, 2.07677952e-01, 6.19900588e-01, 4.02674187e-01, 5.38031947e-01, 5.08978150e-01, 2.70904583e+00, 9.70195243e+01
6.30375315e-01, 2.12287591e-01, 6.13355704e-01, 4.09995163e-01, 5.30710971e-01, 5.20850866e-01, 2.69717311e+00, 9.79568669e+01
6.48071983e-01, 2.16976176e-01, 6.06769614e-01, 4.17369248e-01, 5.23336886e-01, 5.32938416e-01, 2.68508556e+00, 9.89306804e+01
6.66265452e-01, 2.21744190e-01, 6.00144472e-01, 4.24793386e-01, 5.15912748e-01, 5.45241227e-01, 2.67278275e+00, 9.99426924e+01
6.84969672e-01, 2.26592088e-01, 5.93482492e-01, 4.32264383e-01, 5.08441751e-01, 5.57759509e-01, 2.66026447e+00, 1.00994711e+02
7.04198979e-01, 2.31520301e-01, 5.86785940e-01, 4.39778910e-01, 5.00927224e-01, 5.70493241e-01, 2.64753074e+00, 1.02088629e+02
7.23968114e-01, 2.36529229e-01, 5.80057132e-01, 4.47333505e-01, 4.93372629e-01, 5.83442168e-01, 2.63458181e+00, 1.03226423e+02
7.44292233e-01, 2.41619247e-01, 5.73298431e-01, 4.54924581e-01, 4.85781553e-01, 5.96605784e-01, 2.62141819e+00, 1.04410159e+02
7.65186915e-01, 2.46790700e-01, 5.66512244e-01, 4.62548426e-01, 4.78157708e-01, 6.09983332e-01, 2.60804065e+00, 1.05641996e+02
7.86668179e-01, 2.52043903e-01, 5.59701019e-01, 4.70201209e-01, 4.70504925e-01, 6.23573790e-01, 2.59445019e+00, 1.06924183e+02
8.08752491e-01, 2.57379142e-01, 5.52867241e-01, 4.77878988e-01, 4.62827146e-01, 6.37375865e-01, 2.58064811e+00, 1.08259067e+02
8.31456781e-01, 2.62796674e-01, 5.46013431e-01, 4.85577717e-01, 4.55128417e-01, 6.51387988e-01, 2.56663599e+00, 1.09649093e+02
8.54798453e-01, 2.68296725e-01, 5.39142136e-01, 4.93293249e-01, 4.47412885e-01, 6.65608311e-01, 2.55241567e+00, 1.11096806e+02
8.78795401e-01, 2.73879488e-01, 5.32255933e-01, 5.01021348e-01, 4.39684786e-01, 6.80034697e-01, 2.53798928e+00, 1.12604855e+02
9.03466021e-01, 2.79545129e-01, 5.25357421e-01, 5.08757700e-01, 4.31948434e-01, 6.94664721e-01, 2.52335926e+00, 1.14175995e+02
9.28829225e-01, 2.85293778e-01, 5.18449216e-01, 5.16497916e-01, 4.24208218e-01, 7.09495668e-01, 2.50852831e+00, 1.15813087e+02
9.54904456e-01, 2.91125536e-01, 5.11533951e-01, 5.24237548e-01, 4.16468586e-01, 7.24524531e-01, 2.49349945e+00, 1.17519105e+02
9.81711702e-01, 2.97040474e-01, 5.04614268e-01, 5.31972098e-01, 4.08734036e-01, 7.39748015e-01, 2.47827596e+00, 1.19297134e+02
1.00927151e+00, 3.03038627e-01, 4.97692817e-01, 5.39697030e-01, 4.01009104e-01, 7.55162533e-01, 2.46286144e+00, 1.21150375e+02
1.03760502e+00, 3.09120002e-01, 4.90772250e-01, 5.47407781e-01, 3.93298353e-01, 7.70764218e-01, 2.44725976e+00, 1.23082147e+02
1.06673394e+00, 3.15284571e-01, 4.83855218e-01, 5.55099773e-01, 3.85606361e-01, 7.86548920e-01, 2.43147506e+00, 1.25095891e+02
1.09668060e+00, 3.21532276e-01, 4.76944367e-01, 5.62768427e-01, 3.77937707e-01, 8.02512219e-01, 2.41551176e+00, 1.27195171e+02
1.12746796e+00, 3.27863028e-01, 4.70042332e-01, 5.70409176e-01, 3.70296958e-01, 8.18649429e-01, 2.39937455e+00, 1.29383677e+02
1.15911962e+00, 3.34276704e-01, 4.63151736e-01, 5.78017478e-01, 3.62688656e-01, 8.34955608e-01, 2.38306837e+00, 1.31665229e+02
1.19165984e+00, 3.40773150e-01, 4.56275185e-01, 5.85588828e-01, 3.55117306e-01, 8.51425570e-01, 2.36659841e+00, 1.34043780e+02
1.22511358e+00, 3.47352184e-01, 4.49415262e-01, 5.93118772e-01, 3.47587362e-01, 8.68053896e-01, 2.34997008e+00, 1.36523422e+02
1.25950646e+00, 3.54013588e-01, 4.42574525e-01, 6.00602921e-01, 3.40103213e-01, 8.84834948e-01, 2.33318903e+00, 1.39108386e+02
1.29486487e+00, 3.60757118e-01, 4.35755505e-01, 6.08036963e-01, 3.32669171e-01, 9.01762880e-01, 2.31626110e+00, 1.41803048e+02
1.33121590e+00, 3.67582497e-01, 4.28960698e-01, 6.15416673e-01, 3.25289461e-01, 9.18831658e-01, 2.29919232e+00, 1.44611933e+02
1.36858742e+00, 3.74489419e-01, 4.22192565e-01, 6.22737930e-01, 3.17968204e-01, 9.36035072e-01, 2.28198891e+00, 1.47539722e+02
1.40700809e+00, 3.81477549e-01, 4.15453528e-01, 6.29996724e-01, 3.10709410e-01, 9.53366755e-01, 2.26465722e+00, 1.50591256e+02
1.44650734e+00, 3.88546523e-01, 4.08745964e-01, 6.37189170e-01, 3.03516964e-01, 9.70820198e-01, 2.24720378e+00, 1.53771538e+02
1.48711546e+00, 3.95695948e-01, 4.02072206e-01, 6.44311515e-01, 2.96394619e-01, 9.88388770e-01, 2.22963521e+00, 1.57085748e+02
1.52886359e+00, 4.02925403e-01, 3.95434536e-01, 6.51360152e-01, 2.89345982e-01, 1.00606574e+00, 2.21195824e+00, 1.60539238e+02
1.57178372e+00, 4.10234442e-01, 3.88835186e-01, 6.58331623e-01, 2.82374511e-01, 1.02384427e+00, 2.19417971e+00, 1.64137552e+02
1.61590875e+00, 4.17622591e-01, 3.82276331e-01, 6.65222631e-01, 2.75483503e-01, 1.04171748e+00, 2.17630649e+00, 1.67886421e+02
1.66127252e+00, 4.25089350e-01, 3.75760089e-01, 6.72030046e-01, 2.68676088e-01, 1.05967843e+00, 2.15834555e+00, 1.71791782e+02
1.70790980e+00, 4.32634194e-01, 3.69288519e-01, 6.78750909e-01, 2.61955225e-01, 1.07772014e+00, 2.14030384e+00, 1.75859778e+02
1.75585633e+00, 4.40256573e-01, 3.62863618e-01, 6.85382440e-01, 2.55323694e-01, 1.09583561e+00, 2.12218837e+00, 1.80096776e+02
1.80514888e+00, 4.47955916e-01, 3.56487318e-01, 6.91922038e-01, 2.48784096e-01, 1.11401785e+00, 2.10400613e+00, 1.84509370e+02
1.85582523e+00, 4.55731626e-01, 3.50161484e-01, 6.98367288e-01, 2.42338846e-01, 1.13225989e+00, 2.08576409e+00, 1.89104392e+02
1.90792422e+00, 4.63583085e-01, 3.43887915e-01, 7.04715962e-01, 2.35990172e-01, 1.15055479e+00, 2.06746919e+00, 1.93888929e+02
1.96148581e+00, 4.71509656e-01, 3.37668341e-01, 7.10966018e-01, 2.29740116e-01, 1.16889564e+00, 2.04912834e+00, 1.98870330e+02
2.01655104e+00, 4.79510678e-01, 3.31504419e-01, 7.17115602e-01, 2.23590532e-01, 1.18727561e+00, 2.03074837e+00, 2.04056218e+02
2.07316213e+00, 4.87585472e-01, 3.25397736e-01, 7.23163049e-01, 2.17543085e-01, 1.20568795e+00, 2.01233603e+00, 2.09454508e+02
2.13136247e+00, 4.95733342e-01, 3.19349807e-01, 7.29106879e-01, 2.11599255e-01, 1.22412596e+00, 1.99389802e+00, 2.15073414e+02
2.19119669e+00, 5.03953573e-01, 3.13362070e-01, 7.34945795e-01, 2.05760339e-01, 1.24258308e+00, 1.97544090e+00, 2.20921472e+02
2.25271064e+00, 5.12245431e-01, 3.07435893e-01, 7.40678684e-01, 2.00027450e-01, 1.26105282e+00, 1.95697116e+00, 2.27007546e+02
2.31595149e+00, 5.20608169e-01, 3.01572566e-01, 7.46304609e-01, 1.94401525e-01, 1.27952883e+00, 1.93849515e+00, 2.33340851e+02
2.38096772e+00, 5.29041024e-01, 2.95773306e-01, 7.51822805e-01, 1.88883329e-01, 1.29800488e+00, 1.92001910e+00, 2.39930968e+02
2.44780916e+00, 5.37543219e-01, 2.90039255e-01, 7.57232680e-01, 1.83473454e-01, 1.31647485e+00, 1.90154913e+00, 2.46787859e+02
2.51652705e+00, 5.46113963e-01, 2.84371479e-01, 7.62533803e-01, 1.78172331e-01, 1.33493279e+00, 1.88309119e+00, 2.53921887e+02
2.58717408e+00, 5.54752453e-01, 2.78770971e-01, 7.67725903e-01, 1.72980231e-01, 1.35337286e+00, 1.86465111e+00, 2.61343838e+02
2.65980440e+00, 5.63457874e-01, 2.73238647e-01, 7.72808864e-01, 1.67897270e-01, 1.37178940e+00, 1.84623457e+00, 2.69064932e+02
2.73447368e+00, 5.72229403e-01, 2.67775351e-01, 7.77782714e-01, 1.62923420e-01, 1.39017688e+00, 1.82784709e+00, 2.77096855e+02
2.81123917e+00, 5.81066203e-01, 2.62381854e-01, 7.82647624e-01, 1.58058510e-01, 1.40852993e+00, 1.80949405e+00, 2.85451771e+02
2.89015972e+00, 5.89967432e-01, 2.57058854e-01, 7.87403898e-01, 1.53302236e-01, 1.42684334e+00, 1.79118064e+00, 2.94142347e+02
2.97129582e+00, 5.98932239e-01, 2.51806978e-01, 7.92051969e-01, 1.48654165e-01, 1.44511204e+00, 1.77291194e+00, 3.03181781e+02
3.05470967e+00, 6.07959763e-01, 2.46626782e-01, 7.96592391e-01, 1.44113743e-01, 1.46333114e+00, 1.75469283e+00, 3.12583816e+02
3.14046522e+00, 6.17049141e-01, 2.41518754e-01, 8.01025832e-01, 1.39680302e-01, 1.48149592e+00, 1.73652806e+00, 3.22362776e+02
3.22862820e+00, 6.26199502e-01, 2.36483311e-01, 8.05353069e-01, 1.35353065e-01, 1.49960179e+00, 1.71842219e+00, 3.32533583e+02
3.31926620e+00, 6.35409971e-01, 2.31520808e-01, 8.09574980e-01, 1.31131154e-01, 1.51764433e+00, 1.70037964e+00, 3.43111789e+02
3.41244871e+00, 6.44679670e-01, 2.26631530e-01, 8.13692535e-01, 1.27013599e-01, 1.53561930e+00, 1.68240468e+00, 3.54113600e+02
3.50824714e+00, 6.54007716e-01, 2.21815701e-01, 8.17706796e-01, 1.22999338e-01, 1.55352260e+00, 1.66450138e+00, 3.65555911e+02
3.60673495e+00, 6.63393226e-01, 2.17073483e-01, 8.21618905e-01, 1.19087229e-01, 1.57135027e+00, 1.64667371e+00, 3.77456328e+02
3.70798763e+00, 6.72835313e-01, 2.12404976e-01, 8.25430078e-01, 1.15276056e-01, 1.58909855e+00, 1.62892543e+00, 3.89833207e+02
3.81208280e+00, 6.82333091e-01, 2.07810223e-01, 8.29141603e-01, 1.11564531e-01, 1.60676379e+00, 1.61126019e+00, 4.02705681e+02
3.91910025e+00, 6.91885673e-01, 2.03289209e-01, 8.32754829e-01, 1.07951305e-01, 1.62434250e+00, 1.59368147e+00, 4.16093696e+02
4.02912203e+00, 7.01492174e-01, 1.98841864e-01, 8.36271164e-01, 1.04434970e-01, 1.64183137e+00, 1.57619261e+00, 4.30018047e+02
4.14223247e+00, 7.11151707e-01, 1.94468065e-01, 8.39692067e-01, 1.01014067e-01, 1.65922720e+00, 1.55879678e+00, 4.44500412e+02
4.25851829e+00, 7.20863389e-01, 1.90167637e-01, 8.43019045e-01, 9.76870886e-02, 1.67652694e+00, 1.54149704e+00, 4.59563391e+02
4.37806863e+00, 7.30626340e-01, 1.85940357e-01, 8.46253646e-01, 9.44524878e-02, 1.69372769e+00, 1.52429629e+00, 4.75230548e+02
4.50097513e+00, 7.40439681e-01, 1.81785952e-01, 8.49397454e-01, 9.13086804e-02, 1.71082669e+00, 1.50719729e+00, 4.91526447e+02
4.62733201e+00, 7.50302539e-01, 1.77704105e-01, 8.52452084e-01, 8.82540504e-02, 1.72782129e+00, 1.49020268e+00, 5.08476698e+02
4.75723614e+00, 7.60214043e-01, 1.73694456e-01, 8.55419179e-01, 8.52869548e-02, 1.74470902e+00, 1.47331496e+00, 5.26108003e+02
4.89078709e+00, 7.70173327e-01, 1.69756602e-01, 8.58300407e-01, 8.24057275e-02, 1.76148749e+00, 1.45653649e+00, 5.44448197e+02
5.02808725e+00, 7.80179530e-01, 1.65890100e-01, 8.61097450e-01, 7.96086837e-02, 1.77815445e+00, 1.43986953e+00, 5.63526300e+02
5.16924187e+00, 7.90231798e-01, 1.62094471e-01, 8.63812010e-01, 7.68941237e-02, 1.79470780e+00, 1.42331618e+00, 5.83372567e+02
5.31435916e+00, 8.00329281e-01, 1.58369199e-01, 8.66445797e-01, 7.42603366e-02, 1.81114552e+00, 1.40687845e+00, 6.04018539e+02
5.46355035e+00, 8.10471136e-01, 1.54713732e-01, 8.69000530e-01, 7.17056039e-02, 1.82746574e+00, 1.39055823e+00, 6.25497098e+02
5.61692982e+00, 8.20656529e-01, 1.51127491e-01, 8.71477932e-01, 6.92282024e-02, 1.84366669e+00, 1.37435729e+00, 6.47842522e+02
5.77461515e+00, 8.30884629e-01, 1.47609861e-01, 8.73879726e-01, 6.68264078e-02, 1.85974671e+00, 1.35827727e+00, 6.71090546e+02
5.93672722e+00, 8.41154616e-01, 1.44160202e-01, 8.76207637e-01, 6.44984972e-02, 1.87570424e+00, 1.34231974e+00, 6.95278423e+02
6.10339029e+00, 8.51465677e-01, 1.40777848e-01, 8.78463382e-01, 6.22427518e-02, 1.89153785e+00, 1.32648613e+00, 7.20444986e+02
6.27473213e+00, 8.61817006e-01, 1.37462106e-01, 8.80648674e-01, 6.00574600e-02, 1.90724618e+00, 1.31077779e+00, 7.46630717e+02
6.45088409e+00, 8.72207807e-01, 1.34212261e-01, 8.82765215e-01, 5.79409188e-02, 1.92282801e+00, 1.29519596e+00, 7.73877816e+02
6.63198120e+00, 8.82637292e-01, 1.31027576e-01, 8.84814697e-01, 5.58914367e-02, 1.93828219e+00, 1.27974179e+00, 8.02230273e+02
6.81816229e+00, 8.93104682e-01, 1.27907296e-01, 8.86798798e-01, 5.39073356e-02, 1.95360766e+00, 1.26441632e+00, 8.31733941e+02
7.00957009e+00, 9.03609206e-01, 1.24850646e-01, 8.88719182e-01, 5.19869524e-02, 1.96880346e+00, 1.24922051e+00, 8.62436620e+02
7.20635132e+00, 9.14150106e-01, 1.21856835e-01, 8.90577493e-01, 5.01286408e-02, 1.98386873e+00, 1.23415525e+00, 8.94388133e+02
7.40865683e+00, 9.24726629e-01, 1.18925058e-01, 8.92375361e-01, 4.83307732e-02, 1.99880268e+00, 1.21922130e+00, 9.27640416e+02
7.61664172e+00, 9.35338035e-01, 1.16054495e-01, 8.94114392e-01, 4.65917417e-02, 2.01360461e+00, 1.20441937e+00, 9.62247605e+02
7.83046540e+00, 9.45983593e-01, 1.13244314e-01, 8.95796175e-01, 4.49099594e-02, 2.02827389e+00, 1.18975009e+00, 9.98266129e+02
8.05029181e+00, 9.56662583e-01, 1.10493675e-01, 8.97422272e-01, 4.32838620e-02, 2.04280998e+00, 1.17521399e+00, 1.03575480e+03
8.27628946e+00, 9.67374292e-01, 1.07801724e-01, 8.98994226e-01, 4.17119083e-02, 2.05721243e+00, 1.16081155e+00, 1.07477494e+03
8.50863158e+00, 9.78118021e-01, 1.05167604e-01, 9.00513552e-01, 4.01925816e-02, 2.07148082e+00, 1.14654315e+00, 1.11539044e+03
8.74749630e+00, 9.88893079e-01, 1.02590447e-01, 9.01981744e-01, 3.87243902e-02, 2.08561485e+00, 1.13240913e+00, 1.15766791e+03
8.99306672e+00, 9.99698787e-01, 1.00069381e-01, 9.03400266e-01, 3.73058684e-02, 2.09961426e+00, 1.11840972e+00, 1.20167679e+03
9.24553110e+00, 1.01053448e+00, 9.76035298e-02, 9.04770557e-01, 3.59355767e-02, 2.11347885e+00, 1.10454513e+00, 1.24748943e+03
9.50508296e+00, 1.02139949e+00, 9.51920136e-02, 9.06094031e-01, 3.46121029e-02, 2.12720851e+00, 1.09081547e+00, 1.29518126e+03
9.77192128e+00, 1.03229317e+00, 9.28339498e-02, 9.07372072e-01, 3.33340621e-02, 2.14080317e+00, 1.07722081e+00, 1.34483091e+03
1.00462506e+01, 1.04321489e+00, 9.05284548e-02, 9.08606037e-01, 3.21000973e-02, 2.15426282e+00, 1.06376116e+00, 1.39652032e+03
1.03282813e+01, 1.05416402e+00, 8.82746444e-02, 9.09797254e-01, 3.09088795e-02, 2.16758753e+00, 1.05043645e+00, 1.45033491e+03
1.06182294e+01, 1.06513995e+00, 8.60716349e-02, 9.10947026e-01, 2.97591082e-02, 2.18077739e+00, 1.03724659e+00, 1.50636369e+03
1.09163173e+01, 1.07614206e+00, 8.39185439e-02, 9.12056623e-01, 2.86495113e-02, 2.19383258e+00, 1.02419140e+00, 1.56469947e+03
1.12227736e+01, 1.08716977e+00, 8.18144912e-02, 9.13127289e-01, 2.75788453e-02, 2.20675329e+00, 1.01127069e+00, 1.62543895e+03
1.15378330e+01, 1.09822248e+00, 7.97585995e-02, 9.14160239e-01, 2.65458952e-02, 2.21953980e+00, 9.98484176e-01, 1.68868296e+03
1.18617372e+01, 1.10929963e+00, 7.77499950e-02, 9.15156659e-01, 2.55494747e-02, 2.23219241e+00, 9.85831565e-01, 1.75453656e+03
1.21947344e+01, 1.12040065e+00, 7.57878084e-02, 9.16117708e-01, 2.45884261e-02, 2.24471148e+00, 9.73312500e-01, 1.82310927e+03
1.25370799e+01, 1.13152499e+00, 7.38711753e-02, 9.17044514e-01, 2.36616198e-02, 2.25709739e+00, 9.60926587e-01, 1.89451525e+03
1.28890361e+01, 1.14267211e+00, 7.19992367e-02, 9.17938179e-01, 2.27679547e-02, 2.26935059e+00, 9.48673388e-01, 1.96887347e+03
1.32508729e+01, 1.15384147e+00, 7.01711401e-02, 9.18799776e-01, 2.19063576e-02, 2.28147155e+00, 9.36552426e-01, 2.04630795e+03
1.36228676e+01, 1.16503255e+00, 6.83860392e-02, 9.19630351e-01, 2.10757832e-02, 2.29346079e+00, 9.24563189e-01, 2.12694794e+03
1.40053055e+01, 1.17624484e+00, 6.66430952e-02, 9.20430921e-01, 2.02752134e-02, 2.30531885e+00, 9.12705126e-01, 2.21092819e+03
1.43984795e+01, 1.18747784e+00, 6.49414767e-02, 9.21202476e-01, 1.95036577e-02, 2.31704632e+00, 9.00977654e-01, 2.29838911e+03
1.48026913e+01, 1.19873106e+00, 6.32803605e-02, 9.21945982e-01, 1.87601523e-02, 2.32864382e+00, 8.89380156e-01, 2.38947707e+03
1.52182505e+01, 1.21000400e+00, 6.16589316e-02, 9.22662374e-01, 1.80437598e-02, 2.34011199e+00, 8.77911985e-01, 2.48434464e+03
1.56454759e+01, 1.22129622e+00, 6.00763839e-02, 9.23352565e-01, 1.73535691e-02, 2.35145152e+00, 8.66572463e-01, 2.58315084e+03
1.60846948e+01, 1.23260723e+00, 5.85319205e-02, 9.24017439e-01, 1.66886948e-02, 2.36266309e+00, 8.55360885e-01, 2.68606141e+03
1.65362441e+01, 1.24393658e+00, 5.70247538e-02, 9.24657857e-01, 1.60482768e-02, 2.37374746e+00, 8.44276521e-01, 2.79324911e+03
1.70004698e+01, 1.25528384e+00, 5.55541057e-02, 9.25274654e-01, 1.54314800e-02, 2.38470536e+00, 8.33318614e-01, 2.90489400e+03
1.74777277e+01, 1.26664856e+00, 5.41192085e-02, 9.25868640e-01, 1.48374936e-02, 2.39553760e+00, 8.22486383e-01, 3.02118378e+03
1.79683839e+01, 1.27803033e+00, 5.27193041e-02, 9.26440603e-01, 1.42655310e-02, 2.40624495e+00, 8.11779026e-01, 3.14231409e+03
1.84728144e+01, 1.28942872e+00, 5.13536452e-02, 9.26991305e-01, 1.37148288e-02, 2.41682826e+00, 8.01195720e-01, 3.26848882e+03
1.89914058e+01, 1.30084334e+00, 5.00214947e-02, 9.27521487e-01, 1.31846471e-02, 2.42728836e+00, 7.90735621e-01, 3.39992053e+03
1.95245558e+01, 1.31227377e+00, 4.87221263e-02, 9.28031866e-01, 1.26742682e-02, 2.43762611e+00, 7.80397867e-01, 3.53683074e+03
2.00726730e+01, 1.32371963e+00, 4.74548245e-02, 9.28523137e-01, 1.21829967e-02, 2.44784240e+00, 7.70181579e-01, 3.67945038e+03
2.06361777e+01, 1.33518054e+00, 4.62188846e-02, 9.28995975e-01, 1.17101588e-02, 2.45793812e+00, 7.60085862e-01, 3.82802013e+03
2.12155017e+01, 1.34665613e+00, 4.50136131e-02, 9.29451032e-01, 1.12551017e-02, 2.46791417e+00, 7.50109805e-01, 3.98279086e+03
2.18110892e+01, 1.35814602e+00, 4.38383275e-02, 9.29888941e-01, 1.08171934e-02, 2.47777149e+00, 7.40252484e-01, 4.14402406e+03
2.24233968e+01, 1.36964988e+00, 4.26923562e-02, 9.30310312e-01, 1.03958219e-02, 2.48751102e+00, 7.30512960e-01, 4.31199232e+03
2.30528939e+01, 1.38116734e+00, 4.15750390e-02, 9.30715739e-01, 9.99039496e-03, 2.49713369e+00, 7.20890286e-01, 4.48697971e+03
2.37000629e+01, 1.39269806e+00, 4.04857268e-02, 9.31105795e-01, 9.60033931e-03, 2.50664048e+00, 7.11383499e-01, 4.66928239e+03
2.43654001e+01, 1.40424172e+00, 3.94237819e-02, 9.31481033e-01, 9.22510052e-03, 2.51603235e+00, 7.01991629e-01, 4.85920901e+03
2.50494154e+01, 1.41579798e+00, 3.83885774e-02, 9.31841992e-01, 8.86414229e-03, 2.52531028e+00, 6.92713698e-01, 5.05708131e+03
2.57526333e+01, 1.42736654e+00, 3.73794979e-02, 9.32189188e-01, 8.51694603e-03, 2.53447526e+00, 6.83548716e-01, 5.26323466e+03
2.64755927e+01, 1.43894707e+00, 3.63959391e-02, 9.32523124e-01, 8.18301037e-03, 2.54352829e+00, 6.74495687e-01, 5.47801861e+03
2.72188479e+01, 1.45053928e+00, 3.54373078e-02, 9.32844283e-01, 7.86185072e-03, 2.55247037e+00, 6.65553611e-01, 5.70179753e+03
2.79829688e+01, 1.46214287e+00, 3.45030217e-02, 9.33153135e-01, 7.55299878e-03, 2.56130250e+00, 6.56721479e-01, 5.93495119e+03
2.87685409e+01, 1.47375755e+00, 3.35925097e-02, 9.33450132e-01, 7.25600209e-03, 2.57002570e+00, 6.47998277e-01, 6.17787549e+03
2.95761666e+01, 1.48538304e+00, 3.27052117e-02, 9.33735710e-01, 6.97042361e-03, 2.57864099e+00, 6.39382988e-01, 6.43098305e+03
3.04064649e+01, 1.49701906e+00, 3.18405781e-02, 9.34010293e-01, 6.69584121e-03, 2.58714939e+00, 6.30874591e-01, 6.69470399e+03
3.12600724e+01, 1.50866534e+00, 3.09980705e-02, 9.34274287e-01, 6.43184730e-03, 2.59555192e+00, 6.22472061e-01, 6.96948664e+03
3.21376434e+01, 1.52032162e+00, 3.01771610e-02, 9.34528086e-01, 6.17804836e-03, 2.60384961e+00, 6.14174371e-01, 7.25579831e+03
3.30398507e+01, 1.53198765e+00, 2.93773321e-02, 9.34772069e-01, 5.93406456e-03, 2.61204349e+00, 6.05980492e-01, 7.55412611e+03
3.39673858e+01, 1.54366317e+00, 2.85980772e-02, 9.35006605e-01, 5.69952930e-03, 2.62013458e+00, 5.97889395e-01, 7.86497778e+03
3.49209598e+01, 1.55534793e+00, 2.78388997e-02, 9.35232045e-01, 5.47408884e-03, 2.62812393e+00, 5.89900050e-01, 8.18888258e+03
3.59013038e+01, 1.56704171e+00, 2.70993135e-02, 9.35448732e-01, 5.25740188e-03, 2.63601255e+00, 5.82011424e-01, 8.52639216e+03
3.69091691e+01, 1.57874427e+00, 2.63788425e-02, 9.35656995e-01, 5.04913921e-03, 2.64380149e+00, 5.74222488e-01, 8.87808156e+03
3.79453285e+01, 1.59045537e+00, 2.56770206e-02, 9.35857151e-01, 4.84898329e-03, 2.65149177e+00, 5.66532212e-01, 9.24455017e+03
3.90105762e+01, 1.60217481e+00, 2.49933916e-02, 9.36049506e-01, 4.65662791e-03, 2.65908441e+00, 5.58939567e-01, 9.62642277e+03
4.01057288e+01, 1.61390235e+00, 2.43275093e-02, 9.36234356e-01, 4.47177782e-03, 2.66658045e+00, 5.51443527e-01, 1.00243506e+04
4.12316259e+01, 1.62563780e+00, 2.36789368e-02, 9.36411986e-01, 4.29414835e-03, 2.67398091e+00, 5.44043068e-01, 1.04390125e+04
4.23891306e+01, 1.63738095e+00, 2.30472468e-02, 9.36582669e-01, 4.12346513e-03, 2.68128681e+00, 5.36737168e-01, 1.08711161e+04
4.35791301e+01, 1.64913159e+00, 2.24320214e-02, 9.36746670e-01, 3.95946368e-03, 2.68849917e+00, 5.29524807e-01, 1.13213990e+04
4.48025368e+01, 1.66088953e+00, 2.18328518e-02, 9.36904245e-01, 3.80188915e-03, 2.69561901e+00, 5.22404970e-01, 1.17906299e+04
4.60602884e+01, 1.67265458e+00, 2.12493385e-02, 9.37055638e-01, 3.65049596e-03, 2.70264733e+00, 5.15376645e-01, 1.22796103e+04
4.73533492e+01, 1.68442656e+00, 2.06810907e-02, 9.37201087e-01, 3.50504750e-03, 2.70958515e+00, 5.08438823e-01, 1.27891755e+04
4.86827104e+01, 1.69620528e+00, 2.01277264e-02, 9.37340818e-01, 3.36531584e-03, 2.71643348e+00, 5.01590502e-01, 1.33201963e+04
5.00493910e+01, 1.70799057e+00, 1.95888723e-02, 9.37475053e-01, 3.23108142e-03, 2.72319330e+00, 4.94830682e-01, 1.38735802e+04
5.14544388e+01, 1.71978224e+00, 1.90641636e-02, 9.37604001e-01, 3.10213278e-03, 2.72986561e+00, 4.88158368e-01, 1.44502735e+04
5.28989308e+01, 1.73158015e+00, 1.85532437e-02, 9.37727868e-01, 2.97826629e-03, 2.73645141e+00, 4.81572571e-01, 1.50512623e+04
5.43839743e+01, 1.74338412e+00, 1.80557646e-02, 9.37846848e-01, 2.85928585e-03, 2.74295167e+00, 4.75072307e-01, 1.56775745e+04
5.59107078e+01, 1.75519399e+00, 1.75713858e-02, 9.37961131e-01, 2.74500267e-03, 2.74936738e+00, 4.68656599e-01, 1.63302818e+04
5.74803016e+01, 1.76700960e+00, 1.70997750e-02, 9.38070899e-01, 2.63523497e-03, 2.75569951e+00, 4.62324473e-01, 1.70105009e+04
5.90939590e+01, 1.77883082e+00, 1.66406078e-02, 9.38176326e-01, 2.52980780e-03, 2.76194902e+00, 4.56074963e-01, 1.77193963e+04
6.07529169e+01, 1.79065748e+00, 1.61935670e-02, 9.38277581e-01, 2.42855273e-03, 2.76811687e+00, 4.49907109e-01, 1.84581815e+04
6.24584471e+01, 1.80248944e+00, 1.57583434e-02, 9.38374826e-01, 2.33130766e-03, 2.77420402e+00, 4.43819956e-01, 1.92281215e+04
6.42118571e+01, 1.81432657e+00, 1.53346346e-02, 9.38468217e-01, 2.23791661e-03, 2.78021142e+00, 4.37812559e-01, 2.00305350e+04
6.60144909e+01, 1.82616872e+00, 1.49221457e-02, 9.38557905e-01, 2.14822946e-03, 2.78614000e+00, 4.31883975e-01, 2.08667965e+04
6.78677305e+01, 1.83801577e+00, 1.45205889e-02, 9.38644032e-01, 2.06210177e-03, 2.79199071e+00, 4.26033271e-01, 2.17383388e+04
6.97729965e+01, 1.84986758e+00, 1.41296829e-02, 9.38726739e-01, 1.97939458e-03, 2.79776446e+00, 4.20259521e-01, 2.26466554e+04
7.17317494e+01, 1.86172403e+00, 1.37491537e-02, 9.38806160e-01, 1.89997419e-03, 2.80346217e+00, 4.14561804e-01, 2.35933030e+04
7.37454909e+01, 1.87358500e+00, 1.33787335e-02, 9.38882422e-01, 1.82371199e-03, 2.80908477e+00, 4.08939209e-01, 2.45799046e+04
7.58157646e+01, 1.88545036e+00, 1.30181611e-02, 9.38955650e-01, 1.75048428e-03, 2.81463315e+00, 4.03390830e-01, 2.56081515e+04
7.79441575e+01, 1.89731999e+00, 1.26671819e-02, 9.39025962e-01, 1.68017207e-03, 2.82010821e+00, 3.97915769e-01, 2.66798072e+04
8.01323013e+01, 1.90919379e+00, 1.23255471e-02, 9.39093473e-01, 1.61266091e-03, 2.82551084e+00, 3.92513137e-01, 2.77967094e+04
8.23818733e+01, 1.92107165e+00, 1.19930143e-02, 9.39158293e-01, 1.54784076e-03, 2.83084193e+00, 3.87182052e-01, 2.89607741e+04
8.46945981e+01, 1.93295345e+00, 1.16693470e-02, 9.39220528e-01, 1.48560579e-03, 2.83610234e+00, 3.81921637e-01, 3.01739985e+04
8.70722485e+01, 1.94483908e+00, 1.13543144e-02, 9.39280280e-01, 1.42585422e-03, 2.84129295e+00, 3.76731026e-01, 3.14384641e+04
8.95166472e+01, 1.95672846e+00, 1.10476916e-02, 9.39337646e-01, 1.36848822e-03, 2.84641462e+00, 3.71609361e-01, 3.27563410e+04
9.20296681e+01, 1.96862147e+00, 1.07492590e-02, 9.39392720e-01, 1.31341371e-03, 2.85146819e+00, 3.66555788e-01, 3.41298910e+04
9.46132376e+01, 1.98051802e+00, 1.04588028e-02, 9.39445594e-01, 1.26054024e-03, 2.85645451e+00, 3.61569466e-01, 3.55614721e+04
9.72693362e+01, 1.99241802e+00, 1.01761143e-02, 9.39496353e-01, 1.20978089e-03, 2.86137442e+00, 3.56649558e-01, 3.70535419e+04
1.00000000e+02, 2.00432137e+00, 9.90099010e-03, 9.39545082e-01, 1.16105205e-03, 2.86622874e+00, 3.51795237e-01, 3.86086623e+04
