 --- Cosmological Parameters --- 
	 H0: 2.1561e-18 (1/s) = 66.5300 (km/s/Mpc) 
	 OmegaM: 3.2000e-01 
	 OmegaR: 0.0000e+00 
	 OmegaL: 6.8000e-01 
	 OmegaK: 0.0000e+00 
		 w0: -6.5000e-01 
		 wa: -1.2700e+00 
	 rho_crit: 8.3160e-30 (g/cm^3) 
z, log10(1+z), a, H0*t_look, H0*t_age, H0*t_conf, H0*t_conf_age, H(z) 
1.00000000e-04, 4.34272769e-05, 9.99900010e-01, 9.99908160e-05, 9.36575571e-01, 9.99958154e-05, 3.21243044e+00, 6.65355682e+01
1.02807322e-04, 4.46463579e-05, 9.99897203e-01, 1.02797616e-04, 9.36572764e-01, 1.02802900e-04, 3.21242764e+00, 6.65357245e+01
1.05693455e-04, 4.58996588e-05, 9.99894318e-01, 1.05683196e-04, 9.36569879e-01, 1.05688781e-04, 3.21242475e+00, 6.65358852e+01
1.08660611e-04, 4.71881402e-05, 9.99891351e-01, 1.08649768e-04, 9.36566912e-01, 1.08655671e-04, 3.21242178e+00, 6.65360504e+01
1.11711065e-04, 4.85127895e-05, 9.99888301e-01, 1.11699604e-04, 9.36563862e-01, 1.11705843e-04, 3.21241873e+00, 6.65362203e+01
1.14847155e-04, 4.98746217e-05, 9.99885166e-01, 1.14835041e-04, 9.36560727e-01, 1.14841635e-04, 3.21241560e+00, 6.65363949e+01
1.18071285e-04, 5.12746804e-05, 9.99881943e-01, 1.18058482e-04, 9.36557503e-01, 1.18065451e-04, 3.21241237e+00, 6.65365744e+01
1.21385926e-04, 5.27140387e-05, 9.99878629e-01, 1.21372394e-04, 9.36554189e-01, 1.21379761e-04, 3.21240906e+00, 6.65367590e+01
1.24793621e-04, 5.41937993e-05, 9.99875222e-01, 1.24779318e-04, 9.36550783e-01, 1.24787104e-04, 3.21240565e+00, 6.65369487e+01
1.28296980e-04, 5.57150964e-05, 9.99871719e-01, 1.28281863e-04, 9.36547280e-01, 1.28290092e-04, 3.21240215e+00, 6.65371437e+01
1.31898690e-04, 5.72790956e-05, 9.99868119e-01, 1.31882713e-04, 9.36543679e-01, 1.31891410e-04, 3.21239855e+00, 6.65373443e+01
1.35601511e-04, 5.88869955e-05, 9.99864417e-01, 1.35584624e-04, 9.36539977e-01, 1.35593817e-04, 3.21239485e+00, 6.65375504e+01
1.39408283e-04, 6.05400281e-05, 9.99860611e-01, 1.39390435e-04, 9.36536171e-01, 1.39400150e-04, 3.21239104e+00, 6.65377624e+01
1.43321923e-04, 6.22394601e-05, 9.99856699e-01, 1.43303058e-04, 9.36532259e-01, 1.43313327e-04, 3.21238713e+00, 6.65379803e+01
1.47345431e-04, 6.39865937e-05, 9.99852676e-01, 1.47325493e-04, 9.36528236e-01, 1.47336346e-04, 3.21238310e+00, 6.65382043e+01
1.51481892e-04, 6.57827676e-05, 9.99848541e-01, 1.51460819e-04, 9.36524101e-01, 1.51472290e-04, 3.21237897e+00, 6.65384346e+01
1.55734477e-04, 6.76293582e-05, 9.99844290e-01, 1.55712205e-04, 9.36519850e-01, 1.55724329e-04, 3.21237472e+00, 6.65386713e+01
1.60106446e-04, 6.95277803e-05, 9.99839919e-01, 1.60082905e-04, 9.36515479e-01, 1.60095720e-04, 3.21237034e+00, 6.65389148e+01
1.64601150e-04, 7.14794886e-05, 9.99835426e-01, 1.64576269e-04, 9.36510986e-01, 1.64589813e-04, 3.21236585e+00, 6.65391650e+01
1.69222035e-04, 7.34859785e-05, 9.99830807e-01, 1.69195738e-04, 9.36506366e-01, 1.69210053e-04, 3.21236123e+00, 6.65394223e+01
1.73972643e-04, 7.55487874e-05, 9.99826058e-01, 1.73944849e-04, 9.36501617e-01, 1.73959979e-04, 3.21235648e+00, 6.65396867e+01
1.78856616e-04, 7.76694958e-05, 9.99821175e-01, 1.78827239e-04, 9.36496735e-01, 1.78843231e-04, 3.21235160e+00, 6.65399587e+01
1.83877698e-04, 7.98497285e-05, 9.99816156e-01, 1.83846649e-04, 9.36491715e-01, 1.83863551e-04, 3.21234658e+00, 6.65402382e+01
1.89039738e-04, 8.20911560e-05, 9.99810996e-01, 1.89006921e-04, 9.36486555e-01, 1.89024785e-04, 3.21234142e+00, 6.65405256e+01
1.94346693e-04, 8.43954955e-05, 9.99805691e-01, 1.94312008e-04, 9.36481250e-01, 1.94330889e-04, 3.21233611e+00, 6.65408210e+01
1.99802631e-04, 8.67645125e-05, 9.99800237e-01, 1.99765971e-04, 9.36475796e-01, 1.99785927e-04, 3.21233065e+00, 6.65411248e+01
2.05411735e-04, 8.92000219e-05, 9.99794630e-01, 2.05372988e-04, 9.36470189e-01, 2.05394080e-04, 3.21232505e+00, 6.65414370e+01
2.11178304e-04, 9.17038897e-05, 9.99788866e-01, 2.11137352e-04, 9.36464425e-01, 2.11159645e-04, 3.21231928e+00, 6.65417581e+01
2.17106760e-04, 9.42780341e-05, 9.99782940e-01, 2.17063477e-04, 9.36458498e-01, 2.17087038e-04, 3.21231335e+00, 6.65420881e+01
2.23201647e-04, 9.69244272e-05, 9.99776848e-01, 2.23155899e-04, 9.36452406e-01, 2.23180802e-04, 3.21230726e+00, 6.65424274e+01
2.29467637e-04, 9.96450962e-05, 9.99770585e-01, 2.29419285e-04, 9.36446143e-01, 2.29445605e-04, 3.21230099e+00, 6.65427763e+01
2.35909533e-04, 1.02442125e-04, 9.99764146e-01, 2.35858429e-04, 9.36439703e-01, 2.35886247e-04, 3.21229455e+00, 6.65431349e+01
2.42532274e-04, 1.05317657e-04, 9.99757527e-01, 2.42478261e-04, 9.36433084e-01, 2.42507663e-04, 3.21228793e+00, 6.65435036e+01
2.49340937e-04, 1.08273895e-04, 9.99750721e-01, 2.49283849e-04, 9.36426278e-01, 2.49314925e-04, 3.21228113e+00, 6.65438826e+01
2.56340741e-04, 1.11313103e-04, 9.99743725e-01, 2.56280403e-04, 9.36419281e-01, 2.56313248e-04, 3.21227413e+00, 6.65442723e+01
2.63537052e-04, 1.14437609e-04, 9.99736532e-01, 2.63473279e-04, 9.36412089e-01, 2.63507994e-04, 3.21226693e+00, 6.65446729e+01
2.70935387e-04, 1.17649806e-04, 9.99729138e-01, 2.70867983e-04, 9.36404694e-01, 2.70904674e-04, 3.21225954e+00, 6.65450847e+01
2.78541416e-04, 1.20952156e-04, 9.99721536e-01, 2.78470176e-04, 9.36397092e-01, 2.78508956e-04, 3.21225193e+00, 6.65455081e+01
2.86360972e-04, 1.24347187e-04, 9.99713721e-01, 2.86285676e-04, 9.36389276e-01, 2.86326663e-04, 3.21224411e+00, 6.65459434e+01
2.94400048e-04, 1.27837499e-04, 9.99705687e-01, 2.94320466e-04, 9.36381241e-01, 2.94363786e-04, 3.21223608e+00, 6.65463909e+01
3.02664806e-04, 1.31425767e-04, 9.99697427e-01, 3.02580694e-04, 9.36372981e-01, 3.02626480e-04, 3.21222781e+00, 6.65468510e+01
3.11161583e-04, 1.35114738e-04, 9.99688935e-01, 3.11072683e-04, 9.36364489e-01, 3.11121075e-04, 3.21221932e+00, 6.65473239e+01
3.19896892e-04, 1.38907238e-04, 9.99680205e-01, 3.19802931e-04, 9.36355759e-01, 3.19854078e-04, 3.21221059e+00, 6.65478102e+01
3.28877429e-04, 1.42806171e-04, 9.99671231e-01, 3.28778119e-04, 9.36346784e-01, 3.28832178e-04, 3.21220161e+00, 6.65483101e+01
3.38110078e-04, 1.46814523e-04, 9.99662004e-01, 3.38005116e-04, 9.36337557e-01, 3.38062252e-04, 3.21219238e+00, 6.65488240e+01
3.47601918e-04, 1.50935364e-04, 9.99652519e-01, 3.47490981e-04, 9.36328071e-01, 3.47551369e-04, 3.21218289e+00, 6.65493523e+01
3.57360225e-04, 1.55171849e-04, 9.99642767e-01, 3.57242973e-04, 9.36318319e-01, 3.57306798e-04, 3.21217313e+00, 6.65498955e+01
3.67392478e-04, 1.59527223e-04, 9.99632742e-01, 3.67268552e-04, 9.36308293e-01, 3.67336010e-04, 3.21216310e+00, 6.65504539e+01
3.77706369e-04, 1.64004821e-04, 9.99622436e-01, 3.77575389e-04, 9.36297986e-01, 3.77646687e-04, 3.21215279e+00, 6.65510280e+01
3.88309805e-04, 1.68608072e-04, 9.99611841e-01, 3.88171369e-04, 9.36287390e-01, 3.88246725e-04, 3.21214219e+00, 6.65516182e+01
3.99210913e-04, 1.73340499e-04, 9.99600948e-01, 3.99064597e-04, 9.36276497e-01, 3.99144243e-04, 3.21213130e+00, 6.65522249e+01
4.10418050e-04, 1.78205728e-04, 9.99589750e-01, 4.10263406e-04, 9.36265298e-01, 4.10347585e-04, 3.21212009e+00, 6.65528487e+01
4.21939808e-04, 1.83207482e-04, 9.99578238e-01, 4.21776361e-04, 9.36253785e-01, 4.21865331e-04, 3.21210857e+00, 6.65534899e+01
4.33785019e-04, 1.88349591e-04, 9.99566403e-01, 4.33612268e-04, 9.36241950e-01, 4.33706303e-04, 3.21209673e+00, 6.65541492e+01
4.45962763e-04, 1.93635993e-04, 9.99554236e-01, 4.45780179e-04, 9.36229782e-01, 4.45879566e-04, 3.21208456e+00, 6.65548270e+01
4.58482375e-04, 1.99070734e-04, 9.99541728e-01, 4.58289399e-04, 9.36217272e-01, 4.58394443e-04, 3.21207205e+00, 6.65555238e+01
4.71353453e-04, 2.04657975e-04, 9.99528869e-01, 4.71149493e-04, 9.36204412e-01, 4.71260516e-04, 3.21205918e+00, 6.65562401e+01
4.84585864e-04, 2.10401992e-04, 9.99515649e-01, 4.84370295e-04, 9.36191192e-01, 4.84487637e-04, 3.21204595e+00, 6.65569765e+01
4.98189752e-04, 2.16307184e-04, 9.99502058e-01, 4.97961912e-04, 9.36177600e-01, 4.98085933e-04, 3.21203235e+00, 6.65577336e+01
5.12175544e-04, 2.22378069e-04, 9.99488087e-01, 5.11934736e-04, 9.36163627e-01, 5.12065816e-04, 3.21201837e+00, 6.65585119e+01
5.26553963e-04, 2.28619296e-04, 9.99473723e-01, 5.26299449e-04, 9.36149262e-01, 5.26437989e-04, 3.21200400e+00, 6.65593121e+01
5.41336030e-04, 2.35035640e-04, 9.99458957e-01, 5.41067030e-04, 9.36134495e-01, 5.41213455e-04, 3.21198923e+00, 6.65601347e+01
5.56533078e-04, 2.41632013e-04, 9.99443776e-01, 5.56248767e-04, 9.36119313e-01, 5.56403526e-04, 3.21197404e+00, 6.65609804e+01
5.72156756e-04, 2.48413463e-04, 9.99428170e-01, 5.71856262e-04, 9.36103706e-01, 5.72019829e-04, 3.21195842e+00, 6.65618498e+01
5.88219040e-04, 2.55385179e-04, 9.99412127e-01, 5.87901444e-04, 9.36087660e-01, 5.88074320e-04, 3.21194237e+00, 6.65627436e+01
6.04732245e-04, 2.62552498e-04, 9.99395633e-01, 6.04396573e-04, 9.36071165e-01, 6.04579288e-04, 3.21192586e+00, 6.65636625e+01
6.21709029e-04, 2.69920903e-04, 9.99378677e-01, 6.21354252e-04, 9.36054208e-01, 6.21547366e-04, 3.21190889e+00, 6.65646072e+01
6.39162405e-04, 2.77496033e-04, 9.99361246e-01, 6.38787437e-04, 9.36036774e-01, 6.38991541e-04, 3.21189145e+00, 6.65655783e+01
6.57105755e-04, 2.85283683e-04, 9.99343326e-01, 6.56709445e-04, 9.36018852e-01, 6.56925166e-04, 3.21187352e+00, 6.65665767e+01
6.75552832e-04, 2.93289812e-04, 9.99324903e-01, 6.75133967e-04, 9.36000428e-01, 6.75361964e-04, 3.21185508e+00, 6.65676031e+01
6.94517777e-04, 3.01520545e-04, 9.99305964e-01, 6.94075074e-04, 9.35981487e-01, 6.94316047e-04, 3.21183612e+00, 6.65686583e+01
7.14015130e-04, 3.09982178e-04, 9.99286494e-01, 7.13547232e-04, 9.35962015e-01, 7.13801918e-04, 3.21181664e+00, 6.65697431e+01
7.34059837e-04, 3.18681185e-04, 9.99266479e-01, 7.33565310e-04, 9.35941997e-01, 7.33834490e-04, 3.21179661e+00, 6.65708583e+01
7.54667263e-04, 3.27624220e-04, 9.99245902e-01, 7.54144593e-04, 9.35921417e-01, 7.54429091e-04, 3.21177601e+00, 6.65720048e+01
7.75853206e-04, 3.36818122e-04, 9.99224748e-01, 7.75300790e-04, 9.35900261e-01, 7.75601479e-04, 3.21175484e+00, 6.65731835e+01
7.97633907e-04, 3.46269924e-04, 9.99203002e-01, 7.97050054e-04, 9.35878512e-01, 7.97367853e-04, 3.21173307e+00, 6.65743952e+01
8.20026062e-04, 3.55986854e-04, 9.99180646e-01, 8.19408983e-04, 9.35856153e-01, 8.19744867e-04, 3.21171070e+00, 6.65756409e+01
8.43046837e-04, 3.65976343e-04, 9.99157663e-01, 8.42394641e-04, 9.35833167e-01, 8.42749639e-04, 3.21168769e+00, 6.65769215e+01
8.66713880e-04, 3.76246030e-04, 9.99134037e-01, 8.66024569e-04, 9.35809537e-01, 8.66399768e-04, 3.21166404e+00, 6.65782381e+01
8.91045332e-04, 3.86803767e-04, 9.99109748e-01, 8.90316796e-04, 9.35785245e-01, 8.90713344e-04, 3.21163973e+00, 6.65795915e+01
9.16059848e-04, 3.97657626e-04, 9.99084779e-01, 9.15289854e-04, 9.35760272e-01, 9.15708966e-04, 3.21161473e+00, 6.65809830e+01
9.41776601e-04, 4.08815904e-04, 9.99059110e-01, 9.40962791e-04, 9.35734599e-01, 9.41405751e-04, 3.21158903e+00, 6.65824134e+01
9.68215306e-04, 4.20287133e-04, 9.99032721e-01, 9.67355187e-04, 9.35708207e-01, 9.67823352e-04, 3.21156262e+00, 6.65838840e+01
9.95396231e-04, 4.32080081e-04, 9.99005594e-01, 9.94487169e-04, 9.35681075e-01, 9.94981973e-04, 3.21153546e+00, 6.65853957e+01
1.02334021e-03, 4.44203760e-04, 9.98977706e-01, 1.02237942e-03, 9.35653182e-01, 1.02290238e-03, 3.21150754e+00, 6.65869499e+01
1.05206867e-03, 4.56667438e-04, 9.98949037e-01, 1.05105321e-03, 9.35624509e-01, 1.05160592e-03, 3.21147883e+00, 6.65885477e+01
1.08160363e-03, 4.69480638e-04, 9.98919565e-01, 1.08053039e-03, 9.35595031e-01, 1.08111455e-03, 3.21144933e+00, 6.65901902e+01
1.11196773e-03, 4.82653152e-04, 9.98889267e-01, 1.11083343e-03, 9.35564728e-01, 1.11145082e-03, 3.21141899e+00, 6.65918788e+01
1.14318425e-03, 4.96195044e-04, 9.98858121e-01, 1.14198540e-03, 9.35533576e-01, 1.14263793e-03, 3.21138780e+00, 6.65936147e+01
1.17527712e-03, 5.10116661e-04, 9.98826103e-01, 1.17401006e-03, 9.35501552e-01, 1.17469971e-03, 3.21135574e+00, 6.65953993e+01
1.20827094e-03, 5.24428638e-04, 9.98793187e-01, 1.20693179e-03, 9.35468630e-01, 1.20766067e-03, 3.21132278e+00, 6.65972339e+01
1.24219100e-03, 5.39141905e-04, 9.98759350e-01, 1.24077566e-03, 9.35434786e-01, 1.24154601e-03, 3.21128889e+00, 6.65991200e+01
1.27706330e-03, 5.54267703e-04, 9.98724566e-01, 1.27556744e-03, 9.35399994e-01, 1.27638161e-03, 3.21125406e+00, 6.66010589e+01
1.31291459e-03, 5.69817580e-04, 9.98688807e-01, 1.31133362e-03, 9.35364228e-01, 1.31219411e-03, 3.21121825e+00, 6.66030522e+01
1.34977233e-03, 5.85803413e-04, 9.98652047e-01, 1.34810142e-03, 9.35327460e-01, 1.34901086e-03, 3.21118143e+00, 6.66051013e+01
1.38766479e-03, 6.02237406e-04, 9.98614258e-01, 1.38589882e-03, 9.35289663e-01, 1.38686000e-03, 3.21114358e+00, 6.66072079e+01
1.42662102e-03, 6.19132106e-04, 9.98575411e-01, 1.42475458e-03, 9.35250807e-01, 1.42577043e-03, 3.21110467e+00, 6.66093735e+01
1.46667087e-03, 6.36500410e-04, 9.98535477e-01, 1.46469826e-03, 9.35210864e-01, 1.46577189e-03, 3.21106467e+00, 6.66115998e+01
1.50784505e-03, 6.54355573e-04, 9.98494425e-01, 1.50576022e-03, 9.35169802e-01, 1.50689493e-03, 3.21102355e+00, 6.66138884e+01
1.55017512e-03, 6.72711224e-04, 9.98452224e-01, 1.54797170e-03, 9.35127590e-01, 1.54917094e-03, 3.21098127e+00, 6.66162413e+01
1.59369353e-03, 6.91581368e-04, 9.98408842e-01, 1.59136477e-03, 9.35084197e-01, 1.59263223e-03, 3.21093781e+00, 6.66186600e+01
1.63843365e-03, 7.10980403e-04, 9.98364246e-01, 1.63597242e-03, 9.35039589e-01, 1.63731197e-03, 3.21089313e+00, 6.66211465e+01
1.68442976e-03, 7.30923128e-04, 9.98318403e-01, 1.68182854e-03, 9.34993733e-01, 1.68324427e-03, 3.21084720e+00, 6.66237026e+01
1.73171713e-03, 7.51424755e-04, 9.98271277e-01, 1.72896796e-03, 9.34946594e-01, 1.73046421e-03, 3.21079998e+00, 6.66263304e+01
1.78033202e-03, 7.72500920e-04, 9.98222832e-01, 1.77742647e-03, 9.34898135e-01, 1.77900782e-03, 3.21075143e+00, 6.66290318e+01
1.83031168e-03, 7.94167695e-04, 9.98173032e-01, 1.82724088e-03, 9.34848321e-01, 1.82891215e-03, 3.21070153e+00, 6.66318089e+01
1.88169442e-03, 8.16441599e-04, 9.98121840e-01, 1.87844897e-03, 9.34797113e-01, 1.88021529e-03, 3.21065022e+00, 6.66346637e+01
1.93451965e-03, 8.39339613e-04, 9.98069215e-01, 1.93108962e-03, 9.34744472e-01, 1.93295638e-03, 3.21059748e+00, 6.66375985e+01
1.98882786e-03, 8.62879189e-04, 9.98015120e-01, 1.98520276e-03, 9.34690359e-01, 1.98717567e-03, 3.21054326e+00, 6.66406155e+01
2.04466067e-03, 8.87078267e-04, 9.97959511e-01, 2.04082941e-03, 9.34634732e-01, 2.04291451e-03, 3.21048753e+00, 6.66437170e+01
2.10206088e-03, 9.11955285e-04, 9.97902349e-01, 2.09801175e-03, 9.34577550e-01, 2.10021541e-03, 3.21043022e+00, 6.66469054e+01
2.16107251e-03, 9.37529196e-04, 9.97843588e-01, 2.15679312e-03, 9.34518769e-01, 2.15912207e-03, 3.21037132e+00, 6.66501830e+01
2.22174078e-03, 9.63819479e-04, 9.97783184e-01, 2.21721805e-03, 9.34458344e-01, 2.21967942e-03, 3.21031076e+00, 6.66535524e+01
2.28411221e-03, 9.90846156e-04, 9.97721093e-01, 2.27933230e-03, 9.34396230e-01, 2.28193361e-03, 3.21024851e+00, 6.66570161e+01
2.34823460e-03, 1.01862981e-03, 9.97657267e-01, 2.34318291e-03, 9.34332379e-01, 2.34593211e-03, 3.21018451e+00, 6.66605768e+01
2.41415712e-03, 1.04719158e-03, 9.97591657e-01, 2.40881820e-03, 9.34266744e-01, 2.41172369e-03, 3.21011872e+00, 6.66642371e+01
2.48193029e-03, 1.07655322e-03, 9.97524214e-01, 2.47628783e-03, 9.34199274e-01, 2.47935848e-03, 3.21005108e+00, 6.66680000e+01
2.55160607e-03, 1.10673706e-03, 9.97454888e-01, 2.54564282e-03, 9.34129919e-01, 2.54888802e-03, 3.20998155e+00, 6.66718681e+01
2.62323788e-03, 1.13776607e-03, 9.97383625e-01, 2.61693561e-03, 9.34058626e-01, 2.62036528e-03, 3.20991007e+00, 6.66758445e+01
2.69688063e-03, 1.16966386e-03, 9.97310373e-01, 2.69022007e-03, 9.33985342e-01, 2.69384469e-03, 3.20983660e+00, 6.66799321e+01
2.77259076e-03, 1.20245468e-03, 9.97235075e-01, 2.76555158e-03, 9.33910010e-01, 2.76938220e-03, 3.20976106e+00, 6.66841341e+01
2.85042632e-03, 1.23616346e-03, 9.97157676e-01, 2.84298701e-03, 9.33832575e-01, 2.84703534e-03, 3.20968340e+00, 6.66884537e+01
2.93044698e-03, 1.27081583e-03, 9.97078115e-01, 2.92258480e-03, 9.33752977e-01, 2.92686321e-03, 3.20960358e+00, 6.66928942e+01
3.01271407e-03, 1.30643812e-03, 9.96996335e-01, 3.00440502e-03, 9.33671157e-01, 3.00892656e-03, 3.20952151e+00, 6.66974588e+01
3.09729067e-03, 1.34305740e-03, 9.96912273e-01, 3.08850936e-03, 9.33587052e-01, 3.09328784e-03, 3.20943715e+00, 6.67021511e+01
3.18424160e-03, 1.38070148e-03, 9.96825866e-01, 3.17496122e-03, 9.33500601e-01, 3.18001123e-03, 3.20935043e+00, 6.67069747e+01
3.27363353e-03, 1.41939895e-03, 9.96737048e-01, 3.26382574e-03, 9.33411736e-01, 3.26916268e-03, 3.20926128e+00, 6.67119331e+01
3.36553498e-03, 1.45917918e-03, 9.96645754e-01, 3.35516983e-03, 9.33320392e-01, 3.36081000e-03, 3.20916963e+00, 6.67170302e+01
3.46001639e-03, 1.50007238e-03, 9.96551914e-01, 3.44906225e-03, 9.33226500e-01, 3.45502285e-03, 3.20907542e+00, 6.67222698e+01
3.55715021e-03, 1.54210957e-03, 9.96455458e-01, 3.54557363e-03, 9.33129988e-01, 3.55187285e-03, 3.20897857e+00, 6.67276558e+01
3.65701088e-03, 1.58532264e-03, 9.96356314e-01, 3.64477655e-03, 9.33030785e-01, 3.65143360e-03, 3.20887901e+00, 6.67331924e+01
3.75967497e-03, 1.62974435e-03, 9.96254407e-01, 3.74674553e-03, 9.32928816e-01, 3.75378072e-03, 3.20877666e+00, 6.67388838e+01
3.86522116e-03, 1.67540839e-03, 9.96149661e-01, 3.85155718e-03, 9.32824005e-01, 3.85899196e-03, 3.20867145e+00, 6.67447342e+01
3.97373038e-03, 1.72234936e-03, 9.96041998e-01, 3.95929017e-03, 9.32716272e-01, 3.96714721e-03, 3.20856329e+00, 6.67507480e+01
4.08528580e-03, 1.77060283e-03, 9.95931336e-01, 4.07002532e-03, 9.32605537e-01, 4.07832856e-03, 3.20845211e+00, 6.67569299e+01
4.19997295e-03, 1.82020534e-03, 9.95817593e-01, 4.18384565e-03, 9.32491716e-01, 4.19262040e-03, 3.20833782e+00, 6.67632844e+01
4.31787973e-03, 1.87119444e-03, 9.95700684e-01, 4.30083644e-03, 9.32374725e-01, 4.31010945e-03, 3.20822033e+00, 6.67698164e+01
4.43909653e-03, 1.92360874e-03, 9.95580522e-01, 4.42108529e-03, 9.32254477e-01, 4.43088480e-03, 3.20809956e+00, 6.67765309e+01
4.56371628e-03, 1.97748788e-03, 9.95457017e-01, 4.54468218e-03, 9.32130880e-01, 4.55503806e-03, 3.20797540e+00, 6.67834328e+01
4.69183451e-03, 2.03287261e-03, 9.95330076e-01, 4.67171954e-03, 9.32003842e-01, 4.68266332e-03, 3.20784778e+00, 6.67905274e+01
4.82354943e-03, 2.08980480e-03, 9.95199606e-01, 4.80229230e-03, 9.31873270e-01, 4.81385730e-03, 3.20771658e+00, 6.67978200e+01
4.95896201e-03, 2.14832749e-03, 9.95065508e-01, 4.93649795e-03, 9.31739064e-01, 4.94871939e-03, 3.20758172e+00, 6.68053162e+01
5.09817606e-03, 2.20848488e-03, 9.94927683e-01, 5.07443665e-03, 9.31601125e-01, 5.08735172e-03, 3.20744309e+00, 6.68130215e+01
5.24129830e-03, 2.27032240e-03, 9.94786030e-01, 5.21621124e-03, 9.31459351e-01, 5.22985924e-03, 3.20730058e+00, 6.68209418e+01
5.38843844e-03, 2.33388671e-03, 9.94640441e-01, 5.36192734e-03, 9.31313635e-01, 5.37634980e-03, 3.20715409e+00, 6.68290831e+01
5.53970928e-03, 2.39922578e-03, 9.94490810e-01, 5.51169342e-03, 9.31163868e-01, 5.52693423e-03, 3.20700351e+00, 6.68374514e+01
5.69522678e-03, 2.46638889e-03, 9.94337025e-01, 5.66562090e-03, 9.31009941e-01, 5.68172639e-03, 3.20684871e+00, 6.68460531e+01
5.85511016e-03, 2.53542665e-03, 9.94178973e-01, 5.82382416e-03, 9.30851738e-01, 5.84084330e-03, 3.20668960e+00, 6.68548945e+01
6.01948197e-03, 2.60639109e-03, 9.94016535e-01, 5.98642069e-03, 9.30689141e-01, 6.00440520e-03, 3.20652604e+00, 6.68639825e+01
6.18846824e-03, 2.67933564e-03, 9.93849593e-01, 6.15353109e-03, 9.30522031e-01, 6.17253564e-03, 3.20635790e+00, 6.68733237e+01
6.36219849e-03, 2.75431521e-03, 9.93678023e-01, 6.32527924e-03, 9.30350283e-01, 6.34536157e-03, 3.20618508e+00, 6.68829251e+01
6.54080591e-03, 2.83138620e-03, 9.93501698e-01, 6.50179231e-03, 9.30173770e-01, 6.52301342e-03, 3.20600743e+00, 6.68927941e+01
6.72442742e-03, 2.91060657e-03, 9.93320488e-01, 6.68320089e-03, 9.29992361e-01, 6.70562521e-03, 3.20582482e+00, 6.69029379e+01
6.91320378e-03, 2.99203585e-03, 9.93134260e-01, 6.86963903e-03, 9.29805923e-01, 6.89333464e-03, 3.20563711e+00, 6.69133642e+01
7.10727970e-03, 3.07573520e-03, 9.92942877e-01, 7.06124439e-03, 9.29614317e-01, 7.08628319e-03, 3.20544416e+00, 6.69240807e+01
7.30680395e-03, 3.16176744e-03, 9.92746198e-01, 7.25815826e-03, 9.29417404e-01, 7.28461623e-03, 3.20524582e+00, 6.69350955e+01
7.51192949e-03, 3.25019713e-03, 9.92544079e-01, 7.46052572e-03, 9.29215036e-01, 7.48848310e-03, 3.20504196e+00, 6.69464168e+01
7.72281357e-03, 3.34109055e-03, 9.92336371e-01, 7.66849567e-03, 9.29007066e-01, 7.69803723e-03, 3.20483240e+00, 6.69580531e+01
7.93961785e-03, 3.43451582e-03, 9.92122923e-01, 7.88222098e-03, 9.28793341e-01, 7.91343627e-03, 3.20461700e+00, 6.69700130e+01
8.16250851e-03, 3.53054289e-03, 9.91903579e-01, 8.10185856e-03, 9.28573703e-01, 8.13484216e-03, 3.20439560e+00, 6.69823054e+01
8.39165644e-03, 3.62924361e-03, 9.91678177e-01, 8.32756945e-03, 9.28347992e-01, 8.36242128e-03, 3.20416802e+00, 6.69949396e+01
8.62723729e-03, 3.73069181e-03, 9.91446555e-01, 8.55951896e-03, 9.28116043e-01, 8.59634455e-03, 3.20393410e+00, 6.70079249e+01
8.86943166e-03, 3.83496328e-03, 9.91208544e-01, 8.79787673e-03, 9.27877685e-01, 8.83678755e-03, 3.20369365e+00, 6.70212709e+01
9.11842520e-03, 3.94213590e-03, 9.90963969e-01, 9.04281686e-03, 9.27632745e-01, 9.08393066e-03, 3.20344651e+00, 6.70349877e+01
9.37440879e-03, 4.05228964e-03, 9.90712655e-01, 9.29451804e-03, 9.27381044e-01, 9.33795916e-03, 3.20319248e+00, 6.70490853e+01
9.63757866e-03, 4.16550662e-03, 9.90454418e-01, 9.55316359e-03, 9.27122398e-01, 9.59906340e-03, 3.20293138e+00, 6.70635742e+01
9.90813657e-03, 4.28187121e-03, 9.90189071e-01, 9.81894167e-03, 9.26856620e-01, 9.86743888e-03, 3.20266300e+00, 6.70784653e+01
1.01862899e-02, 4.40147004e-03, 9.89916424e-01, 1.00920453e-02, 9.26583517e-01, 1.01432864e-02, 3.20238715e+00, 6.70937694e+01
1.04722519e-02, 4.52439206e-03, 9.89636280e-01, 1.03726725e-02, 9.26302889e-01, 1.04268123e-02, 3.20210363e+00, 6.71094979e+01
1.07662418e-02, 4.65072864e-03, 9.89348436e-01, 1.06610266e-02, 9.26014535e-01, 1.07182285e-02, 3.20181221e+00, 6.71256625e+01
1.10684849e-02, 4.78057359e-03, 9.89052685e-01, 1.09573159e-02, 9.25718246e-01, 1.10177525e-02, 3.20151269e+00, 6.71422751e+01
1.13792129e-02, 4.91402325e-03, 9.88748817e-01, 1.12617543e-02, 9.25413808e-01, 1.13256078e-02, 3.20120483e+00, 6.71593479e+01
1.16986641e-02, 5.05117654e-03, 9.88436612e-01, 1.15745611e-02, 9.25101001e-01, 1.16420241e-02, 3.20088842e+00, 6.71768935e+01
1.20270833e-02, 5.19213502e-03, 9.88115848e-01, 1.18959614e-02, 9.24779600e-01, 1.19672371e-02, 3.20056320e+00, 6.71949249e+01
1.23647224e-02, 5.33700299e-03, 9.87786297e-01, 1.22261858e-02, 9.24449376e-01, 1.23014889e-02, 3.20022895e+00, 6.72134553e+01
1.27118400e-02, 5.48588750e-03, 9.87447723e-01, 1.25654711e-02, 9.24110091e-01, 1.26450282e-02, 3.19988541e+00, 6.72324982e+01
1.30687023e-02, 5.63889849e-03, 9.87099885e-01, 1.29140598e-02, 9.23761502e-01, 1.29981104e-02, 3.19953233e+00, 6.72520678e+01
1.34355829e-02, 5.79614881e-03, 9.86742539e-01, 1.32722010e-02, 9.23403361e-01, 1.33609977e-02, 3.19916944e+00, 6.72721782e+01
1.38127630e-02, 5.95775431e-03, 9.86375430e-01, 1.36401496e-02, 9.23035412e-01, 1.37339593e-02, 3.19879648e+00, 6.72928443e+01
1.42005318e-02, 6.12383394e-03, 9.85998300e-01, 1.40181673e-02, 9.22657395e-01, 1.41172717e-02, 3.19841317e+00, 6.73140811e+01
1.45991865e-02, 6.29450978e-03, 9.85610883e-01, 1.44065223e-02, 9.22269040e-01, 1.45112190e-02, 3.19801922e+00, 6.73359042e+01
1.50090328e-02, 6.46990713e-03, 9.85212907e-01, 1.48054896e-02, 9.21870072e-01, 1.49160926e-02, 3.19761435e+00, 6.73583294e+01
1.54303847e-02, 6.65015464e-03, 9.84804094e-01, 1.52153509e-02, 9.21460211e-01, 1.53321919e-02, 3.19719825e+00, 6.73813731e+01
1.58635653e-02, 6.83538432e-03, 9.84384158e-01, 1.56363950e-02, 9.21039167e-01, 1.57598241e-02, 3.19677062e+00, 6.74050520e+01
1.63089068e-02, 7.02573168e-03, 9.83952805e-01, 1.60689180e-02, 9.20606644e-01, 1.61993048e-02, 3.19633114e+00, 6.74293834e+01
1.67667503e-02, 7.22133576e-03, 9.83509738e-01, 1.65132233e-02, 9.20162339e-01, 1.66509578e-02, 3.19587948e+00, 6.74543849e+01
1.72374471e-02, 7.42233928e-03, 9.83054648e-01, 1.69696216e-02, 9.19705940e-01, 1.71151158e-02, 3.19541532e+00, 6.74800745e+01
1.77213578e-02, 7.62888867e-03, 9.82587220e-01, 1.74384313e-02, 9.19237131e-01, 1.75921201e-02, 3.19493832e+00, 6.75064709e+01
1.82188534e-02, 7.84113421e-03, 9.82107134e-01, 1.79199789e-02, 9.18755583e-01, 1.80823211e-02, 3.19444812e+00, 6.75335931e+01
1.87303154e-02, 8.05923009e-03, 9.81614059e-01, 1.84145983e-02, 9.18260964e-01, 1.85860784e-02, 3.19394436e+00, 6.75614606e+01
1.92561357e-02, 8.28333450e-03, 9.81107658e-01, 1.89226321e-02, 9.17752930e-01, 1.91037613e-02, 3.19342668e+00, 6.75900936e+01
1.97967175e-02, 8.51360975e-03, 9.80587585e-01, 1.94444307e-02, 9.17231131e-01, 1.96357488e-02, 3.19289469e+00, 6.76195125e+01
2.03524752e-02, 8.75022235e-03, 9.80053486e-01, 1.99803532e-02, 9.16695209e-01, 2.01824297e-02, 3.19234801e+00, 6.76497385e+01
2.09238348e-02, 8.99334311e-03, 9.79504999e-01, 2.05307672e-02, 9.16144795e-01, 2.07442032e-02, 3.19178624e+00, 6.76807932e+01
2.15112343e-02, 9.24314725e-03, 9.78941755e-01, 2.10960491e-02, 9.15579513e-01, 2.13214789e-02, 3.19120896e+00, 6.77126988e+01
2.21151240e-02, 9.49981449e-03, 9.78363373e-01, 2.16765841e-02, 9.14998978e-01, 2.19146773e-02, 3.19061576e+00, 6.77454781e+01
2.27359668e-02, 9.76352916e-03, 9.77769466e-01, 2.22727667e-02, 9.14402795e-01, 2.25242295e-02, 3.19000621e+00, 6.77791544e+01
2.33742387e-02, 1.00344803e-02, 9.77159637e-01, 2.28850004e-02, 9.13790561e-01, 2.31505783e-02, 3.18937986e+00, 6.78137516e+01
2.40304289e-02, 1.03128618e-02, 9.76533482e-01, 2.35136984e-02, 9.13161863e-01, 2.37941779e-02, 3.18873626e+00, 6.78492943e+01
2.47050406e-02, 1.05988725e-02, 9.75890584e-01, 2.41592832e-02, 9.12516279e-01, 2.44554940e-02, 3.18807495e+00, 6.78858076e+01
2.53985907e-02, 1.08927162e-02, 9.75230519e-01, 2.48221872e-02, 9.11853375e-01, 2.51350049e-02, 3.18739544e+00, 6.79233174e+01
2.61116110e-02, 1.11946019e-02, 9.74552855e-01, 2.55028526e-02, 9.11172709e-01, 2.58332010e-02, 3.18669724e+00, 6.79618501e+01
2.68446481e-02, 1.15047439e-02, 9.73857148e-01, 2.62017319e-02, 9.10473830e-01, 2.65505852e-02, 3.18597986e+00, 6.80014328e+01
2.75982639e-02, 1.18233619e-02, 9.73142944e-01, 2.69192876e-02, 9.09756274e-01, 2.72876737e-02, 3.18524277e+00, 6.80420932e+01
2.83730362e-02, 1.21506810e-02, 9.72409782e-01, 2.76559926e-02, 9.09019569e-01, 2.80449958e-02, 3.18448544e+00, 6.80838600e+01
2.91695588e-02, 1.24869320e-02, 9.71657189e-01, 2.84123304e-02, 9.08263231e-01, 2.88230944e-02, 3.18370735e+00, 6.81267622e+01
2.99884423e-02, 1.28323514e-02, 9.70884681e-01, 2.91887954e-02, 9.07486767e-01, 2.96225263e-02, 3.18290791e+00, 6.81708298e+01
3.08303146e-02, 1.31871818e-02, 9.70091766e-01, 2.99858924e-02, 9.06689669e-01, 3.04438625e-02, 3.18208658e+00, 6.82160935e+01
3.16958209e-02, 1.35516713e-02, 9.69277940e-01, 3.08041378e-02, 9.05871424e-01, 3.12876886e-02, 3.18124275e+00, 6.82625846e+01
3.25856248e-02, 1.39260747e-02, 9.68442690e-01, 3.16440586e-02, 9.05031503e-01, 3.21546050e-02, 3.18037584e+00, 6.83103355e+01
3.35004083e-02, 1.43106525e-02, 9.67585491e-01, 3.25061934e-02, 9.04169368e-01, 3.30452273e-02, 3.17948521e+00, 6.83593790e+01
3.44408728e-02, 1.47056720e-02, 9.66705808e-01, 3.33910924e-02, 9.03284469e-01, 3.39601867e-02, 3.17857025e+00, 6.84097490e+01
3.54077391e-02, 1.51114068e-02, 9.65803096e-01, 3.42993169e-02, 9.02376245e-01, 3.49001303e-02, 3.17763031e+00, 6.84614800e+01
3.64017485e-02, 1.55281370e-02, 9.64876798e-01, 3.52314405e-02, 9.01444121e-01, 3.58657213e-02, 3.17666472e+00, 6.85146076e+01
3.74236629e-02, 1.59561497e-02, 9.63926345e-01, 3.61880481e-02, 9.00487514e-01, 3.68576398e-02, 3.17567280e+00, 6.85691682e+01
3.84742658e-02, 1.63957388e-02, 9.62951161e-01, 3.71697370e-02, 8.99505825e-01, 3.78765826e-02, 3.17465386e+00, 6.86251988e+01
3.95543624e-02, 1.68472053e-02, 9.61950655e-01, 3.81771164e-02, 8.98498445e-01, 3.89232640e-02, 3.17360718e+00, 6.86827376e+01
4.06647809e-02, 1.73108570e-02, 9.60924227e-01, 3.92108076e-02, 8.97464754e-01, 3.99984159e-02, 3.17253202e+00, 6.87418238e+01
4.18063724e-02, 1.77870096e-02, 9.59871264e-01, 4.02714443e-02, 8.96404118e-01, 4.11027884e-02, 3.17142765e+00, 6.88024971e+01
4.29800121e-02, 1.82759856e-02, 9.58791145e-01, 4.13596726e-02, 8.95315889e-01, 4.22371500e-02, 3.17029329e+00, 6.88647986e+01
4.41865996e-02, 1.87781154e-02, 9.57683234e-01, 4.24761510e-02, 8.94199411e-01, 4.34022880e-02, 3.16912815e+00, 6.89287702e+01
4.54270599e-02, 1.92937372e-02, 9.56546887e-01, 4.36215507e-02, 8.93054011e-01, 4.45990092e-02, 3.16793143e+00, 6.89944548e+01
4.67023439e-02, 1.98231967e-02, 9.55381447e-01, 4.47965554e-02, 8.91879007e-01, 4.58281398e-02, 3.16670230e+00, 6.90618964e+01
4.80134292e-02, 2.03668477e-02, 9.54186246e-01, 4.60018613e-02, 8.90673701e-01, 4.70905262e-02, 3.16543991e+00, 6.91311399e+01
4.93613210e-02, 2.09250522e-02, 9.52960606e-01, 4.72381777e-02, 8.89437384e-01, 4.83870353e-02, 3.16414341e+00, 6.92022314e+01
5.07470524e-02, 2.14981804e-02, 9.51703836e-01, 4.85062264e-02, 8.88169335e-01, 4.97185547e-02, 3.16281189e+00, 6.92752180e+01
5.21716858e-02, 2.20866106e-02, 9.50415235e-01, 4.98067419e-02, 8.86868820e-01, 5.10859935e-02, 3.16144445e+00, 6.93501480e+01
5.36363132e-02, 2.26907300e-02, 9.49094092e-01, 5.11404716e-02, 8.85535090e-01, 5.24902825e-02, 3.16004016e+00, 6.94270708e+01
5.51420574e-02, 2.33109341e-02, 9.47739684e-01, 5.25081757e-02, 8.84167386e-01, 5.39323745e-02, 3.15859807e+00, 6.95060369e+01
5.66900727e-02, 2.39476274e-02, 9.46351277e-01, 5.39106271e-02, 8.82764935e-01, 5.54132449e-02, 3.15711720e+00, 6.95870982e+01
5.82815458e-02, 2.46012230e-02, 9.44928128e-01, 5.53486112e-02, 8.81326951e-01, 5.69338923e-02, 3.15559655e+00, 6.96703076e+01
5.99176967e-02, 2.52721433e-02, 9.43469482e-01, 5.68229264e-02, 8.79852635e-01, 5.84953384e-02, 3.15403510e+00, 6.97557194e+01
6.15997796e-02, 2.59608197e-02, 9.41974574e-01, 5.83343835e-02, 8.78341178e-01, 6.00986290e-02, 3.15243181e+00, 6.98433889e+01
6.33290840e-02, 2.66676928e-02, 9.40442630e-01, 5.98838056e-02, 8.76791756e-01, 6.17448342e-02, 3.15078561e+00, 6.99333730e+01
6.51069356e-02, 2.73932126e-02, 9.38872865e-01, 6.14720283e-02, 8.75203534e-01, 6.34350488e-02, 3.14909539e+00, 7.00257299e+01
6.69346971e-02, 2.81378388e-02, 9.37264486e-01, 6.30998997e-02, 8.73575662e-01, 6.51703928e-02, 3.14736005e+00, 7.01205191e+01
6.88137699e-02, 2.89020403e-02, 9.35616689e-01, 6.47682794e-02, 8.71907282e-01, 6.69520117e-02, 3.14557843e+00, 7.02178014e+01
7.07455942e-02, 2.96862961e-02, 9.33928662e-01, 6.64780394e-02, 8.70197522e-01, 6.87810773e-02, 3.14374936e+00, 7.03176392e+01
7.27316511e-02, 3.04910947e-02, 9.32199585e-01, 6.82300631e-02, 8.68445499e-01, 7.06587878e-02, 3.14187165e+00, 7.04200963e+01
7.47734631e-02, 3.13169348e-02, 9.30428629e-01, 7.00252453e-02, 8.66650317e-01, 7.25863683e-02, 3.13994407e+00, 7.05252380e+01
7.68725952e-02, 3.21643250e-02, 9.28614958e-01, 7.18644924e-02, 8.64811070e-01, 7.45650715e-02, 3.13796537e+00, 7.06331312e+01
7.90306568e-02, 3.30337838e-02, 9.26757728e-01, 7.37487211e-02, 8.62926841e-01, 7.65961777e-02, 3.13593426e+00, 7.07438444e+01
8.12493021e-02, 3.39258402e-02, 9.24856088e-01, 7.56788593e-02, 8.60996703e-01, 7.86809958e-02, 3.13384944e+00, 7.08574477e+01
8.35302320e-02, 3.48410332e-02, 9.22909182e-01, 7.76558447e-02, 8.59019717e-01, 8.08208632e-02, 3.13170958e+00, 7.09740128e+01
8.58751948e-02, 3.57799125e-02, 9.20916146e-01, 7.96806251e-02, 8.56994937e-01, 8.30171464e-02, 3.12951329e+00, 7.10936132e+01
8.82859884e-02, 3.67430377e-02, 9.18876114e-01, 8.17541577e-02, 8.54921404e-01, 8.52712418e-02, 3.12725920e+00, 7.12163244e+01
9.07644607e-02, 3.77309793e-02, 9.16788212e-01, 8.38774088e-02, 8.52798153e-01, 8.75845757e-02, 3.12494586e+00, 7.13422233e+01
9.33125118e-02, 3.87443182e-02, 9.14651565e-01, 8.60513531e-02, 8.50624209e-01, 8.99586047e-02, 3.12257184e+00, 7.14713891e+01
9.59320948e-02, 3.97836456e-02, 9.12465293e-01, 8.82769736e-02, 8.48398588e-01, 9.23948164e-02, 3.12013562e+00, 7.16039028e+01
9.86252179e-02, 4.08495636e-02, 9.10228514e-01, 9.05552604e-02, 8.46120301e-01, 9.48947297e-02, 3.11763571e+00, 7.17398475e+01
1.01393946e-01, 4.19426849e-02, 9.07940346e-01, 9.28872110e-02, 8.43788351e-01, 9.74598953e-02, 3.11507054e+00, 7.18793082e+01
1.04240401e-01, 4.30636326e-02, 9.05599903e-01, 9.52738287e-02, 8.41401733e-01, 1.00091896e-01, 3.11243854e+00, 7.20223724e+01
1.07166765e-01, 4.42130406e-02, 9.03206303e-01, 9.77161226e-02, 8.38959439e-01, 1.02792346e-01, 3.10973809e+00, 7.21691295e+01
1.10175281e-01, 4.53915533e-02, 9.00758661e-01, 1.00215107e-01, 8.36460455e-01, 1.05562894e-01, 3.10696755e+00, 7.23196716e+01
1.13268257e-01, 4.65998259e-02, 8.98256098e-01, 1.02771799e-01, 8.33903763e-01, 1.08405222e-01, 3.10412522e+00, 7.24740931e+01
1.16448062e-01, 4.78385241e-02, 8.95697735e-01, 1.05387221e-01, 8.31288340e-01, 1.11321043e-01, 3.10120940e+00, 7.26324908e+01
1.19717134e-01, 4.91083240e-02, 8.93082699e-01, 1.08062397e-01, 8.28613165e-01, 1.14312107e-01, 3.09821833e+00, 7.27949645e+01
1.23077980e-01, 5.04099123e-02, 8.90410121e-01, 1.10798352e-01, 8.25877210e-01, 1.17380196e-01, 3.09515024e+00, 7.29616164e+01
1.26533176e-01, 5.17439860e-02, 8.87679139e-01, 1.13596112e-01, 8.23079450e-01, 1.20527127e-01, 3.09200331e+00, 7.31325519e+01
1.30085370e-01, 5.31112527e-02, 8.84888900e-01, 1.16456702e-01, 8.20218860e-01, 1.23754753e-01, 3.08877569e+00, 7.33078792e+01
1.33737286e-01, 5.45124297e-02, 8.82038557e-01, 1.19381148e-01, 8.17294414e-01, 1.27064961e-01, 3.08546548e+00, 7.34877099e+01
1.37491723e-01, 5.59482450e-02, 8.79127276e-01, 1.22370470e-01, 8.14305092e-01, 1.30459673e-01, 0.00000000e+00, 7.36721588e+01
1.41351558e-01, 5.74194362e-02, 8.76154234e-01, 1.25425686e-01, 8.11249876e-01, 1.33940847e-01, 3.07858959e+00, 7.38613442e+01
1.45319752e-01, 5.89267507e-02, 8.73118619e-01, 1.28547810e-01, 8.08127751e-01, 1.37510477e-01, 3.07501996e+00, 7.40553882e+01
1.49399346e-01, 6.04709458e-02, 8.70019635e-01, 1.31737849e-01, 8.04937713e-01, 1.41170591e-01, 3.07135985e+00, 7.42544168e+01
1.53593468e-01, 6.20527881e-02, 8.66856504e-01, 1.34996800e-01, 8.01678761e-01, 1.44923255e-01, 3.06760719e+00, 7.44585600e+01
1.57905331e-01, 6.36730536e-02, 8.63628462e-01, 1.38325656e-01, 7.98349906e-01, 1.48770570e-01, 3.06375987e+00, 7.46679522e+01
1.62338243e-01, 6.53325272e-02, 8.60334766e-01, 1.41725395e-01, 7.94950167e-01, 1.52714673e-01, 3.05981577e+00, 7.48827324e+01
1.66895601e-01, 6.70320026e-02, 8.56974693e-01, 1.45196986e-01, 7.91478576e-01, 1.56757737e-01, 3.05577270e+00, 7.51030444e+01
1.71580899e-01, 6.87722823e-02, 8.53547545e-01, 1.48741383e-01, 7.87934179e-01, 1.60901972e-01, 3.05162847e+00, 7.53290373e+01
1.76397728e-01, 7.05541769e-02, 8.50052645e-01, 1.52359524e-01, 7.84316037e-01, 1.65149621e-01, 3.04738082e+00, 7.55608655e+01
1.81349780e-01, 7.23785049e-02, 8.46489343e-01, 1.56052334e-01, 7.80623228e-01, 1.69502966e-01, 3.04302747e+00, 7.57986892e+01
1.86440853e-01, 7.42460926e-02, 8.42857018e-01, 1.59820714e-01, 7.76854848e-01, 1.73964322e-01, 3.03856612e+00, 7.60426748e+01
1.91674849e-01, 7.61577735e-02, 8.39155077e-01, 1.63665549e-01, 7.73010013e-01, 1.78536040e-01, 3.03399440e+00, 7.62929954e+01
1.97055780e-01, 7.81143880e-02, 8.35382959e-01, 1.67587698e-01, 7.69087863e-01, 1.83220505e-01, 3.02930993e+00, 7.65498308e+01
2.02587771e-01, 8.01167833e-02, 8.31540137e-01, 1.71587999e-01, 7.65087563e-01, 1.88020138e-01, 3.02451030e+00, 7.68133683e+01
2.08275063e-01, 8.21658124e-02, 8.27626118e-01, 1.75667260e-01, 7.61008302e-01, 1.92937392e-01, 3.01959305e+00, 7.70838033e+01
2.14122015e-01, 8.42623342e-02, 8.23640447e-01, 1.79826263e-01, 7.56849299e-01, 1.97974753e-01, 3.01455569e+00, 7.73613394e+01
2.20133111e-01, 8.64072127e-02, 8.19582709e-01, 1.84065757e-01, 7.52609805e-01, 2.03134740e-01, 3.00939570e+00, 7.76461892e+01
2.26312957e-01, 8.86013169e-02, 8.15452527e-01, 1.88386460e-01, 7.48289102e-01, 2.08419903e-01, 3.00411054e+00, 7.79385750e+01
2.32666291e-01, 9.08455198e-02, 8.11249571e-01, 1.92789052e-01, 7.43886510e-01, 2.13832824e-01, 2.99869762e+00, 7.82387293e+01
2.39197984e-01, 9.31406982e-02, 8.06973553e-01, 1.97274177e-01, 7.39401385e-01, 2.19376111e-01, 2.99315433e+00, 7.85468953e+01
2.45913043e-01, 9.54877322e-02, 8.02624233e-01, 2.01842437e-01, 7.34833124e-01, 2.25052404e-01, 2.98747804e+00, 7.88633281e+01
2.52816614e-01, 9.78875042e-02, 7.98201419e-01, 2.06494393e-01, 7.30181169e-01, 2.30864368e-01, 2.98166607e+00, 7.91882952e+01
2.59913992e-01, 1.00340899e-01, 7.93704972e-01, 2.11230556e-01, 7.25445006e-01, 2.36814692e-01, 2.97571575e+00, 7.95220773e+01
2.67210616e-01, 1.02848802e-01, 7.89134803e-01, 2.16051393e-01, 7.20624169e-01, 2.42906090e-01, 2.96962435e+00, 7.98649692e+01
2.74712079e-01, 1.05412101e-01, 7.84490880e-01, 2.20957317e-01, 7.15718245e-01, 2.49141298e-01, 2.96338914e+00, 8.02172809e+01
2.82424133e-01, 1.08031682e-01, 7.79773224e-01, 2.25948687e-01, 7.10726875e-01, 2.55523071e-01, 2.95700737e+00, 8.05793385e+01
2.90352688e-01, 1.10708431e-01, 7.74981917e-01, 2.31025805e-01, 7.05649757e-01, 2.62054180e-01, 2.95047626e+00, 8.09514854e+01
2.98503825e-01, 1.13443233e-01, 7.70117100e-01, 2.36188912e-01, 7.00486650e-01, 2.68737413e-01, 2.94379303e+00, 8.13340832e+01
3.06883789e-01, 1.16236971e-01, 7.65178976e-01, 2.41438185e-01, 6.95237377e-01, 2.75575568e-01, 2.93695487e+00, 8.17275132e+01
3.15499006e-01, 1.19090524e-01, 7.60167811e-01, 2.46773736e-01, 6.89901826e-01, 2.82571452e-01, 2.92995899e+00, 8.21321773e+01
3.24356081e-01, 1.22004770e-01, 7.55083934e-01, 2.52195605e-01, 6.84479957e-01, 2.89727879e-01, 2.92280256e+00, 8.25484999e+01
3.33461802e-01, 1.24980579e-01, 7.49927744e-01, 2.57703759e-01, 6.78971803e-01, 2.97047664e-01, 2.91548278e+00, 8.29769289e+01
3.42823149e-01, 1.28018820e-01, 7.44699703e-01, 2.63298088e-01, 6.73377474e-01, 3.04533620e-01, 2.90799682e+00, 8.34179372e+01
3.52447300e-01, 1.31120351e-01, 7.39400345e-01, 2.68978402e-01, 6.67697160e-01, 3.12188554e-01, 2.90034189e+00, 8.38720247e+01
3.62341632e-01, 1.34286029e-01, 7.34030273e-01, 2.74744427e-01, 6.61931135e-01, 3.20015263e-01, 2.89251518e+00, 8.43397194e+01
3.72513730e-01, 1.37516698e-01, 7.28590161e-01, 2.80595801e-01, 6.56079761e-01, 3.28016529e-01, 2.88451391e+00, 8.48215798e+01
3.82971391e-01, 1.40813196e-01, 7.23080757e-01, 2.86532071e-01, 6.50143491e-01, 3.36195111e-01, 2.87633533e+00, 8.53181959e+01
3.93722633e-01, 1.44176353e-01, 7.17502878e-01, 2.92552689e-01, 6.44122873e-01, 3.44553744e-01, 2.86797670e+00, 8.58301921e+01
4.04775697e-01, 1.47606985e-01, 7.11857418e-01, 2.98657009e-01, 6.38018552e-01, 3.53095130e-01, 2.85943531e+00, 8.63582282e+01
4.16139055e-01, 1.51105900e-01, 7.06145344e-01, 3.04844283e-01, 6.31831279e-01, 3.61821932e-01, 2.85070851e+00, 8.69030024e+01
4.27821420e-01, 1.54673893e-01, 7.00367697e-01, 3.11113656e-01, 6.25561906e-01, 3.70736767e-01, 2.84179367e+00, 8.74652526e+01
4.39831747e-01, 1.58311745e-01, 6.94525595e-01, 3.17464165e-01, 6.19211397e-01, 3.79842200e-01, 2.83268824e+00, 8.80457593e+01
4.52179242e-01, 1.62020224e-01, 6.88620228e-01, 3.23894733e-01, 6.12780829e-01, 3.89140736e-01, 2.82338970e+00, 8.86453477e+01
4.64873371e-01, 1.65800084e-01, 6.82652863e-01, 3.30404167e-01, 6.06271394e-01, 3.98634809e-01, 2.81389563e+00, 8.92648899e+01
4.77923865e-01, 1.69652062e-01, 6.76624841e-01, 3.36991155e-01, 5.99684407e-01, 4.08326778e-01, 2.80420366e+00, 8.99053075e+01
4.91340729e-01, 1.73576879e-01, 6.70537578e-01, 3.43654258e-01, 5.93021303e-01, 4.18218915e-01, 2.79431153e+00, 9.05675742e+01
5.05134247e-01, 1.77575238e-01, 6.64392563e-01, 3.50391916e-01, 5.86283645e-01, 4.28313397e-01, 2.78421704e+00, 9.12527183e+01
5.19314994e-01, 1.81647824e-01, 6.58191359e-01, 3.57202437e-01, 5.79473125e-01, 4.38612296e-01, 2.77391814e+00, 9.19618252e+01
5.33893840e-01, 1.85795303e-01, 6.51935600e-01, 3.64083995e-01, 5.72591567e-01, 4.49117567e-01, 2.76341287e+00, 9.26960402e+01
5.48881961e-01, 1.90018322e-01, 6.45626991e-01, 3.71034632e-01, 5.65640930e-01, 4.59831040e-01, 2.75269940e+00, 9.34565715e+01
5.64290847e-01, 1.94317504e-01, 6.39267309e-01, 3.78052254e-01, 5.58623308e-01, 4.70754409e-01, 2.74177603e+00, 9.42446922e+01
5.80132310e-01, 1.98693454e-01, 6.32858396e-01, 3.85134624e-01, 5.51540938e-01, 4.81889219e-01, 2.73064122e+00, 9.50617439e+01
5.96418495e-01, 2.03146750e-01, 6.26402164e-01, 3.92279369e-01, 5.44396193e-01, 4.93236856e-01, 2.71929358e+00, 9.59091389e+01
6.13161884e-01, 2.07677952e-01, 6.19900588e-01, 3.99483972e-01, 5.37191590e-01, 5.04798536e-01, 2.70773190e+00, 9.67883633e+01
6.30375315e-01, 2.12287591e-01, 6.13355704e-01, 4.06745775e-01, 5.29929787e-01, 5.16575291e-01, 2.69595515e+00, 9.77009797e+01
6.48071983e-01, 2.16976176e-01, 6.06769614e-01, 4.14061977e-01, 5.22613585e-01, 5.28567961e-01, 2.68396248e+00, 9.86486299e+01
6.66265452e-01, 2.21744190e-01, 6.00144472e-01, 4.21429634e-01, 5.15245928e-01, 5.40777179e-01, 2.67175326e+00, 9.96330377e+01
6.84969672e-01, 2.26592088e-01, 5.93482492e-01, 4.28845664e-01, 5.07829898e-01, 5.53203361e-01, 2.65932708e+00, 1.00656012e+02
7.04198979e-01, 2.31520301e-01, 5.86785940e-01, 4.36306841e-01, 5.00368720e-01, 5.65846695e-01, 2.64668375e+00, 1.01719447e+02
7.23968114e-01, 2.36529229e-01, 5.80057132e-01, 4.43809806e-01, 4.92865755e-01, 5.78707128e-01, 2.63382331e+00, 1.02825331e+02
7.44292233e-01, 2.41619247e-01, 5.73298431e-01, 4.51351064e-01, 4.85324498e-01, 5.91784357e-01, 2.62074608e+00, 1.03975741e+02
7.65186915e-01, 2.46790700e-01, 5.66512244e-01, 4.58926987e-01, 4.77748575e-01, 6.05077822e-01, 2.60745262e+00, 1.05172851e+02
7.86668179e-01, 2.52043903e-01, 5.59701019e-01, 4.66533824e-01, 4.70141738e-01, 6.18586688e-01, 2.59394375e+00, 1.06418932e+02
8.08752491e-01, 2.57379142e-01, 5.52867241e-01, 4.74167702e-01, 4.62507860e-01, 6.32309847e-01, 2.58022059e+00, 1.07716354e+02
8.31456781e-01, 2.62796674e-01, 5.46013431e-01, 4.81824633e-01, 4.54850928e-01, 6.46245902e-01, 2.56628454e+00, 1.09067592e+02
8.54798453e-01, 2.68296725e-01, 5.39142136e-01, 4.89500522e-01, 4.47175040e-01, 6.60393164e-01, 2.55213728e+00, 1.10475222e+02
8.78795401e-01, 2.73879488e-01, 5.32255933e-01, 4.97191172e-01, 4.39484390e-01, 6.74749645e-01, 2.53778079e+00, 1.11941928e+02
9.03466021e-01, 2.79545129e-01, 5.25357421e-01, 5.04892297e-01, 4.31783265e-01, 6.89313057e-01, 2.52321738e+00, 1.13470503e+02
9.28829225e-01, 2.85293778e-01, 5.18449216e-01, 5.12599525e-01, 4.24076037e-01, 7.04080802e-01, 2.50844964e+00, 1.15063851e+02
9.54904456e-01, 2.91125536e-01, 5.11533951e-01, 5.20308417e-01, 4.16367145e-01, 7.19049977e-01, 2.49348046e+00, 1.16724988e+02
9.81711702e-01, 2.97040474e-01, 5.04614268e-01, 5.28014468e-01, 4.08661094e-01, 7.34217373e-01, 2.47831307e+00, 1.18457045e+02
1.00927151e+00, 3.03038627e-01, 4.97692817e-01, 5.35713127e-01, 4.00962435e-01, 7.49579470e-01, 2.46295097e+00, 1.20263271e+02
1.03760502e+00, 3.09120002e-01, 4.90772250e-01, 5.43399803e-01, 3.93275759e-01, 7.65132449e-01, 2.44739799e+00, 1.22147033e+02
1.06673394e+00, 3.15284571e-01, 4.83855218e-01, 5.51069883e-01, 3.85605679e-01, 7.80872190e-01, 2.43165825e+00, 1.24111819e+02
1.09668060e+00, 3.21532276e-01, 4.76944367e-01, 5.58718739e-01, 3.77956823e-01, 7.96794282e-01, 2.41573616e+00, 1.26161241e+02
1.12746796e+00, 3.27863028e-01, 4.70042332e-01, 5.66341747e-01, 3.70333815e-01, 8.12894028e-01, 2.39963641e+00, 1.28299038e+02
1.15911962e+00, 3.34276704e-01, 4.63151736e-01, 5.73934299e-01, 3.62741263e-01, 8.29166458e-01, 2.38336398e+00, 1.30529076e+02
1.19165984e+00, 3.40773150e-01, 4.56275185e-01, 5.81491817e-01, 3.55183745e-01, 8.45606335e-01, 2.36692411e+00, 1.32855352e+02
1.22511358e+00, 3.47352184e-01, 4.49415262e-01, 5.89009764e-01, 3.47665798e-01, 8.62208174e-01, 2.35032227e+00, 1.35281997e+02
1.25950646e+00, 3.54013588e-01, 4.42574525e-01, 5.96483664e-01, 3.40191897e-01, 8.78966249e-01, 2.33356419e+00, 1.37813281e+02
1.29486487e+00, 3.60757118e-01, 4.35755505e-01, 6.03909111e-01, 3.32766451e-01, 8.95874615e-01, 2.31665583e+00, 1.40453613e+02
1.33121590e+00, 3.67582497e-01, 4.28960698e-01, 6.11281783e-01, 3.25393778e-01, 9.12927119e-01, 2.29960332e+00, 1.43207548e+02
1.36858742e+00, 3.74489419e-01, 4.22192565e-01, 6.18597458e-01, 3.18078104e-01, 9.30117419e-01, 2.28241302e+00, 1.46079789e+02
1.40700809e+00, 3.81477549e-01, 4.15453528e-01, 6.25852021e-01, 3.10823541e-01, 9.47439003e-01, 2.26509144e+00, 1.49075195e+02
1.44650734e+00, 3.88546523e-01, 4.08745964e-01, 6.33041482e-01, 3.03634080e-01, 9.64885209e-01, 2.24764523e+00, 1.52198782e+02
1.48711546e+00, 3.95695948e-01, 4.02072206e-01, 6.40161985e-01, 2.96513577e-01, 9.82449239e-01, 2.23008120e+00, 1.55455731e+02
1.52886359e+00, 4.02925403e-01, 3.95434536e-01, 6.47209815e-01, 2.89465747e-01, 1.00012418e+00, 2.21240626e+00, 1.58851394e+02
1.57178372e+00, 4.10234442e-01, 3.88835186e-01, 6.54181412e-01, 2.82494150e-01, 1.01790304e+00, 2.19462740e+00, 1.62391302e+02
1.61590875e+00, 4.17622591e-01, 3.82276331e-01, 6.61073378e-01, 2.75602184e-01, 1.03577874e+00, 2.17675170e+00, 1.66081170e+02
1.66127252e+00, 4.25089350e-01, 3.75760089e-01, 6.67882484e-01, 2.68793077e-01, 1.05374416e+00, 2.15878628e+00, 1.69926905e+02
1.70790980e+00, 4.32634194e-01, 3.69288519e-01, 6.74605678e-01, 2.62069884e-01, 1.07179212e+00, 2.14073832e+00, 1.73934616e+02
1.75585633e+00, 4.40256573e-01, 3.62863618e-01, 6.81240087e-01, 2.55435475e-01, 1.08991545e+00, 2.12261499e+00, 1.78110626e+02
1.80514888e+00, 4.47955916e-01, 3.56487318e-01, 6.87783026e-01, 2.48892536e-01, 1.10810699e+00, 2.10442345e+00, 1.82461473e+02
1.85582523e+00, 4.55731626e-01, 3.50161484e-01, 6.94232000e-01, 2.42443562e-01, 1.12635957e+00, 2.08617087e+00, 1.86993932e+02
1.90792422e+00, 4.63583085e-01, 3.43887915e-01, 7.00584703e-01, 2.36090858e-01, 1.14466608e+00, 2.06786436e+00, 1.91715016e+02
1.96148581e+00, 4.71509656e-01, 3.37668341e-01, 7.06839027e-01, 2.29836535e-01, 1.16301946e+00, 2.04951098e+00, 1.96631995e+02
2.01655104e+00, 4.79510678e-01, 3.31504419e-01, 7.12993053e-01, 2.23682509e-01, 1.18141271e+00, 2.03111773e+00, 2.01752405e+02
2.07316213e+00, 4.87585472e-01, 3.25397736e-01, 7.19045057e-01, 2.17630505e-01, 1.19983892e+00, 2.01269152e+00, 2.07084064e+02
2.13136247e+00, 4.95733342e-01, 3.19349807e-01, 7.24993507e-01, 2.11682055e-01, 1.21829127e+00, 1.99423917e+00, 2.12635081e+02
2.19119669e+00, 5.03953573e-01, 3.13362070e-01, 7.30837061e-01, 2.05838501e-01, 1.23676304e+00, 1.97576740e+00, 2.18413878e+02
2.25271064e+00, 5.12245431e-01, 3.07435893e-01, 7.36574564e-01, 2.00100998e-01, 1.25524765e+00, 1.95728279e+00, 2.24429200e+02
2.31595149e+00, 5.20608169e-01, 3.01572566e-01, 7.42205041e-01, 1.94470521e-01, 1.27373861e+00, 1.93879183e+00, 2.30690134e+02
2.38096772e+00, 5.29041024e-01, 2.95773306e-01, 7.47727700e-01, 1.88947862e-01, 1.29222960e+00, 1.92030084e+00, 2.37206122e+02
2.44780916e+00, 5.37543219e-01, 2.90039255e-01, 7.53141921e-01, 1.83533641e-01, 1.31071441e+00, 1.90181603e+00, 2.43986986e+02
2.51652705e+00, 5.46113963e-01, 2.84371479e-01, 7.58447252e-01, 1.78228310e-01, 1.32918700e+00, 1.88334344e+00, 2.51042937e+02
2.58717408e+00, 5.54752453e-01, 2.78770971e-01, 7.63643405e-01, 1.73032157e-01, 1.34764147e+00, 1.86488897e+00, 2.58384604e+02
2.65980440e+00, 5.63457874e-01, 2.73238647e-01, 7.68730249e-01, 1.67945313e-01, 1.36607208e+00, 1.84645836e+00, 2.66023046e+02
2.73447368e+00, 5.72229403e-01, 2.67775351e-01, 7.73707803e-01, 1.62967759e-01, 1.38447325e+00, 1.82805719e+00, 2.73969776e+02
2.81123917e+00, 5.81066203e-01, 2.62381854e-01, 7.78576230e-01, 1.58099331e-01, 1.40283957e+00, 1.80969087e+00, 2.82236784e+02
2.89015972e+00, 5.89967432e-01, 2.57058854e-01, 7.83335832e-01, 1.53339730e-01, 1.42116578e+00, 1.79136466e+00, 2.90836557e+02
2.97129582e+00, 5.98932239e-01, 2.51806978e-01, 7.87987039e-01, 1.48688523e-01, 1.43944681e+00, 1.77308363e+00, 2.99782102e+02
3.05470967e+00, 6.07959763e-01, 2.46626782e-01, 7.92530404e-01, 1.44145157e-01, 1.45767773e+00, 1.75485271e+00, 3.09086972e+02
3.14046522e+00, 6.17049141e-01, 2.41518754e-01, 7.96966600e-01, 1.39708962e-01, 1.47585378e+00, 1.73667666e+00, 3.18765290e+02
3.22862820e+00, 6.26199502e-01, 2.36483311e-01, 8.01296405e-01, 1.35379157e-01, 1.49397040e+00, 1.71856004e+00, 3.28831773e+02
3.31926620e+00, 6.35409971e-01, 2.31520808e-01, 8.05520702e-01, 1.31154860e-01, 1.51202314e+00, 1.70050730e+00, 3.39301763e+02
3.41244871e+00, 6.44679670e-01, 2.26631530e-01, 8.09640470e-01, 1.27035092e-01, 1.53000777e+00, 1.68252267e+00, 3.50191251e+02
3.50824714e+00, 6.54007716e-01, 2.21815701e-01, 8.13656775e-01, 1.23018787e-01, 1.54792018e+00, 1.66461026e+00, 3.61516909e+02
3.60673495e+00, 6.63393226e-01, 2.17073483e-01, 8.17570767e-01, 1.19104795e-01, 1.56575644e+00, 1.64677400e+00, 3.73296115e+02
3.70798763e+00, 6.72835313e-01, 2.12404976e-01, 8.21383671e-01, 1.15291891e-01, 1.58351277e+00, 1.62901767e+00, 3.85546991e+02
3.81208280e+00, 6.82333091e-01, 2.07810223e-01, 8.25096782e-01, 1.11578780e-01, 1.60118556e+00, 1.61134488e+00, 3.98288430e+02
3.91910025e+00, 6.91885673e-01, 2.03289209e-01, 8.28711459e-01, 1.07964103e-01, 1.61877133e+00, 1.59375911e+00, 4.11540130e+02
4.02912203e+00, 7.01492174e-01, 1.98841864e-01, 8.32229117e-01, 1.04446445e-01, 1.63626678e+00, 1.57626366e+00, 4.25322633e+02
4.14223247e+00, 7.11151707e-01, 1.94468065e-01, 8.35651224e-01, 1.01024338e-01, 1.65366873e+00, 1.55886171e+00, 4.39657354e+02
4.25851829e+00, 7.20863389e-01, 1.90167637e-01, 8.38979296e-01, 9.76962662e-02, 1.67097415e+00, 1.54155629e+00, 4.54566627e+02
4.37806863e+00, 7.30626340e-01, 1.85940357e-01, 8.42214887e-01, 9.44606753e-02, 1.68818017e+00, 1.52435027e+00, 4.70073736e+02
4.50097513e+00, 7.40439681e-01, 1.81785952e-01, 8.45359589e-01, 9.13159728e-02, 1.70528403e+00, 1.50724641e+00, 4.86202962e+02
4.62733201e+00, 7.50302539e-01, 1.77704105e-01, 8.48415026e-01, 8.82605354e-02, 1.72228313e+00, 1.49024731e+00, 5.02979620e+02
4.75723614e+00, 7.60214043e-01, 1.73694456e-01, 8.51382849e-01, 8.52927129e-02, 1.73917499e+00, 1.47335545e+00, 5.20430107e+02
4.89078709e+00, 7.70173327e-01, 1.69756602e-01, 8.54264729e-01, 8.24108325e-02, 1.75595726e+00, 1.45657318e+00, 5.38581947e+02
5.02808725e+00, 7.80179530e-01, 1.65890100e-01, 8.57062359e-01, 7.96132030e-02, 1.77262772e+00, 1.43990272e+00, 5.57463835e+02
5.16924187e+00, 7.90231798e-01, 1.62094471e-01, 8.59777443e-01, 7.68981187e-02, 1.78918426e+00, 1.42334618e+00, 5.77105690e+02
5.31435916e+00, 8.00329281e-01, 1.58369199e-01, 8.62411699e-01, 7.42638632e-02, 1.80562491e+00, 1.40690553e+00, 5.97538707e+02
5.46355035e+00, 8.10471136e-01, 1.54713732e-01, 8.64966849e-01, 7.17087126e-02, 1.82194780e+00, 1.39058264e+00, 6.18795408e+02
5.61692982e+00, 8.20656529e-01, 1.51127491e-01, 8.67444623e-01, 6.92309391e-02, 1.83815118e+00, 1.37437926e+00, 6.40909698e+02
5.77461515e+00, 8.30884629e-01, 1.47609861e-01, 8.69846748e-01, 6.68288138e-02, 1.85423341e+00, 1.35829703e+00, 6.63916928e+02
5.93672722e+00, 8.41154616e-01, 1.44160202e-01, 8.72174952e-01, 6.45006097e-02, 1.87019295e+00, 1.34233749e+00, 6.87853948e+02
6.10339029e+00, 8.51465677e-01, 1.40777848e-01, 8.74430958e-01, 6.22446043e-02, 1.88602838e+00, 1.32650206e+00, 7.12759177e+02
6.27473213e+00, 8.61817006e-01, 1.37462106e-01, 8.76616479e-01, 6.00590824e-02, 1.90173838e+00, 1.31079207e+00, 7.38672664e+02
6.45088409e+00, 8.72207807e-01, 1.34212261e-01, 8.78733224e-01, 5.79423380e-02, 1.91732170e+00, 1.29520874e+00, 7.65636160e+02
6.63198120e+00, 8.82637292e-01, 1.31027576e-01, 8.80782885e-01, 5.58926767e-02, 1.93277723e+00, 1.27975321e+00, 7.93693187e+02
6.81816229e+00, 8.93104682e-01, 1.27907296e-01, 8.82767144e-01, 5.39084177e-02, 1.94810392e+00, 1.26442652e+00, 8.22889114e+02
7.00957009e+00, 9.03609206e-01, 1.24850646e-01, 8.84687666e-01, 5.19878956e-02, 1.96330082e+00, 1.24922962e+00, 8.53271234e+02
7.20635132e+00, 9.14150106e-01, 1.21856835e-01, 8.86546100e-01, 5.01294621e-02, 1.97836708e+00, 1.23416336e+00, 8.84888847e+02
7.40865683e+00, 9.24726629e-01, 1.18925058e-01, 8.88344074e-01, 4.83314875e-02, 1.99330191e+00, 1.21922853e+00, 9.17793341e+02
7.61664172e+00, 9.35338035e-01, 1.16054495e-01, 8.90083200e-01, 4.65923623e-02, 2.00810464e+00, 1.20442580e+00, 9.52038280e+02
7.83046540e+00, 9.45983593e-01, 1.13244314e-01, 8.91765064e-01, 4.49104980e-02, 2.02277463e+00, 1.18975581e+00, 9.87679500e+02
8.05029181e+00, 9.56662583e-01, 1.10493675e-01, 8.93391233e-01, 4.32843289e-02, 2.03731137e+00, 1.17521907e+00, 1.02477520e+03
8.27628946e+00, 9.67374292e-01, 1.07801724e-01, 8.94963249e-01, 4.17123127e-02, 2.05171439e+00, 1.16081605e+00, 1.06338605e+03
8.50863158e+00, 9.78118021e-01, 1.05167604e-01, 8.96482630e-01, 4.01929315e-02, 2.06598329e+00, 1.14654715e+00, 1.10357527e+03
8.74749630e+00, 9.88893079e-01, 1.02590447e-01, 8.97950869e-01, 3.87246927e-02, 2.08011778e+00, 1.13241266e+00, 1.14540878e+03
8.99306672e+00, 9.99698787e-01, 1.00069381e-01, 8.99369432e-01, 3.73061296e-02, 2.09411759e+00, 1.11841285e+00, 1.18895528e+03
9.24553110e+00, 1.01053448e+00, 9.76035298e-02, 9.00739760e-01, 3.59358021e-02, 2.10798255e+00, 1.10454789e+00, 1.23428637e+03
9.50508296e+00, 1.02139949e+00, 9.51920136e-02, 9.02063265e-01, 3.46122972e-02, 2.12171253e+00, 1.09081791e+00, 1.28147668e+03
9.77192128e+00, 1.03229317e+00, 9.28339498e-02, 9.03341332e-01, 3.33342295e-02, 2.13530747e+00, 1.07722297e+00, 1.33060402e+03
1.00462506e+01, 1.04321489e+00, 9.05284548e-02, 9.04575321e-01, 3.21002413e-02, 2.14876738e+00, 1.06376306e+00, 1.38174947e+03
1.03282813e+01, 1.05416402e+00, 8.82746444e-02, 9.05766559e-01, 3.09090033e-02, 2.16209231e+00, 1.05043813e+00, 1.43499754e+03
1.06182294e+01, 1.06513995e+00, 8.60716349e-02, 9.06916347e-01, 2.97592146e-02, 2.17528238e+00, 1.03724806e+00, 1.49043633e+03
1.09163173e+01, 1.07614206e+00, 8.39185439e-02, 9.08025959e-01, 2.86496026e-02, 2.18833774e+00, 1.02419270e+00, 1.54815765e+03
1.12227736e+01, 1.08716977e+00, 8.18144912e-02, 9.09096638e-01, 2.75789236e-02, 2.20125861e+00, 1.01127183e+00, 1.60825720e+03
1.15378330e+01, 1.09822248e+00, 7.97585995e-02, 9.10129600e-01, 2.65459623e-02, 2.21404526e+00, 9.98485180e-01, 1.67083474e+03
1.18617372e+01, 1.10929963e+00, 7.77499950e-02, 9.11126030e-01, 2.55495322e-02, 2.22669799e+00, 9.85832446e-01, 1.73599422e+03
1.21947344e+01, 1.12040065e+00, 7.57878084e-02, 9.12087087e-01, 2.45884752e-02, 2.23921717e+00, 9.73313274e-01, 1.80384403e+03
1.25370799e+01, 1.13152499e+00, 7.38711753e-02, 9.13013900e-01, 2.36616618e-02, 2.25160317e+00, 9.60927265e-01, 1.87449711e+03
1.28890361e+01, 1.14267211e+00, 7.19992367e-02, 9.13907571e-01, 2.27679906e-02, 2.26385646e+00, 9.48673982e-01, 1.94807118e+03
1.32508729e+01, 1.15384147e+00, 7.01711401e-02, 9.14769174e-01, 2.19063883e-02, 2.27597749e+00, 9.36552947e-01, 2.02468896e+03
1.36228676e+01, 1.16503255e+00, 6.83860392e-02, 9.15599753e-01, 2.10758094e-02, 2.28796680e+00, 9.24563645e-01, 2.10447835e+03
1.40053055e+01, 1.17624484e+00, 6.66430952e-02, 9.16400326e-01, 2.02752358e-02, 2.29982492e+00, 9.12705525e-01, 2.18757265e+03
1.43984795e+01, 1.18747784e+00, 6.49414767e-02, 9.17171885e-01, 1.95036768e-02, 2.31155244e+00, 9.00978003e-01, 2.27411082e+03
1.48026913e+01, 1.19873106e+00, 6.32803605e-02, 9.17915393e-01, 1.87601685e-02, 2.32314998e+00, 8.89380461e-01, 2.36423768e+03
1.52182505e+01, 1.21000400e+00, 6.16589316e-02, 9.18631788e-01, 1.80437736e-02, 2.33461819e+00, 8.77912250e-01, 2.45810419e+03
1.56454759e+01, 1.22129622e+00, 6.00763839e-02, 9.19321981e-01, 1.73535808e-02, 2.34595775e+00, 8.66572695e-01, 2.55586768e+03
1.60846948e+01, 1.23260723e+00, 5.85319205e-02, 9.19986857e-01, 1.66887048e-02, 2.35716935e+00, 8.55361088e-01, 2.65769216e+03
1.65362441e+01, 1.24393658e+00, 5.70247538e-02, 9.20627277e-01, 1.60482853e-02, 2.36825374e+00, 8.44276698e-01, 2.76374857e+03
1.70004698e+01, 1.25528384e+00, 5.55541057e-02, 9.21244075e-01, 1.54314872e-02, 2.37921167e+00, 8.33318768e-01, 2.87421507e+03
1.74777277e+01, 1.26664856e+00, 5.41192085e-02, 9.21838062e-01, 1.48374997e-02, 2.39004392e+00, 8.22486517e-01, 2.98927738e+03
1.79683839e+01, 1.27803033e+00, 5.27193041e-02, 9.22410026e-01, 1.42655361e-02, 2.40075130e+00, 8.11779143e-01, 3.10912906e+03
1.84728144e+01, 1.28942872e+00, 5.13536452e-02, 9.22960729e-01, 1.37148332e-02, 2.41133462e+00, 8.01195821e-01, 3.23397188e+03
1.89914058e+01, 1.30084334e+00, 5.00214947e-02, 9.23490911e-01, 1.31846508e-02, 2.42179473e+00, 7.90735709e-01, 3.36401613e+03
1.95245558e+01, 1.31227377e+00, 4.87221263e-02, 9.24001291e-01, 1.26742713e-02, 2.43213250e+00, 7.80397944e-01, 3.49948101e+03
2.00726730e+01, 1.32371963e+00, 4.74548245e-02, 9.24492562e-01, 1.21829994e-02, 2.44234879e+00, 7.70181646e-01, 3.64059500e+03
2.06361777e+01, 1.33518054e+00, 4.62188846e-02, 9.24965401e-01, 1.17101610e-02, 2.45244452e+00, 7.60085920e-01, 3.78759625e+03
2.12155017e+01, 1.34665613e+00, 4.50136131e-02, 9.25420458e-01, 1.12551036e-02, 2.46242058e+00, 7.50109855e-01, 3.94073298e+03
2.18110892e+01, 1.35814602e+00, 4.38383275e-02, 9.25858367e-01, 1.08171950e-02, 2.47227791e+00, 7.40252527e-01, 4.10026393e+03
2.24233968e+01, 1.36964988e+00, 4.26923562e-02, 9.26279739e-01, 1.03958233e-02, 2.48201744e+00, 7.30512998e-01, 4.26645879e+03
2.30528939e+01, 1.38116734e+00, 4.15750390e-02, 9.26685166e-01, 9.99039611e-03, 2.49164012e+00, 7.20890318e-01, 4.43959867e+03
2.37000629e+01, 1.39269806e+00, 4.04857268e-02, 9.27075222e-01, 9.60034028e-03, 2.50114691e+00, 7.11383527e-01, 4.61997656e+03
2.43654001e+01, 1.40424172e+00, 3.94237819e-02, 9.27450461e-01, 9.22510134e-03, 2.51053879e+00, 7.01991654e-01, 4.80789787e+03
2.50494154e+01, 1.41579798e+00, 3.83885774e-02, 9.27811419e-01, 8.86414298e-03, 2.51981672e+00, 6.92713719e-01, 5.00368096e+03
2.57526333e+01, 1.42736654e+00, 3.73794979e-02, 9.28158615e-01, 8.51694661e-03, 2.52898171e+00, 6.83548734e-01, 5.20765764e+03
2.64755927e+01, 1.43894707e+00, 3.63959391e-02, 9.28492551e-01, 8.18301086e-03, 2.53803474e+00, 6.74495703e-01, 5.42017378e+03
2.72188479e+01, 1.45053928e+00, 3.54373078e-02, 9.28813711e-01, 7.86185113e-03, 2.54697682e+00, 6.65553625e-01, 5.64158989e+03
2.79829688e+01, 1.46214287e+00, 3.45030217e-02, 9.29122563e-01, 7.55299912e-03, 2.55580895e+00, 6.56721491e-01, 5.87228175e+03
2.87685409e+01, 1.47375755e+00, 3.35925097e-02, 9.29419559e-01, 7.25600239e-03, 2.56453215e+00, 6.47998287e-01, 6.11264106e+03
2.95761666e+01, 1.48538304e+00, 3.27052117e-02, 9.29705138e-01, 6.97042385e-03, 2.57314744e+00, 6.39382997e-01, 6.36307611e+03
3.04064649e+01, 1.49701906e+00, 3.18405781e-02, 9.29979720e-01, 6.69584141e-03, 2.58165584e+00, 6.30874598e-01, 6.62401245e+03
3.12600724e+01, 1.50866534e+00, 3.09980705e-02, 9.30243714e-01, 6.43184747e-03, 2.59005837e+00, 6.22472067e-01, 6.89589369e+03
3.21376434e+01, 1.52032162e+00, 3.01771610e-02, 9.30497513e-01, 6.17804851e-03, 2.59835606e+00, 6.14174376e-01, 7.17918221e+03
3.30398507e+01, 1.53198765e+00, 2.93773321e-02, 9.30741497e-01, 5.93406468e-03, 2.60654994e+00, 6.05980497e-01, 7.47435998e+03
3.39673858e+01, 1.54366317e+00, 2.85980772e-02, 9.30976032e-01, 5.69952940e-03, 2.61464104e+00, 5.97889400e-01, 7.78192937e+03
3.49209598e+01, 1.55534793e+00, 2.78388997e-02, 9.31201473e-01, 5.47408892e-03, 2.62263039e+00, 5.89900053e-01, 8.10241405e+03
3.59013038e+01, 1.56704171e+00, 2.70993135e-02, 9.31418160e-01, 5.25740195e-03, 2.63051901e+00, 5.82011427e-01, 8.43635985e+03
3.69091691e+01, 1.57874427e+00, 2.63788425e-02, 9.31626423e-01, 5.04913927e-03, 2.63830795e+00, 5.74222491e-01, 8.78433574e+03
3.79453285e+01, 1.59045537e+00, 2.56770206e-02, 9.31826579e-01, 4.84898334e-03, 2.64599823e+00, 5.66532214e-01, 9.14693478e+03
3.90105762e+01, 1.60217481e+00, 2.49933916e-02, 9.32018934e-01, 4.65662796e-03, 2.65359087e+00, 5.58939569e-01, 9.52477515e+03
4.01057288e+01, 1.61390235e+00, 2.43275093e-02, 9.32203784e-01, 4.47177785e-03, 2.66108691e+00, 5.51443529e-01, 9.91850122e+03
4.12316259e+01, 1.62563780e+00, 2.36789368e-02, 9.32381413e-01, 4.29414838e-03, 2.66848737e+00, 5.44043070e-01, 1.03287847e+04
4.23891306e+01, 1.63738095e+00, 2.30472468e-02, 9.32552097e-01, 4.12346515e-03, 2.67579327e+00, 5.36737169e-01, 1.07563256e+04
4.35791301e+01, 1.64913159e+00, 2.24320214e-02, 9.32716098e-01, 3.95946370e-03, 2.68300563e+00, 5.29524808e-01, 1.12018539e+04
4.48025368e+01, 1.66088953e+00, 2.18328518e-02, 9.32873673e-01, 3.80188917e-03, 2.69012547e+00, 5.22404971e-01, 1.16661301e+04
4.60602884e+01, 1.67265458e+00, 2.12493385e-02, 9.33025066e-01, 3.65049597e-03, 2.69715379e+00, 5.15376646e-01, 1.21499473e+04
4.73533492e+01, 1.68442656e+00, 2.06810907e-02, 9.33170514e-01, 3.50504751e-03, 2.70409162e+00, 5.08438824e-01, 1.26541319e+04
4.86827104e+01, 1.69620528e+00, 2.01277264e-02, 9.33310246e-01, 3.36531585e-03, 2.71093994e+00, 5.01590503e-01, 1.31795456e+04
5.00493910e+01, 1.70799057e+00, 1.95888723e-02, 9.33444480e-01, 3.23108143e-03, 2.71769976e+00, 4.94830682e-01, 1.37270863e+04
5.14544388e+01, 1.71978224e+00, 1.90641636e-02, 9.33573429e-01, 3.10213279e-03, 2.72437207e+00, 4.88158368e-01, 1.42976902e+04
5.28989308e+01, 1.73158015e+00, 1.85532437e-02, 9.33697296e-01, 2.97826630e-03, 2.73095787e+00, 4.81572571e-01, 1.48923330e+04
5.43839743e+01, 1.74338412e+00, 1.80557646e-02, 9.33816276e-01, 2.85928586e-03, 2.73745813e+00, 4.75072308e-01, 1.55120319e+04
5.59107078e+01, 1.75519399e+00, 1.75713858e-02, 9.33930559e-01, 2.74500267e-03, 2.74387384e+00, 4.68656599e-01, 1.61578471e+04
5.74803016e+01, 1.76700960e+00, 1.70997750e-02, 9.34040327e-01, 2.63523498e-03, 2.75020597e+00, 4.62324473e-01, 1.68308837e+04
5.90939590e+01, 1.77883082e+00, 1.66406078e-02, 9.34145754e-01, 2.52980780e-03, 2.75645548e+00, 4.56074963e-01, 1.75322937e+04
6.07529169e+01, 1.79065748e+00, 1.61935670e-02, 9.34247009e-01, 2.42855273e-03, 2.76262333e+00, 4.49907109e-01, 1.82632779e+04
6.24584471e+01, 1.80248944e+00, 1.57583434e-02, 9.34344254e-01, 2.33130766e-03, 2.76871048e+00, 4.43819957e-01, 1.90250880e+04
6.42118571e+01, 1.81432657e+00, 1.53346346e-02, 9.34437645e-01, 2.23791661e-03, 2.77471788e+00, 4.37812559e-01, 1.98190287e+04
6.60144909e+01, 1.82616872e+00, 1.49221457e-02, 9.34527332e-01, 2.14822946e-03, 2.78064647e+00, 4.31883975e-01, 2.06464599e+04
6.78677305e+01, 1.83801577e+00, 1.45205889e-02, 9.34613460e-01, 2.06210177e-03, 2.78649717e+00, 4.26033271e-01, 2.15087994e+04
6.97729965e+01, 1.84986758e+00, 1.41296829e-02, 9.34696167e-01, 1.97939458e-03, 2.79227092e+00, 4.20259521e-01, 2.24075250e+04
7.17317494e+01, 1.86172403e+00, 1.37491537e-02, 9.34775588e-01, 1.89997419e-03, 2.79796864e+00, 4.14561804e-01, 2.33441768e+04
7.37454909e+01, 1.87358500e+00, 1.33787335e-02, 9.34851850e-01, 1.82371199e-03, 2.80359123e+00, 4.08939209e-01, 2.43203606e+04
7.58157646e+01, 1.88545036e+00, 1.30181611e-02, 9.34925078e-01, 1.75048428e-03, 2.80913961e+00, 4.03390830e-01, 2.53377501e+04
7.79441575e+01, 1.89731999e+00, 1.26671819e-02, 9.34995390e-01, 1.68017207e-03, 2.81461467e+00, 3.97915769e-01, 2.63980899e+04
8.01323013e+01, 1.90919379e+00, 1.23255471e-02, 9.35062901e-01, 1.61266091e-03, 2.82001730e+00, 3.92513138e-01, 2.75031986e+04
8.23818733e+01, 1.92107165e+00, 1.19930143e-02, 9.35127721e-01, 1.54784076e-03, 2.82534839e+00, 3.87182052e-01, 2.86549718e+04
8.46945981e+01, 1.93295345e+00, 1.16693470e-02, 9.35189956e-01, 1.48560579e-03, 2.83060880e+00, 3.81921637e-01, 2.98553854e+04
8.70722485e+01, 1.94483908e+00, 1.13543144e-02, 9.35249708e-01, 1.42585422e-03, 2.83579941e+00, 3.76731026e-01, 3.11064993e+04
8.95166472e+01, 1.95672846e+00, 1.10476916e-02, 9.35307074e-01, 1.36848822e-03, 2.84092108e+00, 3.71609361e-01, 3.24104605e+04
9.20296681e+01, 1.96862147e+00, 1.07492590e-02, 9.35362148e-01, 1.31341371e-03, 2.84597465e+00, 3.66555788e-01, 3.37695070e+04
9.46132376e+01, 1.98051802e+00, 1.04588028e-02, 9.35415022e-01, 1.26054024e-03, 2.85096097e+00, 3.61569466e-01, 3.51859717e+04
9.72693362e+01, 1.99241802e+00, 1.01761143e-02, 9.35465781e-01, 1.20978089e-03, 2.85588088e+00, 3.56649558e-01, 3.66622864e+04
1.00000000e+02, 2.00432137e+00, 9.90099010e-03, 9.35514510e-01, 1.16105205e-03, 2.86073520e+00, 3.51795237e-01, 3.82009861e+04
