 --- Cosmological Parameters --- 
	 H0: 2.2047e-18 (1/s) = 68.0300 (km/s/Mpc) 
	 OmegaM: 3.2000e-01 
	 OmegaR: 0.0000e+00 
	 OmegaL: 6.8000e-01 
	 OmegaK: 0.0000e+00 
		 w0: -8.2700e-01 
		 wa: -7.5000e-01 
	 rho_crit: 8.6952e-30 (g/cm^3) 
z, log10(1+z), a, H0*t_look, H0*t_age, H0*t_conf, H0*t_conf_age, H(z) 
1.00000000e-04, 4.34272769e-05, 9.99900010e-01, 9.99917184e-05, 9.45365284e-01, 9.99967179e-05, 3.22408004e+00, 6.80344658e+01
1.02807322e-04, 4.46463579e-05, 9.99897203e-01, 1.02798569e-04, 9.45362477e-01, 1.02803853e-04, 3.22407723e+00, 6.80345912e+01
1.05693455e-04, 4.58996588e-05, 9.99894318e-01, 1.05684204e-04, 9.45359592e-01, 1.05689789e-04, 3.22407435e+00, 6.80347200e+01
1.08660611e-04, 4.71881402e-05, 9.99891351e-01, 1.08650833e-04, 9.45356625e-01, 1.08656736e-04, 3.22407138e+00, 6.80348525e+01
1.11711065e-04, 4.85127895e-05, 9.99888301e-01, 1.11700730e-04, 9.45353575e-01, 1.11706969e-04, 3.22406833e+00, 6.80349888e+01
1.14847155e-04, 4.98746217e-05, 9.99885166e-01, 1.14836232e-04, 9.45350439e-01, 1.14842826e-04, 3.22406520e+00, 6.80351288e+01
1.18071285e-04, 5.12746804e-05, 9.99881943e-01, 1.18059740e-04, 9.45347216e-01, 1.18066709e-04, 3.22406197e+00, 6.80352728e+01
1.21385926e-04, 5.27140387e-05, 9.99878629e-01, 1.21373724e-04, 9.45343902e-01, 1.21381090e-04, 3.22405866e+00, 6.80354208e+01
1.24793621e-04, 5.41937993e-05, 9.99875222e-01, 1.24780724e-04, 9.45340495e-01, 1.24788509e-04, 3.22405525e+00, 6.80355730e+01
1.28296980e-04, 5.57150964e-05, 9.99871719e-01, 1.28283349e-04, 9.45336992e-01, 1.28291578e-04, 3.22405175e+00, 6.80357294e+01
1.31898690e-04, 5.72790956e-05, 9.99868119e-01, 1.31884282e-04, 9.45333391e-01, 1.31892980e-04, 3.22404815e+00, 6.80358903e+01
1.35601511e-04, 5.88869955e-05, 9.99864417e-01, 1.35586284e-04, 9.45329689e-01, 1.35595476e-04, 3.22404444e+00, 6.80360556e+01
1.39408283e-04, 6.05400281e-05, 9.99860611e-01, 1.39392188e-04, 9.45325884e-01, 1.39401904e-04, 3.22404064e+00, 6.80362256e+01
1.43321923e-04, 6.22394601e-05, 9.99856699e-01, 1.43304912e-04, 9.45321971e-01, 1.43315181e-04, 3.22403672e+00, 6.80364004e+01
1.47345431e-04, 6.39865937e-05, 9.99852676e-01, 1.47327452e-04, 9.45317948e-01, 1.47338305e-04, 3.22403270e+00, 6.80365801e+01
1.51481892e-04, 6.57827676e-05, 9.99848541e-01, 1.51462890e-04, 9.45313813e-01, 1.51474361e-04, 3.22402856e+00, 6.80367648e+01
1.55734477e-04, 6.76293582e-05, 9.99844290e-01, 1.55714393e-04, 9.45309561e-01, 1.55726517e-04, 3.22402431e+00, 6.80369547e+01
1.60106446e-04, 6.95277803e-05, 9.99839919e-01, 1.60085218e-04, 9.45305190e-01, 1.60098033e-04, 3.22401994e+00, 6.80371499e+01
1.64601150e-04, 7.14794886e-05, 9.99835426e-01, 1.64578714e-04, 9.45300697e-01, 1.64592258e-04, 3.22401545e+00, 6.80373506e+01
1.69222035e-04, 7.34859785e-05, 9.99830807e-01, 1.69198322e-04, 9.45296077e-01, 1.69212637e-04, 3.22401083e+00, 6.80375570e+01
1.73972643e-04, 7.55487874e-05, 9.99826058e-01, 1.73947580e-04, 9.45291328e-01, 1.73962710e-04, 3.22400608e+00, 6.80377691e+01
1.78856616e-04, 7.76694958e-05, 9.99821175e-01, 1.78830126e-04, 9.45286446e-01, 1.78846117e-04, 3.22400119e+00, 6.80379872e+01
1.83877698e-04, 7.98497285e-05, 9.99816156e-01, 1.83849699e-04, 9.45281426e-01, 1.83866601e-04, 3.22399617e+00, 6.80382114e+01
1.89039738e-04, 8.20911560e-05, 9.99810996e-01, 1.89010145e-04, 9.45276266e-01, 1.89028009e-04, 3.22399101e+00, 6.80384419e+01
1.94346693e-04, 8.43954955e-05, 9.99805691e-01, 1.94315415e-04, 9.45270960e-01, 1.94334297e-04, 3.22398570e+00, 6.80386789e+01
1.99802631e-04, 8.67645125e-05, 9.99800237e-01, 1.99769573e-04, 9.45265506e-01, 1.99789529e-04, 3.22398025e+00, 6.80389225e+01
2.05411735e-04, 8.92000219e-05, 9.99794630e-01, 2.05376795e-04, 9.45259899e-01, 2.05397887e-04, 3.22397464e+00, 6.80391730e+01
2.11178304e-04, 9.17038897e-05, 9.99788866e-01, 2.11141376e-04, 9.45254134e-01, 2.11163668e-04, 3.22396887e+00, 6.80394305e+01
2.17106760e-04, 9.42780341e-05, 9.99782940e-01, 2.17067729e-04, 9.45248208e-01, 2.17091291e-04, 3.22396295e+00, 6.80396953e+01
2.23201647e-04, 9.69244272e-05, 9.99776848e-01, 2.23160394e-04, 9.45242115e-01, 2.23185297e-04, 3.22395685e+00, 6.80399674e+01
2.29467637e-04, 9.96450962e-05, 9.99770585e-01, 2.29424035e-04, 9.45235852e-01, 2.29450356e-04, 3.22395059e+00, 6.80402472e+01
2.35909533e-04, 1.02442125e-04, 9.99764146e-01, 2.35863449e-04, 9.45229412e-01, 2.35891269e-04, 3.22394415e+00, 6.80405349e+01
2.42532274e-04, 1.05317657e-04, 9.99757527e-01, 2.42483567e-04, 9.45222792e-01, 2.42512970e-04, 3.22393753e+00, 6.80408306e+01
2.49340937e-04, 1.08273895e-04, 9.99750721e-01, 2.49289457e-04, 9.45215986e-01, 2.49320534e-04, 3.22393072e+00, 6.80411346e+01
2.56340741e-04, 1.11313103e-04, 9.99743725e-01, 2.56286330e-04, 9.45208989e-01, 2.56319176e-04, 3.22392372e+00, 6.80414472e+01
2.63537052e-04, 1.14437609e-04, 9.99736532e-01, 2.63479544e-04, 9.45201796e-01, 2.63514259e-04, 3.22391652e+00, 6.80417685e+01
2.70935387e-04, 1.17649806e-04, 9.99729138e-01, 2.70874604e-04, 9.45194401e-01, 2.70911296e-04, 3.22390913e+00, 6.80420989e+01
2.78541416e-04, 1.20952156e-04, 9.99721536e-01, 2.78477174e-04, 9.45186799e-01, 2.78515955e-04, 3.22390152e+00, 6.80424385e+01
2.86360972e-04, 1.24347187e-04, 9.99713721e-01, 2.86293072e-04, 9.45178983e-01, 2.86334061e-04, 3.22389370e+00, 6.80427877e+01
2.94400048e-04, 1.27837499e-04, 9.99705687e-01, 2.94328283e-04, 9.45170947e-01, 2.94371604e-04, 3.22388567e+00, 6.80431467e+01
3.02664806e-04, 1.31425767e-04, 9.99697427e-01, 3.02588956e-04, 9.45162687e-01, 3.02634744e-04, 3.22387740e+00, 6.80435157e+01
3.11161583e-04, 1.35114738e-04, 9.99688935e-01, 3.11081415e-04, 9.45154194e-01, 3.11129809e-04, 3.22386891e+00, 6.80438951e+01
3.19896892e-04, 1.38907238e-04, 9.99680205e-01, 3.19812160e-04, 9.45145464e-01, 3.19863309e-04, 3.22386018e+00, 6.80442852e+01
3.28877429e-04, 1.42806171e-04, 9.99671231e-01, 3.28787874e-04, 9.45136488e-01, 3.28841934e-04, 3.22385120e+00, 6.80446861e+01
3.38110078e-04, 1.46814523e-04, 9.99662004e-01, 3.38015425e-04, 9.45127260e-01, 3.38072563e-04, 3.22384197e+00, 6.80450984e+01
3.47601918e-04, 1.50935364e-04, 9.99652519e-01, 3.47501877e-04, 9.45117774e-01, 3.47562267e-04, 3.22383248e+00, 6.80455222e+01
3.57360225e-04, 1.55171849e-04, 9.99642767e-01, 3.57254489e-04, 9.45108021e-01, 3.57318317e-04, 3.22382272e+00, 6.80459579e+01
3.67392478e-04, 1.59527223e-04, 9.99632742e-01, 3.67280723e-04, 9.45097995e-01, 3.67348184e-04, 3.22381269e+00, 6.80464059e+01
3.77706369e-04, 1.64004821e-04, 9.99622436e-01, 3.77588253e-04, 9.45087687e-01, 3.77659554e-04, 3.22380238e+00, 6.80468664e+01
3.88309805e-04, 1.68608072e-04, 9.99611841e-01, 3.88184965e-04, 9.45077091e-01, 3.88260324e-04, 3.22379178e+00, 6.80473399e+01
3.99210913e-04, 1.73340499e-04, 9.99600948e-01, 3.99078966e-04, 9.45066197e-01, 3.99158616e-04, 3.22378088e+00, 6.80478266e+01
4.10418050e-04, 1.78205728e-04, 9.99589750e-01, 4.10278593e-04, 9.45054997e-01, 4.10362776e-04, 3.22376968e+00, 6.80483270e+01
4.21939808e-04, 1.83207482e-04, 9.99578238e-01, 4.21792412e-04, 9.45043483e-01, 4.21881387e-04, 3.22375816e+00, 6.80488415e+01
4.33785019e-04, 1.88349591e-04, 9.99566403e-01, 4.33629232e-04, 9.45031646e-01, 4.33723272e-04, 3.22374632e+00, 6.80493703e+01
4.45962763e-04, 1.93635993e-04, 9.99554236e-01, 4.45798108e-04, 9.45019478e-01, 4.45897501e-04, 3.22373414e+00, 6.80499141e+01
4.58482375e-04, 1.99070734e-04, 9.99541728e-01, 4.58308348e-04, 9.45006967e-01, 4.58413398e-04, 3.22372162e+00, 6.80504731e+01
4.71353453e-04, 2.04657975e-04, 9.99528869e-01, 4.71169521e-04, 9.44994106e-01, 4.71280550e-04, 3.22370876e+00, 6.80510477e+01
4.84585864e-04, 2.10401992e-04, 9.99515649e-01, 4.84391462e-04, 9.44980884e-01, 4.84508811e-04, 3.22369553e+00, 6.80516385e+01
4.98189752e-04, 2.16307184e-04, 9.99502058e-01, 4.97984284e-04, 9.44967291e-01, 4.98108312e-04, 3.22368193e+00, 6.80522459e+01
5.12175544e-04, 2.22378069e-04, 9.99488087e-01, 5.11958381e-04, 9.44953317e-01, 5.12089468e-04, 3.22366795e+00, 6.80528704e+01
5.26553963e-04, 2.28619296e-04, 9.99473723e-01, 5.26324438e-04, 9.44938951e-01, 5.26462987e-04, 3.22365358e+00, 6.80535123e+01
5.41336030e-04, 2.35035640e-04, 9.99458957e-01, 5.41093441e-04, 9.44924182e-01, 5.41239875e-04, 3.22363880e+00, 6.80541723e+01
5.56533078e-04, 2.41632013e-04, 9.99443776e-01, 5.56276680e-04, 9.44908999e-01, 5.56431449e-04, 3.22362361e+00, 6.80548508e+01
5.72156756e-04, 2.48413463e-04, 9.99428170e-01, 5.71885764e-04, 9.44893390e-01, 5.72049342e-04, 3.22360799e+00, 6.80555484e+01
5.88219040e-04, 2.55385179e-04, 9.99412127e-01, 5.87932624e-04, 9.44877343e-01, 5.88105512e-04, 3.22359193e+00, 6.80562655e+01
6.04732245e-04, 2.62552498e-04, 9.99395633e-01, 6.04429526e-04, 9.44860846e-01, 6.04612254e-04, 3.22357543e+00, 6.80570027e+01
6.21709029e-04, 2.69920903e-04, 9.99378677e-01, 6.21389079e-04, 9.44843887e-01, 6.21582208e-04, 3.22355846e+00, 6.80577607e+01
6.39162405e-04, 2.77496033e-04, 9.99361246e-01, 6.38824245e-04, 9.44826451e-01, 6.39028365e-04, 3.22354101e+00, 6.80585399e+01
6.57105755e-04, 2.85283683e-04, 9.99343326e-01, 6.56748347e-04, 9.44808527e-01, 6.56964085e-04, 3.22352307e+00, 6.80593410e+01
6.75552832e-04, 2.93289812e-04, 9.99324903e-01, 6.75175082e-04, 9.44790101e-01, 6.75403097e-04, 3.22350464e+00, 6.80601645e+01
6.94517777e-04, 3.01520545e-04, 9.99305964e-01, 6.94118527e-04, 9.44771157e-01, 6.94359520e-04, 3.22348568e+00, 6.80610112e+01
7.14015130e-04, 3.09982178e-04, 9.99286494e-01, 7.13593157e-04, 9.44751683e-01, 7.13847865e-04, 3.22346619e+00, 6.80618816e+01
7.34059837e-04, 3.18681185e-04, 9.99266479e-01, 7.33613846e-04, 9.44731662e-01, 7.33883050e-04, 3.22344616e+00, 6.80627765e+01
7.54667263e-04, 3.27624220e-04, 9.99245902e-01, 7.54195889e-04, 9.44711080e-01, 7.54480413e-04, 3.22342556e+00, 6.80636965e+01
7.75853206e-04, 3.36818122e-04, 9.99224748e-01, 7.75355004e-04, 9.44689921e-01, 7.75655721e-04, 3.22340438e+00, 6.80646423e+01
7.97633907e-04, 3.46269924e-04, 9.99203002e-01, 7.97107350e-04, 9.44668168e-01, 7.97425180e-04, 3.22338261e+00, 6.80656146e+01
8.20026062e-04, 3.55986854e-04, 9.99180646e-01, 8.19469538e-04, 9.44645806e-01, 8.19805455e-04, 3.22336023e+00, 6.80666142e+01
8.43046837e-04, 3.65976343e-04, 9.99157663e-01, 8.42458639e-04, 9.44622817e-01, 8.42813673e-04, 3.22333722e+00, 6.80676419e+01
8.66713880e-04, 3.76246030e-04, 9.99134037e-01, 8.66092207e-04, 9.44599184e-01, 8.66467444e-04, 3.22331357e+00, 6.80686984e+01
8.91045332e-04, 3.86803767e-04, 9.99109748e-01, 8.90388279e-04, 9.44574887e-01, 8.90784870e-04, 3.22328925e+00, 6.80697845e+01
9.16059848e-04, 3.97657626e-04, 9.99084779e-01, 9.15365401e-04, 9.44549910e-01, 9.15784560e-04, 3.22326425e+00, 6.80709012e+01
9.41776601e-04, 4.08815904e-04, 9.99059110e-01, 9.41042633e-04, 9.44524233e-01, 9.41485644e-04, 3.22323855e+00, 6.80720491e+01
9.68215306e-04, 4.20287133e-04, 9.99032721e-01, 9.67439569e-04, 9.44497836e-01, 9.67907788e-04, 3.22321213e+00, 6.80732293e+01
9.95396231e-04, 4.32080081e-04, 9.99005594e-01, 9.94576348e-04, 9.44470699e-01, 9.95071210e-04, 3.22318497e+00, 6.80744426e+01
1.02334021e-03, 4.44203760e-04, 9.98977706e-01, 1.02247367e-03, 9.44442802e-01, 1.02299669e-03, 3.22315704e+00, 6.80756899e+01
1.05206867e-03, 4.56667438e-04, 9.98949037e-01, 1.05115282e-03, 9.44414123e-01, 1.05170560e-03, 3.22312833e+00, 6.80769723e+01
1.08160363e-03, 4.69480638e-04, 9.98919565e-01, 1.08063566e-03, 9.44384640e-01, 1.08121989e-03, 3.22309882e+00, 6.80782906e+01
1.11196773e-03, 4.82653152e-04, 9.98889267e-01, 1.11094468e-03, 9.44354331e-01, 1.11156215e-03, 3.22306848e+00, 6.80796459e+01
1.14318425e-03, 4.96195044e-04, 9.98858121e-01, 1.14210298e-03, 9.44323173e-01, 1.14275559e-03, 3.22303728e+00, 6.80810392e+01
1.17527712e-03, 5.10116661e-04, 9.98826103e-01, 1.17413432e-03, 9.44291141e-01, 1.17482406e-03, 3.22300521e+00, 6.80824717e+01
1.20827094e-03, 5.24428638e-04, 9.98793187e-01, 1.20706311e-03, 9.44258213e-01, 1.20779209e-03, 3.22297225e+00, 6.80839443e+01
1.24219100e-03, 5.39141905e-04, 9.98759350e-01, 1.24091444e-03, 9.44224361e-01, 1.24168490e-03, 3.22293835e+00, 6.80854582e+01
1.27706330e-03, 5.54267703e-04, 9.98724566e-01, 1.27571411e-03, 9.44189562e-01, 1.27652840e-03, 3.22290351e+00, 6.80870146e+01
1.31291459e-03, 5.69817580e-04, 9.98688807e-01, 1.31148862e-03, 9.44153787e-01, 1.31234925e-03, 3.22286769e+00, 6.80886147e+01
1.34977233e-03, 5.85803413e-04, 9.98652047e-01, 1.34826523e-03, 9.44117010e-01, 1.34917482e-03, 3.22283086e+00, 6.80902597e+01
1.38766479e-03, 6.02237406e-04, 9.98614258e-01, 1.38607194e-03, 9.44079204e-01, 1.38703327e-03, 3.22279301e+00, 6.80919508e+01
1.42662102e-03, 6.19132106e-04, 9.98575411e-01, 1.42493753e-03, 9.44040338e-01, 1.42595356e-03, 3.22275408e+00, 6.80936893e+01
1.46667087e-03, 6.36500410e-04, 9.98535477e-01, 1.46489160e-03, 9.44000384e-01, 1.46596542e-03, 3.22271407e+00, 6.80954767e+01
1.50784505e-03, 6.54355573e-04, 9.98494425e-01, 1.50596455e-03, 9.43959311e-01, 1.50709946e-03, 3.22267294e+00, 6.80973141e+01
1.55017512e-03, 6.72711224e-04, 9.98452224e-01, 1.54818763e-03, 9.43917088e-01, 1.54938710e-03, 3.22263065e+00, 6.80992032e+01
1.59369353e-03, 6.91581368e-04, 9.98408842e-01, 1.59159297e-03, 9.43873683e-01, 1.59286067e-03, 3.22258718e+00, 6.81011452e+01
1.63843365e-03, 7.10980403e-04, 9.98364246e-01, 1.63621358e-03, 9.43829062e-01, 1.63755339e-03, 3.22254248e+00, 6.81031416e+01
1.68442976e-03, 7.30923128e-04, 9.98318403e-01, 1.68208339e-03, 9.43783192e-01, 1.68349941e-03, 3.22249654e+00, 6.81051941e+01
1.73171713e-03, 7.51424755e-04, 9.98271277e-01, 1.72923728e-03, 9.43736038e-01, 1.73073384e-03, 3.22244930e+00, 6.81073042e+01
1.78033202e-03, 7.72500920e-04, 9.98222832e-01, 1.77771109e-03, 9.43687565e-01, 1.77929277e-03, 3.22240075e+00, 6.81094734e+01
1.83031168e-03, 7.94167695e-04, 9.98173032e-01, 1.82754166e-03, 9.43637734e-01, 1.82921330e-03, 3.22235083e+00, 6.81117035e+01
1.88169442e-03, 8.16441599e-04, 9.98121840e-01, 1.87876683e-03, 9.43586509e-01, 1.88053355e-03, 3.22229950e+00, 6.81139962e+01
1.93451965e-03, 8.39339613e-04, 9.98069215e-01, 1.93142553e-03, 9.43533850e-01, 1.93329272e-03, 3.22224675e+00, 6.81163531e+01
1.98882786e-03, 8.62879189e-04, 9.98015120e-01, 1.98555773e-03, 9.43479718e-01, 1.98753111e-03, 3.22219251e+00, 6.81187762e+01
2.04466067e-03, 8.87078267e-04, 9.97959511e-01, 2.04120453e-03, 9.43424071e-01, 2.04329014e-03, 3.22213675e+00, 6.81212672e+01
2.10206088e-03, 9.11955285e-04, 9.97902349e-01, 2.09840816e-03, 9.43366868e-01, 2.10061237e-03, 3.22207943e+00, 6.81238280e+01
2.16107251e-03, 9.37529196e-04, 9.97843588e-01, 2.15721202e-03, 9.43308064e-01, 2.15954158e-03, 3.22202050e+00, 6.81264607e+01
2.22174078e-03, 9.63819479e-04, 9.97783184e-01, 2.21766073e-03, 9.43247615e-01, 2.22012275e-03, 3.22195992e+00, 6.81291672e+01
2.28411221e-03, 9.90846156e-04, 9.97721093e-01, 2.27980010e-03, 9.43185476e-01, 2.28240212e-03, 3.22189764e+00, 6.81319497e+01
2.34823460e-03, 1.01862981e-03, 9.97657267e-01, 2.34367725e-03, 9.43121598e-01, 2.34642722e-03, 3.22183361e+00, 6.81348101e+01
2.41415712e-03, 1.04719158e-03, 9.97591657e-01, 2.40934058e-03, 9.43055935e-01, 2.41224691e-03, 3.22176779e+00, 6.81377508e+01
2.48193029e-03, 1.07655322e-03, 9.97524214e-01, 2.47683983e-03, 9.42988436e-01, 2.47991140e-03, 3.22170013e+00, 6.81407739e+01
2.55160607e-03, 1.10673706e-03, 9.97454888e-01, 2.54622613e-03, 9.42919050e-01, 2.54947233e-03, 3.22163057e+00, 6.81438817e+01
2.62323788e-03, 1.13776607e-03, 9.97383625e-01, 2.61755201e-03, 9.42847724e-01, 2.62098275e-03, 3.22155906e+00, 6.81470768e+01
2.69688063e-03, 1.16966386e-03, 9.97310373e-01, 2.69087143e-03, 9.42774404e-01, 2.69449721e-03, 3.22148554e+00, 6.81503613e+01
2.77259076e-03, 1.20245468e-03, 9.97235075e-01, 2.76623986e-03, 9.42699036e-01, 2.77007176e-03, 3.22140997e+00, 6.81537380e+01
2.85042632e-03, 1.23616346e-03, 9.97157676e-01, 2.84371431e-03, 9.42621561e-01, 2.84776402e-03, 3.22133227e+00, 6.81572094e+01
2.93044698e-03, 1.27081583e-03, 9.97078115e-01, 2.92335333e-03, 9.42541922e-01, 2.92763324e-03, 3.22125241e+00, 6.81607781e+01
3.01271407e-03, 1.30643812e-03, 9.96996335e-01, 3.00521711e-03, 9.42460059e-01, 3.00974028e-03, 3.22117030e+00, 6.81644468e+01
3.09729067e-03, 1.34305740e-03, 9.96912273e-01, 3.08936747e-03, 9.42375908e-01, 3.09414772e-03, 3.22108589e+00, 6.81682183e+01
3.18424160e-03, 1.38070148e-03, 9.96825866e-01, 3.17586796e-03, 9.42289408e-01, 3.18091988e-03, 3.22099912e+00, 6.81720956e+01
3.27363353e-03, 1.41939895e-03, 9.96737048e-01, 3.26478385e-03, 9.42200492e-01, 3.27012288e-03, 3.22090992e+00, 6.81760816e+01
3.36553498e-03, 1.45917918e-03, 9.96645754e-01, 3.35618221e-03, 9.42109094e-01, 3.36182465e-03, 3.22081821e+00, 6.81801793e+01
3.46001639e-03, 1.50007238e-03, 9.96551914e-01, 3.45013198e-03, 9.42015144e-01, 3.45609504e-03, 3.22072394e+00, 6.81843918e+01
3.55715021e-03, 1.54210957e-03, 9.96455458e-01, 3.54670394e-03, 9.41918572e-01, 3.55300584e-03, 3.22062703e+00, 6.81887224e+01
3.65701088e-03, 1.58532264e-03, 9.96356314e-01, 3.64597085e-03, 9.41819305e-01, 3.65263081e-03, 3.22052741e+00, 6.81931744e+01
3.75967497e-03, 1.62974435e-03, 9.96254407e-01, 3.74800746e-03, 9.41717268e-01, 3.75504580e-03, 3.22042499e+00, 6.81977511e+01
3.86522116e-03, 1.67540839e-03, 9.96149661e-01, 3.85289054e-03, 9.41612385e-01, 3.86032875e-03, 3.22031971e+00, 6.82024561e+01
3.97373038e-03, 1.72234936e-03, 9.96041998e-01, 3.96069900e-03, 9.41504577e-01, 3.96855976e-03, 3.22021148e+00, 6.82072929e+01
4.08528580e-03, 1.77060283e-03, 9.95931336e-01, 4.07151386e-03, 9.41393762e-01, 4.07982115e-03, 3.22010022e+00, 6.82122653e+01
4.19997295e-03, 1.82020534e-03, 9.95817593e-01, 4.18541841e-03, 9.41279857e-01, 4.19419756e-03, 3.21998584e+00, 6.82173770e+01
4.31787973e-03, 1.87119444e-03, 9.95700684e-01, 4.30249817e-03, 9.41162778e-01, 4.31177595e-03, 3.21986826e+00, 6.82226319e+01
4.43909653e-03, 1.92360874e-03, 9.95580522e-01, 4.42284100e-03, 9.41042435e-01, 4.43264571e-03, 3.21974739e+00, 6.82280340e+01
4.56371628e-03, 1.97748788e-03, 9.95457017e-01, 4.54653717e-03, 9.40918739e-01, 4.55689869e-03, 3.21962314e+00, 6.82335875e+01
4.69183451e-03, 2.03287261e-03, 9.95330076e-01, 4.67367941e-03, 9.40791596e-01, 4.68462931e-03, 3.21949541e+00, 6.82392965e+01
4.82354943e-03, 2.08980480e-03, 9.95199606e-01, 4.80436295e-03, 9.40660913e-01, 4.81593460e-03, 3.21936410e+00, 6.82451654e+01
4.95896201e-03, 2.14832749e-03, 9.95065508e-01, 4.93868563e-03, 9.40526590e-01, 4.95091428e-03, 3.21922912e+00, 6.82511987e+01
5.09817606e-03, 2.20848488e-03, 9.94927683e-01, 5.07674793e-03, 9.40388528e-01, 5.08967084e-03, 3.21909037e+00, 6.82574010e+01
5.24129830e-03, 2.27032240e-03, 9.94786030e-01, 5.21865308e-03, 9.40246623e-01, 5.23230960e-03, 3.21894773e+00, 6.82637771e+01
5.38843844e-03, 2.33388671e-03, 9.94640441e-01, 5.36450709e-03, 9.40100769e-01, 5.37893881e-03, 3.21880110e+00, 6.82703316e+01
5.53970928e-03, 2.39922578e-03, 9.94490810e-01, 5.51441884e-03, 9.39950857e-01, 5.52966969e-03, 3.21865037e+00, 6.82770697e+01
5.69522678e-03, 2.46638889e-03, 9.94337025e-01, 5.66850017e-03, 9.39796776e-01, 5.68461657e-03, 3.21849542e+00, 6.82839965e+01
5.85511016e-03, 2.53542665e-03, 9.94178973e-01, 5.82686594e-03, 9.39638410e-01, 5.84389692e-03, 3.21833614e+00, 6.82911172e+01
6.01948197e-03, 2.60639109e-03, 9.94016535e-01, 5.98963409e-03, 9.39475642e-01, 6.00763147e-03, 3.21817241e+00, 6.82984373e+01
6.18846824e-03, 2.67933564e-03, 9.93849593e-01, 6.15692576e-03, 9.39308350e-01, 6.17594429e-03, 3.21800409e+00, 6.83059623e+01
6.36219849e-03, 2.75431521e-03, 9.93678023e-01, 6.32886535e-03, 9.39136410e-01, 6.34896286e-03, 3.21783108e+00, 6.83136980e+01
6.54080591e-03, 2.83138620e-03, 9.93501698e-01, 6.50558061e-03, 9.38959695e-01, 6.52681820e-03, 3.21765322e+00, 6.83216501e+01
6.72442742e-03, 2.91060657e-03, 9.93320488e-01, 6.68720272e-03, 9.38778073e-01, 6.70964493e-03, 3.21747039e+00, 6.83298249e+01
6.91320378e-03, 2.99203585e-03, 9.93134260e-01, 6.87386636e-03, 9.38591409e-01, 6.89758139e-03, 3.21728246e+00, 6.83382284e+01
7.10727970e-03, 3.07573520e-03, 9.92942877e-01, 7.06570985e-03, 9.38399566e-01, 7.09076975e-03, 3.21708927e+00, 6.83468671e+01
7.30680395e-03, 3.16176744e-03, 9.92746198e-01, 7.26287520e-03, 9.38202401e-01, 7.28935608e-03, 3.21689068e+00, 6.83557475e+01
7.51192949e-03, 3.25019713e-03, 9.92544079e-01, 7.46550821e-03, 9.37999768e-01, 7.49349047e-03, 3.21668655e+00, 6.83648764e+01
7.72281357e-03, 3.34109055e-03, 9.92336371e-01, 7.67375858e-03, 9.37791517e-01, 7.70332716e-03, 3.21647671e+00, 6.83742607e+01
7.93961785e-03, 3.43451582e-03, 9.92122923e-01, 7.88777999e-03, 9.37577496e-01, 7.91902462e-03, 3.21626101e+00, 6.83839075e+01
8.16250851e-03, 3.53054289e-03, 9.91903579e-01, 8.10773022e-03, 9.37357545e-01, 8.14074568e-03, 3.21603929e+00, 6.83938242e+01
8.39165644e-03, 3.62924361e-03, 9.91678177e-01, 8.33377125e-03, 9.37131504e-01, 8.36865766e-03, 3.21581138e+00, 6.84040182e+01
8.62723729e-03, 3.73069181e-03, 9.91446555e-01, 8.56606932e-03, 9.36899206e-01, 8.60293246e-03, 3.21557711e+00, 6.84144973e+01
8.86943166e-03, 3.83496328e-03, 9.91208544e-01, 8.80479511e-03, 9.36660481e-01, 8.84374671e-03, 3.21533629e+00, 6.84252694e+01
9.11842520e-03, 3.94213590e-03, 9.90963969e-01, 9.05012381e-03, 9.36415152e-01, 9.09128187e-03, 3.21508876e+00, 6.84363428e+01
9.37440879e-03, 4.05228964e-03, 9.90712655e-01, 9.30223520e-03, 9.36163041e-01, 9.34572439e-03, 3.21483431e+00, 6.84477257e+01
9.63757866e-03, 4.16550662e-03, 9.90454418e-01, 9.56131384e-03, 9.35903962e-01, 9.60726583e-03, 3.21457277e+00, 6.84594269e+01
9.90813657e-03, 4.28187121e-03, 9.90189071e-01, 9.82754912e-03, 9.35637727e-01, 9.87610298e-03, 3.21430394e+00, 6.84714552e+01
1.01862899e-02, 4.40147004e-03, 9.89916424e-01, 1.01011354e-02, 9.35364140e-01, 1.01524380e-02, 3.21402760e+00, 6.84838196e+01
1.04722519e-02, 4.52439206e-03, 9.89636280e-01, 1.03822721e-02, 9.35083004e-01, 1.04364787e-02, 3.21374356e+00, 6.84965296e+01
1.07662418e-02, 4.65072864e-03, 9.89348436e-01, 1.06711640e-02, 9.34794112e-01, 1.07284384e-02, 3.21345160e+00, 6.85095947e+01
1.10684849e-02, 4.78057359e-03, 9.89052685e-01, 1.09680210e-02, 9.34497255e-01, 1.10285362e-02, 3.21315150e+00, 6.85230249e+01
1.13792129e-02, 4.91402325e-03, 9.88748817e-01, 1.12730586e-02, 9.34192217e-01, 1.13369975e-02, 3.21284304e+00, 6.85368303e+01
1.16986641e-02, 5.05117654e-03, 9.88436612e-01, 1.15864978e-02, 9.33878778e-01, 1.16540535e-02, 3.21252598e+00, 6.85510214e+01
1.20270833e-02, 5.19213502e-03, 9.88115848e-01, 1.19085656e-02, 9.33556710e-01, 1.19799419e-02, 3.21220010e+00, 6.85656088e+01
1.23647224e-02, 5.33700299e-03, 9.87786297e-01, 1.22394945e-02, 9.33225781e-01, 1.23149068e-02, 3.21186513e+00, 6.85806036e+01
1.27118400e-02, 5.48588750e-03, 9.87447723e-01, 1.25795232e-02, 9.32885753e-01, 1.26591989e-02, 3.21152084e+00, 6.85960171e+01
1.30687023e-02, 5.63889849e-03, 9.87099885e-01, 1.29288965e-02, 9.32536379e-01, 1.30130757e-02, 3.21116696e+00, 6.86118609e+01
1.34355829e-02, 5.79614881e-03, 9.86742539e-01, 1.32878655e-02, 9.32177410e-01, 1.33768018e-02, 3.21080324e+00, 6.86281471e+01
1.38127630e-02, 5.95775431e-03, 9.86375430e-01, 1.36566877e-02, 9.31808588e-01, 1.37506489e-02, 3.21042939e+00, 6.86448878e+01
1.42005318e-02, 6.12383394e-03, 9.85998300e-01, 1.40356272e-02, 9.31429648e-01, 1.41348961e-02, 3.21004514e+00, 6.86620958e+01
1.45991865e-02, 6.29450978e-03, 9.85610883e-01, 1.44249549e-02, 9.31040321e-01, 1.45298300e-02, 3.20965021e+00, 6.86797839e+01
1.50090328e-02, 6.46990713e-03, 9.85212907e-01, 1.48249482e-02, 9.30640327e-01, 1.49357449e-02, 3.20924429e+00, 6.86979656e+01
1.54303847e-02, 6.65015464e-03, 9.84804094e-01, 1.52358921e-02, 9.30229384e-01, 1.53529432e-02, 3.20882710e+00, 6.87166545e+01
1.58635653e-02, 6.83538432e-03, 9.84384158e-01, 1.56580783e-02, 9.29807197e-01, 1.57817353e-02, 3.20839830e+00, 6.87358647e+01
1.63089068e-02, 7.02573168e-03, 9.83952805e-01, 1.60918061e-02, 9.29373470e-01, 1.62224401e-02, 3.20795760e+00, 6.87556107e+01
1.67667503e-02, 7.22133576e-03, 9.83509738e-01, 1.65373821e-02, 9.28927894e-01, 1.66753850e-02, 3.20750465e+00, 6.87759073e+01
1.72374471e-02, 7.42233928e-03, 9.83054648e-01, 1.69951208e-02, 9.28470155e-01, 1.71409062e-02, 3.20703913e+00, 6.87967697e+01
1.77213578e-02, 7.62888867e-03, 9.82587220e-01, 1.74653444e-02, 9.27999931e-01, 1.76193490e-02, 3.20656069e+00, 6.88182138e+01
1.82188534e-02, 7.84113421e-03, 9.82107134e-01, 1.79483829e-02, 9.27516893e-01, 1.81110678e-02, 3.20606897e+00, 6.88402556e+01
1.87303154e-02, 8.05923009e-03, 9.81614059e-01, 1.84445748e-02, 9.27020701e-01, 1.86164266e-02, 3.20556361e+00, 6.88629116e+01
1.92561357e-02, 8.28333450e-03, 9.81107658e-01, 1.89542668e-02, 9.26511009e-01, 1.91357992e-02, 3.20504424e+00, 6.88861989e+01
1.97967175e-02, 8.51360975e-03, 9.80587585e-01, 1.94778139e-02, 9.25987462e-01, 1.96695693e-02, 3.20451047e+00, 6.89101350e+01
2.03524752e-02, 8.75022235e-03, 9.80053486e-01, 2.00155800e-02, 9.25449696e-01, 2.02181308e-02, 3.20396191e+00, 6.89347378e+01
2.09238348e-02, 8.99334311e-03, 9.79504999e-01, 2.05679377e-02, 9.24897338e-01, 2.07818882e-02, 3.20339815e+00, 6.89600259e+01
2.15112343e-02, 9.24314725e-03, 9.78941755e-01, 2.11352687e-02, 9.24330007e-01, 2.13612566e-02, 3.20281878e+00, 6.89860181e+01
2.21151240e-02, 9.49981449e-03, 9.78363373e-01, 2.17179640e-02, 9.23747312e-01, 2.19566622e-02, 3.20222338e+00, 6.90127340e+01
2.27359668e-02, 9.76352916e-03, 9.77769466e-01, 2.23164236e-02, 9.23148852e-01, 2.25685425e-02, 3.20161150e+00, 6.90401935e+01
2.33742387e-02, 1.00344803e-02, 9.77159637e-01, 2.29310573e-02, 9.22534218e-01, 2.31973467e-02, 3.20098269e+00, 6.90684173e+01
2.40304289e-02, 1.03128618e-02, 9.76533482e-01, 2.35622848e-02, 9.21902991e-01, 2.38435357e-02, 3.20033650e+00, 6.90974265e+01
2.47050406e-02, 1.05988725e-02, 9.75890584e-01, 2.42105353e-02, 9.21254740e-01, 2.45075825e-02, 3.19967246e+00, 6.91272429e+01
2.53985907e-02, 1.08927162e-02, 9.75230519e-01, 2.48762483e-02, 9.20589027e-01, 2.51899728e-02, 3.19899007e+00, 6.91578886e+01
2.61116110e-02, 1.11946019e-02, 9.74552855e-01, 2.55598736e-02, 9.19905402e-01, 2.58912049e-02, 3.19828883e+00, 6.91893868e+01
2.68446481e-02, 1.15047439e-02, 9.73857148e-01, 2.62618713e-02, 9.19203404e-01, 2.66117901e-02, 3.19756825e+00, 6.92217609e+01
2.75982639e-02, 1.18233619e-02, 9.73142944e-01, 2.69827122e-02, 9.18482564e-01, 2.73522533e-02, 3.19682779e+00, 6.92550351e+01
2.83730362e-02, 1.21506810e-02, 9.72409782e-01, 2.77228778e-02, 9.17742398e-01, 2.81131329e-02, 3.19606691e+00, 6.92892343e+01
2.91695588e-02, 1.24869320e-02, 9.71657189e-01, 2.84828608e-02, 9.16982415e-01, 2.88949816e-02, 3.19528506e+00, 6.93243841e+01
2.99884423e-02, 1.28323514e-02, 9.70884681e-01, 2.92631648e-02, 9.16202111e-01, 2.96983661e-02, 3.19448167e+00, 6.93605107e+01
3.08303146e-02, 1.31871818e-02, 9.70091766e-01, 3.00643048e-02, 9.15400971e-01, 3.05238681e-02, 3.19365617e+00, 6.93976411e+01
3.16958209e-02, 1.35516713e-02, 9.69277940e-01, 3.08868072e-02, 9.14578469e-01, 3.13720844e-02, 3.19280795e+00, 6.94358031e+01
3.25856248e-02, 1.39260747e-02, 9.68442690e-01, 3.17312103e-02, 9.13734065e-01, 3.22436271e-02, 3.19193641e+00, 6.94750251e+01
3.35004083e-02, 1.43106525e-02, 9.67585491e-01, 3.25980639e-02, 9.12867212e-01, 3.31391241e-02, 3.19104091e+00, 6.95153364e+01
3.44408728e-02, 1.47056720e-02, 9.66705808e-01, 3.34879300e-02, 9.11977346e-01, 3.40592195e-02, 3.19012082e+00, 6.95567672e+01
3.54077391e-02, 1.51114068e-02, 9.65803096e-01, 3.44013827e-02, 9.11063893e-01, 3.50045738e-02, 3.18917546e+00, 6.95993482e+01
3.64017485e-02, 1.55281370e-02, 9.64876798e-01, 3.53390085e-02, 9.10126267e-01, 3.59758646e-02, 3.18820417e+00, 6.96431113e+01
3.74236629e-02, 1.59561497e-02, 9.63926345e-01, 3.63014060e-02, 9.09163870e-01, 3.69737867e-02, 3.18720625e+00, 6.96880892e+01
3.84742658e-02, 1.63957388e-02, 9.62951161e-01, 3.72891867e-02, 9.08176089e-01, 3.79990525e-02, 3.18618099e+00, 6.97343153e+01
3.95543624e-02, 1.68472053e-02, 9.61950655e-01, 3.83029748e-02, 9.07162301e-01, 3.90523927e-02, 3.18512765e+00, 6.97818243e+01
4.06647809e-02, 1.73108570e-02, 9.60924227e-01, 3.93434073e-02, 9.06121868e-01, 4.01345563e-02, 3.18404548e+00, 6.98306514e+01
4.18063724e-02, 1.77870096e-02, 9.59871264e-01, 4.04111341e-02, 9.05054142e-01, 4.12463113e-02, 3.18293373e+00, 6.98808332e+01
4.29800121e-02, 1.82759856e-02, 9.58791145e-01, 4.15068185e-02, 9.03958457e-01, 4.23884450e-02, 3.18179159e+00, 6.99324071e+01
4.41865996e-02, 1.87781154e-02, 9.57683234e-01, 4.26311366e-02, 9.02834139e-01, 4.35617645e-02, 3.18061827e+00, 6.99854116e+01
4.54270599e-02, 1.92937372e-02, 9.56546887e-01, 4.37847783e-02, 9.01680497e-01, 4.47670969e-02, 3.17941294e+00, 7.00398862e+01
4.67023439e-02, 1.98231967e-02, 9.55381447e-01, 4.49684465e-02, 9.00496829e-01, 4.60052902e-02, 3.17817475e+00, 7.00958717e+01
4.80134292e-02, 2.03668477e-02, 9.54186246e-01, 4.61828577e-02, 8.99282418e-01, 4.72772131e-02, 3.17690283e+00, 7.01534098e+01
4.93613210e-02, 2.09250522e-02, 9.52960606e-01, 4.74287422e-02, 8.98036533e-01, 4.85837561e-02, 3.17559628e+00, 7.02125436e+01
5.07470524e-02, 2.14981804e-02, 9.51703836e-01, 4.87068437e-02, 8.96758432e-01, 4.99258316e-02, 3.17425421e+00, 7.02733172e+01
5.21716858e-02, 2.20866106e-02, 9.50415235e-01, 5.00179195e-02, 8.95447356e-01, 5.13043741e-02, 3.17287566e+00, 7.03357762e+01
5.36363132e-02, 2.26907300e-02, 9.49094092e-01, 5.13627407e-02, 8.94102535e-01, 5.27203415e-02, 3.17145970e+00, 7.03999672e+01
5.51420574e-02, 2.33109341e-02, 9.47739684e-01, 5.27420923e-02, 8.92723183e-01, 5.41747145e-02, 3.17000532e+00, 7.04659384e+01
5.66900727e-02, 2.39476274e-02, 9.46351277e-01, 5.41567728e-02, 8.91308503e-01, 5.56684979e-02, 3.16851154e+00, 7.05337392e+01
5.82815458e-02, 2.46012230e-02, 9.44928128e-01, 5.56075944e-02, 8.89857681e-01, 5.72027206e-02, 3.16697732e+00, 7.06034205e+01
5.99176967e-02, 2.52721433e-02, 9.43469482e-01, 5.70953830e-02, 8.88369893e-01, 5.87784365e-02, 3.16540160e+00, 7.06750346e+01
6.15997796e-02, 2.59608197e-02, 9.41974574e-01, 5.86209782e-02, 8.86844297e-01, 6.03967244e-02, 3.16378331e+00, 7.07486354e+01
6.33290840e-02, 2.66676928e-02, 9.40442630e-01, 6.01852331e-02, 8.85280043e-01, 6.20586890e-02, 3.16212135e+00, 7.08242783e+01
6.51069356e-02, 2.73932126e-02, 9.38872865e-01, 6.17890143e-02, 8.83676261e-01, 6.37654611e-02, 3.16041458e+00, 7.09020203e+01
6.69346971e-02, 2.81378388e-02, 9.37264486e-01, 6.34332016e-02, 8.82032074e-01, 6.55181983e-02, 3.15866184e+00, 7.09819202e+01
6.88137699e-02, 2.89020403e-02, 9.35616689e-01, 6.51186882e-02, 8.80346588e-01, 6.73180852e-02, 3.15686195e+00, 7.10640383e+01
7.07455942e-02, 2.96862961e-02, 9.33928662e-01, 6.68463801e-02, 8.78618896e-01, 6.91663341e-02, 3.15501370e+00, 7.11484369e+01
7.27316511e-02, 3.04910947e-02, 9.32199585e-01, 6.86171963e-02, 8.76848079e-01, 7.10641853e-02, 3.15311585e+00, 7.12351800e+01
7.47734631e-02, 3.13169348e-02, 9.30428629e-01, 7.04320685e-02, 8.75033207e-01, 7.30129080e-02, 3.15116713e+00, 7.13243337e+01
7.68725952e-02, 3.21643250e-02, 9.28614958e-01, 7.22919407e-02, 8.73173335e-01, 7.50138002e-02, 3.14916624e+00, 7.14159659e+01
7.90306568e-02, 3.30337838e-02, 9.26757728e-01, 7.41977688e-02, 8.71267507e-01, 7.70681896e-02, 3.14711185e+00, 7.15101466e+01
8.12493021e-02, 3.39258402e-02, 9.24856088e-01, 7.61505208e-02, 8.69314755e-01, 7.91774340e-02, 3.14500260e+00, 7.16069481e+01
8.35302320e-02, 3.48410332e-02, 9.22909182e-01, 7.81511761e-02, 8.67314100e-01, 8.13429214e-02, 3.14283712e+00, 7.17064446e+01
8.58751948e-02, 3.57799125e-02, 9.20916146e-01, 8.02007250e-02, 8.65264551e-01, 8.35660713e-02, 3.14061397e+00, 7.18087129e+01
8.82859884e-02, 3.67430377e-02, 9.18876114e-01, 8.23001686e-02, 8.63165107e-01, 8.58483341e-02, 3.13833170e+00, 7.19138321e+01
9.07644607e-02, 3.77309793e-02, 9.16788212e-01, 8.44505182e-02, 8.61014758e-01, 8.81911925e-02, 3.13598885e+00, 7.20218837e+01
9.33125118e-02, 3.87443182e-02, 9.14651565e-01, 8.66527946e-02, 8.58812481e-01, 9.05961613e-02, 3.13358388e+00, 7.21329519e+01
9.59320948e-02, 3.97836456e-02, 9.12465293e-01, 8.89080281e-02, 8.56557248e-01, 9.30647882e-02, 3.13111525e+00, 7.22471236e+01
9.86252179e-02, 4.08495636e-02, 9.10228514e-01, 9.12172573e-02, 8.54248018e-01, 9.55986540e-02, 3.12858138e+00, 7.23644883e+01
1.01393946e-01, 4.19426849e-02, 9.07940346e-01, 9.35815288e-02, 8.51883747e-01, 9.81993731e-02, 3.12598067e+00, 7.24851387e+01
1.04240401e-01, 4.30636326e-02, 9.05599903e-01, 9.60018967e-02, 8.49463379e-01, 1.00868594e-01, 3.12331144e+00, 7.26091703e+01
1.07166765e-01, 4.42130406e-02, 9.03206303e-01, 9.84794215e-02, 8.46985854e-01, 1.03607999e-01, 3.12057204e+00, 7.27366819e+01
1.10175281e-01, 4.53915533e-02, 9.00758661e-01, 1.01015169e-01, 8.44450106e-01, 1.06419307e-01, 3.11776073e+00, 7.28677755e+01
1.13268257e-01, 4.65998259e-02, 8.98256098e-01, 1.03610212e-01, 8.41855064e-01, 1.09304268e-01, 3.11487577e+00, 7.30025568e+01
1.16448062e-01, 4.78385241e-02, 8.95697735e-01, 1.06265624e-01, 8.39199652e-01, 1.12264673e-01, 3.11191537e+00, 7.31411348e+01
1.19717134e-01, 4.91083240e-02, 8.93082699e-01, 1.08982484e-01, 8.36482792e-01, 1.15302343e-01, 3.10887770e+00, 7.32836225e+01
1.23077980e-01, 5.04099123e-02, 8.90410121e-01, 1.11761873e-01, 8.33703403e-01, 1.18419139e-01, 3.10576090e+00, 7.34301367e+01
1.26533176e-01, 5.17439860e-02, 8.87679139e-01, 1.14604872e-01, 8.30860404e-01, 1.21616957e-01, 3.10256308e+00, 7.35807984e+01
1.30085370e-01, 5.31112527e-02, 8.84888900e-01, 1.17512563e-01, 8.27952712e-01, 1.24897727e-01, 3.09928231e+00, 7.37357329e+01
1.33737286e-01, 5.45124297e-02, 8.82038557e-01, 1.20486027e-01, 8.24979249e-01, 1.28263420e-01, 3.09591662e+00, 7.38950699e+01
1.37491723e-01, 5.59482450e-02, 8.79127276e-01, 1.23526341e-01, 8.21938935e-01, 1.31716039e-01, -2.96439388e-323, 7.40589442e+01
1.41351558e-01, 5.74194362e-02, 8.76154234e-01, 1.26634580e-01, 8.18830696e-01, 1.35257628e-01, 3.08892241e+00, 7.42274952e+01
1.45319752e-01, 5.89267507e-02, 8.73118619e-01, 1.29811811e-01, 8.15653464e-01, 1.38890264e-01, 3.08528977e+00, 7.44008678e+01
1.49399346e-01, 6.04709458e-02, 8.70019635e-01, 1.33059098e-01, 8.12406177e-01, 1.42616063e-01, 3.08156398e+00, 7.45792121e+01
1.53593468e-01, 6.20527881e-02, 8.66856504e-01, 1.36377495e-01, 8.09087781e-01, 1.46437178e-01, 3.07774286e+00, 7.47626841e+01
1.57905331e-01, 6.36730536e-02, 8.63628462e-01, 1.39768045e-01, 8.05697231e-01, 1.50355797e-01, 3.07382424e+00, 7.49514460e+01
1.62338243e-01, 6.53325272e-02, 8.60334766e-01, 1.43231782e-01, 8.02233494e-01, 1.54374144e-01, 3.06980589e+00, 7.51456662e+01
1.66895601e-01, 6.70320026e-02, 8.56974693e-01, 1.46769724e-01, 7.98695552e-01, 1.58494483e-01, 3.06568556e+00, 7.53455197e+01
1.71580899e-01, 6.87722823e-02, 8.53547545e-01, 1.50382875e-01, 7.95082400e-01, 1.62719109e-01, 3.06146093e+00, 7.55511888e+01
1.76397728e-01, 7.05541769e-02, 8.50052645e-01, 1.54072224e-01, 7.91393051e-01, 1.67050354e-01, 3.05712968e+00, 7.57628629e+01
1.81349780e-01, 7.23785049e-02, 8.46489343e-01, 1.57838738e-01, 7.87626538e-01, 1.71490588e-01, 3.05268945e+00, 7.59807395e+01
1.86440853e-01, 7.42460926e-02, 8.42857018e-01, 1.61683364e-01, 7.83781912e-01, 1.76042210e-01, 3.04813783e+00, 7.62050240e+01
1.91674849e-01, 7.61577735e-02, 8.39155077e-01, 1.65607024e-01, 7.79858251e-01, 1.80707657e-01, 3.04347238e+00, 7.64359309e+01
1.97055780e-01, 7.81143880e-02, 8.35382959e-01, 1.69610618e-01, 7.75854658e-01, 1.85489397e-01, 3.03869064e+00, 7.66736833e+01
2.02587771e-01, 8.01167833e-02, 8.31540137e-01, 1.73695015e-01, 7.71770261e-01, 1.90389930e-01, 3.03379011e+00, 7.69185144e+01
2.08275063e-01, 8.21658124e-02, 8.27626118e-01, 1.77861053e-01, 7.67604222e-01, 1.95411788e-01, 3.02876825e+00, 7.71706671e+01
2.14122015e-01, 8.42623342e-02, 8.23640447e-01, 1.82109540e-01, 7.63355735e-01, 2.00557533e-01, 3.02362251e+00, 7.74303954e+01
2.20133111e-01, 8.64072127e-02, 8.19582709e-01, 1.86441246e-01, 7.59024029e-01, 2.05829753e-01, 3.01835029e+00, 7.76979643e+01
2.26312957e-01, 8.86013169e-02, 8.15452527e-01, 1.90856904e-01, 7.54608372e-01, 2.11231067e-01, 3.01294897e+00, 7.79736509e+01
2.32666291e-01, 9.08455198e-02, 8.11249571e-01, 1.95357203e-01, 7.50108072e-01, 2.16764118e-01, 3.00741592e+00, 7.82577447e+01
2.39197984e-01, 9.31406982e-02, 8.06973553e-01, 1.99942793e-01, 7.45522483e-01, 2.22431573e-01, 3.00174847e+00, 7.85505484e+01
2.45913043e-01, 9.54877322e-02, 8.02624233e-01, 2.04614272e-01, 7.40851004e-01, 2.28236120e-01, 2.99594392e+00, 7.88523790e+01
2.52816614e-01, 9.78875042e-02, 7.98201419e-01, 2.09372190e-01, 7.36093086e-01, 2.34180471e-01, 2.98999957e+00, 7.91635679e+01
2.59913992e-01, 1.00340899e-01, 7.93704972e-01, 2.14217045e-01, 7.31248231e-01, 2.40267350e-01, 2.98391269e+00, 7.94844622e+01
2.67210616e-01, 1.02848802e-01, 7.89134803e-01, 2.19149277e-01, 7.26315999e-01, 2.46499503e-01, 2.97768054e+00, 7.98154254e+01
2.74712079e-01, 1.05412101e-01, 7.84490880e-01, 2.24169266e-01, 7.21296009e-01, 2.52879683e-01, 2.97130035e+00, 8.01568384e+01
2.82424133e-01, 1.08031682e-01, 7.79773224e-01, 2.29277331e-01, 7.16187945e-01, 2.59410658e-01, 2.96476938e+00, 8.05091001e+01
2.90352688e-01, 1.10708431e-01, 7.74981917e-01, 2.34473722e-01, 7.10991554e-01, 2.66095198e-01, 2.95808484e+00, 8.08726290e+01
2.98503825e-01, 1.13443233e-01, 7.70117100e-01, 2.39758621e-01, 7.05706655e-01, 2.72936081e-01, 2.95124396e+00, 8.12478637e+01
3.06883789e-01, 1.16236971e-01, 7.65178976e-01, 2.45132134e-01, 7.00333141e-01, 2.79936083e-01, 2.94424396e+00, 8.16352641e+01
3.15499006e-01, 1.19090524e-01, 7.60167811e-01, 2.50594294e-01, 6.94870982e-01, 2.87097974e-01, 2.93708206e+00, 8.20353128e+01
3.24356081e-01, 1.22004770e-01, 7.55083934e-01, 2.56145049e-01, 6.89320226e-01, 2.94424521e-01, 2.92975552e+00, 8.24485161e+01
3.33461802e-01, 1.24980579e-01, 7.49927744e-01, 2.61784266e-01, 6.83681010e-01, 3.01918475e-01, 2.92226156e+00, 8.28754052e+01
3.42823149e-01, 1.28018820e-01, 7.44699703e-01, 2.67511721e-01, 6.77953555e-01, 3.09582570e-01, 2.91459747e+00, 8.33165378e+01
3.52447300e-01, 1.31120351e-01, 7.39400345e-01, 2.73327099e-01, 6.72138176e-01, 3.17419521e-01, 2.90676052e+00, 8.37724990e+01
3.62341632e-01, 1.34286029e-01, 7.34030273e-01, 2.79229992e-01, 6.66235283e-01, 3.25432012e-01, 2.89874803e+00, 8.42439032e+01
3.72513730e-01, 1.37516698e-01, 7.28590161e-01, 2.85219890e-01, 6.60245386e-01, 3.33622697e-01, 2.89055734e+00, 8.47313953e+01
3.82971391e-01, 1.40813196e-01, 7.23080757e-01, 2.91296181e-01, 6.54169095e-01, 3.41994190e-01, 2.88218585e+00, 8.52356524e+01
3.93722633e-01, 1.44176353e-01, 7.17502878e-01, 2.97458147e-01, 6.48007129e-01, 3.50549061e-01, 2.87363098e+00, 8.57573851e+01
4.04775697e-01, 1.47606985e-01, 7.11857418e-01, 3.03704960e-01, 6.41760316e-01, 3.59289827e-01, 2.86489021e+00, 8.62973395e+01
4.16139055e-01, 1.51105900e-01, 7.06145344e-01, 3.10035678e-01, 6.35429598e-01, 3.68218948e-01, 2.85596109e+00, 8.68562990e+01
4.27821420e-01, 1.54673893e-01, 7.00367697e-01, 3.16449243e-01, 6.29016032e-01, 3.77338819e-01, 2.84684122e+00, 8.74350854e+01
4.39831747e-01, 1.58311745e-01, 6.94525595e-01, 3.22944478e-01, 6.22520798e-01, 3.86651759e-01, 2.83752828e+00, 8.80345616e+01
4.52179242e-01, 1.62020224e-01, 6.88620228e-01, 3.29520080e-01, 6.15945196e-01, 3.96160011e-01, 2.82802003e+00, 8.86556329e+01
4.64873371e-01, 1.65800084e-01, 6.82652863e-01, 3.36174623e-01, 6.09290653e-01, 4.05865725e-01, 2.81831431e+00, 8.92992491e+01
4.77923865e-01, 1.69652062e-01, 6.76624841e-01, 3.42906551e-01, 6.02558725e-01, 4.15770955e-01, 2.80840908e+00, 8.99664066e+01
4.91340729e-01, 1.73576879e-01, 6.70537578e-01, 3.49714178e-01, 5.95751098e-01, 4.25877651e-01, 2.79830239e+00, 9.06581503e+01
5.05134247e-01, 1.77575238e-01, 6.64392563e-01, 3.56595684e-01, 5.88869592e-01, 4.36187646e-01, 2.78799239e+00, 9.13755756e+01
5.19314994e-01, 1.81647824e-01, 6.58191359e-01, 3.63549114e-01, 5.81916162e-01, 4.46702650e-01, 2.77747739e+00, 9.21198309e+01
5.33893840e-01, 1.85795303e-01, 6.51935600e-01, 3.70572376e-01, 5.74892900e-01, 4.57424240e-01, 2.76675580e+00, 9.28921194e+01
5.48881961e-01, 1.90018322e-01, 6.45626991e-01, 3.77663241e-01, 5.67802035e-01, 4.68353851e-01, 2.75582619e+00, 9.36937016e+01
5.64290847e-01, 1.94317504e-01, 6.39267309e-01, 3.84819340e-01, 5.60645936e-01, 4.79492766e-01, 2.74468727e+00, 9.45258973e+01
5.80132310e-01, 1.98693454e-01, 6.32858396e-01, 3.92038166e-01, 5.53427110e-01, 4.90842105e-01, 2.73333793e+00, 9.53900880e+01
5.96418495e-01, 2.03146750e-01, 6.26402164e-01, 3.99317073e-01, 5.46148203e-01, 5.02402820e-01, 2.72177722e+00, 9.62877196e+01
6.13161884e-01, 2.07677952e-01, 6.19900588e-01, 4.06653275e-01, 5.38812001e-01, 5.14175679e-01, 2.71000436e+00, 9.72203040e+01
6.30375315e-01, 2.12287591e-01, 6.13355704e-01, 4.14043849e-01, 5.31421427e-01, 5.26161262e-01, 2.69801878e+00, 9.81894220e+01
6.48071983e-01, 2.16976176e-01, 6.06769614e-01, 4.21485737e-01, 5.23979539e-01, 5.38359951e-01, 2.68582009e+00, 9.91967258e+01
6.66265452e-01, 2.21744190e-01, 6.00144472e-01, 4.28975746e-01, 5.16489529e-01, 5.50771916e-01, 2.67340812e+00, 1.00243941e+02
6.84969672e-01, 2.26592088e-01, 5.93482492e-01, 4.36510554e-01, 5.08954722e-01, 5.63397114e-01, 2.66078292e+00, 1.01332870e+02
7.04198979e-01, 2.31520301e-01, 5.86785940e-01, 4.44086708e-01, 5.01378567e-01, 5.76235274e-01, 2.64794476e+00, 1.02465392e+02
7.23968114e-01, 2.36529229e-01, 5.80057132e-01, 4.51700635e-01, 4.93764640e-01, 5.89285893e-01, 2.63489415e+00, 1.03643469e+02
7.44292233e-01, 2.41619247e-01, 5.73298431e-01, 4.59348642e-01, 4.86116634e-01, 6.02548227e-01, 2.62163181e+00, 1.04869146e+02
7.65186915e-01, 2.46790700e-01, 5.66512244e-01, 4.67026920e-01, 4.78438355e-01, 6.16021286e-01, 2.60815875e+00, 1.06144554e+02
7.86668179e-01, 2.52043903e-01, 5.59701019e-01, 4.74731557e-01, 4.70733718e-01, 6.29703825e-01, 2.59447621e+00, 1.07471914e+02
8.08752491e-01, 2.57379142e-01, 5.52867241e-01, 4.82458538e-01, 4.63006738e-01, 6.43594341e-01, 2.58058570e+00, 1.08853535e+02
8.31456781e-01, 2.62796674e-01, 5.46013431e-01, 4.90203753e-01, 4.55261522e-01, 6.57691069e-01, 2.56648897e+00, 1.10291823e+02
8.54798453e-01, 2.68296725e-01, 5.39142136e-01, 4.97963011e-01, 4.47502265e-01, 6.71991976e-01, 2.55218806e+00, 1.11789280e+02
8.78795401e-01, 2.73879488e-01, 5.32255933e-01, 5.05732041e-01, 4.39733235e-01, 6.86494763e-01, 2.53768528e+00, 1.13348506e+02
9.03466021e-01, 2.79545129e-01, 5.25357421e-01, 5.13506506e-01, 4.31958770e-01, 7.01196856e-01, 2.52298318e+00, 1.14972203e+02
9.28829225e-01, 2.85293778e-01, 5.18449216e-01, 5.21282011e-01, 4.24183265e-01, 7.16095414e-01, 2.50808462e+00, 1.16663180e+02
9.54904456e-01, 2.91125536e-01, 5.11533951e-01, 5.29054114e-01, 4.16411161e-01, 7.31187324e-01, 2.49299271e+00, 1.18424352e+02
9.81711702e-01, 2.97040474e-01, 5.04614268e-01, 5.36818338e-01, 4.08646937e-01, 7.46469206e-01, 2.47771083e+00, 1.20258745e+02
1.00927151e+00, 3.03038627e-01, 4.97692817e-01, 5.44570179e-01, 4.00895096e-01, 7.61937413e-01, 2.46224263e+00, 1.22169499e+02
1.03760502e+00, 3.09120002e-01, 4.90772250e-01, 5.52305121e-01, 3.93160155e-01, 7.77588040e-01, 2.44659200e+00, 1.24159870e+02
1.06673394e+00, 3.15284571e-01, 4.83855218e-01, 5.60018645e-01, 3.85446630e-01, 7.93416923e-01, 2.43076312e+00, 1.26233236e+02
1.09668060e+00, 3.21532276e-01, 4.76944367e-01, 5.67706244e-01, 3.77759031e-01, 8.09419652e-01, 2.41476039e+00, 1.28393100e+02
1.12746796e+00, 3.27863028e-01, 4.70042332e-01, 5.75363433e-01, 3.70101842e-01, 8.25591576e-01, 2.39858846e+00, 1.30643088e+02
1.15911962e+00, 3.34276704e-01, 4.63151736e-01, 5.82985762e-01, 3.62479514e-01, 8.41927812e-01, 2.38225223e+00, 1.32986963e+02
1.19165984e+00, 3.40773150e-01, 4.56275185e-01, 5.90568828e-01, 3.54896448e-01, 8.58423253e-01, 2.36575679e+00, 1.35428620e+02
1.22511358e+00, 3.47352184e-01, 4.49415262e-01, 5.98108287e-01, 3.47356989e-01, 8.75072585e-01, 2.34910745e+00, 1.37972096e+02
1.25950646e+00, 3.54013588e-01, 4.42574525e-01, 6.05599867e-01, 3.39865409e-01, 8.91870291e-01, 2.33230975e+00, 1.40621572e+02
1.29486487e+00, 3.60757118e-01, 4.35755505e-01, 6.13039378e-01, 3.32425898e-01, 9.08810673e-01, 2.31536937e+00, 1.43381378e+02
1.33121590e+00, 3.67582497e-01, 4.28960698e-01, 6.20422724e-01, 3.25042552e-01, 9.25887856e-01, 2.29829218e+00, 1.46255999e+02
1.36858742e+00, 3.74489419e-01, 4.22192565e-01, 6.27745915e-01, 3.17719361e-01, 9.43095810e-01, 2.28108423e+00, 1.49250083e+02
1.40700809e+00, 3.81477549e-01, 4.15453528e-01, 6.35005074e-01, 3.10460201e-01, 9.60428360e-01, 2.26375168e+00, 1.52368440e+02
1.44650734e+00, 3.88546523e-01, 4.08745964e-01, 6.42196451e-01, 3.03268825e-01, 9.77879204e-01, 2.24630083e+00, 1.55616055e+02
1.48711546e+00, 3.95695948e-01, 4.02072206e-01, 6.49316427e-01, 2.96148848e-01, 9.95441928e-01, 2.22873811e+00, 1.58998093e+02
1.52886359e+00, 4.02925403e-01, 3.95434536e-01, 6.56361527e-01, 2.89103748e-01, 1.01311002e+00, 2.21107002e+00, 1.62519905e+02
1.57178372e+00, 4.10234442e-01, 3.88835186e-01, 6.63328425e-01, 2.82136850e-01, 1.03087689e+00, 2.19330315e+00, 1.66187036e+02
1.61590875e+00, 4.17622591e-01, 3.82276331e-01, 6.70213951e-01, 2.75251324e-01, 1.04873588e+00, 2.17544416e+00, 1.70005231e+02
1.66127252e+00, 4.25089350e-01, 3.75760089e-01, 6.77015098e-01, 2.68450178e-01, 1.06668028e+00, 2.15749975e+00, 1.73980451e+02
1.70790980e+00, 4.32634194e-01, 3.69288519e-01, 6.83729025e-01, 2.61736250e-01, 1.08470337e+00, 2.13947667e+00, 1.78118871e+02
1.75585633e+00, 4.40256573e-01, 3.62863618e-01, 6.90353065e-01, 2.55112210e-01, 1.10279837e+00, 2.12138166e+00, 1.82426900e+02
1.80514888e+00, 4.47955916e-01, 3.56487318e-01, 6.96884724e-01, 2.48580551e-01, 1.12095854e+00, 2.10322150e+00, 1.86911183e+02
1.85582523e+00, 4.55731626e-01, 3.50161484e-01, 7.03321687e-01, 2.42143588e-01, 1.13917712e+00, 2.08500291e+00, 1.91578618e+02
1.90792422e+00, 4.63583085e-01, 3.43887915e-01, 7.09661818e-01, 2.35803457e-01, 1.15744740e+00, 2.06673264e+00, 1.96436364e+02
1.96148581e+00, 4.71509656e-01, 3.37668341e-01, 7.15903162e-01, 2.29562114e-01, 1.17576269e+00, 2.04841735e+00, 2.01491851e+02
2.01655104e+00, 4.79510678e-01, 3.31504419e-01, 7.22043944e-01, 2.23421332e-01, 1.19411635e+00, 2.03006369e+00, 2.06752798e+02
2.07316213e+00, 4.87585472e-01, 3.25397736e-01, 7.28082568e-01, 2.17382707e-01, 1.21250182e+00, 2.01167821e+00, 2.12227221e+02
2.13136247e+00, 4.95733342e-01, 3.19349807e-01, 7.34017620e-01, 2.11447655e-01, 1.23091261e+00, 1.99326743e+00, 2.17923449e+02
2.19119669e+00, 5.03953573e-01, 3.13362070e-01, 7.39847860e-01, 2.05617416e-01, 1.24934230e+00, 1.97483774e+00, 2.23850138e+02
2.25271064e+00, 5.12245431e-01, 3.07435893e-01, 7.45572223e-01, 1.99893053e-01, 1.26778457e+00, 1.95639547e+00, 2.30016287e+02
2.31595149e+00, 5.20608169e-01, 3.01572566e-01, 7.51189815e-01, 1.94275461e-01, 1.28623322e+00, 1.93794682e+00, 2.36431252e+02
2.38096772e+00, 5.29041024e-01, 2.95773306e-01, 7.56699910e-01, 1.88765366e-01, 1.30468214e+00, 1.91949790e+00, 2.43104764e+02
2.44780916e+00, 5.37543219e-01, 2.90039255e-01, 7.62101944e-01, 1.83363332e-01, 1.32312534e+00, 1.90105470e+00, 2.50046944e+02
2.51652705e+00, 5.46113963e-01, 2.84371479e-01, 7.67395511e-01, 1.78069764e-01, 1.34155698e+00, 1.88262306e+00, 2.57268324e+02
2.58717408e+00, 5.54752453e-01, 2.78770971e-01, 7.72580362e-01, 1.72884913e-01, 1.35997130e+00, 1.86420873e+00, 2.64779863e+02
2.65980440e+00, 5.63457874e-01, 2.73238647e-01, 7.77656393e-01, 1.67808883e-01, 1.37836274e+00, 1.84581730e+00, 2.72592969e+02
2.73447368e+00, 5.72229403e-01, 2.67775351e-01, 7.82623643e-01, 1.62841633e-01, 1.39672582e+00, 1.82745422e+00, 2.80719517e+02
2.81123917e+00, 5.81066203e-01, 2.62381854e-01, 7.87482289e-01, 1.57982986e-01, 1.41505524e+00, 1.80912480e+00, 2.89171871e+02
2.89015972e+00, 5.89967432e-01, 2.57058854e-01, 7.92232639e-01, 1.53232637e-01, 1.43334583e+00, 1.79083421e+00, 2.97962906e+02
2.97129582e+00, 5.98932239e-01, 2.51806978e-01, 7.96875124e-01, 1.48590152e-01, 1.45159258e+00, 1.77258746e+00, 3.07106031e+02
3.05470967e+00, 6.07959763e-01, 2.46626782e-01, 8.01410294e-01, 1.44054981e-01, 1.46979062e+00, 1.75438942e+00, 3.16615213e+02
3.14046522e+00, 6.17049141e-01, 2.41518754e-01, 8.05838814e-01, 1.39626462e-01, 1.48793523e+00, 1.73624481e+00, 3.26505003e+02
3.22862820e+00, 6.26199502e-01, 2.36483311e-01, 8.10161450e-01, 1.35303825e-01, 1.50602185e+00, 1.71815819e+00, 3.36790556e+02
3.31926620e+00, 6.35409971e-01, 2.31520808e-01, 8.14379072e-01, 1.31086203e-01, 1.52404607e+00, 1.70013397e+00, 3.47487668e+02
3.41244871e+00, 6.44679670e-01, 2.26631530e-01, 8.18492641e-01, 1.26972635e-01, 1.54200363e+00, 1.68217640e+00, 3.58612793e+02
3.50824714e+00, 6.54007716e-01, 2.21815701e-01, 8.22503204e-01, 1.22962072e-01, 1.55989044e+00, 1.66428960e+00, 3.70183081e+02
3.60673495e+00, 6.63393226e-01, 2.17073483e-01, 8.26411892e-01, 1.19053384e-01, 1.57770253e+00, 1.64647751e+00, 3.82216402e+02
3.70798763e+00, 6.72835313e-01, 2.12404976e-01, 8.30219907e-01, 1.15245368e-01, 1.59543610e+00, 1.62874394e+00, 3.94731380e+02
3.81208280e+00, 6.82333091e-01, 2.07810223e-01, 8.33928524e-01, 1.11536751e-01, 1.61308750e+00, 1.61109254e+00, 4.07747425e+02
3.91910025e+00, 6.91885673e-01, 2.03289209e-01, 8.37539078e-01, 1.07926197e-01, 1.63065322e+00, 1.59352682e+00, 4.21284770e+02
4.02912203e+00, 7.01492174e-01, 1.98841864e-01, 8.41052963e-01, 1.04412312e-01, 1.64812990e+00, 1.57605014e+00, 4.35364500e+02
4.14223247e+00, 7.11151707e-01, 1.94468065e-01, 8.44471625e-01, 1.00993651e-01, 1.66551433e+00, 1.55866571e+00, 4.50008595e+02
4.25851829e+00, 7.20863389e-01, 1.90167637e-01, 8.47796556e-01, 9.76687198e-02, 1.68280342e+00, 1.54137661e+00, 4.65239964e+02
4.37806863e+00, 7.30626340e-01, 1.85940357e-01, 8.51029291e-01, 9.44359850e-02, 1.69999425e+00, 1.52418578e+00, 4.81082488e+02
4.50097513e+00, 7.40439681e-01, 1.81785952e-01, 8.54171401e-01, 9.12938751e-02, 1.71708402e+00, 1.50709602e+00, 4.97561059e+02
4.62733201e+00, 7.50302539e-01, 1.77704105e-01, 8.57224489e-01, 8.82407866e-02, 1.73407005e+00, 1.49010998e+00, 5.14701625e+02
4.75723614e+00, 7.60214043e-01, 1.73694456e-01, 8.60190188e-01, 8.52750880e-02, 1.75094983e+00, 1.47323021e+00, 5.32531233e+02
4.89078709e+00, 7.70173327e-01, 1.69756602e-01, 8.63070151e-01, 8.23951248e-02, 1.76772093e+00, 1.45645911e+00, 5.51078079e+02
5.02808725e+00, 7.80179530e-01, 1.65890100e-01, 8.65866053e-01, 7.95992228e-02, 1.78438110e+00, 1.43979894e+00, 5.70371551e+02
5.16924187e+00, 7.90231798e-01, 1.62094471e-01, 8.68579583e-01, 7.68856925e-02, 1.80092817e+00, 1.42325187e+00, 5.90442286e+02
5.31435916e+00, 8.00329281e-01, 1.58369199e-01, 8.71212443e-01, 7.42528325e-02, 1.81736011e+00, 1.40681993e+00, 6.11322220e+02
5.46355035e+00, 8.10471136e-01, 1.54713732e-01, 8.73766343e-01, 7.16989330e-02, 1.83367500e+00, 1.39050503e+00, 6.33044642e+02
5.61692982e+00, 8.20656529e-01, 1.51127491e-01, 8.76242996e-01, 6.92222795e-02, 1.84987106e+00, 1.37430898e+00, 6.55644252e+02
5.77461515e+00, 8.30884629e-01, 1.47609861e-01, 8.78644121e-01, 6.68211551e-02, 1.86594659e+00, 1.35823345e+00, 6.79157224e+02
5.93672722e+00, 8.41154616e-01, 1.44160202e-01, 8.80971431e-01, 6.44938443e-02, 1.88190001e+00, 1.34228003e+00, 7.03621261e+02
6.10339029e+00, 8.51465677e-01, 1.40777848e-01, 8.83226641e-01, 6.22386349e-02, 1.89772986e+00, 1.32645018e+00, 7.29075667e+02
6.27473213e+00, 8.61817006e-01, 1.37462106e-01, 8.85411454e-01, 6.00538213e-02, 1.91343476e+00, 1.31074528e+00, 7.55561411e+02
6.45088409e+00, 8.72207807e-01, 1.34212261e-01, 8.87527569e-01, 5.79377063e-02, 1.92901345e+00, 1.29516659e+00, 7.83121198e+02
6.63198120e+00, 8.82637292e-01, 1.31027576e-01, 8.89576672e-01, 5.58886035e-02, 1.94446477e+00, 1.27971527e+00, 8.11799541e+02
6.81816229e+00, 8.93104682e-01, 1.27907296e-01, 8.91560436e-01, 5.39048395e-02, 1.95978763e+00, 1.26439241e+00, 8.41642841e+02
7.00957009e+00, 9.03609206e-01, 1.24850646e-01, 8.93480520e-01, 5.19847555e-02, 1.97498107e+00, 1.24919897e+00, 8.72699462e+02
7.20635132e+00, 9.14150106e-01, 1.21856835e-01, 8.95338566e-01, 5.01267092e-02, 1.99004419e+00, 1.23413585e+00, 9.05019818e+02
7.40865683e+00, 9.24726629e-01, 1.18925058e-01, 8.97136199e-01, 4.83290766e-02, 2.00497619e+00, 1.21920385e+00, 9.38656456e+02
7.61664172e+00, 9.35338035e-01, 1.16054495e-01, 8.98875023e-01, 4.65902528e-02, 2.01977634e+00, 1.20440370e+00, 9.73664149e+02
7.83046540e+00, 9.45983593e-01, 1.13244314e-01, 9.00556622e-01, 4.49086541e-02, 2.03444402e+00, 1.18973601e+00, 1.01009999e+03
8.05029181e+00, 9.56662583e-01, 1.10493675e-01, 9.02182557e-01, 4.32827186e-02, 2.04897867e+00, 1.17520137e+00, 1.04802348e+03
8.27628946e+00, 9.67374292e-01, 1.07801724e-01, 9.03754368e-01, 4.17109077e-02, 2.06337981e+00, 1.16080023e+00, 1.08749666e+03
8.50863158e+00, 9.78118021e-01, 1.05167604e-01, 9.05273569e-01, 4.01917067e-02, 2.07764702e+00, 1.14653301e+00, 1.12858417e+03
8.74749630e+00, 9.88893079e-01, 1.02590447e-01, 9.06741650e-01, 3.87236259e-02, 2.09177999e+00, 1.13240005e+00, 1.17135340e+03
8.99306672e+00, 9.99698787e-01, 1.00069381e-01, 9.08160074e-01, 3.73052012e-02, 2.10577843e+00, 1.11840160e+00, 1.21587459e+03
9.24553110e+00, 1.01053448e+00, 9.76035298e-02, 9.09530281e-01, 3.59349949e-02, 2.11964216e+00, 1.10453787e+00, 1.26222095e+03
9.50508296e+00, 1.02139949e+00, 9.51920136e-02, 9.10853680e-01, 3.46115959e-02, 2.13337105e+00, 1.09080899e+00, 1.31046880e+03
9.77192128e+00, 1.03229317e+00, 9.28339498e-02, 9.12131655e-01, 3.33336206e-02, 2.14696501e+00, 1.07721503e+00, 1.36069767e+03
1.00462506e+01, 1.04321489e+00, 9.05284548e-02, 9.13365563e-01, 3.20997131e-02, 2.16042404e+00, 1.06375600e+00, 1.41299046e+03
1.03282813e+01, 1.05416402e+00, 8.82746444e-02, 9.14556730e-01, 3.09085455e-02, 2.17374818e+00, 1.05043186e+00, 1.46743359e+03
1.06182294e+01, 1.06513995e+00, 8.60716349e-02, 9.15706458e-01, 2.97588181e-02, 2.18693754e+00, 1.03724250e+00, 1.52411711e+03
1.09163173e+01, 1.07614206e+00, 8.39185439e-02, 9.16816016e-01, 2.86492594e-02, 2.19999228e+00, 1.02418776e+00, 1.58313492e+03
1.12227736e+01, 1.08716977e+00, 8.18144912e-02, 9.17886649e-01, 2.75786267e-02, 2.21291259e+00, 1.01126745e+00, 1.64458485e+03
1.15378330e+01, 1.09822248e+00, 7.97585995e-02, 9.18919570e-01, 2.65457057e-02, 2.22569874e+00, 9.98481296e-01, 1.70856890e+03
1.18617372e+01, 1.10929963e+00, 7.77499950e-02, 9.19915965e-01, 2.55493106e-02, 2.23835103e+00, 9.85829007e-01, 1.77519335e+03
1.21947344e+01, 1.12040065e+00, 7.57878084e-02, 9.20876992e-01, 2.45882840e-02, 2.25086981e+00, 9.73310229e-01, 1.84456903e+03
1.25370799e+01, 1.13152499e+00, 7.38711753e-02, 9.21803779e-01, 2.36614968e-02, 2.26325547e+00, 9.60924572e-01, 1.91681140e+03
1.28890361e+01, 1.14267211e+00, 7.19992367e-02, 9.22697427e-01, 2.27678484e-02, 2.27550844e+00, 9.48671600e-01, 1.99204085e+03
1.32508729e+01, 1.15384147e+00, 7.01711401e-02, 9.23559010e-01, 2.19062658e-02, 2.28762920e+00, 9.36550842e-01, 2.07038284e+03
1.36228676e+01, 1.16503255e+00, 6.83860392e-02, 9.24389572e-01, 2.10757038e-02, 2.29961825e+00, 9.24561786e-01, 2.15196813e+03
1.40053055e+01, 1.17624484e+00, 6.66430952e-02, 9.25190131e-01, 2.02751450e-02, 2.31147615e+00, 9.12703884e-01, 2.23693305e+03
1.43984795e+01, 1.18747784e+00, 6.49414767e-02, 9.25961677e-01, 1.95035987e-02, 2.32320348e+00, 9.00976555e-01, 2.32541965e+03
1.48026913e+01, 1.19873106e+00, 6.32803605e-02, 9.26705174e-01, 1.87601014e-02, 2.33480085e+00, 8.89379184e-01, 2.41757602e+03
1.52182505e+01, 1.21000400e+00, 6.16589316e-02, 9.27421560e-01, 1.80437159e-02, 2.34626891e+00, 8.77911125e-01, 2.51355651e+03
1.56454759e+01, 1.22129622e+00, 6.00763839e-02, 9.28111744e-01, 1.73535313e-02, 2.35760834e+00, 8.66571703e-01, 2.61352200e+03
1.60846948e+01, 1.23260723e+00, 5.85319205e-02, 9.28776613e-01, 1.66886623e-02, 2.36881982e+00, 8.55360215e-01, 2.71764019e+03
1.65362441e+01, 1.24393658e+00, 5.70247538e-02, 9.29417027e-01, 1.60482488e-02, 2.37990411e+00, 8.44275929e-01, 2.82608584e+03
1.70004698e+01, 1.25528384e+00, 5.55541057e-02, 9.30033820e-01, 1.54314560e-02, 2.39086195e+00, 8.33318092e-01, 2.93904115e+03
1.74777277e+01, 1.26664856e+00, 5.41192085e-02, 9.30627803e-01, 1.48374730e-02, 2.40169412e+00, 8.22485922e-01, 3.05669600e+03
1.79683839e+01, 1.27803033e+00, 5.27193041e-02, 9.31199763e-01, 1.42655132e-02, 2.41240142e+00, 8.11778620e-01, 3.17924832e+03
1.84728144e+01, 1.28942872e+00, 5.13536452e-02, 9.31750462e-01, 1.37148136e-02, 2.42298468e+00, 8.01195362e-01, 3.30690441e+03
1.89914058e+01, 1.30084334e+00, 5.00214947e-02, 9.32280642e-01, 1.31846340e-02, 2.43344473e+00, 7.90735306e-01, 3.43987931e+03
1.95245558e+01, 1.31227377e+00, 4.87221263e-02, 9.32791019e-01, 1.26742570e-02, 2.44378245e+00, 7.80397589e-01, 3.57839715e+03
2.00726730e+01, 1.32371963e+00, 4.74548245e-02, 9.33282289e-01, 1.21829871e-02, 2.45399870e+00, 7.70181335e-01, 3.72269154e+03
2.06361777e+01, 1.33518054e+00, 4.62188846e-02, 9.33755125e-01, 1.17101505e-02, 2.46409439e+00, 7.60085647e-01, 3.87300602e+03
2.12155017e+01, 1.34665613e+00, 4.50136131e-02, 9.34210181e-01, 1.12550947e-02, 2.47407042e+00, 7.50109616e-01, 4.02959438e+03
2.18110892e+01, 1.35814602e+00, 4.38383275e-02, 9.34648088e-01, 1.08171874e-02, 2.48392772e+00, 7.40252318e-01, 4.19272121e+03
2.24233968e+01, 1.36964988e+00, 4.26923562e-02, 9.35069459e-01, 1.03958168e-02, 2.49366722e+00, 7.30512814e-01, 4.36266225e+03
2.30528939e+01, 1.38116734e+00, 4.15750390e-02, 9.35474885e-01, 9.99039052e-03, 2.50328988e+00, 7.20890157e-01, 4.53970495e+03
2.37000629e+01, 1.39269806e+00, 4.04857268e-02, 9.35864940e-01, 9.60033552e-03, 2.51279665e+00, 7.11383386e-01, 4.72414892e+03
2.43654001e+01, 1.40424172e+00, 3.94237819e-02, 9.36240178e-01, 9.22509728e-03, 2.52218851e+00, 7.01991531e-01, 4.91630645e+03
2.50494154e+01, 1.41579798e+00, 3.83885774e-02, 9.36601136e-01, 8.86413952e-03, 2.53146643e+00, 6.92713611e-01, 5.11650305e+03
2.57526333e+01, 1.42736654e+00, 3.73794979e-02, 9.36948332e-01, 8.51694366e-03, 2.54063140e+00, 6.83548639e-01, 5.32507802e+03
2.64755927e+01, 1.43894707e+00, 3.63959391e-02, 9.37282267e-01, 8.18300835e-03, 2.54968442e+00, 6.74495621e-01, 5.54238503e+03
2.72188479e+01, 1.45053928e+00, 3.54373078e-02, 9.37603427e-01, 7.86184899e-03, 2.55862649e+00, 6.65553553e-01, 5.76879271e+03
2.79829688e+01, 1.46214287e+00, 3.45030217e-02, 9.37912278e-01, 7.55299730e-03, 2.56745861e+00, 6.56721428e-01, 6.00468532e+03
2.87685409e+01, 1.47375755e+00, 3.35925097e-02, 9.38209275e-01, 7.25600084e-03, 2.57618181e+00, 6.47998232e-01, 6.25046338e+03
2.95761666e+01, 1.48538304e+00, 3.27052117e-02, 9.38494853e-01, 6.97042253e-03, 2.58479709e+00, 6.39382949e-01, 6.50654437e+03
3.04064649e+01, 1.49701906e+00, 3.18405781e-02, 9.38769435e-01, 6.69584029e-03, 2.59330548e+00, 6.30874556e-01, 6.77336346e+03
3.12600724e+01, 1.50866534e+00, 3.09980705e-02, 9.39033429e-01, 6.43184652e-03, 2.60170801e+00, 6.22472030e-01, 7.05137424e+03
3.21376434e+01, 1.52032162e+00, 3.01771610e-02, 9.39287228e-01, 6.17804770e-03, 2.61000569e+00, 6.14174344e-01, 7.34104952e+03
3.30398507e+01, 1.53198765e+00, 2.93773321e-02, 9.39531212e-01, 5.93406400e-03, 2.61819957e+00, 6.05980469e-01, 7.64288212e+03
3.39673858e+01, 1.54366317e+00, 2.85980772e-02, 9.39765747e-01, 5.69952882e-03, 2.62629066e+00, 5.97889375e-01, 7.95738576e+03
3.49209598e+01, 1.55534793e+00, 2.78388997e-02, 9.39991187e-01, 5.47408843e-03, 2.63428001e+00, 5.89900032e-01, 8.28509590e+03
3.59013038e+01, 1.56704171e+00, 2.70993135e-02, 9.40207874e-01, 5.25740153e-03, 2.64216863e+00, 5.82011408e-01, 8.62657068e+03
3.69091691e+01, 1.57874427e+00, 2.63788425e-02, 9.40416137e-01, 5.04913891e-03, 2.64995756e+00, 5.74222474e-01, 8.98239189e+03
3.79453285e+01, 1.59045537e+00, 2.56770206e-02, 9.40616293e-01, 4.84898304e-03, 2.65764784e+00, 5.66532200e-01, 9.35316596e+03
3.90105762e+01, 1.60217481e+00, 2.49933916e-02, 9.40808648e-01, 4.65662770e-03, 2.66524048e+00, 5.58939557e-01, 9.73952501e+03
4.01057288e+01, 1.61390235e+00, 2.43275093e-02, 9.40993498e-01, 4.47177763e-03, 2.67273652e+00, 5.51443518e-01, 1.01421279e+04
4.12316259e+01, 1.62563780e+00, 2.36789368e-02, 9.41171128e-01, 4.29414819e-03, 2.68013698e+00, 5.44043060e-01, 1.05616616e+04
4.23891306e+01, 1.63738095e+00, 2.30472468e-02, 9.41341811e-01, 4.12346499e-03, 2.68744288e+00, 5.36737161e-01, 1.09988418e+04
4.35791301e+01, 1.64913159e+00, 2.24320214e-02, 9.41505812e-01, 3.95946357e-03, 2.69465524e+00, 5.29524801e-01, 1.14544149e+04
4.48025368e+01, 1.66088953e+00, 2.18328518e-02, 9.41663387e-01, 3.80188905e-03, 2.70177507e+00, 5.22404965e-01, 1.19291587e+04
4.60602884e+01, 1.67265458e+00, 2.12493385e-02, 9.41814780e-01, 3.65049588e-03, 2.70880340e+00, 5.15376640e-01, 1.24238840e+04
4.73533492e+01, 1.68442656e+00, 2.06810907e-02, 9.41960228e-01, 3.50504743e-03, 2.71574122e+00, 5.08438819e-01, 1.29394360e+04
4.86827104e+01, 1.69620528e+00, 2.01277264e-02, 9.42099960e-01, 3.36531578e-03, 2.72258954e+00, 5.01590499e-01, 1.34766956e+04
5.00493910e+01, 1.70799057e+00, 1.95888723e-02, 9.42234194e-01, 3.23108137e-03, 2.72934936e+00, 4.94830679e-01, 1.40365812e+04
5.14544388e+01, 1.71978224e+00, 1.90641636e-02, 9.42363143e-01, 3.10213274e-03, 2.73602167e+00, 4.88158365e-01, 1.46200500e+04
5.28989308e+01, 1.73158015e+00, 1.85532437e-02, 9.42487009e-01, 2.97826625e-03, 2.74260747e+00, 4.81572569e-01, 1.52280997e+04
5.43839743e+01, 1.74338412e+00, 1.80557646e-02, 9.42605990e-01, 2.85928582e-03, 2.74910773e+00, 4.75072305e-01, 1.58617704e+04
5.59107078e+01, 1.75519399e+00, 1.75713858e-02, 9.42720273e-01, 2.74500264e-03, 2.75552344e+00, 4.68656597e-01, 1.65221462e+04
5.74803016e+01, 1.76700960e+00, 1.70997750e-02, 9.42830041e-01, 2.63523495e-03, 2.76185557e+00, 4.62324471e-01, 1.72103572e+04
5.90939590e+01, 1.77883082e+00, 1.66406078e-02, 9.42935468e-01, 2.52980778e-03, 2.76810508e+00, 4.56074962e-01, 1.79275813e+04
6.07529169e+01, 1.79065748e+00, 1.61935670e-02, 9.43036723e-01, 2.42855271e-03, 2.77427293e+00, 4.49907108e-01, 1.86750464e+04
6.24584471e+01, 1.80248944e+00, 1.57583434e-02, 9.43133968e-01, 2.33130765e-03, 2.78036008e+00, 4.43819955e-01, 1.94540323e+04
6.42118571e+01, 1.81432657e+00, 1.53346346e-02, 9.43227359e-01, 2.23791660e-03, 2.78636748e+00, 4.37812558e-01, 2.02658733e+04
6.60144909e+01, 1.82616872e+00, 1.49221457e-02, 9.43317046e-01, 2.14822945e-03, 2.79229606e+00, 4.31883974e-01, 2.11119600e+04
6.78677305e+01, 1.83801577e+00, 1.45205889e-02, 9.43403174e-01, 2.06210176e-03, 2.79814677e+00, 4.26033270e-01, 2.19937420e+04
6.97729965e+01, 1.84986758e+00, 1.41296829e-02, 9.43485881e-01, 1.97939457e-03, 2.80392052e+00, 4.20259520e-01, 2.29127303e+04
7.17317494e+01, 1.86172403e+00, 1.37491537e-02, 9.43565302e-01, 1.89997418e-03, 2.80961823e+00, 4.14561804e-01, 2.38705001e+04
7.37454909e+01, 1.87358500e+00, 1.33787335e-02, 9.43641564e-01, 1.82371199e-03, 2.81524083e+00, 4.08939208e-01, 2.48686932e+04
7.58157646e+01, 1.88545036e+00, 1.30181611e-02, 9.43714791e-01, 1.75048428e-03, 2.82078921e+00, 4.03390829e-01, 2.59090209e+04
7.79441575e+01, 1.89731999e+00, 1.26671819e-02, 9.43785104e-01, 1.68017206e-03, 2.82626427e+00, 3.97915769e-01, 2.69932673e+04
8.01323013e+01, 1.90919379e+00, 1.23255471e-02, 9.43852615e-01, 1.61266091e-03, 2.83166690e+00, 3.92513137e-01, 2.81232920e+04
8.23818733e+01, 1.92107165e+00, 1.19930143e-02, 9.43917435e-01, 1.54784076e-03, 2.83699799e+00, 3.87182051e-01, 2.93010333e+04
8.46945981e+01, 1.93295345e+00, 1.16693470e-02, 9.43979670e-01, 1.48560578e-03, 2.84225840e+00, 3.81921637e-01, 3.05285117e+04
8.70722485e+01, 1.94483908e+00, 1.13543144e-02, 9.44039421e-01, 1.42585422e-03, 2.84744901e+00, 3.76731026e-01, 3.18078335e+04
8.95166472e+01, 1.95672846e+00, 1.10476916e-02, 9.44096787e-01, 1.36848822e-03, 2.85257068e+00, 3.71609360e-01, 3.31411940e+04
9.20296681e+01, 1.96862147e+00, 1.07492590e-02, 9.44151862e-01, 1.31341371e-03, 2.85762425e+00, 3.66555788e-01, 3.45308818e+04
9.46132376e+01, 1.98051802e+00, 1.04588028e-02, 9.44204735e-01, 1.26054024e-03, 2.86261057e+00, 3.61569466e-01, 3.59792825e+04
9.72693362e+01, 1.99241802e+00, 1.01761143e-02, 9.44255495e-01, 1.20978088e-03, 2.86753048e+00, 3.56649558e-01, 3.74888825e+04
1.00000000e+02, 2.00432137e+00, 9.90099010e-03, 9.44304224e-01, 1.16105205e-03, 2.87238480e+00, 3.51795237e-01, 3.90622740e+04
