 --- Cosmological Parameters --- 
	 H0: 2.1791e-18 (1/s) = 67.2400 (km/s/Mpc) 
	 OmegaM: 3.2500e-01 
	 OmegaR: 0.0000e+00 
	 OmegaL: 6.7500e-01 
	 OmegaK: 0.0000e+00 
		 w0: -7.2700e-01 
		 wa: -1.0500e+00 
	 rho_crit: 8.4944e-30 (g/cm^3) 
z, log10(1+z), a, H0*t_look, H0*t_age, H0*t_conf, H0*t_conf_age, H(z) 
1.00000000e-04, 4.34272769e-05, 9.99900010e-01, 9.99911813e-05, 9.36495858e-01, 9.99961808e-05, 3.19751995e+00, 6.72451363e+01
1.02807322e-04, 4.46463579e-05, 9.99897203e-01, 1.02798002e-04, 9.36493052e-01, 1.02803286e-04, 3.19751714e+00, 6.72452805e+01
1.05693455e-04, 4.58996588e-05, 9.99894318e-01, 1.05683604e-04, 9.36490166e-01, 1.05689189e-04, 3.19751426e+00, 6.72454287e+01
1.08660611e-04, 4.71881402e-05, 9.99891351e-01, 1.08650199e-04, 9.36487199e-01, 1.08656102e-04, 3.19751129e+00, 6.72455811e+01
1.11711065e-04, 4.85127895e-05, 9.99888301e-01, 1.11700060e-04, 9.36484150e-01, 1.11706299e-04, 3.19750824e+00, 6.72457378e+01
1.14847155e-04, 4.98746217e-05, 9.99885166e-01, 1.14835523e-04, 9.36481014e-01, 1.14842117e-04, 3.19750510e+00, 6.72458989e+01
1.18071285e-04, 5.12746804e-05, 9.99881943e-01, 1.18058991e-04, 9.36477791e-01, 1.18065960e-04, 3.19750188e+00, 6.72460644e+01
1.21385926e-04, 5.27140387e-05, 9.99878629e-01, 1.21372933e-04, 9.36474477e-01, 1.21380299e-04, 3.19749856e+00, 6.72462347e+01
1.24793621e-04, 5.41937993e-05, 9.99875222e-01, 1.24779887e-04, 9.36471070e-01, 1.24787673e-04, 3.19749516e+00, 6.72464097e+01
1.28296980e-04, 5.57150964e-05, 9.99871719e-01, 1.28282465e-04, 9.36467567e-01, 1.28290693e-04, 3.19749165e+00, 6.72465896e+01
1.31898690e-04, 5.72790956e-05, 9.99868119e-01, 1.31883348e-04, 9.36463966e-01, 1.31892045e-04, 3.19748805e+00, 6.72467746e+01
1.35601511e-04, 5.88869955e-05, 9.99864417e-01, 1.35585296e-04, 9.36460264e-01, 1.35594489e-04, 3.19748435e+00, 6.72469648e+01
1.39408283e-04, 6.05400281e-05, 9.99860611e-01, 1.39391145e-04, 9.36456458e-01, 1.39400860e-04, 3.19748054e+00, 6.72471603e+01
1.43321923e-04, 6.22394601e-05, 9.99856699e-01, 1.43303809e-04, 9.36452546e-01, 1.43314078e-04, 3.19747663e+00, 6.72473613e+01
1.47345431e-04, 6.39865937e-05, 9.99852676e-01, 1.47326286e-04, 9.36448523e-01, 1.47337139e-04, 3.19747261e+00, 6.72475679e+01
1.51481892e-04, 6.57827676e-05, 9.99848541e-01, 1.51461657e-04, 9.36444388e-01, 1.51473129e-04, 3.19746847e+00, 6.72477804e+01
1.55734477e-04, 6.76293582e-05, 9.99844290e-01, 1.55713090e-04, 9.36440137e-01, 1.55725215e-04, 3.19746422e+00, 6.72479988e+01
1.60106446e-04, 6.95277803e-05, 9.99839919e-01, 1.60083842e-04, 9.36435766e-01, 1.60096656e-04, 3.19745985e+00, 6.72482233e+01
1.64601150e-04, 7.14794886e-05, 9.99835426e-01, 1.64577259e-04, 9.36431272e-01, 1.64590803e-04, 3.19745535e+00, 6.72484542e+01
1.69222035e-04, 7.34859785e-05, 9.99830807e-01, 1.69196784e-04, 9.36426653e-01, 1.69211099e-04, 3.19745073e+00, 6.72486915e+01
1.73972643e-04, 7.55487874e-05, 9.99826058e-01, 1.73945954e-04, 9.36421904e-01, 1.73961084e-04, 3.19744598e+00, 6.72489355e+01
1.78856616e-04, 7.76694958e-05, 9.99821175e-01, 1.78828408e-04, 9.36417021e-01, 1.78844399e-04, 3.19744110e+00, 6.72491863e+01
1.83877698e-04, 7.98497285e-05, 9.99816156e-01, 1.83847884e-04, 9.36412002e-01, 1.83864786e-04, 3.19743608e+00, 6.72494441e+01
1.89039738e-04, 8.20911560e-05, 9.99810996e-01, 1.89008226e-04, 9.36406841e-01, 1.89026090e-04, 3.19743092e+00, 6.72497092e+01
1.94346693e-04, 8.43954955e-05, 9.99805691e-01, 1.94313387e-04, 9.36401536e-01, 1.94332268e-04, 3.19742561e+00, 6.72499818e+01
1.99802631e-04, 8.67645125e-05, 9.99800237e-01, 1.99767429e-04, 9.36396082e-01, 1.99787385e-04, 3.19742016e+00, 6.72502620e+01
2.05411735e-04, 8.92000219e-05, 9.99794630e-01, 2.05374529e-04, 9.36390475e-01, 2.05395621e-04, 3.19741455e+00, 6.72505500e+01
2.11178304e-04, 9.17038897e-05, 9.99788866e-01, 2.11138981e-04, 9.36384711e-01, 2.11161274e-04, 3.19740878e+00, 6.72508462e+01
2.17106760e-04, 9.42780341e-05, 9.99782940e-01, 2.17065198e-04, 9.36378784e-01, 2.17088760e-04, 3.19740286e+00, 6.72511506e+01
2.23201647e-04, 9.69244272e-05, 9.99776848e-01, 2.23157719e-04, 9.36372692e-01, 2.23182622e-04, 3.19739676e+00, 6.72514637e+01
2.29467637e-04, 9.96450962e-05, 9.99770585e-01, 2.29421208e-04, 9.36366428e-01, 2.29447528e-04, 3.19739050e+00, 6.72517854e+01
2.35909533e-04, 1.02442125e-04, 9.99764146e-01, 2.35860461e-04, 9.36359989e-01, 2.35888280e-04, 3.19738406e+00, 6.72521163e+01
2.42532274e-04, 1.05317657e-04, 9.99757527e-01, 2.42480409e-04, 9.36353369e-01, 2.42509811e-04, 3.19737744e+00, 6.72524564e+01
2.49340937e-04, 1.08273895e-04, 9.99750721e-01, 2.49286119e-04, 9.36346563e-01, 2.49317195e-04, 3.19737063e+00, 6.72528060e+01
2.56340741e-04, 1.11313103e-04, 9.99743725e-01, 2.56282802e-04, 9.36339567e-01, 2.56315648e-04, 3.19736363e+00, 6.72531655e+01
2.63537052e-04, 1.14437609e-04, 9.99736532e-01, 2.63475815e-04, 9.36332374e-01, 2.63510530e-04, 3.19735643e+00, 6.72535350e+01
2.70935387e-04, 1.17649806e-04, 9.99729138e-01, 2.70870664e-04, 9.36324979e-01, 2.70907355e-04, 3.19734904e+00, 6.72539149e+01
2.78541416e-04, 1.20952156e-04, 9.99721536e-01, 2.78473009e-04, 9.36317377e-01, 2.78511789e-04, 3.19734143e+00, 6.72543055e+01
2.86360972e-04, 1.24347187e-04, 9.99713721e-01, 2.86288670e-04, 9.36309561e-01, 2.86329658e-04, 3.19733362e+00, 6.72547071e+01
2.94400048e-04, 1.27837499e-04, 9.99705687e-01, 2.94323630e-04, 9.36301526e-01, 2.94366951e-04, 3.19732558e+00, 6.72551199e+01
3.02664806e-04, 1.31425767e-04, 9.99697427e-01, 3.02584038e-04, 9.36293266e-01, 3.02629825e-04, 3.19731732e+00, 6.72555443e+01
3.11161583e-04, 1.35114738e-04, 9.99688935e-01, 3.11076218e-04, 9.36284773e-01, 3.11124611e-04, 3.19730882e+00, 6.72559806e+01
3.19896892e-04, 1.38907238e-04, 9.99680205e-01, 3.19806667e-04, 9.36276043e-01, 3.19857815e-04, 3.19730009e+00, 6.72564292e+01
3.28877429e-04, 1.42806171e-04, 9.99671231e-01, 3.28782068e-04, 9.36267068e-01, 3.28836127e-04, 3.19729111e+00, 6.72568903e+01
3.38110078e-04, 1.46814523e-04, 9.99662004e-01, 3.38009289e-04, 9.36257840e-01, 3.38066426e-04, 3.19728188e+00, 6.72573644e+01
3.47601918e-04, 1.50935364e-04, 9.99652519e-01, 3.47495392e-04, 9.36248354e-01, 3.47555781e-04, 3.19727239e+00, 6.72578518e+01
3.57360225e-04, 1.55171849e-04, 9.99642767e-01, 3.57247634e-04, 9.36238602e-01, 3.57311461e-04, 3.19726263e+00, 6.72583529e+01
3.67392478e-04, 1.59527223e-04, 9.99632742e-01, 3.67273479e-04, 9.36228576e-01, 3.67340938e-04, 3.19725260e+00, 6.72588680e+01
3.77706369e-04, 1.64004821e-04, 9.99622436e-01, 3.77580596e-04, 9.36218269e-01, 3.77651896e-04, 3.19724229e+00, 6.72593976e+01
3.88309805e-04, 1.68608072e-04, 9.99611841e-01, 3.88176872e-04, 9.36207673e-01, 3.88252230e-04, 3.19723169e+00, 6.72599421e+01
3.99210913e-04, 1.73340499e-04, 9.99600948e-01, 3.99070414e-04, 9.36196779e-01, 3.99150061e-04, 3.19722080e+00, 6.72605018e+01
4.10418050e-04, 1.78205728e-04, 9.99589750e-01, 4.10269553e-04, 9.36185580e-01, 4.10353734e-04, 3.19720959e+00, 6.72610772e+01
4.21939808e-04, 1.83207482e-04, 9.99578238e-01, 4.21782858e-04, 9.36174067e-01, 4.21871831e-04, 3.19719807e+00, 6.72616688e+01
4.33785019e-04, 1.88349591e-04, 9.99566403e-01, 4.33619135e-04, 9.36162230e-01, 4.33713172e-04, 3.19718623e+00, 6.72622770e+01
4.45962763e-04, 1.93635993e-04, 9.99554236e-01, 4.45787437e-04, 9.36150062e-01, 4.45886826e-04, 3.19717406e+00, 6.72629023e+01
4.58482375e-04, 1.99070734e-04, 9.99541728e-01, 4.58297070e-04, 9.36137553e-01, 4.58402116e-04, 3.19716154e+00, 6.72635451e+01
4.71353453e-04, 2.04657975e-04, 9.99528869e-01, 4.71157600e-04, 9.36124692e-01, 4.71268626e-04, 3.19714868e+00, 6.72642059e+01
4.84585864e-04, 2.10401992e-04, 9.99515649e-01, 4.84378863e-04, 9.36111471e-01, 4.84496208e-04, 3.19713545e+00, 6.72648853e+01
4.98189752e-04, 2.16307184e-04, 9.99502058e-01, 4.97970968e-04, 9.36097879e-01, 4.98094992e-04, 3.19712185e+00, 6.72655837e+01
5.12175544e-04, 2.22378069e-04, 9.99488087e-01, 5.11944307e-04, 9.36083905e-01, 5.12075390e-04, 3.19710787e+00, 6.72663018e+01
5.26553963e-04, 2.28619296e-04, 9.99473723e-01, 5.26309564e-04, 9.36069540e-01, 5.26448108e-04, 3.19709350e+00, 6.72670400e+01
5.41336030e-04, 2.35035640e-04, 9.99458957e-01, 5.41077721e-04, 9.36054772e-01, 5.41224150e-04, 3.19707872e+00, 6.72677989e+01
5.56533078e-04, 2.41632013e-04, 9.99443776e-01, 5.56260066e-04, 9.36039590e-01, 5.56414829e-04, 3.19706353e+00, 6.72685791e+01
5.72156756e-04, 2.48413463e-04, 9.99428170e-01, 5.71868204e-04, 9.36023981e-01, 5.72031776e-04, 3.19704791e+00, 6.72693812e+01
5.88219040e-04, 2.55385179e-04, 9.99412127e-01, 5.87914065e-04, 9.36007936e-01, 5.88086947e-04, 3.19703186e+00, 6.72702058e+01
6.04732245e-04, 2.62552498e-04, 9.99395633e-01, 6.04409912e-04, 9.35991440e-01, 6.04592633e-04, 3.19701535e+00, 6.72710535e+01
6.21709029e-04, 2.69920903e-04, 9.99378677e-01, 6.21368350e-04, 9.35974481e-01, 6.21561470e-04, 3.19699838e+00, 6.72719250e+01
6.39162405e-04, 2.77496033e-04, 9.99361246e-01, 6.38802337e-04, 9.35957047e-01, 6.39006447e-04, 3.19698094e+00, 6.72728210e+01
6.57105755e-04, 2.85283683e-04, 9.99343326e-01, 6.56725192e-04, 9.35939124e-01, 6.56940920e-04, 3.19696300e+00, 6.72737421e+01
6.75552832e-04, 2.93289812e-04, 9.99324903e-01, 6.75150610e-04, 9.35920699e-01, 6.75378615e-04, 3.19694457e+00, 6.72746890e+01
6.94517777e-04, 3.01520545e-04, 9.99305964e-01, 6.94092664e-04, 9.35901757e-01, 6.94333644e-04, 3.19692561e+00, 6.72756625e+01
7.14015130e-04, 3.09982178e-04, 9.99286494e-01, 7.13565822e-04, 9.35882284e-01, 7.13820517e-04, 3.19690612e+00, 6.72766634e+01
7.34059837e-04, 3.18681185e-04, 9.99266479e-01, 7.33584957e-04, 9.35862265e-01, 7.33854147e-04, 3.19688609e+00, 6.72776923e+01
7.54667263e-04, 3.27624220e-04, 9.99245902e-01, 7.54165357e-04, 9.35841684e-01, 7.54449866e-04, 3.19686550e+00, 6.72787500e+01
7.75853206e-04, 3.36818122e-04, 9.99224748e-01, 7.75322735e-04, 9.35820527e-01, 7.75623435e-04, 3.19684432e+00, 6.72798375e+01
7.97633907e-04, 3.46269924e-04, 9.99203002e-01, 7.97073246e-04, 9.35798776e-01, 7.97391058e-04, 3.19682255e+00, 6.72809554e+01
8.20026062e-04, 3.55986854e-04, 9.99180646e-01, 8.19433494e-04, 9.35776416e-01, 8.19769392e-04, 3.19680018e+00, 6.72821047e+01
8.43046837e-04, 3.65976343e-04, 9.99157663e-01, 8.42420547e-04, 9.35753429e-01, 8.42775559e-04, 3.19677717e+00, 6.72832863e+01
8.66713880e-04, 3.76246030e-04, 9.99134037e-01, 8.66051948e-04, 9.35729798e-01, 8.66427162e-04, 3.19675352e+00, 6.72845010e+01
8.91045332e-04, 3.86803767e-04, 9.99109748e-01, 8.90345731e-04, 9.35705504e-01, 8.90742296e-04, 3.19672920e+00, 6.72857497e+01
9.16059848e-04, 3.97657626e-04, 9.99084779e-01, 9.15320433e-04, 9.35680529e-01, 9.15739565e-04, 3.19670421e+00, 6.72870335e+01
9.41776601e-04, 4.08815904e-04, 9.99059110e-01, 9.40995109e-04, 9.35654855e-01, 9.41438090e-04, 3.19667851e+00, 6.72883533e+01
9.68215306e-04, 4.20287133e-04, 9.99032721e-01, 9.67389343e-04, 9.35628460e-01, 9.67857530e-04, 3.19665209e+00, 6.72897101e+01
9.95396231e-04, 4.32080081e-04, 9.99005594e-01, 9.94523266e-04, 9.35601326e-01, 9.95018094e-04, 3.19662493e+00, 6.72911050e+01
1.02334021e-03, 4.44203760e-04, 9.98977706e-01, 1.02241757e-03, 9.35573432e-01, 1.02294055e-03, 3.19659700e+00, 6.72925390e+01
1.05206867e-03, 4.56667438e-04, 9.98949037e-01, 1.05109353e-03, 9.35544756e-01, 1.05164627e-03, 3.19656830e+00, 6.72940132e+01
1.08160363e-03, 4.69480638e-04, 9.98919565e-01, 1.08057300e-03, 9.35515277e-01, 1.08115719e-03, 3.19653879e+00, 6.72955288e+01
1.11196773e-03, 4.82653152e-04, 9.98889267e-01, 1.11087846e-03, 9.35484971e-01, 1.11149589e-03, 3.19650845e+00, 6.72970868e+01
1.14318425e-03, 4.96195044e-04, 9.98858121e-01, 1.14203299e-03, 9.35453817e-01, 1.14268555e-03, 3.19647726e+00, 6.72986886e+01
1.17527712e-03, 5.10116661e-04, 9.98826103e-01, 1.17406036e-03, 9.35421789e-01, 1.17475004e-03, 3.19644520e+00, 6.73003352e+01
1.20827094e-03, 5.24428638e-04, 9.98793187e-01, 1.20698494e-03, 9.35388865e-01, 1.20771386e-03, 3.19641223e+00, 6.73020281e+01
1.24219100e-03, 5.39141905e-04, 9.98759350e-01, 1.24083183e-03, 9.35355018e-01, 1.24160222e-03, 3.19637834e+00, 6.73037684e+01
1.27706330e-03, 5.54267703e-04, 9.98724566e-01, 1.27562680e-03, 9.35320223e-01, 1.27644103e-03, 3.19634350e+00, 6.73055575e+01
1.31291459e-03, 5.69817580e-04, 9.98688807e-01, 1.31139636e-03, 9.35284453e-01, 1.31225690e-03, 3.19630769e+00, 6.73073968e+01
1.34977233e-03, 5.85803413e-04, 9.98652047e-01, 1.34816772e-03, 9.35247682e-01, 1.34907722e-03, 3.19627087e+00, 6.73092876e+01
1.38766479e-03, 6.02237406e-04, 9.98614258e-01, 1.38596889e-03, 9.35209881e-01, 1.38693013e-03, 3.19623302e+00, 6.73112315e+01
1.42662102e-03, 6.19132106e-04, 9.98575411e-01, 1.42482863e-03, 9.35171021e-01, 1.42584455e-03, 3.19619410e+00, 6.73132298e+01
1.46667087e-03, 6.36500410e-04, 9.98535477e-01, 1.46477651e-03, 9.35131073e-01, 1.46585022e-03, 3.19615410e+00, 6.73152842e+01
1.50784505e-03, 6.54355573e-04, 9.98494425e-01, 1.50584292e-03, 9.35090007e-01, 1.50697771e-03, 3.19611297e+00, 6.73173962e+01
1.55017512e-03, 6.72711224e-04, 9.98452224e-01, 1.54805910e-03, 9.35047791e-01, 1.54925843e-03, 3.19607069e+00, 6.73195674e+01
1.59369353e-03, 6.91581368e-04, 9.98408842e-01, 1.59145713e-03, 9.35004392e-01, 1.59272469e-03, 3.19602722e+00, 6.73217994e+01
1.63843365e-03, 7.10980403e-04, 9.98364246e-01, 1.63607003e-03, 9.34959780e-01, 1.63740968e-03, 3.19598254e+00, 6.73240940e+01
1.68442976e-03, 7.30923128e-04, 9.98318403e-01, 1.68193169e-03, 9.34913918e-01, 1.68334754e-03, 3.19593660e+00, 6.73264529e+01
1.73171713e-03, 7.51424755e-04, 9.98271277e-01, 1.72907696e-03, 9.34866773e-01, 1.73057334e-03, 3.19588937e+00, 6.73288780e+01
1.78033202e-03, 7.72500920e-04, 9.98222832e-01, 1.77754167e-03, 9.34818308e-01, 1.77912315e-03, 3.19584082e+00, 6.73313710e+01
1.83031168e-03, 7.94167695e-04, 9.98173032e-01, 1.82736261e-03, 9.34768487e-01, 1.82903403e-03, 3.19579091e+00, 6.73339338e+01
1.88169442e-03, 8.16441599e-04, 9.98121840e-01, 1.87857762e-03, 9.34717272e-01, 1.88034410e-03, 3.19573960e+00, 6.73365685e+01
1.93451965e-03, 8.39339613e-04, 9.98069215e-01, 1.93122557e-03, 9.34664624e-01, 1.93309251e-03, 3.19568685e+00, 6.73392771e+01
1.98882786e-03, 8.62879189e-04, 9.98015120e-01, 1.98534642e-03, 9.34610503e-01, 1.98731952e-03, 3.19563263e+00, 6.73420615e+01
2.04466067e-03, 8.87078267e-04, 9.97959511e-01, 2.04098123e-03, 9.34554868e-01, 2.04306653e-03, 3.19557688e+00, 6.73449239e+01
2.10206088e-03, 9.11955285e-04, 9.97902349e-01, 2.09817218e-03, 9.34497677e-01, 2.10037606e-03, 3.19551957e+00, 6.73478666e+01
2.16107251e-03, 9.37529196e-04, 9.97843588e-01, 2.15696265e-03, 9.34438887e-01, 2.15929185e-03, 3.19546065e+00, 6.73508917e+01
2.22174078e-03, 9.63819479e-04, 9.97783184e-01, 2.21739720e-03, 9.34378452e-01, 2.21985884e-03, 3.19540009e+00, 6.73540015e+01
2.28411221e-03, 9.90846156e-04, 9.97721093e-01, 2.27952162e-03, 9.34316328e-01, 2.28212322e-03, 3.19533782e+00, 6.73571985e+01
2.34823460e-03, 1.01862981e-03, 9.97657267e-01, 2.34338297e-03, 9.34252467e-01, 2.34613248e-03, 3.19527381e+00, 6.73604850e+01
2.41415712e-03, 1.04719158e-03, 9.97591657e-01, 2.40902960e-03, 9.34186820e-01, 2.41193543e-03, 3.19520801e+00, 6.73638636e+01
2.48193029e-03, 1.07655322e-03, 9.97524214e-01, 2.47651122e-03, 9.34119338e-01, 2.47958224e-03, 3.19514036e+00, 6.73673368e+01
2.55160607e-03, 1.10673706e-03, 9.97454888e-01, 2.54587888e-03, 9.34049971e-01, 2.54912449e-03, 3.19507082e+00, 6.73709073e+01
2.62323788e-03, 1.13776607e-03, 9.97383625e-01, 2.61718505e-03, 9.33978665e-01, 2.62061516e-03, 3.19499933e+00, 6.73745778e+01
2.69688063e-03, 1.16966386e-03, 9.97310373e-01, 2.69048366e-03, 9.33905366e-01, 2.69410875e-03, 3.19492584e+00, 6.73783510e+01
2.77259076e-03, 1.20245468e-03, 9.97235075e-01, 2.76583011e-03, 9.33830020e-01, 2.76966125e-03, 3.19485028e+00, 6.73822300e+01
2.85042632e-03, 1.23616346e-03, 9.97157676e-01, 2.84328132e-03, 9.33752568e-01, 2.84733022e-03, 3.19477262e+00, 6.73862175e+01
2.93044698e-03, 1.27081583e-03, 9.97078115e-01, 2.92289580e-03, 9.33672954e-01, 2.92717481e-03, 3.19469277e+00, 6.73903167e+01
3.01271407e-03, 1.30643812e-03, 9.96996335e-01, 3.00473364e-03, 9.33591116e-01, 3.00925584e-03, 3.19461069e+00, 6.73945306e+01
3.09729067e-03, 1.34305740e-03, 9.96912273e-01, 3.08885660e-03, 9.33506993e-01, 3.09363580e-03, 3.19452631e+00, 6.73988625e+01
3.18424160e-03, 1.38070148e-03, 9.96825866e-01, 3.17532813e-03, 9.33420521e-01, 3.18037892e-03, 3.19443957e+00, 6.74033156e+01
3.27363353e-03, 1.41939895e-03, 9.96737048e-01, 3.26421343e-03, 9.33331636e-01, 3.26955122e-03, 3.19435039e+00, 6.74078934e+01
3.36553498e-03, 1.45917918e-03, 9.96645754e-01, 3.35557948e-03, 9.33240270e-01, 3.36122057e-03, 3.19425872e+00, 6.74125993e+01
3.46001639e-03, 1.50007238e-03, 9.96551914e-01, 3.44949510e-03, 9.33146355e-01, 3.45545670e-03, 3.19416449e+00, 6.74174369e+01
3.55715021e-03, 1.54210957e-03, 9.96455458e-01, 3.54603099e-03, 9.33049819e-01, 3.55233129e-03, 3.19406761e+00, 6.74224099e+01
3.65701088e-03, 1.58532264e-03, 9.96356314e-01, 3.64525979e-03, 9.32950590e-01, 3.65191802e-03, 3.19396803e+00, 6.74275220e+01
3.75967497e-03, 1.62974435e-03, 9.96254407e-01, 3.74725613e-03, 9.32848593e-01, 3.75429260e-03, 3.19386565e+00, 6.74327771e+01
3.86522116e-03, 1.67540839e-03, 9.96149661e-01, 3.85209668e-03, 9.32743753e-01, 3.85953284e-03, 3.19376041e+00, 6.74381792e+01
3.97373038e-03, 1.72234936e-03, 9.96041998e-01, 3.95986019e-03, 9.32635989e-01, 3.96771874e-03, 3.19365223e+00, 6.74437324e+01
4.08528580e-03, 1.77060283e-03, 9.95931336e-01, 4.07062759e-03, 9.32525222e-01, 4.07893247e-03, 3.19354101e+00, 6.74494410e+01
4.19997295e-03, 1.82020534e-03, 9.95817593e-01, 4.18448198e-03, 9.32411368e-01, 4.19325852e-03, 3.19342669e+00, 6.74553092e+01
4.31787973e-03, 1.87119444e-03, 9.95700684e-01, 4.30150875e-03, 9.32294341e-01, 4.31078370e-03, 3.19330916e+00, 6.74613415e+01
4.43909653e-03, 1.92360874e-03, 9.95580522e-01, 4.42179562e-03, 9.32174054e-01, 4.43159723e-03, 3.19318835e+00, 6.74675424e+01
4.56371628e-03, 1.97748788e-03, 9.95457017e-01, 4.54543267e-03, 9.32050417e-01, 4.55579082e-03, 3.19306415e+00, 6.74739167e+01
4.69183451e-03, 2.03287261e-03, 9.95330076e-01, 4.67251244e-03, 9.31923337e-01, 4.68345870e-03, 3.19293649e+00, 6.74804692e+01
4.82354943e-03, 2.08980480e-03, 9.95199606e-01, 4.80313000e-03, 9.31792720e-01, 4.81469770e-03, 3.19280525e+00, 6.74872048e+01
4.95896201e-03, 2.14832749e-03, 9.95065508e-01, 4.93738299e-03, 9.31658467e-01, 4.94960734e-03, 3.19267034e+00, 6.74941287e+01
5.09817606e-03, 2.20848488e-03, 9.94927683e-01, 5.07537167e-03, 9.31520478e-01, 5.08828991e-03, 3.19253166e+00, 6.75012460e+01
5.24129830e-03, 2.27032240e-03, 9.94786030e-01, 5.21719906e-03, 9.31378651e-01, 5.23085051e-03, 3.19238909e+00, 6.75085622e+01
5.38843844e-03, 2.33388671e-03, 9.94640441e-01, 5.36297092e-03, 9.31232879e-01, 5.37739713e-03, 3.19224255e+00, 6.75160828e+01
5.53970928e-03, 2.39922578e-03, 9.94490810e-01, 5.51279591e-03, 9.31083054e-01, 5.52804078e-03, 3.19209190e+00, 6.75238134e+01
5.69522678e-03, 2.46638889e-03, 9.94337025e-01, 5.66678560e-03, 9.30929064e-01, 5.68289550e-03, 3.19193705e+00, 6.75317599e+01
5.85511016e-03, 2.53542665e-03, 9.94178973e-01, 5.82505457e-03, 9.30770795e-01, 5.84207850e-03, 3.19177787e+00, 6.75399284e+01
6.01948197e-03, 2.60639109e-03, 9.94016535e-01, 5.98772049e-03, 9.30608129e-01, 6.00571021e-03, 3.19161424e+00, 6.75483249e+01
6.18846824e-03, 2.67933564e-03, 9.93849593e-01, 6.15490419e-03, 9.30440945e-01, 6.17391439e-03, 3.19144603e+00, 6.75569558e+01
6.36219849e-03, 2.75431521e-03, 9.93678023e-01, 6.32672974e-03, 9.30269120e-01, 6.34681820e-03, 3.19127313e+00, 6.75658277e+01
6.54080591e-03, 2.83138620e-03, 9.93501698e-01, 6.50332455e-03, 9.30092525e-01, 6.52455232e-03, 3.19109539e+00, 6.75749471e+01
6.72442742e-03, 2.91060657e-03, 9.93320488e-01, 6.68481945e-03, 9.29911030e-01, 6.70725101e-03, 3.19091269e+00, 6.75843209e+01
6.91320378e-03, 2.99203585e-03, 9.93134260e-01, 6.87134876e-03, 9.29724501e-01, 6.89505222e-03, 3.19072489e+00, 6.75939563e+01
7.10727970e-03, 3.07573520e-03, 9.92942877e-01, 7.06305038e-03, 9.29532799e-01, 7.08809771e-03, 3.19053185e+00, 6.76038605e+01
7.30680395e-03, 3.16176744e-03, 9.92746198e-01, 7.26006590e-03, 9.29335784e-01, 7.28653314e-03, 3.19033341e+00, 6.76140409e+01
7.51192949e-03, 3.25019713e-03, 9.92544079e-01, 7.46254070e-03, 9.29133309e-01, 7.49050814e-03, 3.19012944e+00, 6.76245051e+01
7.72281357e-03, 3.34109055e-03, 9.92336371e-01, 7.67062399e-03, 9.28925226e-01, 7.70017648e-03, 3.18991977e+00, 6.76352611e+01
7.93961785e-03, 3.43451582e-03, 9.92122923e-01, 7.88446898e-03, 9.28711381e-01, 7.91569613e-03, 3.18970425e+00, 6.76463169e+01
8.16250851e-03, 3.53054289e-03, 9.91903579e-01, 8.10423292e-03, 9.28491617e-01, 8.13722940e-03, 3.18948272e+00, 6.76576808e+01
8.39165644e-03, 3.62924361e-03, 9.91678177e-01, 8.33007723e-03, 9.28265772e-01, 8.36494305e-03, 3.18925500e+00, 6.76693613e+01
8.62723729e-03, 3.73069181e-03, 9.91446555e-01, 8.56216760e-03, 9.28033682e-01, 8.59900837e-03, 3.18902094e+00, 6.76813672e+01
8.86943166e-03, 3.83496328e-03, 9.91208544e-01, 8.80067409e-03, 9.27795176e-01, 8.83960139e-03, 3.18878034e+00, 6.76937075e+01
9.11842520e-03, 3.94213590e-03, 9.90963969e-01, 9.04577123e-03, 9.27550078e-01, 9.08690292e-03, 3.18853304e+00, 6.77063914e+01
9.37440879e-03, 4.05228964e-03, 9.90712655e-01, 9.29763816e-03, 9.27298211e-01, 9.34109871e-03, 3.18827885e+00, 6.77194284e+01
9.63757866e-03, 4.16550662e-03, 9.90454418e-01, 9.55645869e-03, 9.27039391e-01, 9.60237959e-03, 3.18801757e+00, 6.77328283e+01
9.90813657e-03, 4.28187121e-03, 9.90189071e-01, 9.82242148e-03, 9.26773428e-01, 9.87094159e-03, 3.18774900e+00, 6.77466011e+01
1.01862899e-02, 4.40147004e-03, 9.89916424e-01, 1.00957201e-02, 9.26500130e-01, 1.01469861e-02, 3.18747296e+00, 6.77607570e+01
1.04722519e-02, 4.52439206e-03, 9.89636280e-01, 1.03765531e-02, 9.26219296e-01, 1.04307199e-02, 3.18718923e+00, 6.77753066e+01
1.07662418e-02, 4.65072864e-03, 9.89348436e-01, 1.06651244e-02, 9.25930725e-01, 1.07223556e-02, 3.18689759e+00, 6.77902608e+01
1.10684849e-02, 4.78057359e-03, 9.89052685e-01, 1.09616430e-02, 9.25634207e-01, 1.10221114e-02, 3.18659783e+00, 6.78056308e+01
1.13792129e-02, 4.91402325e-03, 9.88748817e-01, 1.12663234e-02, 9.25329526e-01, 1.13302115e-02, 3.18628973e+00, 6.78214279e+01
1.16986641e-02, 5.05117654e-03, 9.88436612e-01, 1.15793857e-02, 9.25016464e-01, 1.16468862e-02, 3.18597306e+00, 6.78376639e+01
1.20270833e-02, 5.19213502e-03, 9.88115848e-01, 1.19010555e-02, 9.24694794e-01, 1.19723719e-02, 3.18564757e+00, 6.78543509e+01
1.23647224e-02, 5.33700299e-03, 9.87786297e-01, 1.22315644e-02, 9.24364285e-01, 1.23069117e-02, 3.18531303e+00, 6.78715013e+01
1.27118400e-02, 5.48588750e-03, 9.87447723e-01, 1.25711499e-02, 9.24024700e-01, 1.26507549e-02, 3.18496919e+00, 6.78891278e+01
1.30687023e-02, 5.63889849e-03, 9.87099885e-01, 1.29200554e-02, 9.23675794e-01, 1.30041579e-02, 3.18461579e+00, 6.79072435e+01
1.34355829e-02, 5.79614881e-03, 9.86742539e-01, 1.32785307e-02, 9.23317319e-01, 1.33673838e-02, 3.18425256e+00, 6.79258619e+01
1.38127630e-02, 5.95775431e-03, 9.86375430e-01, 1.36468320e-02, 9.22949018e-01, 1.37407029e-02, 3.18387924e+00, 6.79449966e+01
1.42005318e-02, 6.12383394e-03, 9.85998300e-01, 1.40252218e-02, 9.22570628e-01, 1.41243927e-02, 3.18349555e+00, 6.79646620e+01
1.45991865e-02, 6.29450978e-03, 9.85610883e-01, 1.44139694e-02, 9.22181880e-01, 1.45187382e-02, 3.18310121e+00, 6.79848724e+01
1.50090328e-02, 6.46990713e-03, 9.85212907e-01, 1.48133508e-02, 9.21782499e-01, 1.49240320e-02, 3.18269591e+00, 6.80056428e+01
1.54303847e-02, 6.65015464e-03, 9.84804094e-01, 1.52236490e-02, 9.21372201e-01, 1.53405748e-02, 3.18227937e+00, 6.80269886e+01
1.58635653e-02, 6.83538432e-03, 9.84384158e-01, 1.56451539e-02, 9.20950696e-01, 1.57686751e-02, 3.18185127e+00, 6.80489255e+01
1.63089068e-02, 7.02573168e-03, 9.83952805e-01, 1.60781631e-02, 9.20517687e-01, 1.62086496e-02, 3.18141130e+00, 6.80714696e+01
1.67667503e-02, 7.22133576e-03, 9.83509738e-01, 1.65229810e-02, 9.20072869e-01, 1.66608239e-02, 3.18095912e+00, 6.80946375e+01
1.72374471e-02, 7.42233928e-03, 9.83054648e-01, 1.69799200e-02, 9.19615930e-01, 1.71255318e-02, 3.18049441e+00, 6.81184463e+01
1.77213578e-02, 7.62888867e-03, 9.82587220e-01, 1.74493000e-02, 9.19146550e-01, 1.76031163e-02, 3.18001683e+00, 6.81429133e+01
1.82188534e-02, 7.84113421e-03, 9.82107134e-01, 1.79314489e-02, 9.18664401e-01, 1.80939294e-02, 3.17952602e+00, 6.81680567e+01
1.87303154e-02, 8.05923009e-03, 9.81614059e-01, 1.84267025e-02, 9.18169147e-01, 1.85983326e-02, 3.17902161e+00, 6.81938947e+01
1.92561357e-02, 8.28333450e-03, 9.81107658e-01, 1.89354049e-02, 9.17660445e-01, 1.91166969e-02, 3.17850325e+00, 6.82204463e+01
1.97967175e-02, 8.51360975e-03, 9.80587585e-01, 1.94579084e-02, 9.17137941e-01, 1.96494030e-02, 3.17797054e+00, 6.82477309e+01
2.03524752e-02, 8.75022235e-03, 9.80053486e-01, 1.99945742e-02, 9.16601275e-01, 2.01968421e-02, 3.17742310e+00, 6.82757683e+01
2.09238348e-02, 8.99334311e-03, 9.79504999e-01, 2.05457716e-02, 9.16050078e-01, 2.07594152e-02, 3.17686053e+00, 6.83045792e+01
2.15112343e-02, 9.24314725e-03, 9.78941755e-01, 2.11118794e-02, 9.15483970e-01, 2.13375344e-02, 3.17628241e+00, 6.83341843e+01
2.21151240e-02, 9.49981449e-03, 9.78363373e-01, 2.16932849e-02, 9.14902565e-01, 2.19316222e-02, 3.17568832e+00, 6.83646053e+01
2.27359668e-02, 9.76352916e-03, 9.77769466e-01, 2.22903850e-02, 9.14305465e-01, 2.25421125e-02, 3.17507783e+00, 6.83958643e+01
2.33742387e-02, 1.00344803e-02, 9.77159637e-01, 2.29035857e-02, 9.13692264e-01, 2.31694505e-02, 3.17445049e+00, 6.84279839e+01
2.40304289e-02, 1.03128618e-02, 9.76533482e-01, 2.35333025e-02, 9.13062547e-01, 2.38140931e-02, 3.17380585e+00, 6.84609874e+01
2.47050406e-02, 1.05988725e-02, 9.75890584e-01, 2.41799610e-02, 9.12415889e-01, 2.44765091e-02, 3.17314344e+00, 6.84948987e+01
2.53985907e-02, 1.08927162e-02, 9.75230519e-01, 2.48439962e-02, 9.11751853e-01, 2.51571796e-02, 3.17246277e+00, 6.85297423e+01
2.61116110e-02, 1.11946019e-02, 9.74552855e-01, 2.55258534e-02, 9.11069996e-01, 2.58565980e-02, 3.17176335e+00, 6.85655433e+01
2.68446481e-02, 1.15047439e-02, 9.73857148e-01, 2.62259881e-02, 9.10369862e-01, 2.65752709e-02, 3.17104467e+00, 6.86023276e+01
2.75982639e-02, 1.18233619e-02, 9.73142944e-01, 2.69448661e-02, 9.09650984e-01, 2.73137178e-02, 3.17030623e+00, 6.86401216e+01
2.83730362e-02, 1.21506810e-02, 9.72409782e-01, 2.76829638e-02, 9.08912886e-01, 2.80724716e-02, 3.16954747e+00, 6.86789525e+01
2.91695588e-02, 1.24869320e-02, 9.71657189e-01, 2.84407683e-02, 9.08155081e-01, 2.88520791e-02, 3.16876787e+00, 6.87188481e+01
2.99884423e-02, 1.28323514e-02, 9.70884681e-01, 2.92187777e-02, 9.07377072e-01, 2.96531011e-02, 3.16796684e+00, 6.87598371e+01
3.08303146e-02, 1.31871818e-02, 9.70091766e-01, 3.00175010e-02, 9.06578349e-01, 3.04761130e-02, 3.16714383e+00, 6.88019488e+01
3.16958209e-02, 1.35516713e-02, 9.69277940e-01, 3.08374583e-02, 9.05758391e-01, 3.13217046e-02, 3.16629824e+00, 6.88452132e+01
3.25856248e-02, 1.39260747e-02, 9.68442690e-01, 3.16791814e-02, 9.04916668e-01, 3.21904812e-02, 3.16542946e+00, 6.88896612e+01
3.35004083e-02, 1.43106525e-02, 9.67585491e-01, 3.25432132e-02, 9.04052636e-01, 3.30830631e-02, 3.16453688e+00, 6.89353246e+01
3.44408728e-02, 1.47056720e-02, 9.66705808e-01, 3.34301085e-02, 9.03165741e-01, 3.40000867e-02, 3.16361986e+00, 6.89822358e+01
3.54077391e-02, 1.51114068e-02, 9.65803096e-01, 3.43404339e-02, 9.02255416e-01, 3.49422045e-02, 3.16267774e+00, 6.90304280e+01
3.64017485e-02, 1.55281370e-02, 9.64876798e-01, 3.52747679e-02, 9.01321082e-01, 3.59100854e-02, 3.16170986e+00, 6.90799356e+01
3.74236629e-02, 1.59561497e-02, 9.63926345e-01, 3.62337011e-02, 9.00362149e-01, 3.69044152e-02, 3.16071553e+00, 6.91307935e+01
3.84742658e-02, 1.63957388e-02, 9.62951161e-01, 3.72178362e-02, 8.99378013e-01, 3.79258971e-02, 3.15969405e+00, 6.91830377e+01
3.95543624e-02, 1.68472053e-02, 9.61950655e-01, 3.82277884e-02, 8.98368061e-01, 3.89752517e-02, 3.15864469e+00, 6.92367050e+01
4.06647809e-02, 1.73108570e-02, 9.60924227e-01, 3.92641853e-02, 8.97331664e-01, 4.00532179e-02, 3.15756673e+00, 6.92918334e+01
4.18063724e-02, 1.77870096e-02, 9.59871264e-01, 4.03276670e-02, 8.96268183e-01, 4.11605527e-02, 3.15645939e+00, 6.93484616e+01
4.29800121e-02, 1.82759856e-02, 9.58791145e-01, 4.14188864e-02, 8.95176963e-01, 4.22980321e-02, 3.15532191e+00, 6.94066294e+01
4.41865996e-02, 1.87781154e-02, 9.57683234e-01, 4.25385090e-02, 8.94057341e-01, 4.34664513e-02, 3.15415349e+00, 6.94663776e+01
4.54270599e-02, 1.92937372e-02, 9.56546887e-01, 4.36872132e-02, 8.92908636e-01, 4.46666250e-02, 3.15295332e+00, 6.95277481e+01
4.67023439e-02, 1.98231967e-02, 9.55381447e-01, 4.48656903e-02, 8.91730159e-01, 4.58993882e-02, 3.15172056e+00, 6.95907837e+01
4.80134292e-02, 2.03668477e-02, 9.54186246e-01, 4.60746448e-02, 8.90521205e-01, 4.71655959e-02, 3.15045435e+00, 6.96555287e+01
4.93613210e-02, 2.09250522e-02, 9.52960606e-01, 4.73147940e-02, 8.89281056e-01, 4.84661244e-02, 3.14915382e+00, 6.97220280e+01
5.07470524e-02, 2.14981804e-02, 9.51703836e-01, 4.85868683e-02, 8.88008981e-01, 4.98018710e-02, 3.14781807e+00, 6.97903280e+01
5.21716858e-02, 2.20866106e-02, 9.50415235e-01, 4.98916114e-02, 8.86704238e-01, 5.11737549e-02, 3.14644619e+00, 6.98604763e+01
5.36363132e-02, 2.26907300e-02, 9.49094092e-01, 5.12297798e-02, 8.85366070e-01, 5.25827175e-02, 3.14503723e+00, 6.99325215e+01
5.51420574e-02, 2.33109341e-02, 9.47739684e-01, 5.26021435e-02, 8.83993706e-01, 5.40297225e-02, 3.14359022e+00, 7.00065136e+01
5.66900727e-02, 2.39476274e-02, 9.46351277e-01, 5.40094854e-02, 8.82586364e-01, 5.55157569e-02, 3.14210419e+00, 7.00825040e+01
5.82815458e-02, 2.46012230e-02, 9.44928128e-01, 5.54526014e-02, 8.81143248e-01, 5.70418311e-02, 3.14057811e+00, 7.01605451e+01
5.99176967e-02, 2.52721433e-02, 9.43469482e-01, 5.69323007e-02, 8.79663549e-01, 5.86089795e-02, 3.13901097e+00, 7.02406910e+01
6.15997796e-02, 2.59608197e-02, 9.41974574e-01, 5.84494052e-02, 8.78146444e-01, 6.02182608e-02, 3.13740168e+00, 7.03229969e+01
6.33290840e-02, 2.66676928e-02, 9.40442630e-01, 6.00047498e-02, 8.76591100e-01, 6.18707585e-02, 3.13574919e+00, 7.04075197e+01
6.51069356e-02, 2.73932126e-02, 9.38872865e-01, 6.15991823e-02, 8.74996667e-01, 6.35675815e-02, 3.13405236e+00, 7.04943176e+01
6.69346971e-02, 2.81378388e-02, 9.37264486e-01, 6.32335627e-02, 8.73362287e-01, 6.53098644e-02, 3.13231008e+00, 7.05834504e+01
6.88137699e-02, 2.89020403e-02, 9.35616689e-01, 6.49087641e-02, 8.71687086e-01, 6.70987679e-02, 3.13052118e+00, 7.06749794e+01
7.07455942e-02, 2.96862961e-02, 9.33928662e-01, 6.66256713e-02, 8.69970178e-01, 6.89354796e-02, 3.12868447e+00, 7.07689676e+01
7.27316511e-02, 3.04910947e-02, 9.32199585e-01, 6.83851817e-02, 8.68210668e-01, 7.08212139e-02, 3.12679873e+00, 7.08654797e+01
7.47734631e-02, 3.13169348e-02, 9.30428629e-01, 7.01882043e-02, 8.66407645e-01, 7.27572130e-02, 3.12486273e+00, 7.09645818e+01
7.68725952e-02, 3.21643250e-02, 9.28614958e-01, 7.20356598e-02, 8.64560190e-01, 7.47447471e-02, 3.12287520e+00, 7.10663422e+01
7.90306568e-02, 3.30337838e-02, 9.26757728e-01, 7.39284802e-02, 8.62667369e-01, 7.67851147e-02, 3.12083483e+00, 7.11708307e+01
8.12493021e-02, 3.39258402e-02, 9.24856088e-01, 7.58676086e-02, 8.60728241e-01, 7.88796436e-02, 3.11874030e+00, 7.12781191e+01
8.35302320e-02, 3.48410332e-02, 9.22909182e-01, 7.78539987e-02, 8.58741851e-01, 8.10296905e-02, 3.11659025e+00, 7.13882813e+01
8.58751948e-02, 3.57799125e-02, 9.20916146e-01, 7.98886145e-02, 8.56707235e-01, 8.32366423e-02, 3.11438330e+00, 7.15013929e+01
8.82859884e-02, 3.67430377e-02, 9.18876114e-01, 8.19724300e-02, 8.54623420e-01, 8.55019160e-02, 3.11211803e+00, 7.16175319e+01
9.07644607e-02, 3.77309793e-02, 9.16788212e-01, 8.41064283e-02, 8.52489421e-01, 8.78269593e-02, 3.10979299e+00, 7.17367782e+01
9.33125118e-02, 3.87443182e-02, 9.14651565e-01, 8.62916018e-02, 8.50304248e-01, 9.02132509e-02, 3.10740669e+00, 7.18592140e+01
9.59320948e-02, 3.97836456e-02, 9.12465293e-01, 8.85289511e-02, 8.48066899e-01, 9.26623014e-02, 3.10495764e+00, 7.19849241e+01
9.86252179e-02, 4.08495636e-02, 9.10228514e-01, 9.08194847e-02, 8.45776365e-01, 9.51756528e-02, 3.10244429e+00, 7.21139952e+01
1.01393946e-01, 4.19426849e-02, 9.07940346e-01, 9.31642183e-02, 8.43431631e-01, 9.77548800e-02, 3.09986507e+00, 7.22465170e+01
1.04240401e-01, 4.30636326e-02, 9.05599903e-01, 9.55641743e-02, 8.41031675e-01, 1.00401590e-01, 3.09721836e+00, 7.23825815e+01
1.07166765e-01, 4.42130406e-02, 9.03206303e-01, 9.80203807e-02, 8.38575469e-01, 1.03117424e-01, 3.09450252e+00, 7.25222836e+01
1.10175281e-01, 4.53915533e-02, 9.00758661e-01, 1.00533871e-01, 8.36061979e-01, 1.05904054e-01, 3.09171589e+00, 7.26657207e+01
1.13268257e-01, 4.65998259e-02, 8.98256098e-01, 1.03105682e-01, 8.33490167e-01, 1.08763190e-01, 3.08885676e+00, 7.28129936e+01
1.16448062e-01, 4.78385241e-02, 8.95697735e-01, 1.05736856e-01, 8.30858993e-01, 1.11696572e-01, 3.08592337e+00, 7.29642058e+01
1.19717134e-01, 4.91083240e-02, 8.93082699e-01, 1.08428436e-01, 8.28167413e-01, 1.14705977e-01, 3.08291397e+00, 7.31194642e+01
1.23077980e-01, 5.04099123e-02, 8.90410121e-01, 1.11181468e-01, 8.25414382e-01, 1.17793216e-01, 3.07982673e+00, 7.32788789e+01
1.26533176e-01, 5.17439860e-02, 8.87679139e-01, 1.13996996e-01, 8.22598853e-01, 1.20960134e-01, 3.07665981e+00, 7.34425637e+01
1.30085370e-01, 5.31112527e-02, 8.84888900e-01, 1.16876068e-01, 8.19719782e-01, 1.24208613e-01, 3.07341133e+00, 7.36106360e+01
1.33737286e-01, 5.45124297e-02, 8.82038557e-01, 1.19819726e-01, 8.16776123e-01, 1.27540568e-01, 3.07007938e+00, 7.37832170e+01
1.37491723e-01, 5.59482450e-02, 8.79127276e-01, 1.22829013e-01, 8.13766837e-01, 1.30957952e-01, 3.06666199e+00, 7.39604319e+01
1.41351558e-01, 5.74194362e-02, 8.76154234e-01, 1.25904965e-01, 8.10690885e-01, 1.34462752e-01, 3.06315719e+00, 7.41424102e+01
1.45319752e-01, 5.89267507e-02, 8.73118619e-01, 1.29048614e-01, 8.07547236e-01, 1.38056992e-01, 3.05956295e+00, 7.43292860e+01
1.49399346e-01, 6.04709458e-02, 8.70019635e-01, 1.32260985e-01, 8.04334864e-01, 1.41742731e-01, 3.05587721e+00, 7.45211978e+01
1.53593468e-01, 6.20527881e-02, 8.66856504e-01, 1.35543097e-01, 8.01052753e-01, 1.45522063e-01, 3.05209788e+00, 7.47182892e+01
1.57905331e-01, 6.36730536e-02, 8.63628462e-01, 1.38895956e-01, 7.97699894e-01, 1.49397120e-01, 3.04822283e+00, 7.49207091e+01
1.62338243e-01, 6.53325272e-02, 8.60334766e-01, 1.42320559e-01, 7.94275290e-01, 1.53370069e-01, 3.04424988e+00, 7.51286116e+01
1.66895601e-01, 6.70320026e-02, 8.56974693e-01, 1.45817890e-01, 7.90777959e-01, 1.57443111e-01, 3.04017683e+00, 7.53421569e+01
1.71580899e-01, 6.87722823e-02, 8.53547545e-01, 1.49388919e-01, 7.87206931e-01, 1.61618484e-01, 3.03600146e+00, 7.55615110e+01
1.76397728e-01, 7.05541769e-02, 8.50052645e-01, 1.53034597e-01, 7.83561253e-01, 1.65898461e-01, 3.03172148e+00, 7.57868466e+01
1.81349780e-01, 7.23785049e-02, 8.46489343e-01, 1.56755861e-01, 7.79839989e-01, 1.70285350e-01, 3.02733460e+00, 7.60183431e+01
1.86440853e-01, 7.42460926e-02, 8.42857018e-01, 1.60553624e-01, 7.76042226e-01, 1.74781492e-01, 3.02283845e+00, 7.62561871e+01
1.91674849e-01, 7.61577735e-02, 8.39155077e-01, 1.64428780e-01, 7.72167070e-01, 1.79389264e-01, 3.01823068e+00, 7.65005729e+01
1.97055780e-01, 7.81143880e-02, 8.35382959e-01, 1.68382197e-01, 7.68213653e-01, 1.84111074e-01, 3.01350887e+00, 7.67517028e+01
2.02587771e-01, 8.01167833e-02, 8.31540137e-01, 1.72414717e-01, 7.64181133e-01, 1.88949364e-01, 3.00867058e+00, 7.70097876e+01
2.08275063e-01, 8.21658124e-02, 8.27626118e-01, 1.76527154e-01, 7.60068696e-01, 1.93906609e-01, 3.00371334e+00, 7.72750473e+01
2.14122015e-01, 8.42623342e-02, 8.23640447e-01, 1.80720290e-01, 7.55875559e-01, 1.98985313e-01, 2.99863463e+00, 7.75477116e+01
2.20133111e-01, 8.64072127e-02, 8.19582709e-01, 1.84994876e-01, 7.51600973e-01, 2.04188011e-01, 2.99343193e+00, 7.78280201e+01
2.26312957e-01, 8.86013169e-02, 8.15452527e-01, 1.89351624e-01, 7.47244225e-01, 2.09517266e-01, 2.98810268e+00, 7.81162234e+01
2.32666291e-01, 9.08455198e-02, 8.11249571e-01, 1.93791211e-01, 7.42804639e-01, 2.14975671e-01, 2.98264427e+00, 7.84125836e+01
2.39197984e-01, 9.31406982e-02, 8.06973553e-01, 1.98314269e-01, 7.38281580e-01, 2.20565841e-01, 2.97705410e+00, 7.87173748e+01
2.45913043e-01, 9.54877322e-02, 8.02624233e-01, 2.02921390e-01, 7.33674459e-01, 2.26290421e-01, 2.97132952e+00, 7.90308841e+01
2.52816614e-01, 9.78875042e-02, 7.98201419e-01, 2.07613118e-01, 7.28982732e-01, 2.32152074e-01, 2.96546787e+00, 7.93534123e+01
2.59913992e-01, 1.00340899e-01, 7.93704972e-01, 2.12389946e-01, 7.24205903e-01, 2.38153488e-01, 2.95946646e+00, 7.96852748e+01
2.67210616e-01, 1.02848802e-01, 7.89134803e-01, 2.17252318e-01, 7.19343531e-01, 2.44297368e-01, 2.95332258e+00, 8.00268022e+01
2.74712079e-01, 1.05412101e-01, 7.84490880e-01, 2.22200620e-01, 7.14395230e-01, 2.50586437e-01, 2.94703351e+00, 8.03783417e+01
2.82424133e-01, 1.08031682e-01, 7.79773224e-01, 2.27235179e-01, 7.09360670e-01, 2.57023430e-01, 2.94059652e+00, 8.07402577e+01
2.90352688e-01, 1.10708431e-01, 7.74981917e-01, 2.32356263e-01, 7.04239587e-01, 2.63611096e-01, 2.93400885e+00, 8.11129330e+01
2.98503825e-01, 1.13443233e-01, 7.70117100e-01, 2.37564072e-01, 6.99031778e-01, 2.70352192e-01, 2.92726775e+00, 8.14967699e+01
3.06883789e-01, 1.16236971e-01, 7.65178976e-01, 2.42858739e-01, 6.93737110e-01, 2.77249481e-01, 2.92037046e+00, 8.18921916e+01
3.15499006e-01, 1.19090524e-01, 7.60167811e-01, 2.48240326e-01, 6.88355524e-01, 2.84305726e-01, 2.91331422e+00, 8.22996429e+01
3.24356081e-01, 1.22004770e-01, 7.55083934e-01, 2.53708818e-01, 6.82887031e-01, 2.91523693e-01, 2.90609625e+00, 8.27195919e+01
3.33461802e-01, 1.24980579e-01, 7.49927744e-01, 2.59264124e-01, 6.77331726e-01, 2.98906137e-01, 2.89871381e+00, 8.31525312e+01
3.42823149e-01, 1.28018820e-01, 7.44699703e-01, 2.64906067e-01, 6.71689782e-01, 3.06455806e-01, 2.89116414e+00, 8.35989797e+01
3.52447300e-01, 1.31120351e-01, 7.39400345e-01, 2.70634388e-01, 6.65961462e-01, 3.14175435e-01, 2.88344451e+00, 8.40594834e+01
3.62341632e-01, 1.34286029e-01, 7.34030273e-01, 2.76448736e-01, 6.60147113e-01, 3.22067738e-01, 2.87555221e+00, 8.45346174e+01
3.72513730e-01, 1.37516698e-01, 7.28590161e-01, 2.82348669e-01, 6.54247180e-01, 3.30135403e-01, 2.86748454e+00, 8.50249878e+01
3.82971391e-01, 1.40813196e-01, 7.23080757e-01, 2.88333647e-01, 6.48262202e-01, 3.38381091e-01, 2.85923885e+00, 8.55312328e+01
3.93722633e-01, 1.44176353e-01, 7.17502878e-01, 2.94403031e-01, 6.42192819e-01, 3.46807426e-01, 2.85081252e+00, 8.60540247e+01
4.04775697e-01, 1.47606985e-01, 7.11857418e-01, 3.00556076e-01, 6.36039774e-01, 3.55416989e-01, 2.84220296e+00, 8.65940721e+01
4.16139055e-01, 1.51105900e-01, 7.06145344e-01, 3.06791932e-01, 6.29803918e-01, 3.64212313e-01, 2.83340763e+00, 8.71521214e+01
4.27821420e-01, 1.54673893e-01, 7.00367697e-01, 3.13109638e-01, 6.23486212e-01, 3.73195875e-01, 2.82442407e+00, 8.77289587e+01
4.39831747e-01, 1.58311745e-01, 6.94525595e-01, 3.19508117e-01, 6.17087732e-01, 3.82370088e-01, 2.81524986e+00, 8.83254123e+01
4.52179242e-01, 1.62020224e-01, 6.88620228e-01, 3.25986177e-01, 6.10609673e-01, 3.91737295e-01, 2.80588265e+00, 8.89423545e+01
4.64873371e-01, 1.65800084e-01, 6.82652863e-01, 3.32542504e-01, 6.04053346e-01, 4.01299759e-01, 2.79632019e+00, 8.95807040e+01
4.77923865e-01, 1.69652062e-01, 6.76624841e-01, 3.39175659e-01, 5.97420190e-01, 4.11059658e-01, 2.78656029e+00, 9.02414276e+01
4.91340729e-01, 1.73576879e-01, 6.70537578e-01, 3.45884079e-01, 5.90711770e-01, 4.21019071e-01, 2.77660087e+00, 9.09255433e+01
5.05134247e-01, 1.77575238e-01, 6.64392563e-01, 3.52666071e-01, 5.83929779e-01, 4.31179973e-01, 2.76643997e+00, 9.16341220e+01
5.19314994e-01, 1.81647824e-01, 6.58191359e-01, 3.59519808e-01, 5.77076041e-01, 4.41544223e-01, 2.75607572e+00, 9.23682902e+01
5.33893840e-01, 1.85795303e-01, 6.51935600e-01, 3.66443333e-01, 5.70152516e-01, 4.52113557e-01, 2.74550639e+00, 9.31292323e+01
5.48881961e-01, 1.90018322e-01, 6.45626991e-01, 3.73434551e-01, 5.63161299e-01, 4.62889577e-01, 2.73473037e+00, 9.39181932e+01
5.64290847e-01, 1.94317504e-01, 6.39267309e-01, 3.80491230e-01, 5.56104620e-01, 4.73873739e-01, 2.72374621e+00, 9.47364807e+01
5.80132310e-01, 1.98693454e-01, 6.32858396e-01, 3.87610999e-01, 5.48984850e-01, 4.85067345e-01, 2.71255260e+00, 9.55854682e+01
5.96418495e-01, 2.03146750e-01, 6.26402164e-01, 3.94791351e-01, 5.41804499e-01, 4.96471531e-01, 2.70114841e+00, 9.64665970e+01
6.13161884e-01, 2.07677952e-01, 6.19900588e-01, 4.02029636e-01, 5.34566214e-01, 5.08087259e-01, 2.68953269e+00, 9.73813791e+01
6.30375315e-01, 2.12287591e-01, 6.13355704e-01, 4.09323067e-01, 5.27272782e-01, 5.19915304e-01, 2.67770464e+00, 9.83313998e+01
6.48071983e-01, 2.16976176e-01, 6.06769614e-01, 4.16668719e-01, 5.19927131e-01, 5.31956245e-01, 2.66566370e+00, 9.93183199e+01
6.66265452e-01, 2.21744190e-01, 6.00144472e-01, 4.24063528e-01, 5.12532322e-01, 5.44210453e-01, 2.65340949e+00, 1.00343879e+02
6.84969672e-01, 2.26592088e-01, 5.93482492e-01, 4.31504296e-01, 5.05091553e-01, 5.56678083e-01, 2.64094186e+00, 1.01409897e+02
7.04198979e-01, 2.31520301e-01, 5.86785940e-01, 4.38987694e-01, 4.97608156e-01, 5.69359065e-01, 2.62826088e+00, 1.02518278e+02
7.23968114e-01, 2.36529229e-01, 5.80057132e-01, 4.46510260e-01, 4.90085590e-01, 5.82253090e-01, 2.61536686e+00, 1.03671012e+02
7.44292233e-01, 2.41619247e-01, 5.73298431e-01, 4.54068410e-01, 4.82527440e-01, 5.95359608e-01, 2.60226034e+00, 1.04870178e+02
7.65186915e-01, 2.46790700e-01, 5.66512244e-01, 4.61658436e-01, 4.74937414e-01, 6.08677815e-01, 2.58894213e+00, 1.06117944e+02
7.86668179e-01, 2.52043903e-01, 5.59701019e-01, 4.69276517e-01, 4.67319332e-01, 6.22206644e-01, 2.57541330e+00, 1.07416575e+02
8.08752491e-01, 2.57379142e-01, 5.52867241e-01, 4.76918722e-01, 4.59677127e-01, 6.35944766e-01, 2.56167518e+00, 1.08768430e+02
8.31456781e-01, 2.62796674e-01, 5.46013431e-01, 4.84581016e-01, 4.52014834e-01, 6.49890575e-01, 2.54772937e+00, 1.10175967e+02
8.54798453e-01, 2.68296725e-01, 5.39142136e-01, 4.92259269e-01, 4.44336581e-01, 6.64042189e-01, 2.53357776e+00, 1.11641743e+02
8.78795401e-01, 2.73879488e-01, 5.32255933e-01, 4.99949265e-01, 4.36646585e-01, 6.78397443e-01, 2.51922250e+00, 1.13168423e+02
9.03466021e-01, 2.79545129e-01, 5.25357421e-01, 5.07646709e-01, 4.28949141e-01, 6.92953889e-01, 2.50466606e+00, 1.14758774e+02
9.28829225e-01, 2.85293778e-01, 5.18449216e-01, 5.15347239e-01, 4.21248611e-01, 7.07708792e-01, 2.48991115e+00, 1.16415672e+02
9.54904456e-01, 2.91125536e-01, 5.11533951e-01, 5.23046433e-01, 4.13549417e-01, 7.22659131e-01, 2.47496081e+00, 1.18142105e+02
9.81711702e-01, 2.97040474e-01, 5.04614268e-01, 5.30739824e-01, 4.05856026e-01, 7.37801600e-01, 2.45981835e+00, 1.19941174e+02
1.00927151e+00, 3.03038627e-01, 4.97692817e-01, 5.38422907e-01, 3.98172943e-01, 7.53132611e-01, 2.44448733e+00, 1.21816095e+02
1.03760502e+00, 3.09120002e-01, 4.90772250e-01, 5.46091155e-01, 3.90504695e-01, 7.68648295e-01, 2.42897165e+00, 1.23770204e+02
1.06673394e+00, 3.15284571e-01, 4.83855218e-01, 5.53740027e-01, 3.82855822e-01, 7.84344512e-01, 2.41327543e+00, 1.25806957e+02
1.09668060e+00, 3.21532276e-01, 4.76944367e-01, 5.61364986e-01, 3.75230863e-01, 8.00216852e-01, 2.39740309e+00, 1.27929936e+02
1.12746796e+00, 3.27863028e-01, 4.70042332e-01, 5.68961507e-01, 3.67634343e-01, 8.16260649e-01, 2.38135930e+00, 1.30142849e+02
1.15911962e+00, 3.34276704e-01, 4.63151736e-01, 5.76525090e-01, 3.60070759e-01, 8.32470985e-01, 2.36514896e+00, 1.32449537e+02
1.19165984e+00, 3.40773150e-01, 4.56275185e-01, 5.84051278e-01, 3.52544571e-01, 8.48842705e-01, 2.34877724e+00, 1.34853971e+02
1.22511358e+00, 3.47352184e-01, 4.49415262e-01, 5.91535665e-01, 3.45060185e-01, 8.65370424e-01, 2.33224952e+00, 1.37360264e+02
1.25950646e+00, 3.54013588e-01, 4.42574525e-01, 5.98973909e-01, 3.37621941e-01, 8.82048545e-01, 2.31557140e+00, 1.39972669e+02
1.29486487e+00, 3.60757118e-01, 4.35755505e-01, 6.06361749e-01, 3.30234101e-01, 8.98871271e-01, 2.29874867e+00, 1.42695586e+02
1.33121590e+00, 3.67582497e-01, 4.28960698e-01, 6.13695011e-01, 3.22900838e-01, 9.15832617e-01, 2.28178733e+00, 1.45533564e+02
1.36858742e+00, 3.74489419e-01, 4.22192565e-01, 6.20969627e-01, 3.15626223e-01, 9.32926431e-01, 2.26469351e+00, 1.48491311e+02
1.40700809e+00, 3.81477549e-01, 4.15453528e-01, 6.28181637e-01, 3.08414213e-01, 9.50146407e-01, 2.24747354e+00, 1.51573693e+02
1.44650734e+00, 3.88546523e-01, 4.08745964e-01, 6.35327209e-01, 3.01268641e-01, 9.67486103e-01, 2.23013384e+00, 1.54785745e+02
1.48711546e+00, 3.95695948e-01, 4.02072206e-01, 6.42402642e-01, 2.94193207e-01, 9.84938956e-01, 2.21268099e+00, 1.58132675e+02
1.52886359e+00, 4.02925403e-01, 3.95434536e-01, 6.49404380e-01, 2.87191469e-01, 1.00249831e+00, 2.19512164e+00, 1.61619870e+02
1.57178372e+00, 4.10234442e-01, 3.88835186e-01, 6.56329017e-01, 2.80266832e-01, 1.02015740e+00, 2.17746254e+00, 1.65252905e+02
1.61590875e+00, 4.17622591e-01, 3.82276331e-01, 6.63173306e-01, 2.73422544e-01, 1.03790944e+00, 2.15971051e+00, 1.69037551e+02
1.66127252e+00, 4.25089350e-01, 3.75760089e-01, 6.69934165e-01, 2.66661685e-01, 1.05574755e+00, 2.14187240e+00, 1.72979781e+02
1.70790980e+00, 4.32634194e-01, 3.69288519e-01, 6.76608683e-01, 2.59987167e-01, 1.07366484e+00, 2.12395510e+00, 1.77085781e+02
1.75585633e+00, 4.40256573e-01, 3.62863618e-01, 6.83194126e-01, 2.53401724e-01, 1.09165441e+00, 2.10596553e+00, 1.81361959e+02
1.80514888e+00, 4.47955916e-01, 3.56487318e-01, 6.89687938e-01, 2.46907911e-01, 1.10970935e+00, 2.08791059e+00, 1.85814954e+02
1.85582523e+00, 4.55731626e-01, 3.50161484e-01, 6.96087748e-01, 2.40508102e-01, 1.12782278e+00, 2.06979716e+00, 1.90451648e+02
1.90792422e+00, 4.63583085e-01, 3.43887915e-01, 7.02391366e-01, 2.34204483e-01, 1.14598784e+00, 2.05163210e+00, 1.95279177e+02
1.96148581e+00, 4.71509656e-01, 3.37668341e-01, 7.08596791e-01, 2.27999058e-01, 1.16419772e+00, 2.03342222e+00, 2.00304943e+02
2.01655104e+00, 4.79510678e-01, 3.31504419e-01, 7.14702206e-01, 2.21893644e-01, 1.18244568e+00, 2.01517426e+00, 2.05536626e+02
2.07316213e+00, 4.87585472e-01, 3.25397736e-01, 7.20705979e-01, 2.15889871e-01, 1.20072504e+00, 1.99689490e+00, 2.10982198e+02
2.13136247e+00, 4.95733342e-01, 3.19349807e-01, 7.26606663e-01, 2.09989187e-01, 1.21902922e+00, 1.97859073e+00, 2.16649937e+02
2.19119669e+00, 5.03953573e-01, 3.13362070e-01, 7.32402991e-01, 2.04192858e-01, 1.23735171e+00, 1.96026824e+00, 2.22548441e+02
2.25271064e+00, 5.12245431e-01, 3.07435893e-01, 7.38093878e-01, 1.98501972e-01, 1.25568613e+00, 1.94193382e+00, 2.28686645e+02
2.31595149e+00, 5.20608169e-01, 3.01572566e-01, 7.43678410e-01, 1.92917439e-01, 1.27402621e+00, 1.92359374e+00, 2.35073834e+02
2.38096772e+00, 5.29041024e-01, 2.95773306e-01, 7.49155849e-01, 1.87440001e-01, 1.29236578e+00, 1.90525416e+00, 2.41719663e+02
2.44780916e+00, 5.37543219e-01, 2.90039255e-01, 7.54525620e-01, 1.82070230e-01, 1.31069884e+00, 1.88692111e+00, 2.48634173e+02
2.51652705e+00, 5.46113963e-01, 2.84371479e-01, 7.59787313e-01, 1.76808536e-01, 1.32901949e+00, 1.86860046e+00, 2.55827810e+02
2.58717408e+00, 5.54752453e-01, 2.78770971e-01, 7.64940674e-01, 1.71655176e-01, 1.34732197e+00, 1.85029797e+00, 2.63311443e+02
2.65980440e+00, 5.63457874e-01, 2.73238647e-01, 7.69985598e-01, 1.66610252e-01, 1.36560070e+00, 1.83201924e+00, 2.71096383e+02
2.73447368e+00, 5.72229403e-01, 2.67775351e-01, 7.74922128e-01, 1.61673722e-01, 1.38385021e+00, 1.81376973e+00, 2.79194409e+02
2.81123917e+00, 5.81066203e-01, 2.62381854e-01, 7.79750444e-01, 1.56845406e-01, 1.40206521e+00, 1.79555473e+00, 2.87617781e+02
2.89015972e+00, 5.89967432e-01, 2.57058854e-01, 7.84470859e-01, 1.52124990e-01, 1.42024054e+00, 1.77737940e+00, 2.96379271e+02
2.97129582e+00, 5.98932239e-01, 2.51806978e-01, 7.89083813e-01, 1.47512036e-01, 1.43837122e+00, 1.75924872e+00, 3.05492179e+02
3.05470967e+00, 6.07959763e-01, 2.46626782e-01, 7.93589864e-01, 1.43005986e-01, 1.45645241e+00, 1.74116754e+00, 3.14970362e+02
3.14046522e+00, 6.17049141e-01, 2.41518754e-01, 7.97989684e-01, 1.38606166e-01, 1.47447943e+00, 1.72314052e+00, 3.24828258e+02
3.22862820e+00, 6.26199502e-01, 2.36483311e-01, 8.02284050e-01, 1.34311799e-01, 1.49244776e+00, 1.70517219e+00, 3.35080909e+02
3.31926620e+00, 6.35409971e-01, 2.31520808e-01, 8.06473842e-01, 1.30122008e-01, 1.51035304e+00, 1.68726690e+00, 3.45743991e+02
3.41244871e+00, 6.44679670e-01, 2.26631530e-01, 8.10560029e-01, 1.26035821e-01, 1.52819107e+00, 1.66942887e+00, 3.56833843e+02
3.50824714e+00, 6.54007716e-01, 2.21815701e-01, 8.14543669e-01, 1.22052181e-01, 1.54595780e+00, 1.65166214e+00, 3.68367494e+02
3.60673495e+00, 6.63393226e-01, 2.17073483e-01, 8.18425901e-01, 1.18169948e-01, 1.56364933e+00, 1.63397061e+00, 3.80362693e+02
3.70798763e+00, 6.72835313e-01, 2.12404976e-01, 8.22207938e-01, 1.14387911e-01, 1.58126192e+00, 1.61635803e+00, 3.92837942e+02
3.81208280e+00, 6.82333091e-01, 2.07810223e-01, 8.25891061e-01, 1.10704789e-01, 1.59879198e+00, 1.59882797e+00, 4.05812527e+02
3.91910025e+00, 6.91885673e-01, 2.03289209e-01, 8.29476613e-01, 1.07119237e-01, 1.61623606e+00, 1.58138389e+00, 4.19306556e+02
4.02912203e+00, 7.01492174e-01, 1.98841864e-01, 8.32965994e-01, 1.03629856e-01, 1.63359087e+00, 1.56402908e+00, 4.33340989e+02
4.14223247e+00, 7.11151707e-01, 1.94468065e-01, 8.36360656e-01, 1.00235193e-01, 1.65085325e+00, 1.54676669e+00, 4.47937677e+02
4.25851829e+00, 7.20863389e-01, 1.90167637e-01, 8.39662097e-01, 9.69337529e-02, 1.66802020e+00, 1.52959975e+00, 4.63119402e+02
4.37806863e+00, 7.30626340e-01, 1.85940357e-01, 8.42871854e-01, 9.37239959e-02, 1.68508884e+00, 1.51253111e+00, 4.78909914e+02
4.50097513e+00, 7.40439681e-01, 1.81785952e-01, 8.45991502e-01, 9.06043480e-02, 1.70205643e+00, 1.49556351e+00, 4.95333972e+02
4.62733201e+00, 7.50302539e-01, 1.77704105e-01, 8.49022646e-01, 8.75732040e-02, 1.71892038e+00, 1.47869957e+00, 5.12417393e+02
4.75723614e+00, 7.60214043e-01, 1.73694456e-01, 8.51966918e-01, 8.46289314e-02, 1.73567820e+00, 1.46194175e+00, 5.30187086e+02
4.89078709e+00, 7.70173327e-01, 1.69756602e-01, 8.54825974e-01, 8.17698756e-02, 1.75232755e+00, 1.44529239e+00, 5.48671110e+02
5.02808725e+00, 7.80179530e-01, 1.65890100e-01, 8.57601486e-01, 7.89943633e-02, 1.76886622e+00, 1.42875373e+00, 5.67898715e+02
5.16924187e+00, 7.90231798e-01, 1.62094471e-01, 8.60295143e-01, 7.63007068e-02, 1.78529209e+00, 1.41232785e+00, 5.87900394e+02
5.31435916e+00, 8.00329281e-01, 1.58369199e-01, 8.62908642e-01, 7.36872073e-02, 1.80160320e+00, 1.39601674e+00, 6.08707938e+02
5.46355035e+00, 8.10471136e-01, 1.54713732e-01, 8.65443691e-01, 7.11521583e-02, 1.81779768e+00, 1.37982227e+00, 6.30354487e+02
5.61692982e+00, 8.20656529e-01, 1.51127491e-01, 8.67902000e-01, 6.86938494e-02, 1.83387377e+00, 1.36374618e+00, 6.52874590e+02
5.77461515e+00, 8.30884629e-01, 1.47609861e-01, 8.70285281e-01, 6.63105687e-02, 1.84982983e+00, 1.34779011e+00, 6.76304264e+02
5.93672722e+00, 8.41154616e-01, 1.44160202e-01, 8.72595244e-01, 6.40006059e-02, 1.86566434e+00, 1.33195561e+00, 7.00681054e+02
6.10339029e+00, 8.51465677e-01, 1.40777848e-01, 8.74833595e-01, 6.17622550e-02, 1.88137585e+00, 1.31624410e+00, 7.26044100e+02
6.27473213e+00, 8.61817006e-01, 1.37462106e-01, 8.77002033e-01, 5.95938170e-02, 1.89696304e+00, 1.30065691e+00, 7.52434200e+02
6.45088409e+00, 8.72207807e-01, 1.34212261e-01, 8.79102248e-01, 5.74936016e-02, 1.91242468e+00, 1.28519527e+00, 7.79893886e+02
6.63198120e+00, 8.82637292e-01, 1.31027576e-01, 8.81135919e-01, 5.54599301e-02, 1.92775963e+00, 1.26986031e+00, 8.08467492e+02
6.81816229e+00, 8.93104682e-01, 1.27907296e-01, 8.83104713e-01, 5.34911369e-02, 1.94296686e+00, 1.25465308e+00, 8.38201232e+02
7.00957009e+00, 9.03609206e-01, 1.24850646e-01, 8.85010278e-01, 5.15855714e-02, 1.95804542e+00, 1.23957453e+00, 8.69143280e+02
7.20635132e+00, 9.14150106e-01, 1.21856835e-01, 8.86854250e-01, 4.97416000e-02, 1.97299443e+00, 1.22462552e+00, 9.01343848e+02
7.40865683e+00, 9.24726629e-01, 1.18925058e-01, 8.88638242e-01, 4.79576072e-02, 1.98781313e+00, 1.20980682e+00, 9.34855279e+02
7.61664172e+00, 9.35338035e-01, 1.16054495e-01, 8.90363852e-01, 4.62319973e-02, 2.00250081e+00, 1.19511913e+00, 9.69732133e+02
7.83046540e+00, 9.45983593e-01, 1.13244314e-01, 8.92032654e-01, 4.45631956e-02, 2.01705687e+00, 1.18056307e+00, 1.00603128e+03
8.05029181e+00, 9.56662583e-01, 1.10493675e-01, 8.93646200e-01, 4.29496497e-02, 2.03148077e+00, 1.16613918e+00, 1.04381199e+03
8.27628946e+00, 9.67374292e-01, 1.07801724e-01, 8.95206019e-01, 4.13898302e-02, 2.04577204e+00, 1.15184791e+00, 1.08313606e+03
8.50863158e+00, 9.78118021e-01, 1.05167604e-01, 8.96713618e-01, 3.98822320e-02, 2.05993029e+00, 1.13768966e+00, 1.12406789e+03
8.74749630e+00, 9.88893079e-01, 1.02590447e-01, 8.98170475e-01, 3.84253748e-02, 2.07395520e+00, 1.12366474e+00, 1.16667460e+03
8.99306672e+00, 9.99698787e-01, 1.00069381e-01, 8.99578046e-01, 3.70178041e-02, 2.08784653e+00, 1.10977341e+00, 1.21102618e+03
9.24553110e+00, 1.01053448e+00, 9.76035298e-02, 9.00937758e-01, 3.56580915e-02, 2.10160409e+00, 1.09601586e+00, 1.25719554e+03
9.50508296e+00, 1.02139949e+00, 9.51920136e-02, 9.02251014e-01, 3.43448357e-02, 2.11522774e+00, 1.08239220e+00, 1.30525870e+03
9.77192128e+00, 1.03229317e+00, 9.28339498e-02, 9.03519187e-01, 3.30766623e-02, 2.12871744e+00, 1.06890251e+00, 1.35529490e+03
1.00462506e+01, 1.04321489e+00, 9.05284548e-02, 9.04743625e-01, 3.18522248e-02, 2.14207317e+00, 1.05554677e+00, 1.40738672e+03
1.03282813e+01, 1.05416402e+00, 8.82746444e-02, 9.05925645e-01, 3.06702045e-02, 2.15529500e+00, 1.04232495e+00, 1.46162024e+03
1.06182294e+01, 1.06513995e+00, 8.60716349e-02, 9.07066539e-01, 2.95293108e-02, 2.16838302e+00, 1.02923692e+00, 1.51808518e+03
1.09163173e+01, 1.07614206e+00, 8.39185439e-02, 9.08167568e-01, 2.84282814e-02, 2.18133740e+00, 1.01628254e+00, 1.57687505e+03
1.12227736e+01, 1.08716977e+00, 8.18144912e-02, 9.09229967e-01, 2.73658824e-02, 2.19415835e+00, 1.00346159e+00, 1.63808734e+03
1.15378330e+01, 1.09822248e+00, 7.97585995e-02, 9.10254941e-01, 2.63409082e-02, 2.20684613e+00, 9.90773812e-01, 1.70182362e+03
1.18617372e+01, 1.10929963e+00, 7.77499950e-02, 9.11243668e-01, 2.53521816e-02, 2.21940105e+00, 9.78218899e-01, 1.76818980e+03
1.21947344e+01, 1.12040065e+00, 7.57878084e-02, 9.12197296e-01, 2.43985538e-02, 2.23182344e+00, 9.65796502e-01, 1.83729624e+03
1.25370799e+01, 1.13152499e+00, 7.38711753e-02, 9.13116946e-01, 2.34789040e-02, 2.24411372e+00, 9.53506228e-01, 1.90925799e+03
1.28890361e+01, 1.14267211e+00, 7.19992367e-02, 9.14003710e-01, 2.25921396e-02, 2.25627230e+00, 9.41347645e-01, 1.98419495e+03
1.32508729e+01, 1.15384147e+00, 7.01711401e-02, 9.14858654e-01, 2.17371956e-02, 2.26829967e+00, 9.29320279e-01, 2.06223211e+03
1.36228676e+01, 1.16503255e+00, 6.83860392e-02, 9.15682815e-01, 2.09130347e-02, 2.28019632e+00, 9.17423621e-01, 2.14349972e+03
1.40053055e+01, 1.17624484e+00, 6.66430952e-02, 9.16477203e-01, 2.01186468e-02, 2.29196282e+00, 9.05657124e-01, 2.22813357e+03
1.43984795e+01, 1.18747784e+00, 6.49414767e-02, 9.17242801e-01, 1.93530490e-02, 2.30359973e+00, 8.94020211e-01, 2.31627518e+03
1.48026913e+01, 1.19873106e+00, 6.32803605e-02, 9.17980565e-01, 1.86152849e-02, 2.31510768e+00, 8.82512267e-01, 2.40807205e+03
1.52182505e+01, 1.21000400e+00, 6.16589316e-02, 9.18691425e-01, 1.79044243e-02, 2.32648729e+00, 8.71132653e-01, 2.50367795e+03
1.56454759e+01, 1.22129622e+00, 6.00763839e-02, 9.19376286e-01, 1.72195632e-02, 2.33773925e+00, 8.59880694e-01, 2.60325311e+03
1.60846948e+01, 1.23260723e+00, 5.85319205e-02, 9.20036027e-01, 1.65598231e-02, 2.34886425e+00, 8.48755693e-01, 2.70696459e+03
1.65362441e+01, 1.24393658e+00, 5.70247538e-02, 9.20671499e-01, 1.59243504e-02, 2.35986302e+00, 8.37756922e-01, 2.81498647e+03
1.70004698e+01, 1.25528384e+00, 5.55541057e-02, 9.21283533e-01, 1.53123166e-02, 2.37073631e+00, 8.26883632e-01, 2.92750024e+03
1.74777277e+01, 1.26664856e+00, 5.41192085e-02, 9.21872933e-01, 1.47229170e-02, 2.38148490e+00, 8.16135048e-01, 3.04469504e+03
1.79683839e+01, 1.27803033e+00, 5.27193041e-02, 9.22440479e-01, 1.41553710e-02, 2.39210957e+00, 8.05510374e-01, 3.16676803e+03
1.84728144e+01, 1.28942872e+00, 5.13536452e-02, 9.22986928e-01, 1.36089214e-02, 2.40261115e+00, 7.95008792e-01, 3.29392471e+03
1.89914058e+01, 1.30084334e+00, 5.00214947e-02, 9.23513016e-01, 1.30828338e-02, 2.41299048e+00, 7.84629467e-01, 3.42637926e+03
1.95245558e+01, 1.31227377e+00, 4.87221263e-02, 9.24019454e-01, 1.25763961e-02, 2.42324840e+00, 7.74371542e-01, 3.56435496e+03
2.00726730e+01, 1.32371963e+00, 4.74548245e-02, 9.24506931e-01, 1.20889182e-02, 2.43338580e+00, 7.64234145e-01, 3.70808451e+03
2.06361777e+01, 1.33518054e+00, 4.62188846e-02, 9.24976118e-01, 1.16197316e-02, 2.44340356e+00, 7.54216388e-01, 3.85781047e+03
2.12155017e+01, 1.34665613e+00, 4.50136131e-02, 9.25427661e-01, 1.11681885e-02, 2.45330258e+00, 7.44317367e-01, 4.01378568e+03
2.18110892e+01, 1.35814602e+00, 4.38383275e-02, 9.25862188e-01, 1.07336618e-02, 2.46308378e+00, 7.34536165e-01, 4.17627365e+03
2.24233968e+01, 1.36964988e+00, 4.26923562e-02, 9.26280305e-01, 1.03155442e-02, 2.47274809e+00, 7.24871851e-01, 4.34554908e+03
2.30528939e+01, 1.38116734e+00, 4.15750390e-02, 9.26682602e-01, 9.91324794e-03, 2.48229646e+00, 7.15323483e-01, 4.52189827e+03
2.37000629e+01, 1.39269806e+00, 4.04857268e-02, 9.27069645e-01, 9.52620435e-03, 2.49172984e+00, 7.05890109e-01, 4.70561968e+03
2.43654001e+01, 1.40424172e+00, 3.94237819e-02, 9.27441986e-01, 9.15386319e-03, 2.50104918e+00, 6.96570765e-01, 4.89702436e+03
2.50494154e+01, 1.41579798e+00, 3.83885774e-02, 9.27800157e-01, 8.79569232e-03, 2.51025547e+00, 6.87364478e-01, 5.09643655e+03
2.57526333e+01, 1.42736654e+00, 3.73794979e-02, 9.28144672e-01, 8.45117714e-03, 2.51934968e+00, 6.78270269e-01, 5.30419424e+03
2.64755927e+01, 1.43894707e+00, 3.63959391e-02, 9.28476029e-01, 8.11982017e-03, 2.52833280e+00, 6.69287149e-01, 5.52064969e+03
2.72188479e+01, 1.45053928e+00, 3.54373078e-02, 9.28794709e-01, 7.80114055e-03, 2.53720582e+00, 6.60414125e-01, 5.74617011e+03
2.79829688e+01, 1.46214287e+00, 3.45030217e-02, 9.29101176e-01, 7.49467360e-03, 2.54596975e+00, 6.51650195e-01, 5.98113823e+03
2.87685409e+01, 1.47375755e+00, 3.35925097e-02, 9.29395879e-01, 7.19997036e-03, 2.55462559e+00, 6.42994355e-01, 6.22595302e+03
2.95761666e+01, 1.48538304e+00, 3.27052117e-02, 9.29679252e-01, 6.91659715e-03, 2.56317435e+00, 6.34445594e-01, 6.48103033e+03
3.04064649e+01, 1.49701906e+00, 3.18405781e-02, 9.29951715e-01, 6.64413510e-03, 2.57161705e+00, 6.26002900e-01, 6.74680360e+03
3.12600724e+01, 1.50866534e+00, 3.09980705e-02, 9.30213670e-01, 6.38217978e-03, 2.57995469e+00, 6.17665255e-01, 7.02372467e+03
3.21376434e+01, 1.52032162e+00, 3.01771610e-02, 9.30465509e-01, 6.13034072e-03, 2.58818830e+00, 6.09431641e-01, 7.31226448e+03
3.30398507e+01, 1.53198765e+00, 2.93773321e-02, 9.30707609e-01, 5.88824099e-03, 2.59631891e+00, 6.01301036e-01, 7.61291394e+03
3.39673858e+01, 1.54366317e+00, 2.85980772e-02, 9.30940333e-01, 5.65551684e-03, 2.60434753e+00, 5.93272420e-01, 7.92618474e+03
3.49209598e+01, 1.55534793e+00, 2.78388997e-02, 9.31164032e-01, 5.43181725e-03, 2.61227518e+00, 5.85344769e-01, 8.25261023e+03
3.59013038e+01, 1.56704171e+00, 2.70993135e-02, 9.31379046e-01, 5.21680358e-03, 2.62010289e+00, 5.77517060e-01, 8.59274639e+03
3.69091691e+01, 1.57874427e+00, 2.63788425e-02, 9.31585700e-01, 5.01014914e-03, 2.62783167e+00, 5.69788271e-01, 8.94717271e+03
3.79453285e+01, 1.59045537e+00, 2.56770206e-02, 9.31784311e-01, 4.81153885e-03, 2.63546257e+00, 5.62157380e-01, 9.31649326e+03
3.90105762e+01, 1.60217481e+00, 2.49933916e-02, 9.31975181e-01, 4.62066886e-03, 2.64299658e+00, 5.54623367e-01, 9.70133768e+03
4.01057288e+01, 1.61390235e+00, 2.43275093e-02, 9.32158603e-01, 4.43724620e-03, 2.65043473e+00, 5.47185213e-01, 1.01023623e+04
4.12316259e+01, 1.62563780e+00, 2.36789368e-02, 9.32334861e-01, 4.26098841e-03, 2.65777804e+00, 5.39841901e-01, 1.05202512e+04
4.23891306e+01, 1.63738095e+00, 2.30472468e-02, 9.32504226e-01, 4.09162322e-03, 2.66502753e+00, 5.32592417e-01, 1.09557175e+04
4.35791301e+01, 1.64913159e+00, 2.24320214e-02, 9.32666961e-01, 3.92888821e-03, 2.67218419e+00, 5.25435751e-01, 1.14095045e+04
4.48025368e+01, 1.66088953e+00, 2.18328518e-02, 9.32823319e-01, 3.77253049e-03, 2.67924905e+00, 5.18370894e-01, 1.18823871e+04
4.60602884e+01, 1.67265458e+00, 2.12493385e-02, 9.32973543e-01, 3.62230638e-03, 2.68622310e+00, 5.11396843e-01, 1.23751729e+04
4.73533492e+01, 1.68442656e+00, 2.06810907e-02, 9.33117869e-01, 3.47798109e-03, 2.69310735e+00, 5.04512596e-01, 1.28887036e+04
4.86827104e+01, 1.69620528e+00, 2.01277264e-02, 9.33256521e-01, 3.33932845e-03, 2.69990279e+00, 4.97717158e-01, 1.34238569e+04
5.00493910e+01, 1.70799057e+00, 1.95888723e-02, 9.33389719e-01, 3.20613061e-03, 2.70661041e+00, 4.91009538e-01, 1.39815475e+04
5.14544388e+01, 1.71978224e+00, 1.90641636e-02, 9.33517672e-01, 3.07817773e-03, 2.71323120e+00, 4.84388749e-01, 1.45627287e+04
5.28989308e+01, 1.73158015e+00, 1.85532437e-02, 9.33640582e-01, 2.95526775e-03, 2.71976614e+00, 4.77853808e-01, 1.51683945e+04
5.43839743e+01, 1.74338412e+00, 1.80557646e-02, 9.33758644e-01, 2.83720609e-03, 2.72621620e+00, 4.71403740e-01, 1.57995809e+04
5.59107078e+01, 1.75519399e+00, 1.75713858e-02, 9.33872044e-01, 2.72380542e-03, 2.73258237e+00, 4.65037575e-01, 1.64573676e+04
5.74803016e+01, 1.76700960e+00, 1.70997750e-02, 9.33980964e-01, 2.61488536e-03, 2.73886560e+00, 4.58754346e-01, 1.71428804e+04
5.90939590e+01, 1.77883082e+00, 1.66406078e-02, 9.34085577e-01, 2.51027231e-03, 2.74506685e+00, 4.52553096e-01, 1.78572925e+04
6.07529169e+01, 1.79065748e+00, 1.61935670e-02, 9.34186050e-01, 2.40979914e-03, 2.75118707e+00, 4.46432871e-01, 1.86018271e+04
6.24584471e+01, 1.80248944e+00, 1.57583434e-02, 9.34282545e-01, 2.31330501e-03, 2.75722722e+00, 4.40392724e-01, 1.93777589e+04
6.42118571e+01, 1.81432657e+00, 1.53346346e-02, 9.34375214e-01, 2.22063514e-03, 2.76318823e+00, 4.34431716e-01, 2.01864170e+04
6.60144909e+01, 1.82616872e+00, 1.49221457e-02, 9.34464209e-01, 2.13164056e-03, 2.76907103e+00, 4.28548913e-01, 2.10291864e+04
6.78677305e+01, 1.83801577e+00, 1.45205889e-02, 9.34549672e-01, 2.04617796e-03, 2.77487656e+00, 4.22743390e-01, 2.19075113e+04
6.97729965e+01, 1.84986758e+00, 1.41296829e-02, 9.34631740e-01, 1.96410945e-03, 2.78060572e+00, 4.17014225e-01, 2.28228966e+04
7.17317494e+01, 1.86172403e+00, 1.37491537e-02, 9.34710547e-01, 1.88530235e-03, 2.78625944e+00, 4.11360507e-01, 2.37769113e+04
7.37454909e+01, 1.87358500e+00, 1.33787335e-02, 9.34786221e-01, 1.80962906e-03, 2.79183862e+00, 4.05781330e-01, 2.47711908e+04
7.58157646e+01, 1.88545036e+00, 1.30181611e-02, 9.34858883e-01, 1.73696683e-03, 2.79734415e+00, 4.00275796e-01, 2.58074398e+04
7.79441575e+01, 1.89731999e+00, 1.26671819e-02, 9.34928652e-01, 1.66719757e-03, 2.80277693e+00, 3.94843015e-01, 2.68874352e+04
8.01323013e+01, 1.90919379e+00, 1.23255471e-02, 9.34995642e-01, 1.60020775e-03, 2.80813784e+00, 3.89482103e-01, 2.80130295e+04
8.23818733e+01, 1.92107165e+00, 1.19930143e-02, 9.35059961e-01, 1.53588815e-03, 2.81342776e+00, 3.84192184e-01, 2.91861532e+04
8.46945981e+01, 1.93295345e+00, 1.16693470e-02, 9.35121716e-01, 1.47413376e-03, 2.81864755e+00, 3.78972391e-01, 3.04088191e+04
8.70722485e+01, 1.94483908e+00, 1.13543144e-02, 9.35181006e-01, 1.41484360e-03, 2.82379808e+00, 3.73821863e-01, 3.16831251e+04
8.95166472e+01, 1.95672846e+00, 1.10476916e-02, 9.35237929e-01, 1.35792058e-03, 2.82888020e+00, 3.68739747e-01, 3.30112580e+04
9.20296681e+01, 1.96862147e+00, 1.07492590e-02, 9.35292578e-01, 1.30327136e-03, 2.83389475e+00, 3.63725199e-01, 3.43954973e+04
9.46132376e+01, 1.98051802e+00, 1.04588028e-02, 9.35345043e-01, 1.25080620e-03, 2.83884256e+00, 3.58777382e-01, 3.58382192e+04
9.72693362e+01, 1.99241802e+00, 1.01761143e-02, 9.35395411e-01, 1.20043881e-03, 2.84372448e+00, 3.53895466e-01, 3.73419006e+04
1.00000000e+02, 2.00432137e+00, 9.90099010e-03, 9.35443763e-01, 1.15208627e-03, 2.84854131e+00, 3.49078631e-01, 3.89091234e+04
