 --- Cosmological Parameters --- 
	 H0: 2.2047e-18 (1/s) = 68.0300 (km/s/Mpc) 
	 OmegaM: 3.3000e-01 
	 OmegaR: 0.0000e+00 
	 OmegaL: 6.7000e-01 
	 OmegaK: 0.0000e+00 
		 w0: -8.2700e-01 
		 wa: -7.5000e-01 
	 rho_crit: 8.6952e-30 (g/cm^3) 
z, log10(1+z), a, H0*t_look, H0*t_age, H0*t_conf, H0*t_conf_age, H(z) 
1.00000000e-04, 4.34272769e-05, 9.99900010e-01, 9.99916564e-05, 9.37085409e-01, 9.99966559e-05, 3.18353586e+00, 6.80345502e+01
1.02807322e-04, 4.46463579e-05, 9.99897203e-01, 1.02798504e-04, 9.37082602e-01, 1.02803788e-04, 3.18353306e+00, 6.80346779e+01
1.05693455e-04, 4.58996588e-05, 9.99894318e-01, 1.05684135e-04, 9.37079716e-01, 1.05689720e-04, 3.18353017e+00, 6.80348092e+01
1.08660611e-04, 4.71881402e-05, 9.99891351e-01, 1.08650760e-04, 9.37076750e-01, 1.08656663e-04, 3.18352720e+00, 6.80349443e+01
1.11711065e-04, 4.85127895e-05, 9.99888301e-01, 1.11700653e-04, 9.37073700e-01, 1.11706892e-04, 3.18352415e+00, 6.80350831e+01
1.14847155e-04, 4.98746217e-05, 9.99885166e-01, 1.14836150e-04, 9.37070564e-01, 1.14842744e-04, 3.18352102e+00, 6.80352257e+01
1.18071285e-04, 5.12746804e-05, 9.99881943e-01, 1.18059653e-04, 9.37067341e-01, 1.18066623e-04, 3.18351779e+00, 6.80353724e+01
1.21385926e-04, 5.27140387e-05, 9.99878629e-01, 1.21373633e-04, 9.37064027e-01, 1.21380999e-04, 3.18351448e+00, 6.80355233e+01
1.24793621e-04, 5.41937993e-05, 9.99875222e-01, 1.24780627e-04, 9.37060620e-01, 1.24788413e-04, 3.18351107e+00, 6.80356783e+01
1.28296980e-04, 5.57150964e-05, 9.99871719e-01, 1.28283247e-04, 9.37057117e-01, 1.28291475e-04, 3.18350757e+00, 6.80358377e+01
1.31898690e-04, 5.72790956e-05, 9.99868119e-01, 1.31884175e-04, 9.37053516e-01, 1.31892872e-04, 3.18350397e+00, 6.80360016e+01
1.35601511e-04, 5.88869955e-05, 9.99864417e-01, 1.35586170e-04, 9.37049814e-01, 1.35595362e-04, 3.18350027e+00, 6.80361701e+01
1.39408283e-04, 6.05400281e-05, 9.99860611e-01, 1.39392068e-04, 9.37046008e-01, 1.39401784e-04, 3.18349646e+00, 6.80363433e+01
1.43321923e-04, 6.22394601e-05, 9.99856699e-01, 1.43304785e-04, 9.37042096e-01, 1.43315053e-04, 3.18349255e+00, 6.80365214e+01
1.47345431e-04, 6.39865937e-05, 9.99852676e-01, 1.47327317e-04, 9.37038073e-01, 1.47338171e-04, 3.18348852e+00, 6.80367044e+01
1.51481892e-04, 6.57827676e-05, 9.99848541e-01, 1.51462747e-04, 9.37033938e-01, 1.51474219e-04, 3.18348439e+00, 6.80368926e+01
1.55734477e-04, 6.76293582e-05, 9.99844290e-01, 1.55714242e-04, 9.37029686e-01, 1.55726367e-04, 3.18348013e+00, 6.80370861e+01
1.60106446e-04, 6.95277803e-05, 9.99839919e-01, 1.60085059e-04, 9.37025315e-01, 1.60097874e-04, 3.18347576e+00, 6.80372850e+01
1.64601150e-04, 7.14794886e-05, 9.99835426e-01, 1.64578546e-04, 9.37020822e-01, 1.64592090e-04, 3.18347127e+00, 6.80374896e+01
1.69222035e-04, 7.34859785e-05, 9.99830807e-01, 1.69198144e-04, 9.37016202e-01, 1.69212459e-04, 3.18346665e+00, 6.80376998e+01
1.73972643e-04, 7.55487874e-05, 9.99826058e-01, 1.73947392e-04, 9.37011453e-01, 1.73962522e-04, 3.18346190e+00, 6.80379160e+01
1.78856616e-04, 7.76694958e-05, 9.99821175e-01, 1.78829927e-04, 9.37006570e-01, 1.78845919e-04, 3.18345701e+00, 6.80381382e+01
1.83877698e-04, 7.98497285e-05, 9.99816156e-01, 1.83849490e-04, 9.37001551e-01, 1.83866392e-04, 3.18345199e+00, 6.80383666e+01
1.89039738e-04, 8.20911560e-05, 9.99810996e-01, 1.89009924e-04, 9.36996390e-01, 1.89027788e-04, 3.18344683e+00, 6.80386015e+01
1.94346693e-04, 8.43954955e-05, 9.99805691e-01, 1.94315181e-04, 9.36991085e-01, 1.94334062e-04, 3.18344153e+00, 6.80388430e+01
1.99802631e-04, 8.67645125e-05, 9.99800237e-01, 1.99769325e-04, 9.36985631e-01, 1.99789282e-04, 3.18343607e+00, 6.80390912e+01
2.05411735e-04, 8.92000219e-05, 9.99794630e-01, 2.05376533e-04, 9.36980024e-01, 2.05397626e-04, 3.18343046e+00, 6.80393464e+01
2.11178304e-04, 9.17038897e-05, 9.99788866e-01, 2.11141099e-04, 9.36974259e-01, 2.11163392e-04, 3.18342470e+00, 6.80396088e+01
2.17106760e-04, 9.42780341e-05, 9.99782940e-01, 2.17067437e-04, 9.36968333e-01, 2.17090999e-04, 3.18341877e+00, 6.80398785e+01
2.23201647e-04, 9.69244272e-05, 9.99776848e-01, 2.23160085e-04, 9.36962240e-01, 2.23184988e-04, 3.18341268e+00, 6.80401558e+01
2.29467637e-04, 9.96450962e-05, 9.99770585e-01, 2.29423708e-04, 9.36955977e-01, 2.29450029e-04, 3.18340641e+00, 6.80404409e+01
2.35909533e-04, 1.02442125e-04, 9.99764146e-01, 2.35863104e-04, 9.36949537e-01, 2.35890923e-04, 3.18339997e+00, 6.80407340e+01
2.42532274e-04, 1.05317657e-04, 9.99757527e-01, 2.42483202e-04, 9.36942917e-01, 2.42512605e-04, 3.18339335e+00, 6.80410353e+01
2.49340937e-04, 1.08273895e-04, 9.99750721e-01, 2.49289071e-04, 9.36936111e-01, 2.49320148e-04, 3.18338654e+00, 6.80413451e+01
2.56340741e-04, 1.11313103e-04, 9.99743725e-01, 2.56285923e-04, 9.36929114e-01, 2.56318769e-04, 3.18337954e+00, 6.80416636e+01
2.63537052e-04, 1.14437609e-04, 9.99736532e-01, 2.63479113e-04, 9.36921921e-01, 2.63513829e-04, 3.18337235e+00, 6.80419910e+01
2.70935387e-04, 1.17649806e-04, 9.99729138e-01, 2.70874149e-04, 9.36914526e-01, 2.70910841e-04, 3.18336495e+00, 6.80423276e+01
2.78541416e-04, 1.20952156e-04, 9.99721536e-01, 2.78476693e-04, 9.36906924e-01, 2.78515474e-04, 3.18335735e+00, 6.80426737e+01
2.86360972e-04, 1.24347187e-04, 9.99713721e-01, 2.86292564e-04, 9.36899108e-01, 2.86333552e-04, 3.18334953e+00, 6.80430294e+01
2.94400048e-04, 1.27837499e-04, 9.99705687e-01, 2.94327745e-04, 9.36891073e-01, 2.94371067e-04, 3.18334149e+00, 6.80433952e+01
3.02664806e-04, 1.31425767e-04, 9.99697427e-01, 3.02588388e-04, 9.36882812e-01, 3.02634175e-04, 3.18333323e+00, 6.80437712e+01
3.11161583e-04, 1.35114738e-04, 9.99688935e-01, 3.11080814e-04, 9.36874320e-01, 3.11129208e-04, 3.18332473e+00, 6.80441578e+01
3.19896892e-04, 1.38907238e-04, 9.99680205e-01, 3.19811525e-04, 9.36865589e-01, 3.19862674e-04, 3.18331600e+00, 6.80445552e+01
3.28877429e-04, 1.42806171e-04, 9.99671231e-01, 3.28787203e-04, 9.36856613e-01, 3.28841263e-04, 3.18330702e+00, 6.80449638e+01
3.38110078e-04, 1.46814523e-04, 9.99662004e-01, 3.38014716e-04, 9.36847386e-01, 3.38071854e-04, 3.18329779e+00, 6.80453838e+01
3.47601918e-04, 1.50935364e-04, 9.99652519e-01, 3.47501128e-04, 9.36837899e-01, 3.47561518e-04, 3.18328830e+00, 6.80458157e+01
3.57360225e-04, 1.55171849e-04, 9.99642767e-01, 3.57253697e-04, 9.36828147e-01, 3.57317525e-04, 3.18327854e+00, 6.80462596e+01
3.67392478e-04, 1.59527223e-04, 9.99632742e-01, 3.67279886e-04, 9.36818121e-01, 3.67347347e-04, 3.18326851e+00, 6.80467161e+01
3.77706369e-04, 1.64004821e-04, 9.99622436e-01, 3.77587368e-04, 9.36807813e-01, 3.77658669e-04, 3.18325820e+00, 6.80471853e+01
3.88309805e-04, 1.68608072e-04, 9.99611841e-01, 3.88184030e-04, 9.36797216e-01, 3.88259389e-04, 3.18324760e+00, 6.80476677e+01
3.99210913e-04, 1.73340499e-04, 9.99600948e-01, 3.99077978e-04, 9.36786322e-01, 3.99157627e-04, 3.18323670e+00, 6.80481637e+01
4.10418050e-04, 1.78205728e-04, 9.99589750e-01, 4.10277548e-04, 9.36775123e-01, 4.10361731e-04, 3.18322550e+00, 6.80486735e+01
4.21939808e-04, 1.83207482e-04, 9.99578238e-01, 4.21791308e-04, 9.36763609e-01, 4.21880283e-04, 3.18321398e+00, 6.80491977e+01
4.33785019e-04, 1.88349591e-04, 9.99566403e-01, 4.33628066e-04, 9.36751772e-01, 4.33722105e-04, 3.18320214e+00, 6.80497366e+01
4.45962763e-04, 1.93635993e-04, 9.99554236e-01, 4.45796875e-04, 9.36739604e-01, 4.45896267e-04, 3.18318996e+00, 6.80502906e+01
4.58482375e-04, 1.99070734e-04, 9.99541728e-01, 4.58307045e-04, 9.36727093e-01, 4.58412094e-04, 3.18317745e+00, 6.80508602e+01
4.71353453e-04, 2.04657975e-04, 9.99528869e-01, 4.71168143e-04, 9.36714232e-01, 4.71279172e-04, 3.18316458e+00, 6.80514457e+01
4.84585864e-04, 2.10401992e-04, 9.99515649e-01, 4.84390006e-04, 9.36701010e-01, 4.84507354e-04, 3.18315135e+00, 6.80520477e+01
4.98189752e-04, 2.16307184e-04, 9.99502058e-01, 4.97982745e-04, 9.36687418e-01, 4.98106773e-04, 3.18313775e+00, 6.80526666e+01
5.12175544e-04, 2.22378069e-04, 9.99488087e-01, 5.11956754e-04, 9.36673444e-01, 5.12087841e-04, 3.18312377e+00, 6.80533028e+01
5.26553963e-04, 2.28619296e-04, 9.99473723e-01, 5.26322719e-04, 9.36659078e-01, 5.26461268e-04, 3.18310940e+00, 6.80539570e+01
5.41336030e-04, 2.35035640e-04, 9.99458957e-01, 5.41091624e-04, 9.36644309e-01, 5.41238058e-04, 3.18309462e+00, 6.80546294e+01
5.56533078e-04, 2.41632013e-04, 9.99443776e-01, 5.56274760e-04, 9.36629126e-01, 5.56429529e-04, 3.18307943e+00, 6.80553208e+01
5.72156756e-04, 2.48413463e-04, 9.99428170e-01, 5.71883734e-04, 9.36613517e-01, 5.72047312e-04, 3.18306381e+00, 6.80560315e+01
5.88219040e-04, 2.55385179e-04, 9.99412127e-01, 5.87930479e-04, 9.36597470e-01, 5.88103366e-04, 3.18304776e+00, 6.80567622e+01
6.04732245e-04, 2.62552498e-04, 9.99395633e-01, 6.04427259e-04, 9.36580973e-01, 6.04609986e-04, 3.18303125e+00, 6.80575134e+01
6.21709029e-04, 2.69920903e-04, 9.99378677e-01, 6.21386683e-04, 9.36564014e-01, 6.21579811e-04, 3.18301428e+00, 6.80582857e+01
6.39162405e-04, 2.77496033e-04, 9.99361246e-01, 6.38821713e-04, 9.36546579e-01, 6.39025832e-04, 3.18299684e+00, 6.80590796e+01
6.57105755e-04, 2.85283683e-04, 9.99343326e-01, 6.56745671e-04, 9.36528655e-01, 6.56961407e-04, 3.18297890e+00, 6.80598959e+01
6.75552832e-04, 2.93289812e-04, 9.99324903e-01, 6.75172253e-04, 9.36510228e-01, 6.75400267e-04, 3.18296046e+00, 6.80607350e+01
6.94517777e-04, 3.01520545e-04, 9.99305964e-01, 6.94115537e-04, 9.36491285e-01, 6.94356529e-04, 3.18294150e+00, 6.80615977e+01
7.14015130e-04, 3.09982178e-04, 9.99286494e-01, 7.13589996e-04, 9.36471810e-01, 7.13844703e-04, 3.18292202e+00, 6.80624847e+01
7.34059837e-04, 3.18681185e-04, 9.99266479e-01, 7.33610506e-04, 9.36451790e-01, 7.33879708e-04, 3.18290198e+00, 6.80633965e+01
7.54667263e-04, 3.27624220e-04, 9.99245902e-01, 7.54192359e-04, 9.36431208e-01, 7.54476881e-04, 3.18288138e+00, 6.80643338e+01
7.75853206e-04, 3.36818122e-04, 9.99224748e-01, 7.75351273e-04, 9.36410049e-01, 7.75651988e-04, 3.18286021e+00, 6.80652975e+01
7.97633907e-04, 3.46269924e-04, 9.99203002e-01, 7.97103407e-04, 9.36388297e-01, 7.97421235e-04, 3.18283844e+00, 6.80662883e+01
8.20026062e-04, 3.55986854e-04, 9.99180646e-01, 8.19465370e-04, 9.36365935e-01, 8.19801284e-04, 3.18281606e+00, 6.80673068e+01
8.43046837e-04, 3.65976343e-04, 9.99157663e-01, 8.42454234e-04, 9.36342946e-01, 8.42809265e-04, 3.18279305e+00, 6.80683540e+01
8.66713880e-04, 3.76246030e-04, 9.99134037e-01, 8.66087551e-04, 9.36319313e-01, 8.66462785e-04, 3.18276940e+00, 6.80694305e+01
8.91045332e-04, 3.86803767e-04, 9.99109748e-01, 8.90383358e-04, 9.36295017e-01, 8.90779946e-04, 3.18274508e+00, 6.80705372e+01
9.16059848e-04, 3.97657626e-04, 9.99084779e-01, 9.15360200e-04, 9.36270040e-01, 9.15779355e-04, 3.18272008e+00, 6.80716750e+01
9.41776601e-04, 4.08815904e-04, 9.99059110e-01, 9.41037136e-04, 9.36244363e-01, 9.41480143e-04, 3.18269438e+00, 6.80728447e+01
9.68215306e-04, 4.20287133e-04, 9.99032721e-01, 9.67433759e-04, 9.36217967e-01, 9.67901975e-04, 3.18266796e+00, 6.80740472e+01
9.95396231e-04, 4.32080081e-04, 9.99005594e-01, 9.94570207e-04, 9.36190830e-01, 9.95065066e-04, 3.18264080e+00, 6.80752835e+01
1.02334021e-03, 4.44203760e-04, 9.98977706e-01, 1.02246718e-03, 9.36162933e-01, 1.02299020e-03, 3.18261287e+00, 6.80765545e+01
1.05206867e-03, 4.56667438e-04, 9.98949037e-01, 1.05114596e-03, 9.36134254e-01, 1.05169874e-03, 3.18258416e+00, 6.80778611e+01
1.08160363e-03, 4.69480638e-04, 9.98919565e-01, 1.08062841e-03, 9.36104772e-01, 1.08121264e-03, 3.18255465e+00, 6.80792044e+01
1.11196773e-03, 4.82653152e-04, 9.98889267e-01, 1.11093701e-03, 9.36074463e-01, 1.11155449e-03, 3.18252431e+00, 6.80805854e+01
1.14318425e-03, 4.96195044e-04, 9.98858121e-01, 1.14209488e-03, 9.36043306e-01, 1.14274749e-03, 3.18249311e+00, 6.80820051e+01
1.17527712e-03, 5.10116661e-04, 9.98826103e-01, 1.17412576e-03, 9.36011275e-01, 1.17481550e-03, 3.18246105e+00, 6.80834647e+01
1.20827094e-03, 5.24428638e-04, 9.98793187e-01, 1.20705406e-03, 9.35978346e-01, 1.20778304e-03, 3.18242808e+00, 6.80849652e+01
1.24219100e-03, 5.39141905e-04, 9.98759350e-01, 1.24090488e-03, 9.35944496e-01, 1.24167533e-03, 3.18239419e+00, 6.80865079e+01
1.27706330e-03, 5.54267703e-04, 9.98724566e-01, 1.27570400e-03, 9.35909696e-01, 1.27651829e-03, 3.18235934e+00, 6.80880938e+01
1.31291459e-03, 5.69817580e-04, 9.98688807e-01, 1.31147794e-03, 9.35873922e-01, 1.31233856e-03, 3.18232352e+00, 6.80897242e+01
1.34977233e-03, 5.85803413e-04, 9.98652047e-01, 1.34825394e-03, 9.35837146e-01, 1.34916352e-03, 3.18228670e+00, 6.80914004e+01
1.38766479e-03, 6.02237406e-04, 9.98614258e-01, 1.38606001e-03, 9.35799340e-01, 1.38702133e-03, 3.18224884e+00, 6.80931236e+01
1.42662102e-03, 6.19132106e-04, 9.98575411e-01, 1.42492493e-03, 9.35760475e-01, 1.42594094e-03, 3.18220992e+00, 6.80948951e+01
1.46667087e-03, 6.36500410e-04, 9.98535477e-01, 1.46487828e-03, 9.35720522e-01, 1.46595208e-03, 3.18216991e+00, 6.80967163e+01
1.50784505e-03, 6.54355573e-04, 9.98494425e-01, 1.50595047e-03, 9.35679450e-01, 1.50708536e-03, 3.18212878e+00, 6.80985886e+01
1.55017512e-03, 6.72711224e-04, 9.98452224e-01, 1.54817275e-03, 9.35637228e-01, 1.54937220e-03, 3.18208649e+00, 6.81005135e+01
1.59369353e-03, 6.91581368e-04, 9.98408842e-01, 1.59157724e-03, 9.35593823e-01, 1.59284492e-03, 3.18204302e+00, 6.81024924e+01
1.63843365e-03, 7.10980403e-04, 9.98364246e-01, 1.63619695e-03, 9.35549203e-01, 1.63753674e-03, 3.18199832e+00, 6.81045267e+01
1.68442976e-03, 7.30923128e-04, 9.98318403e-01, 1.68206582e-03, 9.35503335e-01, 1.68348182e-03, 3.18195238e+00, 6.81066182e+01
1.73171713e-03, 7.51424755e-04, 9.98271277e-01, 1.72921871e-03, 9.35456182e-01, 1.73071525e-03, 3.18190515e+00, 6.81087683e+01
1.78033202e-03, 7.72500920e-04, 9.98222832e-01, 1.77769146e-03, 9.35407709e-01, 1.77927312e-03, 3.18185659e+00, 6.81109787e+01
1.83031168e-03, 7.94167695e-04, 9.98173032e-01, 1.82752091e-03, 9.35357879e-01, 1.82919253e-03, 3.18180667e+00, 6.81132511e+01
1.88169442e-03, 8.16441599e-04, 9.98121840e-01, 1.87874490e-03, 9.35306655e-01, 1.88051159e-03, 3.18175535e+00, 6.81155873e+01
1.93451965e-03, 8.39339613e-04, 9.98069215e-01, 1.93140235e-03, 9.35253998e-01, 1.93326952e-03, 3.18170259e+00, 6.81179890e+01
1.98882786e-03, 8.62879189e-04, 9.98015120e-01, 1.98553324e-03, 9.35199867e-01, 1.98750659e-03, 3.18164835e+00, 6.81204581e+01
2.04466067e-03, 8.87078267e-04, 9.97959511e-01, 2.04117864e-03, 9.35144222e-01, 2.04326422e-03, 3.18159260e+00, 6.81229964e+01
2.10206088e-03, 9.11955285e-04, 9.97902349e-01, 2.09838080e-03, 9.35087020e-01, 2.10058498e-03, 3.18153528e+00, 6.81256059e+01
2.16107251e-03, 9.37529196e-04, 9.97843588e-01, 2.15718311e-03, 9.35028217e-01, 2.15951263e-03, 3.18147635e+00, 6.81282886e+01
2.22174078e-03, 9.63819479e-04, 9.97783184e-01, 2.21763017e-03, 9.34967770e-01, 2.22009215e-03, 3.18141577e+00, 6.81310466e+01
2.28411221e-03, 9.90846156e-04, 9.97721093e-01, 2.27976780e-03, 9.34905633e-01, 2.28236977e-03, 3.18135349e+00, 6.81338819e+01
2.34823460e-03, 1.01862981e-03, 9.97657267e-01, 2.34364311e-03, 9.34841757e-01, 2.34639303e-03, 3.18128947e+00, 6.81367967e+01
2.41415712e-03, 1.04719158e-03, 9.97591657e-01, 2.40930450e-03, 9.34776096e-01, 2.41221077e-03, 3.18122365e+00, 6.81397932e+01
2.48193029e-03, 1.07655322e-03, 9.97524214e-01, 2.47680171e-03, 9.34708599e-01, 2.47987321e-03, 3.18115599e+00, 6.81428738e+01
2.55160607e-03, 1.10673706e-03, 9.97454888e-01, 2.54618584e-03, 9.34639215e-01, 2.54943197e-03, 3.18108643e+00, 6.81460408e+01
2.62323788e-03, 1.13776607e-03, 9.97383625e-01, 2.61750942e-03, 9.34567891e-01, 2.62094009e-03, 3.18101492e+00, 6.81492966e+01
2.69688063e-03, 1.16966386e-03, 9.97310373e-01, 2.69082642e-03, 9.34494574e-01, 2.69445212e-03, 3.18094141e+00, 6.81526437e+01
2.77259076e-03, 1.20245468e-03, 9.97235075e-01, 2.76619229e-03, 9.34419208e-01, 2.77002410e-03, 3.18086584e+00, 6.81560847e+01
2.85042632e-03, 1.23616346e-03, 9.97157676e-01, 2.84366403e-03, 9.34341736e-01, 2.84771365e-03, 3.18078815e+00, 6.81596221e+01
2.93044698e-03, 1.27081583e-03, 9.97078115e-01, 2.92330020e-03, 9.34262100e-01, 2.92758000e-03, 3.18070828e+00, 6.81632587e+01
3.01271407e-03, 1.30643812e-03, 9.96996335e-01, 3.00516095e-03, 9.34180239e-01, 3.00968401e-03, 3.18062618e+00, 6.81669973e+01
3.09729067e-03, 1.34305740e-03, 9.96912273e-01, 3.08930812e-03, 9.34096092e-01, 3.09408825e-03, 3.18054177e+00, 6.81708407e+01
3.18424160e-03, 1.38070148e-03, 9.96825866e-01, 3.17580524e-03, 9.34009595e-01, 3.18085703e-03, 3.18045500e+00, 6.81747918e+01
3.27363353e-03, 1.41939895e-03, 9.96737048e-01, 3.26471756e-03, 9.33920683e-01, 3.27005645e-03, 3.18036580e+00, 6.81788537e+01
3.36553498e-03, 1.45917918e-03, 9.96645754e-01, 3.35611216e-03, 9.33829288e-01, 3.36175444e-03, 3.18027411e+00, 6.81830295e+01
3.46001639e-03, 1.50007238e-03, 9.96551914e-01, 3.45005794e-03, 9.33735342e-01, 3.45602084e-03, 3.18017984e+00, 6.81873224e+01
3.55715021e-03, 1.54210957e-03, 9.96455458e-01, 3.54662570e-03, 9.33638775e-01, 3.55292741e-03, 3.18008293e+00, 6.81917355e+01
3.65701088e-03, 1.58532264e-03, 9.96356314e-01, 3.64588816e-03, 9.33539512e-01, 3.65254792e-03, 3.17998331e+00, 6.81962724e+01
3.75967497e-03, 1.62974435e-03, 9.96254407e-01, 3.74792006e-03, 9.33437480e-01, 3.75495819e-03, 3.17988090e+00, 6.82009365e+01
3.86522116e-03, 1.67540839e-03, 9.96149661e-01, 3.85279818e-03, 9.33332602e-01, 3.86023615e-03, 3.17977562e+00, 6.82057312e+01
3.97373038e-03, 1.72234936e-03, 9.96041998e-01, 3.96060139e-03, 9.33224799e-01, 3.96846189e-03, 3.17966740e+00, 6.82106604e+01
4.08528580e-03, 1.77060283e-03, 9.95931336e-01, 4.07141071e-03, 9.33113990e-01, 4.07971771e-03, 3.17955614e+00, 6.82157277e+01
4.19997295e-03, 1.82020534e-03, 9.95817593e-01, 4.18530939e-03, 9.33000091e-01, 4.19408824e-03, 3.17944177e+00, 6.82209370e+01
4.31787973e-03, 1.87119444e-03, 9.95700684e-01, 4.30238295e-03, 9.32883017e-01, 4.31166041e-03, 3.17932420e+00, 6.82262923e+01
4.43909653e-03, 1.92360874e-03, 9.95580522e-01, 4.42271924e-03, 9.32762681e-01, 4.43252358e-03, 3.17920334e+00, 6.82317976e+01
4.56371628e-03, 1.97748788e-03, 9.95457017e-01, 4.54640849e-03, 9.32638992e-01, 4.55676961e-03, 3.17907909e+00, 6.82374572e+01
4.69183451e-03, 2.03287261e-03, 9.95330076e-01, 4.67354342e-03, 9.32511857e-01, 4.68449289e-03, 3.17895137e+00, 6.82432754e+01
4.82354943e-03, 2.08980480e-03, 9.95199606e-01, 4.80421923e-03, 9.32381181e-01, 4.81579042e-03, 3.17882007e+00, 6.82492566e+01
4.95896201e-03, 2.14832749e-03, 9.95065508e-01, 4.93853374e-03, 9.32246867e-01, 4.95076190e-03, 3.17868510e+00, 6.82554054e+01
5.09817606e-03, 2.20848488e-03, 9.94927683e-01, 5.07658742e-03, 9.32108813e-01, 5.08950978e-03, 3.17854635e+00, 6.82617264e+01
5.24129830e-03, 2.27032240e-03, 9.94786030e-01, 5.21848345e-03, 9.31966917e-01, 5.23213938e-03, 3.17840372e+00, 6.82682245e+01
5.38843844e-03, 2.33388671e-03, 9.94640441e-01, 5.36432782e-03, 9.31821073e-01, 5.37875890e-03, 3.17825710e+00, 6.82749047e+01
5.53970928e-03, 2.39922578e-03, 9.94490810e-01, 5.51422939e-03, 9.31671171e-01, 5.52947954e-03, 3.17810638e+00, 6.82817719e+01
5.69522678e-03, 2.46638889e-03, 9.94337025e-01, 5.66829996e-03, 9.31517100e-01, 5.68441560e-03, 3.17795145e+00, 6.82888314e+01
5.85511016e-03, 2.53542665e-03, 9.94178973e-01, 5.82665436e-03, 9.31358746e-01, 5.84368451e-03, 3.17779218e+00, 6.82960887e+01
6.01948197e-03, 2.60639109e-03, 9.94016535e-01, 5.98941049e-03, 9.31195990e-01, 6.00740698e-03, 3.17762845e+00, 6.83035492e+01
6.18846824e-03, 2.67933564e-03, 9.93849593e-01, 6.15668947e-03, 9.31028711e-01, 6.17570702e-03, 3.17746015e+00, 6.83112187e+01
6.36219849e-03, 2.75431521e-03, 9.93678023e-01, 6.32861565e-03, 9.30856785e-01, 6.34871209e-03, 3.17728715e+00, 6.83191029e+01
6.54080591e-03, 2.83138620e-03, 9.93501698e-01, 6.50531673e-03, 9.30680084e-01, 6.52655316e-03, 3.17710931e+00, 6.83272078e+01
6.72442742e-03, 2.91060657e-03, 9.93320488e-01, 6.68692385e-03, 9.30498477e-01, 6.70936481e-03, 3.17692650e+00, 6.83355397e+01
6.91320378e-03, 2.99203585e-03, 9.93134260e-01, 6.87357166e-03, 9.30311829e-01, 6.89728534e-03, 3.17673858e+00, 6.83441048e+01
7.10727970e-03, 3.07573520e-03, 9.92942877e-01, 7.06539842e-03, 9.30120002e-01, 7.09045685e-03, 3.17654540e+00, 6.83529096e+01
7.30680395e-03, 3.16176744e-03, 9.92746198e-01, 7.26254610e-03, 9.29922854e-01, 7.28902538e-03, 3.17634684e+00, 6.83619610e+01
7.51192949e-03, 3.25019713e-03, 9.92544079e-01, 7.46516043e-03, 9.29720240e-01, 7.49314095e-03, 3.17614272e+00, 6.83712656e+01
7.72281357e-03, 3.34109055e-03, 9.92336371e-01, 7.67339107e-03, 9.29512009e-01, 7.70295776e-03, 3.17593290e+00, 6.83808307e+01
7.93961785e-03, 3.43451582e-03, 9.92122923e-01, 7.88739163e-03, 9.29298009e-01, 7.91863420e-03, 3.17571723e+00, 6.83906635e+01
8.16250851e-03, 3.53054289e-03, 9.91903579e-01, 8.10731983e-03, 9.29078081e-01, 8.14033306e-03, 3.17549553e+00, 6.84007714e+01
8.39165644e-03, 3.62924361e-03, 9.91678177e-01, 8.33333757e-03, 9.28852063e-01, 8.36822156e-03, 3.17526764e+00, 6.84111621e+01
8.62723729e-03, 3.73069181e-03, 9.91446555e-01, 8.56561104e-03, 9.28619789e-01, 8.60247155e-03, 3.17503339e+00, 6.84218436e+01
8.86943166e-03, 3.83496328e-03, 9.91208544e-01, 8.80431084e-03, 9.28381090e-01, 8.84325958e-03, 3.17479260e+00, 6.84328239e+01
9.11842520e-03, 3.94213590e-03, 9.90963969e-01, 9.04961207e-03, 9.28135788e-01, 9.09076703e-03, 3.17454509e+00, 6.84441113e+01
9.37440879e-03, 4.05228964e-03, 9.90712655e-01, 9.30169445e-03, 9.27883706e-01, 9.34518026e-03, 3.17429068e+00, 6.84557144e+01
9.63757866e-03, 4.16550662e-03, 9.90454418e-01, 9.56074243e-03, 9.27624658e-01, 9.60669075e-03, 3.17402917e+00, 6.84676421e+01
9.90813657e-03, 4.28187121e-03, 9.90189071e-01, 9.82694531e-03, 9.27358455e-01, 9.87549519e-03, 3.17376037e+00, 6.84799033e+01
1.01862899e-02, 4.40147004e-03, 9.89916424e-01, 1.01004974e-02, 9.27084903e-01, 1.01517957e-02, 3.17348407e+00, 6.84925074e+01
1.04722519e-02, 4.52439206e-03, 9.89636280e-01, 1.03815979e-02, 9.26803802e-01, 1.04357998e-02, 3.17320006e+00, 6.85054639e+01
1.07662418e-02, 4.65072864e-03, 9.89348436e-01, 1.06704516e-02, 9.26514949e-01, 1.07277208e-02, 3.17290814e+00, 6.85187827e+01
1.10684849e-02, 4.78057359e-03, 9.89052685e-01, 1.09672682e-02, 9.26218132e-01, 1.10277779e-02, 3.17260808e+00, 6.85324737e+01
1.13792129e-02, 4.91402325e-03, 9.88748817e-01, 1.12722631e-02, 9.25913137e-01, 1.13361961e-02, 3.17229966e+00, 6.85465475e+01
1.16986641e-02, 5.05117654e-03, 9.88436612e-01, 1.15856573e-02, 9.25599743e-01, 1.16532065e-02, 3.17198265e+00, 6.85610146e+01
1.20270833e-02, 5.19213502e-03, 9.88115848e-01, 1.19076775e-02, 9.25277723e-01, 1.19790467e-02, 3.17165681e+00, 6.85758860e+01
1.23647224e-02, 5.33700299e-03, 9.87786297e-01, 1.22385561e-02, 9.24946844e-01, 1.23139607e-02, 3.17132190e+00, 6.85911730e+01
1.27118400e-02, 5.48588750e-03, 9.87447723e-01, 1.25785317e-02, 9.24606869e-01, 1.26581990e-02, 3.17097766e+00, 6.86068870e+01
1.30687023e-02, 5.63889849e-03, 9.87099885e-01, 1.29278488e-02, 9.24257552e-01, 1.30120189e-02, 3.17062384e+00, 6.86230401e+01
1.34355829e-02, 5.79614881e-03, 9.86742539e-01, 1.32867586e-02, 9.23898642e-01, 1.33756850e-02, 3.17026018e+00, 6.86396444e+01
1.38127630e-02, 5.95775431e-03, 9.86375430e-01, 1.36555181e-02, 9.23529882e-01, 1.37494686e-02, 3.16988639e+00, 6.86567125e+01
1.42005318e-02, 6.12383394e-03, 9.85998300e-01, 1.40343915e-02, 9.23151009e-01, 1.41336487e-02, 3.16950221e+00, 6.86742572e+01
1.45991865e-02, 6.29450978e-03, 9.85610883e-01, 1.44236492e-02, 9.22761751e-01, 1.45285116e-02, 3.16910735e+00, 6.86922919e+01
1.50090328e-02, 6.46990713e-03, 9.85212907e-01, 1.48235687e-02, 9.22361832e-01, 1.49343516e-02, 3.16870151e+00, 6.87108301e+01
1.54303847e-02, 6.65015464e-03, 9.84804094e-01, 1.52344345e-02, 9.21950966e-01, 1.53514706e-02, 3.16828439e+00, 6.87298858e+01
1.58635653e-02, 6.83538432e-03, 9.84384158e-01, 1.56565383e-02, 9.21528862e-01, 1.57801791e-02, 3.16785568e+00, 6.87494734e+01
1.63089068e-02, 7.02573168e-03, 9.83952805e-01, 1.60901790e-02, 9.21095221e-01, 1.62207954e-02, 3.16741507e+00, 6.87696078e+01
1.67667503e-02, 7.22133576e-03, 9.83509738e-01, 1.65356631e-02, 9.20649737e-01, 1.66736468e-02, 3.16696221e+00, 6.87903040e+01
1.72374471e-02, 7.42233928e-03, 9.83054648e-01, 1.69933046e-02, 9.20192096e-01, 1.71390692e-02, 3.16649679e+00, 6.88115777e+01
1.77213578e-02, 7.62888867e-03, 9.82587220e-01, 1.74634255e-02, 9.19721975e-01, 1.76174075e-02, 3.16601845e+00, 6.88334449e+01
1.82188534e-02, 7.84113421e-03, 9.82107134e-01, 1.79463557e-02, 9.19239045e-01, 1.81090160e-02, 3.16552684e+00, 6.88559222e+01
1.87303154e-02, 8.05923009e-03, 9.81614059e-01, 1.84424331e-02, 9.18742967e-01, 1.86142582e-02, 3.16502160e+00, 6.88790263e+01
1.92561357e-02, 8.28333450e-03, 9.81107658e-01, 1.89520041e-02, 9.18233396e-01, 1.91335076e-02, 3.16450235e+00, 6.89027748e+01
1.97967175e-02, 8.51360975e-03, 9.80587585e-01, 1.94754235e-02, 9.17709977e-01, 1.96671475e-02, 3.16396871e+00, 6.89271856e+01
2.03524752e-02, 8.75022235e-03, 9.80053486e-01, 2.00130547e-02, 9.17172346e-01, 2.02155714e-02, 3.16342029e+00, 6.89522769e+01
2.09238348e-02, 8.99334311e-03, 9.79504999e-01, 2.05652699e-02, 9.16620130e-01, 2.07791833e-02, 3.16285668e+00, 6.89780677e+01
2.15112343e-02, 9.24314725e-03, 9.78941755e-01, 2.11324505e-02, 9.16052950e-01, 2.13583980e-02, 3.16227746e+00, 6.90045773e+01
2.21151240e-02, 9.49981449e-03, 9.78363373e-01, 2.17149868e-02, 9.15470414e-01, 2.19536412e-02, 3.16168222e+00, 6.90318258e+01
2.27359668e-02, 9.76352916e-03, 9.77769466e-01, 2.23132785e-02, 9.14872122e-01, 2.25653499e-02, 3.16107051e+00, 6.90598336e+01
2.33742387e-02, 1.00344803e-02, 9.77159637e-01, 2.29277350e-02, 9.14257665e-01, 2.31939728e-02, 3.16044189e+00, 6.90886216e+01
2.40304289e-02, 1.03128618e-02, 9.76533482e-01, 2.35587753e-02, 9.13626625e-01, 2.38399701e-02, 3.15979589e+00, 6.91182117e+01
2.47050406e-02, 1.05988725e-02, 9.75890584e-01, 2.42068281e-02, 9.12978572e-01, 2.45038144e-02, 3.15913205e+00, 6.91486259e+01
2.53985907e-02, 1.08927162e-02, 9.75230519e-01, 2.48723323e-02, 9.12313068e-01, 2.51859907e-02, 3.15844987e+00, 6.91798872e+01
2.61116110e-02, 1.11946019e-02, 9.74552855e-01, 2.55557371e-02, 9.11629663e-01, 2.58869966e-02, 3.15774886e+00, 6.92120190e+01
2.68446481e-02, 1.15047439e-02, 9.73857148e-01, 2.62575020e-02, 9.10927898e-01, 2.66073429e-02, 3.15702852e+00, 6.92450454e+01
2.75982639e-02, 1.18233619e-02, 9.73142944e-01, 2.69780971e-02, 9.10207303e-01, 2.73475536e-02, 3.15628831e+00, 6.92789912e+01
2.83730362e-02, 1.21506810e-02, 9.72409782e-01, 2.77180032e-02, 9.09467397e-01, 2.81081664e-02, 3.15552769e+00, 6.93138819e+01
2.91695588e-02, 1.24869320e-02, 9.71657189e-01, 2.84777121e-02, 9.08707688e-01, 2.88897330e-02, 3.15474613e+00, 6.93497436e+01
2.99884423e-02, 1.28323514e-02, 9.70884681e-01, 2.92577267e-02, 9.07927674e-01, 2.96928196e-02, 3.15394304e+00, 6.93866033e+01
3.08303146e-02, 1.31871818e-02, 9.70091766e-01, 3.00585611e-02, 9.07126839e-01, 3.05180068e-02, 3.15311785e+00, 6.94244885e+01
3.16958209e-02, 1.35516713e-02, 9.69277940e-01, 3.08807410e-02, 9.06304659e-01, 3.13658905e-02, 3.15226997e+00, 6.94634277e+01
3.25856248e-02, 1.39260747e-02, 9.68442690e-01, 3.17248034e-02, 9.05460597e-01, 3.22370816e-02, 3.15139878e+00, 6.95034501e+01
3.35004083e-02, 1.43106525e-02, 9.67585491e-01, 3.25912975e-02, 9.04594103e-01, 3.31322072e-02, 3.15050365e+00, 6.95445857e+01
3.44408728e-02, 1.47056720e-02, 9.66705808e-01, 3.34807841e-02, 9.03704616e-01, 3.40519101e-02, 3.14958395e+00, 6.95868652e+01
3.54077391e-02, 1.51114068e-02, 9.65803096e-01, 3.43938361e-02, 9.02791564e-01, 3.49968497e-02, 3.14863901e+00, 6.96303205e+01
3.64017485e-02, 1.55281370e-02, 9.64876798e-01, 3.53310388e-02, 9.01854362e-01, 3.59677023e-02, 3.14766816e+00, 6.96749840e+01
3.74236629e-02, 1.59561497e-02, 9.63926345e-01, 3.62929898e-02, 9.00892411e-01, 3.69651614e-02, 3.14667070e+00, 6.97208892e+01
3.84742658e-02, 1.63957388e-02, 9.62951161e-01, 3.72802993e-02, 8.99905101e-01, 3.79899381e-02, 3.14564592e+00, 6.97680706e+01
3.95543624e-02, 1.68472053e-02, 9.61950655e-01, 3.82935899e-02, 8.98891811e-01, 3.90427614e-02, 3.14459310e+00, 6.98165635e+01
4.06647809e-02, 1.73108570e-02, 9.60924227e-01, 3.93334973e-02, 8.97851903e-01, 4.01243789e-02, 3.14351148e+00, 6.98664043e+01
4.18063724e-02, 1.77870096e-02, 9.59871264e-01, 4.04006700e-02, 8.96784730e-01, 4.12355568e-02, 3.14240030e+00, 6.99176304e+01
4.29800121e-02, 1.82759856e-02, 9.58791145e-01, 4.14957695e-02, 8.95689631e-01, 4.23770809e-02, 3.14125878e+00, 6.99702801e+01
4.41865996e-02, 1.87781154e-02, 9.57683234e-01, 4.26194705e-02, 8.94565930e-01, 4.35497562e-02, 3.14008610e+00, 7.00243929e+01
4.54270599e-02, 1.92937372e-02, 9.56546887e-01, 4.37724608e-02, 8.93412940e-01, 4.47544081e-02, 3.13888145e+00, 7.00800096e+01
4.67023439e-02, 1.98231967e-02, 9.55381447e-01, 4.49554416e-02, 8.92229959e-01, 4.59918824e-02, 3.13764398e+00, 7.01371718e+01
4.80134292e-02, 2.03668477e-02, 9.54186246e-01, 4.61691276e-02, 8.91016273e-01, 4.72630457e-02, 3.13637282e+00, 7.01959224e+01
4.93613210e-02, 2.09250522e-02, 9.52960606e-01, 4.74142468e-02, 8.89771154e-01, 4.85687862e-02, 3.13506707e+00, 7.02563057e+01
5.07470524e-02, 2.14981804e-02, 9.51703836e-01, 4.86915407e-02, 8.88493860e-01, 4.99100137e-02, 3.13372585e+00, 7.03183670e+01
5.21716858e-02, 2.20866106e-02, 9.50415235e-01, 5.00017646e-02, 8.87183636e-01, 5.12876605e-02, 3.13234820e+00, 7.03821531e+01
5.36363132e-02, 2.26907300e-02, 9.49094092e-01, 5.13456871e-02, 8.85839713e-01, 5.27026815e-02, 3.13093318e+00, 7.04477120e+01
5.51420574e-02, 2.33109341e-02, 9.47739684e-01, 5.27240905e-02, 8.84461310e-01, 5.41560548e-02, 3.12947981e+00, 7.05150930e+01
5.66900727e-02, 2.39476274e-02, 9.46351277e-01, 5.41377708e-02, 8.83047630e-01, 5.56487820e-02, 3.12798708e+00, 7.05843471e+01
5.82815458e-02, 2.46012230e-02, 9.44928128e-01, 5.55875373e-02, 8.81597863e-01, 5.71818891e-02, 3.12645397e+00, 7.06555266e+01
5.99176967e-02, 2.52721433e-02, 9.43469482e-01, 5.70742131e-02, 8.80111187e-01, 5.87564263e-02, 3.12487943e+00, 7.07286851e+01
6.15997796e-02, 2.59608197e-02, 9.41974574e-01, 5.85986345e-02, 8.78586766e-01, 6.03734691e-02, 3.12326239e+00, 7.08038782e+01
6.33290840e-02, 2.66676928e-02, 9.40442630e-01, 6.01616516e-02, 8.77023749e-01, 6.20341185e-02, 3.12160174e+00, 7.08811629e+01
6.51069356e-02, 2.73932126e-02, 9.38872865e-01, 6.17641272e-02, 8.75421273e-01, 6.37395013e-02, 3.11989636e+00, 7.09605977e+01
6.69346971e-02, 2.81378388e-02, 9.37264486e-01, 6.34069379e-02, 8.73778463e-01, 6.54907709e-02, 3.11814509e+00, 7.10422432e+01
6.88137699e-02, 2.89020403e-02, 9.35616689e-01, 6.50909728e-02, 8.72094428e-01, 6.72891076e-02, 3.11634675e+00, 7.11261615e+01
7.07455942e-02, 2.96862961e-02, 9.33928662e-01, 6.68171341e-02, 8.70368266e-01, 6.91357191e-02, 3.11450014e+00, 7.12124166e+01
7.27316511e-02, 3.04910947e-02, 9.32199585e-01, 6.85863366e-02, 8.68599064e-01, 7.10318408e-02, 3.11260402e+00, 7.13010746e+01
7.47734631e-02, 3.13169348e-02, 9.30428629e-01, 7.03995075e-02, 8.66785893e-01, 7.29787368e-02, 3.11065712e+00, 7.13922033e+01
7.68725952e-02, 3.21643250e-02, 9.28614958e-01, 7.22575862e-02, 8.64927814e-01, 7.49776996e-02, 3.10865816e+00, 7.14858728e+01
7.90306568e-02, 3.30337838e-02, 9.26757728e-01, 7.41615239e-02, 8.63023876e-01, 7.70300512e-02, 3.10660581e+00, 7.15821553e+01
8.12493021e-02, 3.39258402e-02, 9.24856088e-01, 7.61122834e-02, 8.61073117e-01, 7.91371432e-02, 3.10449872e+00, 7.16811250e+01
8.35302320e-02, 3.48410332e-02, 9.22909182e-01, 7.81108387e-02, 8.59074562e-01, 8.13003577e-02, 3.10233550e+00, 7.17828586e+01
8.58751948e-02, 3.57799125e-02, 9.20916146e-01, 8.01581745e-02, 8.57027226e-01, 8.35211070e-02, 3.10011475e+00, 7.18874352e+01
8.82859884e-02, 3.67430377e-02, 9.18876114e-01, 8.22552861e-02, 8.54930114e-01, 8.58008347e-02, 3.09783503e+00, 7.19949364e+01
9.07644607e-02, 3.77309793e-02, 9.16788212e-01, 8.44031785e-02, 8.52782222e-01, 8.81410159e-02, 3.09549485e+00, 7.21054461e+01
9.33125118e-02, 3.87443182e-02, 9.14651565e-01, 8.66028660e-02, 8.50582534e-01, 9.05431576e-02, 3.09309270e+00, 7.22190512e+01
9.59320948e-02, 3.97836456e-02, 9.12465293e-01, 8.88553722e-02, 8.48330028e-01, 9.30087991e-02, 3.09062706e+00, 7.23358413e+01
9.86252179e-02, 4.08495636e-02, 9.10228514e-01, 9.11617285e-02, 8.46023672e-01, 9.55395125e-02, 3.08809635e+00, 7.24559088e+01
1.01393946e-01, 4.19426849e-02, 9.07940346e-01, 9.35229741e-02, 8.43662426e-01, 9.81369030e-02, 3.08549896e+00, 7.25793491e+01
1.04240401e-01, 4.30636326e-02, 9.05599903e-01, 9.59401551e-02, 8.41245245e-01, 1.00802609e-01, 3.08283325e+00, 7.27062610e+01
1.07166765e-01, 4.42130406e-02, 9.03206303e-01, 9.84143239e-02, 8.38771077e-01, 1.03538304e-01, 3.08009756e+00, 7.28367464e+01
1.10175281e-01, 4.53915533e-02, 9.00758661e-01, 1.00946538e-01, 8.36238862e-01, 1.06345693e-01, 3.07729017e+00, 7.29709106e+01
1.13268257e-01, 4.65998259e-02, 8.98256098e-01, 1.03537860e-01, 8.33647541e-01, 1.09226519e-01, 3.07440934e+00, 7.31088624e+01
1.16448062e-01, 4.78385241e-02, 8.95697735e-01, 1.06189355e-01, 8.30996045e-01, 1.12182557e-01, 3.07145330e+00, 7.32507147e+01
1.19717134e-01, 4.91083240e-02, 8.93082699e-01, 1.08902092e-01, 8.28283308e-01, 1.15215618e-01, 3.06842024e+00, 7.33965839e+01
1.23077980e-01, 5.04099123e-02, 8.90410121e-01, 1.11677142e-01, 8.25508258e-01, 1.18327548e-01, 3.06530831e+00, 7.35465907e+01
1.26533176e-01, 5.17439860e-02, 8.87679139e-01, 1.14515575e-01, 8.22669826e-01, 1.21520228e-01, 3.06211563e+00, 7.37008601e+01
1.30085370e-01, 5.31112527e-02, 8.84888900e-01, 1.17418461e-01, 8.19766939e-01, 1.24795578e-01, 3.05884028e+00, 7.38595212e+01
1.33737286e-01, 5.45124297e-02, 8.82038557e-01, 1.20386870e-01, 8.16798531e-01, 1.28155548e-01, 3.05548031e+00, 7.40227084e+01
1.37491723e-01, 5.59482450e-02, 8.79127276e-01, 1.23421866e-01, 8.13763535e-01, 1.31602128e-01, 3.05203373e+00, 7.41905604e+01
1.41351558e-01, 5.74194362e-02, 8.76154234e-01, 1.26524511e-01, 8.10660890e-01, 1.35137343e-01, 3.04849852e+00, 7.43632215e+01
1.45319752e-01, 5.89267507e-02, 8.73118619e-01, 1.29695860e-01, 8.07489540e-01, 1.38763254e-01, 3.04487261e+00, 7.45408410e+01
1.49399346e-01, 6.04709458e-02, 8.70019635e-01, 1.32936962e-01, 8.04248439e-01, 1.42481956e-01, 3.04115391e+00, 7.47235743e+01
1.53593468e-01, 6.20527881e-02, 8.66856504e-01, 1.36248855e-01, 8.00936546e-01, 1.46295582e-01, 3.03734028e+00, 7.49115823e+01
1.57905331e-01, 6.36730536e-02, 8.63628462e-01, 1.39632569e-01, 7.97552832e-01, 1.50206300e-01, 3.03342956e+00, 7.51050324e+01
1.62338243e-01, 6.53325272e-02, 8.60334766e-01, 1.43089120e-01, 7.94096280e-01, 1.54216312e-01, 3.02941955e+00, 7.53040984e+01
1.66895601e-01, 6.70320026e-02, 8.56974693e-01, 1.46619511e-01, 7.90565889e-01, 1.58327857e-01, 3.02530800e+00, 7.55089613e+01
1.71580899e-01, 6.87722823e-02, 8.53547545e-01, 1.50224730e-01, 7.86960670e-01, 1.62543206e-01, 3.02109265e+00, 7.57198090e+01
1.76397728e-01, 7.05541769e-02, 8.50052645e-01, 1.53905745e-01, 7.83279656e-01, 1.66864668e-01, 3.01677119e+00, 7.59368372e+01
1.81349780e-01, 7.23785049e-02, 8.46489343e-01, 1.57663505e-01, 7.79521895e-01, 1.71294582e-01, 3.01234128e+00, 7.61602495e+01
1.86440853e-01, 7.42460926e-02, 8.42857018e-01, 1.61498939e-01, 7.75686462e-01, 1.75835322e-01, 3.00780054e+00, 7.63902581e+01
1.91674849e-01, 7.61577735e-02, 8.39155077e-01, 1.65412949e-01, 7.71772452e-01, 1.80489293e-01, 3.00314657e+00, 7.66270841e+01
1.97055780e-01, 7.81143880e-02, 8.35382959e-01, 1.69406412e-01, 7.67778989e-01, 1.85258933e-01, 2.99837693e+00, 7.68709578e+01
2.02587771e-01, 8.01167833e-02, 8.31540137e-01, 1.73480176e-01, 7.63705224e-01, 1.90146710e-01, 2.99348915e+00, 7.71221195e+01
2.08275063e-01, 8.21658124e-02, 8.27626118e-01, 1.77635059e-01, 7.59550342e-01, 1.95155120e-01, 2.98848074e+00, 7.73808199e+01
2.14122015e-01, 8.42623342e-02, 8.23640447e-01, 1.81871842e-01, 7.55313558e-01, 2.00286689e-01, 2.98334917e+00, 7.76473207e+01
2.20133111e-01, 8.64072127e-02, 8.19582709e-01, 1.86191274e-01, 7.50994127e-01, 2.05543970e-01, 2.97809189e+00, 7.79218951e+01
2.26312957e-01, 8.86013169e-02, 8.15452527e-01, 1.90594060e-01, 7.46591341e-01, 2.10929539e-01, 2.97270632e+00, 7.82048284e+01
2.32666291e-01, 9.08455198e-02, 8.11249571e-01, 1.95080866e-01, 7.42104534e-01, 2.16446001e-01, 2.96718986e+00, 7.84964189e+01
2.39197984e-01, 9.31406982e-02, 8.06973553e-01, 1.99652314e-01, 7.37533086e-01, 2.22095977e-01, 2.96153988e+00, 7.87969785e+01
2.45913043e-01, 9.54877322e-02, 8.02624233e-01, 2.04308975e-01, 7.32876425e-01, 2.27882113e-01, 2.95575375e+00, 7.91068331e+01
2.52816614e-01, 9.78875042e-02, 7.98201419e-01, 2.09051372e-01, 7.28134028e-01, 2.33807070e-01, 2.94982879e+00, 7.94263240e+01
2.59913992e-01, 1.00340899e-01, 7.93704972e-01, 2.13879972e-01, 7.23305429e-01, 2.39873528e-01, 2.94376233e+00, 7.97558082e+01
2.67210616e-01, 1.02848802e-01, 7.89134803e-01, 2.18795185e-01, 7.18390215e-01, 2.46084176e-01, 2.93755168e+00, 8.00956594e+01
2.74712079e-01, 1.05412101e-01, 7.84490880e-01, 2.23797363e-01, 7.13388038e-01, 2.52441718e-01, 2.93119414e+00, 8.04462692e+01
2.82424133e-01, 1.08031682e-01, 7.79773224e-01, 2.28886790e-01, 7.08298610e-01, 2.58948864e-01, 2.92468700e+00, 8.08080475e+01
2.90352688e-01, 1.10708431e-01, 7.74981917e-01, 2.34063687e-01, 7.03121714e-01, 2.65608326e-01, 2.91802753e+00, 8.11814239e+01
2.98503825e-01, 1.13443233e-01, 7.70117100e-01, 2.39328201e-01, 6.97857200e-01, 2.72422823e-01, 2.91121304e+00, 8.15668488e+01
3.06883789e-01, 1.16236971e-01, 7.65178976e-01, 2.44680406e-01, 6.92504994e-01, 2.79395065e-01, 2.90424080e+00, 8.19647942e+01
3.15499006e-01, 1.19090524e-01, 7.60167811e-01, 2.50120299e-01, 6.87065101e-01, 2.86527761e-01, 2.89710810e+00, 8.23757551e+01
3.24356081e-01, 1.22004770e-01, 7.55083934e-01, 2.55647795e-01, 6.81537605e-01, 2.93823607e-01, 2.88981225e+00, 8.28002505e+01
3.33461802e-01, 1.24980579e-01, 7.49927744e-01, 2.61262724e-01, 6.75922676e-01, 3.01285284e-01, 2.88235058e+00, 8.32388249e+01
3.42823149e-01, 1.28018820e-01, 7.44699703e-01, 2.66964827e-01, 6.70220573e-01, 3.08915455e-01, 2.87472041e+00, 8.36920494e+01
3.52447300e-01, 1.31120351e-01, 7.39400345e-01, 2.72753754e-01, 6.64431646e-01, 3.16716758e-01, 2.86691910e+00, 8.41605233e+01
3.62341632e-01, 1.34286029e-01, 7.34030273e-01, 2.78629058e-01, 6.58556342e-01, 3.24691801e-01, 2.85894406e+00, 8.46448751e+01
3.72513730e-01, 1.37516698e-01, 7.28590161e-01, 2.84590194e-01, 6.52595206e-01, 3.32843155e-01, 2.85079271e+00, 8.51457646e+01
3.82971391e-01, 1.40813196e-01, 7.23080757e-01, 2.90636513e-01, 6.46548888e-01, 3.41173354e-01, 2.84246251e+00, 8.56638838e+01
3.93722633e-01, 1.44176353e-01, 7.17502878e-01, 2.96767259e-01, 6.40418141e-01, 3.49684880e-01, 2.83395098e+00, 8.61999592e+01
4.04775697e-01, 1.47606985e-01, 7.11857418e-01, 3.02981568e-01, 6.34203833e-01, 3.58380165e-01, 2.82525570e+00, 8.67547527e+01
4.16139055e-01, 1.51105900e-01, 7.06145344e-01, 3.09278461e-01, 6.27906939e-01, 3.67261577e-01, 2.81637428e+00, 8.73290639e+01
4.27821420e-01, 1.54673893e-01, 7.00367697e-01, 3.15656845e-01, 6.21528556e-01, 3.76331419e-01, 2.80730444e+00, 8.79237316e+01
4.39831747e-01, 1.58311745e-01, 6.94525595e-01, 3.22115505e-01, 6.15069896e-01, 3.85591918e-01, 2.79804394e+00, 8.85396357e+01
4.52179242e-01, 1.62020224e-01, 6.88620228e-01, 3.28653104e-01, 6.08532296e-01, 3.95045218e-01, 2.78859064e+00, 8.91776992e+01
4.64873371e-01, 1.65800084e-01, 6.82652863e-01, 3.35268183e-01, 6.01917217e-01, 4.04693372e-01, 2.77894249e+00, 8.98388897e+01
4.77923865e-01, 1.69652062e-01, 6.76624841e-01, 3.41959152e-01, 5.95226248e-01, 4.14538334e-01, 2.76909753e+00, 9.05242220e+01
4.91340729e-01, 1.73576879e-01, 6.70537578e-01, 3.48724293e-01, 5.88461107e-01, 4.24581953e-01, 2.75905391e+00, 9.12347597e+01
5.05134247e-01, 1.77575238e-01, 6.64392563e-01, 3.55561755e-01, 5.81623645e-01, 4.34825960e-01, 2.74880990e+00, 9.19716176e+01
5.19314994e-01, 1.81647824e-01, 6.58191359e-01, 3.62469555e-01, 5.74715846e-01, 4.45271960e-01, 2.73836390e+00, 9.27359633e+01
5.33893840e-01, 1.85795303e-01, 6.51935600e-01, 3.69445573e-01, 5.67739827e-01, 4.55921428e-01, 2.72771443e+00, 9.35290202e+01
5.48881961e-01, 1.90018322e-01, 6.45626991e-01, 3.76487556e-01, 5.60697844e-01, 4.66775692e-01, 2.71686017e+00, 9.43520689e+01
5.64290847e-01, 1.94317504e-01, 6.39267309e-01, 3.83593112e-01, 5.53592288e-01, 4.77835932e-01, 2.70579993e+00, 9.52064501e+01
5.80132310e-01, 1.98693454e-01, 6.32858396e-01, 3.90759715e-01, 5.46425686e-01, 4.89103164e-01, 2.69453270e+00, 9.60935663e+01
5.96418495e-01, 2.03146750e-01, 6.26402164e-01, 3.97984699e-01, 5.39200702e-01, 5.00578235e-01, 2.68305763e+00, 9.70148848e+01
6.13161884e-01, 2.07677952e-01, 6.19900588e-01, 4.05265266e-01, 5.31920135e-01, 5.12261811e-01, 2.67137405e+00, 9.79719395e+01
6.30375315e-01, 2.12287591e-01, 6.13355704e-01, 4.12598481e-01, 5.24586919e-01, 5.24154372e-01, 2.65948149e+00, 9.89663334e+01
6.48071983e-01, 2.16976176e-01, 6.06769614e-01, 4.19981279e-01, 5.17204121e-01, 5.36256198e-01, 2.64737966e+00, 9.99997413e+01
6.66265452e-01, 2.21744190e-01, 6.00144472e-01, 4.27410464e-01, 5.09774937e-01, 5.48567366e-01, 2.63506849e+00, 1.01073912e+02
6.84969672e-01, 2.26592088e-01, 5.93482492e-01, 4.34882711e-01, 5.02302690e-01, 5.61087737e-01, 2.62254812e+00, 1.02190671e+02
7.04198979e-01, 2.31520301e-01, 5.86785940e-01, 4.42394574e-01, 4.94790826e-01, 5.73816951e-01, 2.60981891e+00, 1.03351922e+02
7.23968114e-01, 2.36529229e-01, 5.80057132e-01, 4.49942488e-01, 4.87242912e-01, 5.86754418e-01, 2.59688144e+00, 1.04559652e+02
7.44292233e-01, 2.41619247e-01, 5.73298431e-01, 4.57522772e-01, 4.79662628e-01, 5.99899313e-01, 2.58373655e+00, 1.05815930e+02
7.65186915e-01, 2.46790700e-01, 5.66512244e-01, 4.65131637e-01, 4.72053763e-01, 6.13250569e-01, 2.57038529e+00, 1.07122912e+02
7.86668179e-01, 2.52043903e-01, 5.59701019e-01, 4.72765191e-01, 4.64420209e-01, 6.26806871e-01, 2.55682899e+00, 1.08482845e+02
8.08752491e-01, 2.57379142e-01, 5.52867241e-01, 4.80419447e-01, 4.56765953e-01, 6.40566650e-01, 2.54306921e+00, 1.09898067e+02
8.31456781e-01, 2.62796674e-01, 5.46013431e-01, 4.88090330e-01, 4.49095071e-01, 6.54528084e-01, 2.52910778e+00, 1.11371008e+02
8.54798453e-01, 2.68296725e-01, 5.39142136e-01, 4.95773682e-01, 4.41411718e-01, 6.68689090e-01, 2.51494677e+00, 1.12904200e+02
8.78795401e-01, 2.73879488e-01, 5.32255933e-01, 5.03465278e-01, 4.33720123e-01, 6.83047323e-01, 2.50058854e+00, 1.14500271e+02
9.03466021e-01, 2.79545129e-01, 5.25357421e-01, 5.11160826e-01, 4.26024574e-01, 6.97600176e-01, 2.48603568e+00, 1.16161953e+02
9.28829225e-01, 2.85293778e-01, 5.18449216e-01, 5.18855985e-01, 4.18329415e-01, 7.12344782e-01, 2.47129108e+00, 1.17892085e+02
9.54904456e-01, 2.91125536e-01, 5.11533951e-01, 5.26546371e-01, 4.10639029e-01, 7.27278009e-01, 2.45635785e+00, 1.19693613e+02
9.81711702e-01, 2.97040474e-01, 5.04614268e-01, 5.34227567e-01, 4.02957833e-01, 7.42396469e-01, 2.44123939e+00, 1.21569596e+02
1.00927151e+00, 3.03038627e-01, 4.97692817e-01, 5.41895137e-01, 3.95290263e-01, 7.57696517e-01, 2.42593934e+00, 1.23523208e+02
1.03760502e+00, 3.09120002e-01, 4.90772250e-01, 5.49544636e-01, 3.87640764e-01, 7.73174257e-01, 2.41046160e+00, 1.25557741e+02
1.06673394e+00, 3.15284571e-01, 4.83855218e-01, 5.57171620e-01, 3.80013780e-01, 7.88825549e-01, 2.39481031e+00, 1.27676608e+02
1.09668060e+00, 3.21532276e-01, 4.76944367e-01, 5.64771661e-01, 3.72413739e-01, 8.04646012e-01, 2.37898985e+00, 1.29883349e+02
1.12746796e+00, 3.27863028e-01, 4.70042332e-01, 5.72340357e-01, 3.64845044e-01, 8.20631035e-01, 2.36300483e+00, 1.32181632e+02
1.15911962e+00, 3.34276704e-01, 4.63151736e-01, 5.79873343e-01, 3.57312057e-01, 8.36775788e-01, 2.34686007e+00, 1.34575261e+02
1.19165984e+00, 3.40773150e-01, 4.56275185e-01, 5.87366305e-01, 3.49819095e-01, 8.53075224e-01, 2.33056064e+00, 1.37068173e+02
1.22511358e+00, 3.47352184e-01, 4.49415262e-01, 5.94814992e-01, 3.42370409e-01, 8.69524100e-01, 2.31411176e+00, 1.39664452e+02
1.25950646e+00, 3.54013588e-01, 4.42574525e-01, 6.02215223e-01, 3.34970177e-01, 8.86116981e-01, 2.29751888e+00, 1.42368326e+02
1.29486487e+00, 3.60757118e-01, 4.35755505e-01, 6.09562904e-01, 3.27622496e-01, 9.02848255e-01, 2.28078761e+00, 1.45184175e+02
1.33121590e+00, 3.67582497e-01, 4.28960698e-01, 6.16854036e-01, 3.20331365e-01, 9.19712148e-01, 2.26392371e+00, 1.48116539e+02
1.36858742e+00, 3.74489419e-01, 4.22192565e-01, 6.24084724e-01, 3.13100676e-01, 9.36702737e-01, 2.24693312e+00, 1.51170118e+02
1.40700809e+00, 3.81477549e-01, 4.15453528e-01, 6.31251190e-01, 3.05934211e-01, 9.53813961e-01, 2.22982190e+00, 1.54349782e+02
1.44650734e+00, 3.88546523e-01, 4.08745964e-01, 6.38349779e-01, 2.98835621e-01, 9.71039641e-01, 2.21259622e+00, 1.57660579e+02
1.48711546e+00, 3.95695948e-01, 4.02072206e-01, 6.45376971e-01, 2.91808429e-01, 9.88373493e-01, 2.19526237e+00, 1.61107738e+02
1.52886359e+00, 4.02925403e-01, 3.95434536e-01, 6.52329386e-01, 2.84856014e-01, 1.00580914e+00, 2.17782672e+00, 1.64696677e+02
1.57178372e+00, 4.10234442e-01, 3.88835186e-01, 6.59203792e-01, 2.77981609e-01, 1.02334013e+00, 2.16029573e+00, 1.68433013e+02
1.61590875e+00, 4.17622591e-01, 3.82276331e-01, 6.65997111e-01, 2.71188289e-01, 1.04095997e+00, 2.14267590e+00, 1.72322570e+02
1.66127252e+00, 4.25089350e-01, 3.75760089e-01, 6.72706427e-01, 2.64478973e-01, 1.05866208e+00, 2.12497378e+00, 1.76371385e+02
1.70790980e+00, 4.32634194e-01, 3.69288519e-01, 6.79328988e-01, 2.57856412e-01, 1.07643989e+00, 2.10719597e+00, 1.80585719e+02
1.75585633e+00, 4.40256573e-01, 3.62863618e-01, 6.85862210e-01, 2.51323190e-01, 1.09428681e+00, 2.08934905e+00, 1.84972068e+02
1.80514888e+00, 4.47955916e-01, 3.56487318e-01, 6.92303684e-01, 2.44881717e-01, 1.11219623e+00, 2.07143963e+00, 1.89537172e+02
1.85582523e+00, 4.55731626e-01, 3.50161484e-01, 6.98651171e-01, 2.38534229e-01, 1.13016156e+00, 2.05347430e+00, 1.94288025e+02
1.90792422e+00, 4.63583085e-01, 3.43887915e-01, 7.04902612e-01, 2.32282788e-01, 1.14817626e+00, 2.03545960e+00, 1.99231889e+02
1.96148581e+00, 4.71509656e-01, 3.37668341e-01, 7.11056123e-01, 2.26129277e-01, 1.16623380e+00, 2.01740206e+00, 2.04376303e+02
2.01655104e+00, 4.79510678e-01, 3.31504419e-01, 7.17109997e-01, 2.20075403e-01, 1.18432771e+00, 1.99930815e+00, 2.09729097e+02
2.07316213e+00, 4.87585472e-01, 3.25397736e-01, 7.23062703e-01, 2.14122697e-01, 1.20245159e+00, 1.98118427e+00, 2.15298408e+02
2.13136247e+00, 4.95733342e-01, 3.19349807e-01, 7.28912885e-01, 2.08272516e-01, 1.22059910e+00, 1.96303676e+00, 2.21092688e+02
2.19119669e+00, 5.03953573e-01, 3.13362070e-01, 7.34659358e-01, 2.02526042e-01, 1.23876400e+00, 1.94487186e+00, 2.27120726e+02
2.25271064e+00, 5.12245431e-01, 3.07435893e-01, 7.40301110e-01, 1.96884290e-01, 1.25694012e+00, 1.92669574e+00, 2.33391655e+02
2.31595149e+00, 5.20608169e-01, 3.01572566e-01, 7.45837294e-01, 1.91348106e-01, 1.27512142e+00, 1.90851445e+00, 2.39914974e+02
2.38096772e+00, 5.29041024e-01, 2.95773306e-01, 7.51267226e-01, 1.85918174e-01, 1.29330193e+00, 1.89033393e+00, 2.46700566e+02
2.44780916e+00, 5.37543219e-01, 2.90039255e-01, 7.56590382e-01, 1.80595018e-01, 1.31147584e+00, 1.87216002e+00, 2.53758707e+02
2.51652705e+00, 5.46113963e-01, 2.84371479e-01, 7.61806391e-01, 1.75379009e-01, 1.32963742e+00, 1.85399845e+00, 2.61100093e+02
2.58717408e+00, 5.54752453e-01, 2.78770971e-01, 7.66915034e-01, 1.70270367e-01, 1.34778109e+00, 1.83585478e+00, 2.68735855e+02
2.65980440e+00, 5.63457874e-01, 2.73238647e-01, 7.71916233e-01, 1.65269167e-01, 1.36590139e+00, 1.81773447e+00, 2.76677578e+02
2.73447368e+00, 5.72229403e-01, 2.67775351e-01, 7.76810053e-01, 1.60375348e-01, 1.38399301e+00, 1.79964285e+00, 2.84937325e+02
2.81123917e+00, 5.81066203e-01, 2.62381854e-01, 7.81596688e-01, 1.55588712e-01, 1.40205077e+00, 1.78158510e+00, 2.93527654e+02
2.89015972e+00, 5.89967432e-01, 2.57058854e-01, 7.86276463e-01, 1.50908937e-01, 1.42006962e+00, 1.76356624e+00, 3.02461644e+02
2.97129582e+00, 5.98932239e-01, 2.51806978e-01, 7.90849822e-01, 1.46335579e-01, 1.43804467e+00, 1.74559119e+00, 3.11752917e+02
3.05470967e+00, 6.07959763e-01, 2.46626782e-01, 7.95317325e-01, 1.41868075e-01, 1.45597118e+00, 1.72766468e+00, 3.21415659e+02
3.14046522e+00, 6.17049141e-01, 2.41518754e-01, 7.99679642e-01, 1.37505759e-01, 1.47384454e+00, 1.70979132e+00, 3.31464652e+02
3.22862820e+00, 6.26199502e-01, 2.36483311e-01, 8.03937544e-01, 1.33247857e-01, 1.49166030e+00, 1.69197556e+00, 3.41915293e+02
3.31926620e+00, 6.35409971e-01, 2.31520808e-01, 8.08091900e-01, 1.29093500e-01, 1.50941416e+00, 1.67422170e+00, 3.52783627e+02
3.41244871e+00, 6.44679670e-01, 2.26631530e-01, 8.12143671e-01, 1.25041729e-01, 1.52710195e+00, 1.65653391e+00, 3.64086371e+02
3.50824714e+00, 6.54007716e-01, 2.21815701e-01, 8.16093900e-01, 1.21091500e-01, 1.54471966e+00, 1.63891620e+00, 3.75840945e+02
3.60673495e+00, 6.63393226e-01, 2.17073483e-01, 8.19943710e-01, 1.17241690e-01, 1.56226344e+00, 1.62137242e+00, 3.88065503e+02
3.70798763e+00, 6.72835313e-01, 2.12404976e-01, 8.23694297e-01, 1.13491104e-01, 1.57972957e+00, 1.60390629e+00, 4.00778966e+02
3.81208280e+00, 6.82333091e-01, 2.07810223e-01, 8.27346923e-01, 1.09838478e-01, 1.59711448e+00, 1.58652138e+00, 4.14001051e+02
3.91910025e+00, 6.91885673e-01, 2.03289209e-01, 8.30902912e-01, 1.06282489e-01, 1.61441474e+00, 1.56922113e+00, 4.27752310e+02
4.02912203e+00, 7.01492174e-01, 1.98841864e-01, 8.34363644e-01, 1.02821757e-01, 1.63162706e+00, 1.55200881e+00, 4.42054165e+02
4.14223247e+00, 7.11151707e-01, 1.94468065e-01, 8.37730549e-01, 9.94548514e-02, 1.64874829e+00, 1.53488757e+00, 4.56928940e+02
4.25851829e+00, 7.20863389e-01, 1.90167637e-01, 8.41005104e-01, 9.61802964e-02, 1.66577544e+00, 1.51786042e+00, 4.72399910e+02
4.37806863e+00, 7.30626340e-01, 1.85940357e-01, 8.44188825e-01, 9.29965754e-02, 1.68270563e+00, 1.50093023e+00, 4.88491330e+02
4.50097513e+00, 7.40439681e-01, 1.81785952e-01, 8.47283264e-01, 8.99021361e-02, 1.69953612e+00, 1.48409974e+00, 5.05228488e+02
4.62733201e+00, 7.50302539e-01, 1.77704105e-01, 8.50290006e-01, 8.68953949e-02, 1.71626429e+00, 1.46737157e+00, 5.22637738e+02
4.75723614e+00, 7.60214043e-01, 1.73694456e-01, 8.53210659e-01, 8.39747414e-02, 1.73288769e+00, 1.45074818e+00, 5.40746556e+02
4.89078709e+00, 7.70173327e-01, 1.69756602e-01, 8.56046858e-01, 8.11385426e-02, 1.74940394e+00, 1.43423192e+00, 5.59583579e+02
5.02808725e+00, 7.80179530e-01, 1.65890100e-01, 8.58800254e-01, 7.83851466e-02, 1.76581082e+00, 1.41782504e+00, 5.79178659e+02
5.16924187e+00, 7.90231798e-01, 1.62094471e-01, 8.61472513e-01, 7.57128869e-02, 1.78210622e+00, 1.40152964e+00, 5.99562916e+02
5.31435916e+00, 8.00329281e-01, 1.58369199e-01, 8.64065315e-01, 7.31200855e-02, 1.79828815e+00, 1.38534771e+00, 6.20768784e+02
5.46355035e+00, 8.10471136e-01, 1.54713732e-01, 8.66580344e-01, 7.06050564e-02, 1.81435473e+00, 1.36928113e+00, 6.42830076e+02
5.61692982e+00, 8.20656529e-01, 1.51127491e-01, 8.69019291e-01, 6.81661091e-02, 1.83030421e+00, 1.35333165e+00, 6.65782037e+02
5.77461515e+00, 8.30884629e-01, 1.47609861e-01, 8.71383849e-01, 6.58015513e-02, 1.84613492e+00, 1.33750094e+00, 6.89661405e+02
5.93672722e+00, 8.41154616e-01, 1.44160202e-01, 8.73675709e-01, 6.35096918e-02, 1.86184533e+00, 1.32179053e+00, 7.14506476e+02
6.10339029e+00, 8.51465677e-01, 1.40777848e-01, 8.75896557e-01, 6.12888435e-02, 1.87743399e+00, 1.30620187e+00, 7.40357168e+02
6.27473213e+00, 8.61817006e-01, 1.37462106e-01, 8.78048075e-01, 5.91373252e-02, 1.89289956e+00, 1.29073631e+00, 7.67255090e+02
6.45088409e+00, 8.72207807e-01, 1.34212261e-01, 8.80131936e-01, 5.70534647e-02, 1.90824079e+00, 1.27539507e+00, 7.95243614e+02
6.63198120e+00, 8.82637292e-01, 1.31027576e-01, 8.82149800e-01, 5.50356002e-02, 1.92345656e+00, 1.26017931e+00, 8.24367950e+02
6.81816229e+00, 8.93104682e-01, 1.27907296e-01, 8.84103317e-01, 5.30820832e-02, 1.93854579e+00, 1.24509007e+00, 8.54675220e+02
7.00957009e+00, 9.03609206e-01, 1.24850646e-01, 8.85994121e-01, 5.11912792e-02, 1.95350754e+00, 1.23012832e+00, 8.86214546e+02
7.20635132e+00, 9.14150106e-01, 1.21856835e-01, 8.87823830e-01, 4.93615705e-02, 1.96834092e+00, 1.21529494e+00, 9.19037125e+02
7.40865683e+00, 9.24726629e-01, 1.18925058e-01, 8.89594043e-01, 4.75913571e-02, 1.98304516e+00, 1.20059070e+00, 9.53196324e+02
7.61664172e+00, 9.35338035e-01, 1.16054495e-01, 8.91306342e-01, 4.58790583e-02, 1.99761955e+00, 1.18601631e+00, 9.88747770e+02
7.83046540e+00, 9.45983593e-01, 1.13244314e-01, 8.92962286e-01, 4.42231140e-02, 2.01206346e+00, 1.17157240e+00, 1.02574944e+03
8.05029181e+00, 9.56662583e-01, 1.10493675e-01, 8.94563415e-01, 4.26219858e-02, 2.02637635e+00, 1.15725951e+00, 1.06426178e+03
8.27628946e+00, 9.67374292e-01, 1.07801724e-01, 8.96111242e-01, 4.10741581e-02, 2.04055775e+00, 1.14307811e+00, 1.10434776e+03
8.50863158e+00, 9.78118021e-01, 1.05167604e-01, 8.97607261e-01, 3.95781392e-02, 2.05460726e+00, 1.12902860e+00, 1.14607306e+03
8.74749630e+00, 9.88893079e-01, 1.02590447e-01, 8.99052939e-01, 3.81324617e-02, 2.06852455e+00, 1.11511131e+00, 1.18950610e+03
8.99306672e+00, 9.99698787e-01, 1.00069381e-01, 9.00449717e-01, 3.67356837e-02, 2.08230936e+00, 1.10132650e+00, 1.23471823e+03
9.24553110e+00, 1.01053448e+00, 9.76035298e-02, 9.01799011e-01, 3.53863892e-02, 2.09596151e+00, 1.08767435e+00, 1.28178378e+03
9.50508296e+00, 1.02139949e+00, 9.51920136e-02, 9.03102212e-01, 3.40831886e-02, 2.10948085e+00, 1.07415501e+00, 1.33078026e+03
9.77192128e+00, 1.03229317e+00, 9.28339498e-02, 9.04360681e-01, 3.28247192e-02, 2.12286733e+00, 1.06076853e+00, 1.38178843e+03
1.00462506e+01, 1.04321489e+00, 9.05284548e-02, 9.05575755e-01, 3.16096457e-02, 2.13612092e+00, 1.04751494e+00, 1.43489249e+03
1.03282813e+01, 1.05416402e+00, 8.82746444e-02, 9.06748740e-01, 3.04366602e-02, 2.14924169e+00, 1.03439418e+00, 1.49018020e+03
1.06182294e+01, 1.06513995e+00, 8.60716349e-02, 9.07880918e-01, 2.93044828e-02, 2.16222972e+00, 1.02140614e+00, 1.54774301e+03
1.09163173e+01, 1.07614206e+00, 8.39185439e-02, 9.08973539e-01, 2.82118615e-02, 2.17508517e+00, 1.00855069e+00, 1.60767626e+03
1.12227736e+01, 1.08716977e+00, 8.18144912e-02, 9.10027828e-01, 2.71575723e-02, 2.18780826e+00, 9.95827606e-01, 1.67007933e+03
1.15378330e+01, 1.09822248e+00, 7.97585995e-02, 9.11044981e-01, 2.61404194e-02, 2.20039922e+00, 9.83236643e-01, 1.73505576e+03
1.18617372e+01, 1.10929963e+00, 7.77499950e-02, 9.12026165e-01, 2.51592351e-02, 2.21285836e+00, 9.70777502e-01, 1.80271353e+03
1.21947344e+01, 1.12040065e+00, 7.57878084e-02, 9.12972521e-01, 2.42128796e-02, 2.22518602e+00, 9.58449837e-01, 1.87316515e+03
1.25370799e+01, 1.13152499e+00, 7.38711753e-02, 9.13885159e-01, 2.33002411e-02, 2.23738260e+00, 9.46253263e-01, 1.94652790e+03
1.28890361e+01, 1.14267211e+00, 7.19992367e-02, 9.14765165e-01, 2.24202355e-02, 2.24944851e+00, 9.34187352e-01, 2.02292401e+03
1.32508729e+01, 1.15384147e+00, 7.01711401e-02, 9.15613594e-01, 2.15718064e-02, 2.26138422e+00, 9.22251637e-01, 2.10248091e+03
1.36228676e+01, 1.16503255e+00, 6.83860392e-02, 9.16431476e-01, 2.07539245e-02, 2.27319025e+00, 9.10445616e-01, 2.18533138e+03
1.40053055e+01, 1.17624484e+00, 6.66430952e-02, 9.17219813e-01, 1.99655877e-02, 2.28486711e+00, 8.98768748e-01, 2.27161385e+03
1.43984795e+01, 1.18747784e+00, 6.49414767e-02, 9.17979580e-01, 1.92058207e-02, 2.29641540e+00, 8.87220461e-01, 2.36147260e+03
1.48026913e+01, 1.19873106e+00, 6.32803605e-02, 9.18711726e-01, 1.84736746e-02, 2.30783571e+00, 8.75800150e-01, 2.45505801e+03
1.52182505e+01, 1.21000400e+00, 6.16589316e-02, 9.19417174e-01, 1.77682264e-02, 2.31912868e+00, 8.64507177e-01, 2.55252682e+03
1.56454759e+01, 1.22129622e+00, 6.00763839e-02, 9.20096821e-01, 1.70885791e-02, 2.33029498e+00, 8.53340879e-01, 2.65404241e+03
1.60846948e+01, 1.23260723e+00, 5.85319205e-02, 9.20751539e-01, 1.64338609e-02, 2.34133530e+00, 8.42300561e-01, 2.75977506e+03
1.65362441e+01, 1.24393658e+00, 5.70247538e-02, 9.21382175e-01, 1.58032250e-02, 2.35225036e+00, 8.31385505e-01, 2.86990226e+03
1.70004698e+01, 1.25528384e+00, 5.55541057e-02, 9.21989551e-01, 1.51958491e-02, 2.36304089e+00, 8.20594967e-01, 2.98460904e+03
1.74777277e+01, 1.26664856e+00, 5.41192085e-02, 9.22574466e-01, 1.46109348e-02, 2.37370768e+00, 8.09928180e-01, 3.10408821e+03
1.79683839e+01, 1.27803033e+00, 5.27193041e-02, 9.23137693e-01, 1.40477076e-02, 2.38425151e+00, 7.99384354e-01, 3.22854078e+03
1.84728144e+01, 1.28942872e+00, 5.13536452e-02, 9.23679985e-01, 1.35054159e-02, 2.39467318e+00, 7.88962678e-01, 3.35817624e+03
1.89914058e+01, 1.30084334e+00, 5.00214947e-02, 9.24202069e-01, 1.29833309e-02, 2.40497354e+00, 7.78662323e-01, 3.49321297e+03
1.95245558e+01, 1.31227377e+00, 4.87221263e-02, 9.24704654e-01, 1.24807462e-02, 2.41515342e+00, 7.68482441e-01, 3.63387857e+03
2.00726730e+01, 1.32371963e+00, 4.74548245e-02, 9.25188423e-01, 1.19969770e-02, 2.42521369e+00, 7.58422167e-01, 3.78041030e+03
2.06361777e+01, 1.33518054e+00, 4.62188846e-02, 9.25654041e-01, 1.15313597e-02, 2.43515524e+00, 7.48480619e-01, 3.93305544e+03
2.12155017e+01, 1.34665613e+00, 4.50136131e-02, 9.26102149e-01, 1.10832515e-02, 2.44497896e+00, 7.38656901e-01, 4.09207173e+03
2.18110892e+01, 1.35814602e+00, 4.38383275e-02, 9.26533370e-01, 1.06520302e-02, 2.45468576e+00, 7.28950103e-01, 4.25772786e+03
2.24233968e+01, 1.36964988e+00, 4.26923562e-02, 9.26948307e-01, 1.02370930e-02, 2.46427656e+00, 7.19359302e-01, 4.43030386e+03
2.30528939e+01, 1.38116734e+00, 4.15750390e-02, 9.27347544e-01, 9.83785681e-03, 2.47375230e+00, 7.09883563e-01, 4.61009162e+03
2.37000629e+01, 1.39269806e+00, 4.04857268e-02, 9.27731643e-01, 9.45375715e-03, 2.48311392e+00, 7.00521941e-01, 4.79739540e+03
2.43654001e+01, 1.40424172e+00, 3.94237819e-02, 9.28101152e-01, 9.08424804e-03, 2.49236238e+00, 6.91273480e-01, 4.99253233e+03
2.50494154e+01, 1.41579798e+00, 3.83885774e-02, 9.28456599e-01, 8.72880137e-03, 2.50149865e+00, 6.82137215e-01, 5.19583298e+03
2.57526333e+01, 1.42736654e+00, 3.73794979e-02, 9.28798494e-01, 8.38690650e-03, 2.51052369e+00, 6.73112174e-01, 5.40764190e+03
2.64755927e+01, 1.43894707e+00, 3.63959391e-02, 9.29127331e-01, 8.05806971e-03, 2.51943848e+00, 6.64197377e-01, 5.62831824e+03
2.72188479e+01, 1.45053928e+00, 3.54373078e-02, 9.29443587e-01, 7.74181382e-03, 2.52824402e+00, 6.55391837e-01, 5.85823636e+03
2.79829688e+01, 1.46214287e+00, 3.45030217e-02, 9.29747723e-01, 7.43767769e-03, 2.53694130e+00, 6.46694561e-01, 6.09778647e+03
2.87685409e+01, 1.47375755e+00, 3.35925097e-02, 9.30040185e-01, 7.14521577e-03, 2.54553131e+00, 6.38104551e-01, 6.34737529e+03
2.95761666e+01, 1.48538304e+00, 3.27052117e-02, 9.30321403e-01, 6.86399769e-03, 2.55401505e+00, 6.29620806e-01, 6.60742679e+03
3.04064649e+01, 1.49701906e+00, 3.18405781e-02, 9.30591793e-01, 6.59360778e-03, 2.56239354e+00, 6.21242320e-01, 6.87838287e+03
3.12600724e+01, 1.50866534e+00, 3.09980705e-02, 9.30851756e-01, 6.33364467e-03, 2.57066778e+00, 6.12968084e-01, 7.16070417e+03
3.21376434e+01, 1.52032162e+00, 3.01771610e-02, 9.31101680e-01, 6.08372086e-03, 2.57883877e+00, 6.04797088e-01, 7.45487083e+03
3.30398507e+01, 1.53198765e+00, 2.93773321e-02, 9.31341938e-01, 5.84346231e-03, 2.58690754e+00, 5.96728317e-01, 7.76138330e+03
3.39673858e+01, 1.54366317e+00, 2.85980772e-02, 9.31572892e-01, 5.61250803e-03, 2.59487510e+00, 5.88760758e-01, 8.08076327e+03
3.49209598e+01, 1.55534793e+00, 2.78388997e-02, 9.31794891e-01, 5.39050967e-03, 2.60274246e+00, 5.80893397e-01, 8.41355450e+03
3.59013038e+01, 1.56704171e+00, 2.70993135e-02, 9.32008269e-01, 5.17713117e-03, 2.61051064e+00, 5.73125217e-01, 8.76032379e+03
3.69091691e+01, 1.57874427e+00, 2.63788425e-02, 9.32213352e-01, 4.97204831e-03, 2.61818066e+00, 5.65455205e-01, 9.12166195e+03
3.79453285e+01, 1.59045537e+00, 2.56770206e-02, 9.32410452e-01, 4.77494843e-03, 2.62575351e+00, 5.57882346e-01, 9.49818481e+03
3.90105762e+01, 1.60217481e+00, 2.49933916e-02, 9.32599870e-01, 4.58552998e-03, 2.63323023e+00, 5.50405628e-01, 9.89053429e+03
4.01057288e+01, 1.61390235e+00, 2.43275093e-02, 9.32781898e-01, 4.40350222e-03, 2.64061182e+00, 5.43024040e-01, 1.02993795e+04
4.12316259e+01, 1.62563780e+00, 2.36789368e-02, 9.32956816e-01, 4.22858484e-03, 2.64789929e+00, 5.35736572e-01, 1.07254179e+04
4.23891306e+01, 1.63738095e+00, 2.30472468e-02, 9.33124893e-01, 4.06050764e-03, 2.65509364e+00, 5.28542220e-01, 1.11693766e+04
4.35791301e+01, 1.64913159e+00, 2.24320214e-02, 9.33286390e-01, 3.89901020e-03, 2.66219588e+00, 5.21439978e-01, 1.16320133e+04
4.48025368e+01, 1.66088953e+00, 2.18328518e-02, 9.33441559e-01, 3.74384154e-03, 2.66920701e+00, 5.14428848e-01, 1.21141179e+04
4.60602884e+01, 1.67265458e+00, 2.12493385e-02, 9.33590641e-01, 3.59475985e-03, 2.67612803e+00, 5.07507833e-01, 1.26165138e+04
4.73533492e+01, 1.68442656e+00, 2.06810907e-02, 9.33733868e-01, 3.45153212e-03, 2.68295992e+00, 5.00675939e-01, 1.31400593e+04
4.86827104e+01, 1.69620528e+00, 2.01277264e-02, 9.33871467e-01, 3.31393390e-03, 2.68970368e+00, 4.93932179e-01, 1.36856491e+04
5.00493910e+01, 1.70799057e+00, 1.95888723e-02, 9.34003651e-01, 3.18174899e-03, 2.69636029e+00, 4.87275568e-01, 1.42542156e+04
5.14544388e+01, 1.71978224e+00, 1.90641636e-02, 9.34130631e-01, 3.05476915e-03, 2.70293073e+00, 4.80705128e-01, 1.48467309e+04
5.28989308e+01, 1.73158015e+00, 1.85532437e-02, 9.34252607e-01, 2.93279387e-03, 2.70941598e+00, 4.74219884e-01, 1.54642083e+04
5.43839743e+01, 1.74338412e+00, 1.80557646e-02, 9.34369770e-01, 2.81563004e-03, 2.71581699e+00, 4.67818867e-01, 1.61077040e+04
5.59107078e+01, 1.75519399e+00, 1.75713858e-02, 9.34482309e-01, 2.70309174e-03, 2.72213475e+00, 4.61501114e-01, 1.67783188e+04
5.74803016e+01, 1.76700960e+00, 1.70997750e-02, 9.34590400e-01, 2.59500000e-03, 2.72837019e+00, 4.55265668e-01, 1.74772003e+04
5.90939590e+01, 1.77883082e+00, 1.66406078e-02, 9.34694218e-01, 2.49118249e-03, 2.73452428e+00, 4.49111576e-01, 1.82055448e+04
6.07529169e+01, 1.79065748e+00, 1.61935670e-02, 9.34793927e-01, 2.39147339e-03, 2.74059797e+00, 4.43037893e-01, 1.89645992e+04
6.24584471e+01, 1.80248944e+00, 1.57583434e-02, 9.34889687e-01, 2.29571307e-03, 2.74659218e+00, 4.37043680e-01, 1.97556632e+04
6.42118571e+01, 1.81432657e+00, 1.53346346e-02, 9.34981652e-01, 2.20374792e-03, 2.75250786e+00, 4.31128004e-01, 2.05800916e+04
6.60144909e+01, 1.82616872e+00, 1.49221457e-02, 9.35069970e-01, 2.11543012e-03, 2.75834592e+00, 4.25289938e-01, 2.14392967e+04
6.78677305e+01, 1.83801577e+00, 1.45205889e-02, 9.35154783e-01, 2.03061744e-03, 2.76410730e+00, 4.19528564e-01, 2.23347505e+04
6.97729965e+01, 1.84986758e+00, 1.41296829e-02, 9.35236227e-01, 1.94917303e-03, 2.76979289e+00, 4.13842967e-01, 2.32679876e+04
7.17317494e+01, 1.86172403e+00, 1.37491537e-02, 9.35314435e-01, 1.87096524e-03, 2.77540362e+00, 4.08232244e-01, 2.42406074e+04
7.37454909e+01, 1.87358500e+00, 1.33787335e-02, 9.35389533e-01, 1.79586742e-03, 2.78094037e+00, 4.02695495e-01, 2.52542773e+04
7.58157646e+01, 1.88545036e+00, 1.30181611e-02, 9.35461643e-01, 1.72375776e-03, 2.78640403e+00, 3.97231829e-01, 2.63107351e+04
7.79441575e+01, 1.89731999e+00, 1.26671819e-02, 9.35530881e-01, 1.65451908e-03, 2.79179550e+00, 3.91840362e-01, 2.74117926e+04
8.01323013e+01, 1.90919379e+00, 1.23255471e-02, 9.35597362e-01, 1.58803869e-03, 2.79711564e+00, 3.86520218e-01, 2.85593380e+04
8.23818733e+01, 1.92107165e+00, 1.19930143e-02, 9.35661192e-01, 1.52420822e-03, 2.80236533e+00, 3.81270528e-01, 2.97553399e+04
8.46945981e+01, 1.93295345e+00, 1.16693470e-02, 9.35722477e-01, 1.46292345e-03, 2.80754543e+00, 3.76090430e-01, 3.10018502e+04
8.70722485e+01, 1.94483908e+00, 1.13543144e-02, 9.35781316e-01, 1.40408417e-03, 2.81265679e+00, 3.70979070e-01, 3.23010076e+04
8.95166472e+01, 1.95672846e+00, 1.10476916e-02, 9.35837806e-01, 1.34759404e-03, 2.81770026e+00, 3.65935602e-01, 3.36550416e+04
9.20296681e+01, 1.96862147e+00, 1.07492590e-02, 9.35892040e-01, 1.29336041e-03, 2.82267667e+00, 3.60959188e-01, 3.50662763e+04
9.46132376e+01, 1.98051802e+00, 1.04588028e-02, 9.35944106e-01, 1.24129422e-03, 2.82758686e+00, 3.56048997e-01, 3.65371341e+04
9.72693362e+01, 1.99241802e+00, 1.01761143e-02, 9.35994091e-01, 1.19130986e-03, 2.83243165e+00, 3.51204207e-01, 3.80701402e+04
1.00000000e+02, 2.00432137e+00, 9.90099010e-03, 9.36042075e-01, 1.14332503e-03, 2.83721186e+00, 3.46424002e-01, 3.96679268e+04
