 --- Cosmological Parameters --- 
	 H0: 2.1561e-18 (1/s) = 66.5300 (km/s/Mpc) 
	 OmegaM: 3.0000e-01 
	 OmegaR: 0.0000e+00 
	 OmegaL: 7.0000e-01 
	 OmegaK: 0.0000e+00 
		 w0: -6.5000e-01 
		 wa: -1.2700e+00 
	 rho_crit: 8.3160e-30 (g/cm^3) 
z, log10(1+z), a, H0*t_look, H0*t_age, H0*t_conf, H0*t_conf_age, H(z) 
1.00000000e-04, 4.34272769e-05, 9.99900010e-01, 9.99909135e-05, 9.53559142e-01, 9.99959129e-05, 3.29834711e+00, 6.65354385e+01
1.02807322e-04, 4.46463579e-05, 9.99897203e-01, 1.02797719e-04, 9.53556335e-01, 1.02803003e-04, 3.29834431e+00, 6.65355911e+01
1.05693455e-04, 4.58996588e-05, 9.99894318e-01, 1.05683305e-04, 9.53553450e-01, 1.05688890e-04, 3.29834142e+00, 6.65357481e+01
1.08660611e-04, 4.71881402e-05, 9.99891351e-01, 1.08649883e-04, 9.53550483e-01, 1.08655786e-04, 3.29833845e+00, 6.65359094e+01
1.11711065e-04, 4.85127895e-05, 9.99888301e-01, 1.11699726e-04, 9.53547433e-01, 1.11705965e-04, 3.29833540e+00, 6.65360753e+01
1.14847155e-04, 4.98746217e-05, 9.99885166e-01, 1.14835170e-04, 9.53544298e-01, 1.14841764e-04, 3.29833227e+00, 6.65362459e+01
1.18071285e-04, 5.12746804e-05, 9.99881943e-01, 1.18058618e-04, 9.53541074e-01, 1.18065587e-04, 3.29832904e+00, 6.65364212e+01
1.21385926e-04, 5.27140387e-05, 9.99878629e-01, 1.21372538e-04, 9.53537760e-01, 1.21379904e-04, 3.29832573e+00, 6.65366014e+01
1.24793621e-04, 5.41937993e-05, 9.99875222e-01, 1.24779470e-04, 9.53534353e-01, 1.24787256e-04, 3.29832232e+00, 6.65367867e+01
1.28296980e-04, 5.57150964e-05, 9.99871719e-01, 1.28282024e-04, 9.53530851e-01, 1.28290253e-04, 3.29831882e+00, 6.65369773e+01
1.31898690e-04, 5.72790956e-05, 9.99868119e-01, 1.31882882e-04, 9.53527250e-01, 1.31891579e-04, 3.29831522e+00, 6.65371731e+01
1.35601511e-04, 5.88869955e-05, 9.99864417e-01, 1.35584804e-04, 9.53523548e-01, 1.35593996e-04, 3.29831151e+00, 6.65373745e+01
1.39408283e-04, 6.05400281e-05, 9.99860611e-01, 1.39390624e-04, 9.53519742e-01, 1.39400340e-04, 3.29830771e+00, 6.65375815e+01
1.43321923e-04, 6.22394601e-05, 9.99856699e-01, 1.43303259e-04, 9.53515830e-01, 1.43313528e-04, 3.29830380e+00, 6.65377943e+01
1.47345431e-04, 6.39865937e-05, 9.99852676e-01, 1.47325705e-04, 9.53511807e-01, 1.47336558e-04, 3.29829977e+00, 6.65380131e+01
1.51481892e-04, 6.57827676e-05, 9.99848541e-01, 1.51461043e-04, 9.53507672e-01, 1.51472514e-04, 3.29829564e+00, 6.65382380e+01
1.55734477e-04, 6.76293582e-05, 9.99844290e-01, 1.55712441e-04, 9.53503420e-01, 1.55724565e-04, 3.29829138e+00, 6.65384693e+01
1.60106446e-04, 6.95277803e-05, 9.99839919e-01, 1.60083155e-04, 9.53499050e-01, 1.60095970e-04, 3.29828701e+00, 6.65387070e+01
1.64601150e-04, 7.14794886e-05, 9.99835426e-01, 1.64576533e-04, 9.53494556e-01, 1.64590078e-04, 3.29828252e+00, 6.65389514e+01
1.69222035e-04, 7.34859785e-05, 9.99830807e-01, 1.69196017e-04, 9.53489937e-01, 1.69210332e-04, 3.29827790e+00, 6.65392027e+01
1.73972643e-04, 7.55487874e-05, 9.99826058e-01, 1.73945144e-04, 9.53485188e-01, 1.73960274e-04, 3.29827315e+00, 6.65394610e+01
1.78856616e-04, 7.76694958e-05, 9.99821175e-01, 1.78827551e-04, 9.53480305e-01, 1.78843543e-04, 3.29826827e+00, 6.65397266e+01
1.83877698e-04, 7.98497285e-05, 9.99816156e-01, 1.83846979e-04, 9.53475286e-01, 1.83863880e-04, 3.29826324e+00, 6.65399996e+01
1.89039738e-04, 8.20911560e-05, 9.99810996e-01, 1.89007269e-04, 9.53470126e-01, 1.89025133e-04, 3.29825808e+00, 6.65402803e+01
1.94346693e-04, 8.43954955e-05, 9.99805691e-01, 1.94312376e-04, 9.53464820e-01, 1.94331257e-04, 3.29825278e+00, 6.65405688e+01
1.99802631e-04, 8.67645125e-05, 9.99800237e-01, 1.99766361e-04, 9.53459367e-01, 1.99786316e-04, 3.29824732e+00, 6.65408655e+01
2.05411735e-04, 8.92000219e-05, 9.99794630e-01, 2.05373400e-04, 9.53453759e-01, 2.05394492e-04, 3.29824171e+00, 6.65411705e+01
2.11178304e-04, 9.17038897e-05, 9.99788866e-01, 2.11137787e-04, 9.53447995e-01, 2.11160080e-04, 3.29823595e+00, 6.65414840e+01
2.17106760e-04, 9.42780341e-05, 9.99782940e-01, 2.17063936e-04, 9.53442069e-01, 2.17087498e-04, 3.29823002e+00, 6.65418064e+01
2.23201647e-04, 9.69244272e-05, 9.99776848e-01, 2.23156385e-04, 9.53435976e-01, 2.23181288e-04, 3.29822393e+00, 6.65421378e+01
2.29467637e-04, 9.96450962e-05, 9.99770585e-01, 2.29419798e-04, 9.53429713e-01, 2.29446119e-04, 3.29821766e+00, 6.65424785e+01
2.35909533e-04, 1.02442125e-04, 9.99764146e-01, 2.35858971e-04, 9.53423274e-01, 2.35886790e-04, 3.29821122e+00, 6.65428287e+01
2.42532274e-04, 1.05317657e-04, 9.99757527e-01, 2.42478834e-04, 9.53416654e-01, 2.42508236e-04, 3.29820460e+00, 6.65431888e+01
2.49340937e-04, 1.08273895e-04, 9.99750721e-01, 2.49284455e-04, 9.53409848e-01, 2.49315531e-04, 3.29819779e+00, 6.65435590e+01
2.56340741e-04, 1.11313103e-04, 9.99743725e-01, 2.56281043e-04, 9.53402852e-01, 2.56313889e-04, 3.29819079e+00, 6.65439396e+01
2.63537052e-04, 1.14437609e-04, 9.99736532e-01, 2.63473956e-04, 9.53395659e-01, 2.63508671e-04, 3.29818360e+00, 6.65443308e+01
2.70935387e-04, 1.17649806e-04, 9.99729138e-01, 2.70868699e-04, 9.53388264e-01, 2.70905390e-04, 3.29817620e+00, 6.65447331e+01
2.78541416e-04, 1.20952156e-04, 9.99721536e-01, 2.78470932e-04, 9.53380662e-01, 2.78509712e-04, 3.29816860e+00, 6.65451466e+01
2.86360972e-04, 1.24347187e-04, 9.99713721e-01, 2.86286476e-04, 9.53372846e-01, 2.86327463e-04, 3.29816078e+00, 6.65455717e+01
2.94400048e-04, 1.27837499e-04, 9.99705687e-01, 2.94321311e-04, 9.53364812e-01, 2.94364631e-04, 3.29815274e+00, 6.65460088e+01
3.02664806e-04, 1.31425767e-04, 9.99697427e-01, 3.02581587e-04, 9.53356551e-01, 3.02627373e-04, 3.29814448e+00, 6.65464581e+01
3.11161583e-04, 1.35114738e-04, 9.99688935e-01, 3.11073627e-04, 9.53348059e-01, 3.11122019e-04, 3.29813599e+00, 6.65469201e+01
3.19896892e-04, 1.38907238e-04, 9.99680205e-01, 3.19803929e-04, 9.53339329e-01, 3.19855076e-04, 3.29812725e+00, 6.65473950e+01
3.28877429e-04, 1.42806171e-04, 9.99671231e-01, 3.28779174e-04, 9.53330354e-01, 3.28833232e-04, 3.29811828e+00, 6.65478832e+01
3.38110078e-04, 1.46814523e-04, 9.99662004e-01, 3.38006230e-04, 9.53321127e-01, 3.38063366e-04, 3.29810905e+00, 6.65483851e+01
3.47601918e-04, 1.50935364e-04, 9.99652519e-01, 3.47492159e-04, 9.53311641e-01, 3.47552547e-04, 3.29809956e+00, 6.65489011e+01
3.57360225e-04, 1.55171849e-04, 9.99642767e-01, 3.57244218e-04, 9.53301889e-01, 3.57308043e-04, 3.29808980e+00, 6.65494316e+01
3.67392478e-04, 1.59527223e-04, 9.99632742e-01, 3.67269868e-04, 9.53291863e-01, 3.67337326e-04, 3.29807977e+00, 6.65499770e+01
3.77706369e-04, 1.64004821e-04, 9.99622436e-01, 3.77576780e-04, 9.53281556e-01, 3.77648078e-04, 3.29806946e+00, 6.65505377e+01
3.88309805e-04, 1.68608072e-04, 9.99611841e-01, 3.88172839e-04, 9.53270960e-01, 3.88248195e-04, 3.29805886e+00, 6.65511141e+01
3.99210913e-04, 1.73340499e-04, 9.99600948e-01, 3.99066150e-04, 9.53260067e-01, 3.99145796e-04, 3.29804796e+00, 6.65517067e+01
4.10418050e-04, 1.78205728e-04, 9.99589750e-01, 4.10265047e-04, 9.53248868e-01, 4.10349227e-04, 3.29803676e+00, 6.65523159e+01
4.21939808e-04, 1.83207482e-04, 9.99578238e-01, 4.21778096e-04, 9.53237355e-01, 4.21867067e-04, 3.29802524e+00, 6.65529422e+01
4.33785019e-04, 1.88349591e-04, 9.99566403e-01, 4.33614102e-04, 9.53225519e-01, 4.33708137e-04, 3.29801340e+00, 6.65535860e+01
4.45962763e-04, 1.93635993e-04, 9.99554236e-01, 4.45782117e-04, 9.53213351e-01, 4.45881505e-04, 3.29800123e+00, 6.65542480e+01
4.58482375e-04, 1.99070734e-04, 9.99541728e-01, 4.58291448e-04, 9.53200841e-01, 4.58396492e-04, 3.29798871e+00, 6.65549285e+01
4.71353453e-04, 2.04657975e-04, 9.99528869e-01, 4.71151658e-04, 9.53187981e-01, 4.71262682e-04, 3.29797585e+00, 6.65556281e+01
4.84585864e-04, 2.10401992e-04, 9.99515649e-01, 4.84372583e-04, 9.53174760e-01, 4.84489926e-04, 3.29796262e+00, 6.65563473e+01
4.98189752e-04, 2.16307184e-04, 9.99502058e-01, 4.97964331e-04, 9.53161169e-01, 4.98088353e-04, 3.29794902e+00, 6.65570867e+01
5.12175544e-04, 2.22378069e-04, 9.99488087e-01, 5.11937293e-04, 9.53147196e-01, 5.12068374e-04, 3.29793504e+00, 6.65578469e+01
5.26553963e-04, 2.28619296e-04, 9.99473723e-01, 5.26302151e-04, 9.53132831e-01, 5.26440692e-04, 3.29792067e+00, 6.65586284e+01
5.41336030e-04, 2.35035640e-04, 9.99458957e-01, 5.41069886e-04, 9.53118063e-01, 5.41216312e-04, 3.29790589e+00, 6.65594318e+01
5.56533078e-04, 2.41632013e-04, 9.99443776e-01, 5.56251785e-04, 9.53102881e-01, 5.56406546e-04, 3.29789070e+00, 6.65602577e+01
5.72156756e-04, 2.48413463e-04, 9.99428170e-01, 5.71859453e-04, 9.53087273e-01, 5.72023021e-04, 3.29787509e+00, 6.65611068e+01
5.88219040e-04, 2.55385179e-04, 9.99412127e-01, 5.87904816e-04, 9.53071228e-01, 5.88077694e-04, 3.29785903e+00, 6.65619798e+01
6.04732245e-04, 2.62552498e-04, 9.99395633e-01, 6.04400137e-04, 9.53054733e-01, 6.04582854e-04, 3.29784253e+00, 6.65628772e+01
6.21709029e-04, 2.69920903e-04, 9.99378677e-01, 6.21358019e-04, 9.53037775e-01, 6.21551135e-04, 3.29782556e+00, 6.65637998e+01
6.39162405e-04, 2.77496033e-04, 9.99361246e-01, 6.38791418e-04, 9.53020341e-01, 6.38995525e-04, 3.29780811e+00, 6.65647482e+01
6.57105755e-04, 2.85283683e-04, 9.99343326e-01, 6.56713653e-04, 9.53002419e-01, 6.56929376e-04, 3.29779018e+00, 6.65657233e+01
6.75552832e-04, 2.93289812e-04, 9.99324903e-01, 6.75138415e-04, 9.52983994e-01, 6.75366414e-04, 3.29777174e+00, 6.65667257e+01
6.94517777e-04, 3.01520545e-04, 9.99305964e-01, 6.94079775e-04, 9.52965053e-01, 6.94320750e-04, 3.29775279e+00, 6.65677563e+01
7.14015130e-04, 3.09982178e-04, 9.99286494e-01, 7.13552201e-04, 9.52945581e-01, 7.13806889e-04, 3.29773330e+00, 6.65688157e+01
7.34059837e-04, 3.18681185e-04, 9.99266479e-01, 7.33570561e-04, 9.52925562e-01, 7.33839744e-04, 3.29771327e+00, 6.65699048e+01
7.54667263e-04, 3.27624220e-04, 9.99245902e-01, 7.54150143e-04, 9.52904983e-01, 7.54434644e-04, 3.29769267e+00, 6.65710245e+01
7.75853206e-04, 3.36818122e-04, 9.99224748e-01, 7.75306656e-04, 9.52883826e-01, 7.75607348e-04, 3.29767150e+00, 6.65721756e+01
7.97633907e-04, 3.46269924e-04, 9.99203002e-01, 7.97056254e-04, 9.52862077e-01, 7.97374056e-04, 3.29764973e+00, 6.65733590e+01
8.20026062e-04, 3.55986854e-04, 9.99180646e-01, 8.19415536e-04, 9.52839717e-01, 8.19751423e-04, 3.29762736e+00, 6.65745756e+01
8.43046837e-04, 3.65976343e-04, 9.99157663e-01, 8.42401567e-04, 9.52816731e-01, 8.42756569e-04, 3.29760435e+00, 6.65758263e+01
8.66713880e-04, 3.76246030e-04, 9.99134037e-01, 8.66031889e-04, 9.52793101e-01, 8.66407092e-04, 3.29758070e+00, 6.65771120e+01
8.91045332e-04, 3.86803767e-04, 9.99109748e-01, 8.90324533e-04, 9.52768808e-01, 8.90721086e-04, 3.29755639e+00, 6.65784338e+01
9.16059848e-04, 3.97657626e-04, 9.99084779e-01, 9.15298031e-04, 9.52743835e-01, 9.15717148e-04, 3.29753139e+00, 6.65797927e+01
9.41776601e-04, 4.08815904e-04, 9.99059110e-01, 9.40971433e-04, 9.52718161e-01, 9.41414399e-04, 3.29750569e+00, 6.65811897e+01
9.68215306e-04, 4.20287133e-04, 9.99032721e-01, 9.67364321e-04, 9.52691769e-01, 9.67832493e-04, 3.29747928e+00, 6.65826258e+01
9.95396231e-04, 4.32080081e-04, 9.99005594e-01, 9.94496823e-04, 9.52664636e-01, 9.94991633e-04, 3.29745212e+00, 6.65841022e+01
1.02334021e-03, 4.44203760e-04, 9.98977706e-01, 1.02238963e-03, 9.52636743e-01, 1.02291259e-03, 3.29742420e+00, 6.65856200e+01
1.05206867e-03, 4.56667438e-04, 9.98949037e-01, 1.05106400e-03, 9.52608069e-01, 1.05161672e-03, 3.29739549e+00, 6.65871804e+01
1.08160363e-03, 4.69480638e-04, 9.98919565e-01, 1.08054179e-03, 9.52578591e-01, 1.08112596e-03, 3.29736598e+00, 6.65887845e+01
1.11196773e-03, 4.82653152e-04, 9.98889267e-01, 1.11084547e-03, 9.52548287e-01, 1.11146288e-03, 3.29733565e+00, 6.65904335e+01
1.14318425e-03, 4.96195044e-04, 9.98858121e-01, 1.14199814e-03, 9.52517135e-01, 1.14265067e-03, 3.29730446e+00, 6.65921288e+01
1.17527712e-03, 5.10116661e-04, 9.98826103e-01, 1.17402352e-03, 9.52485109e-01, 1.17471317e-03, 3.29727240e+00, 6.65938716e+01
1.20827094e-03, 5.24428638e-04, 9.98793187e-01, 1.20694601e-03, 9.52452187e-01, 1.20767490e-03, 3.29723943e+00, 6.65956632e+01
1.24219100e-03, 5.39141905e-04, 9.98759350e-01, 1.24079069e-03, 9.52418342e-01, 1.24156105e-03, 3.29720555e+00, 6.65975051e+01
1.27706330e-03, 5.54267703e-04, 9.98724566e-01, 1.27558333e-03, 9.52383550e-01, 1.27639751e-03, 3.29717071e+00, 6.65993986e+01
1.31291459e-03, 5.69817580e-04, 9.98688807e-01, 1.31135041e-03, 9.52347782e-01, 1.31221092e-03, 3.29713490e+00, 6.66013452e+01
1.34977233e-03, 5.85803413e-04, 9.98652047e-01, 1.34811917e-03, 9.52311014e-01, 1.34902862e-03, 3.29709808e+00, 6.66033463e+01
1.38766479e-03, 6.02237406e-04, 9.98614258e-01, 1.38591758e-03, 9.52273215e-01, 1.38687877e-03, 3.29706023e+00, 6.66054034e+01
1.42662102e-03, 6.19132106e-04, 9.98575411e-01, 1.42477441e-03, 9.52234358e-01, 1.42579028e-03, 3.29702132e+00, 6.66075183e+01
1.46667087e-03, 6.36500410e-04, 9.98535477e-01, 1.46471921e-03, 9.52194414e-01, 1.46579286e-03, 3.29698132e+00, 6.66096923e+01
1.50784505e-03, 6.54355573e-04, 9.98494425e-01, 1.50578237e-03, 9.52153351e-01, 1.50691709e-03, 3.29694019e+00, 6.66119273e+01
1.55017512e-03, 6.72711224e-04, 9.98452224e-01, 1.54799510e-03, 9.52111138e-01, 1.54919437e-03, 3.29689791e+00, 6.66142249e+01
1.59369353e-03, 6.91581368e-04, 9.98408842e-01, 1.59138951e-03, 9.52067743e-01, 1.59265699e-03, 3.29685445e+00, 6.66165869e+01
1.63843365e-03, 7.10980403e-04, 9.98364246e-01, 1.63599857e-03, 9.52023134e-01, 1.63733814e-03, 3.29680977e+00, 6.66190151e+01
1.68442976e-03, 7.30923128e-04, 9.98318403e-01, 1.68185617e-03, 9.51977277e-01, 1.68327194e-03, 3.29676384e+00, 6.66215112e+01
1.73171713e-03, 7.51424755e-04, 9.98271277e-01, 1.72899716e-03, 9.51930136e-01, 1.73049345e-03, 3.29671662e+00, 6.66240773e+01
1.78033202e-03, 7.72500920e-04, 9.98222832e-01, 1.77745734e-03, 9.51881676e-01, 1.77903872e-03, 3.29666807e+00, 6.66267152e+01
1.83031168e-03, 7.94167695e-04, 9.98173032e-01, 1.82727350e-03, 9.51831859e-01, 1.82894481e-03, 3.29661816e+00, 6.66294271e+01
1.88169442e-03, 8.16441599e-04, 9.98121840e-01, 1.87848345e-03, 9.51780649e-01, 1.88024981e-03, 3.29656686e+00, 6.66322148e+01
1.93451965e-03, 8.39339613e-04, 9.98069215e-01, 1.93112607e-03, 9.51728007e-01, 1.93299287e-03, 3.29651412e+00, 6.66350807e+01
1.98882786e-03, 8.62879189e-04, 9.98015120e-01, 1.98524127e-03, 9.51673892e-01, 1.98721424e-03, 3.29645989e+00, 6.66380268e+01
2.04466067e-03, 8.87078267e-04, 9.97959511e-01, 2.04087012e-03, 9.51618263e-01, 2.04295527e-03, 3.29640415e+00, 6.66410553e+01
2.10206088e-03, 9.11955285e-04, 9.97902349e-01, 2.09805477e-03, 9.51561078e-01, 2.10025849e-03, 3.29634685e+00, 6.66441687e+01
2.16107251e-03, 9.37529196e-04, 9.97843588e-01, 2.15683859e-03, 9.51502294e-01, 2.15916761e-03, 3.29628794e+00, 6.66473692e+01
2.22174078e-03, 9.63819479e-04, 9.97783184e-01, 2.21726611e-03, 9.51441867e-01, 2.21972755e-03, 3.29622738e+00, 6.66506593e+01
2.28411221e-03, 9.90846156e-04, 9.97721093e-01, 2.27938310e-03, 9.51379750e-01, 2.28198448e-03, 3.29616512e+00, 6.66540415e+01
2.34823460e-03, 1.01862981e-03, 9.97657267e-01, 2.34323659e-03, 9.51315896e-01, 2.34598587e-03, 3.29610112e+00, 6.66575184e+01
2.41415712e-03, 1.04719158e-03, 9.97591657e-01, 2.40887494e-03, 9.51250258e-01, 2.41178051e-03, 3.29603533e+00, 6.66610925e+01
2.48193029e-03, 1.07655322e-03, 9.97524214e-01, 2.47634779e-03, 9.51182785e-01, 2.47941854e-03, 3.29596769e+00, 6.66647667e+01
2.55160607e-03, 1.10673706e-03, 9.97454888e-01, 2.54570619e-03, 9.51113427e-01, 2.54895150e-03, 3.29589816e+00, 6.66685437e+01
2.62323788e-03, 1.13776607e-03, 9.97383625e-01, 2.61700259e-03, 9.51042130e-01, 2.62043237e-03, 3.29582668e+00, 6.66724263e+01
2.69688063e-03, 1.16966386e-03, 9.97310373e-01, 2.69029086e-03, 9.50968842e-01, 2.69391560e-03, 3.29575319e+00, 6.66764176e+01
2.77259076e-03, 1.20245468e-03, 9.97235075e-01, 2.76562639e-03, 9.50893506e-01, 2.76945716e-03, 3.29567765e+00, 6.66805205e+01
2.85042632e-03, 1.23616346e-03, 9.97157676e-01, 2.84306608e-03, 9.50816067e-01, 2.84711456e-03, 3.29559999e+00, 6.66847381e+01
2.93044698e-03, 1.27081583e-03, 9.97078115e-01, 2.92266837e-03, 9.50736465e-01, 2.92694694e-03, 3.29552016e+00, 6.66890738e+01
3.01271407e-03, 1.30643812e-03, 9.96996335e-01, 3.00449334e-03, 9.50654640e-01, 3.00901506e-03, 3.29543809e+00, 6.66935306e+01
3.09729067e-03, 1.34305740e-03, 9.96912273e-01, 3.08860270e-03, 9.50570530e-01, 3.09338138e-03, 3.29535373e+00, 6.66981121e+01
3.18424160e-03, 1.38070148e-03, 9.96825866e-01, 3.17505988e-03, 9.50484073e-01, 3.18011009e-03, 3.29526700e+00, 6.67028217e+01
3.27363353e-03, 1.41939895e-03, 9.96737048e-01, 3.26393000e-03, 9.50395203e-01, 3.26926717e-03, 3.29517784e+00, 6.67076629e+01
3.36553498e-03, 1.45917918e-03, 9.96645754e-01, 3.35528003e-03, 9.50303853e-01, 3.36092044e-03, 3.29508619e+00, 6.67126394e+01
3.46001639e-03, 1.50007238e-03, 9.96551914e-01, 3.44917871e-03, 9.50209954e-01, 3.45513958e-03, 3.29499197e+00, 6.67177550e+01
3.55715021e-03, 1.54210957e-03, 9.96455458e-01, 3.54569672e-03, 9.50113436e-01, 3.55199623e-03, 3.29489511e+00, 6.67230136e+01
3.65701088e-03, 1.58532264e-03, 9.96356314e-01, 3.64490663e-03, 9.50014226e-01, 3.65156400e-03, 3.29479554e+00, 6.67284191e+01
3.75967497e-03, 1.62974435e-03, 9.96254407e-01, 3.74688301e-03, 9.49912250e-01, 3.75391855e-03, 3.29469319e+00, 6.67339756e+01
3.86522116e-03, 1.67540839e-03, 9.96149661e-01, 3.85170248e-03, 9.49807430e-01, 3.85913763e-03, 3.29458797e+00, 6.67396873e+01
3.97373038e-03, 1.72234936e-03, 9.96041998e-01, 3.95944373e-03, 9.49699689e-01, 3.96730117e-03, 3.29447981e+00, 6.67455585e+01
4.08528580e-03, 1.77060283e-03, 9.95931336e-01, 4.07018761e-03, 9.49588945e-01, 4.07849129e-03, 3.29436862e+00, 6.67515937e+01
4.19997295e-03, 1.82020534e-03, 9.95817593e-01, 4.18401716e-03, 9.49475116e-01, 4.19279240e-03, 3.29425432e+00, 6.67577974e+01
4.31787973e-03, 1.87119444e-03, 9.95700684e-01, 4.30101770e-03, 9.49358115e-01, 4.31029124e-03, 3.29413682e+00, 6.67641743e+01
4.43909653e-03, 1.92360874e-03, 9.95580522e-01, 4.42127686e-03, 9.49237856e-01, 4.43107695e-03, 3.29401603e+00, 6.67707291e+01
4.56371628e-03, 1.97748788e-03, 9.95457017e-01, 4.54488464e-03, 9.49114248e-01, 4.55524114e-03, 3.29389187e+00, 6.67774669e+01
4.69183451e-03, 2.03287261e-03, 9.95330076e-01, 4.67193351e-03, 9.48987199e-01, 4.68287796e-03, 3.29376423e+00, 6.67843928e+01
4.82354943e-03, 2.08980480e-03, 9.95199606e-01, 4.80251843e-03, 9.48856614e-01, 4.81408416e-03, 3.29363302e+00, 6.67915118e+01
4.95896201e-03, 2.14832749e-03, 9.95065508e-01, 4.93673695e-03, 9.48722396e-01, 4.94895917e-03, 3.29349815e+00, 6.67988294e+01
5.09817606e-03, 2.20848488e-03, 9.94927683e-01, 5.07468923e-03, 9.48584444e-01, 5.08760516e-03, 3.29335950e+00, 6.68063511e+01
5.24129830e-03, 2.27032240e-03, 9.94786030e-01, 5.21647817e-03, 9.48442655e-01, 5.23012711e-03, 3.29321698e+00, 6.68140826e+01
5.38843844e-03, 2.33388671e-03, 9.94640441e-01, 5.36220944e-03, 9.48296923e-01, 5.37663292e-03, 3.29307048e+00, 6.68220295e+01
5.53970928e-03, 2.39922578e-03, 9.94490810e-01, 5.51199156e-03, 9.48147141e-01, 5.52723346e-03, 3.29291988e+00, 6.68301980e+01
5.69522678e-03, 2.46638889e-03, 9.94337025e-01, 5.66593598e-03, 9.47993197e-01, 5.68204266e-03, 3.29276507e+00, 6.68385941e+01
5.85511016e-03, 2.53542665e-03, 9.94178973e-01, 5.82415714e-03, 9.47834976e-01, 5.84117758e-03, 3.29260593e+00, 6.68472242e+01
6.01948197e-03, 2.60639109e-03, 9.94016535e-01, 5.98677258e-03, 9.47672360e-01, 6.00475851e-03, 3.29244235e+00, 6.68560946e+01
6.18846824e-03, 2.67933564e-03, 9.93849593e-01, 6.15390298e-03, 9.47505230e-01, 6.17290907e-03, 3.29227420e+00, 6.68652121e+01
6.36219849e-03, 2.75431521e-03, 9.93678023e-01, 6.32567226e-03, 9.47333461e-01, 6.34575626e-03, 3.29210135e+00, 6.68745835e+01
6.54080591e-03, 2.83138620e-03, 9.93501698e-01, 6.50220766e-03, 9.47156925e-01, 6.52343058e-03, 3.29192368e+00, 6.68842157e+01
6.72442742e-03, 2.91060657e-03, 9.93320488e-01, 6.68363983e-03, 9.46975493e-01, 6.70606612e-03, 3.29174104e+00, 6.68941161e+01
6.91320378e-03, 2.99203585e-03, 9.93134260e-01, 6.87010291e-03, 9.46789030e-01, 6.89380065e-03, 3.29155331e+00, 6.69042919e+01
7.10727970e-03, 3.07573520e-03, 9.92942877e-01, 7.06173462e-03, 9.46597398e-01, 7.08677574e-03, 3.29136033e+00, 6.69147507e+01
7.30680395e-03, 3.16176744e-03, 9.92746198e-01, 7.25867633e-03, 9.46400457e-01, 7.28513682e-03, 3.29116197e+00, 6.69255005e+01
7.51192949e-03, 3.25019713e-03, 9.92544079e-01, 7.46107321e-03, 9.46198060e-01, 7.48903333e-03, 3.29095808e+00, 6.69365491e+01
7.72281357e-03, 3.34109055e-03, 9.92336371e-01, 7.66907426e-03, 9.45990059e-01, 7.69861880e-03, 3.29074849e+00, 6.69479048e+01
7.93961785e-03, 3.43451582e-03, 9.92122923e-01, 7.88283242e-03, 9.45776300e-01, 7.91405095e-03, 3.29053306e+00, 6.69595761e+01
8.16250851e-03, 3.53054289e-03, 9.91903579e-01, 8.10250472e-03, 9.45556628e-01, 8.13549184e-03, 3.29031162e+00, 6.69715716e+01
8.39165644e-03, 3.62924361e-03, 9.91678177e-01, 8.32825230e-03, 9.45330881e-01, 8.36310795e-03, 3.29008400e+00, 6.69839003e+01
8.62723729e-03, 3.73069181e-03, 9.91446555e-01, 8.56024057e-03, 9.45098892e-01, 8.59707031e-03, 3.28985004e+00, 6.69965713e+01
8.86943166e-03, 3.83496328e-03, 9.91208544e-01, 8.79863930e-03, 9.44860494e-01, 8.83755463e-03, 3.28960955e+00, 6.70095940e+01
9.11842520e-03, 3.94213590e-03, 9.90963969e-01, 9.04362273e-03, 9.44615510e-01, 9.08474142e-03, 3.28936237e+00, 6.70229780e+01
9.37440879e-03, 4.05228964e-03, 9.90712655e-01, 9.29536964e-03, 9.44363763e-01, 9.33881608e-03, 3.28910829e+00, 6.70367333e+01
9.63757866e-03, 4.16550662e-03, 9.90454418e-01, 9.55406353e-03, 9.44105069e-01, 9.59996911e-03, 3.28884714e+00, 6.70508700e+01
9.90813657e-03, 4.28187121e-03, 9.90189071e-01, 9.81989267e-03, 9.43839240e-01, 9.86839616e-03, 3.28857871e+00, 6.70653986e+01
1.01862899e-02, 4.40147004e-03, 9.89916424e-01, 1.00930503e-02, 9.43566083e-01, 1.01442982e-02, 3.28830281e+00, 6.70803298e+01
1.04722519e-02, 4.52439206e-03, 9.89636280e-01, 1.03737345e-02, 9.43285398e-01, 1.04278817e-02, 3.28801923e+00, 6.70956746e+01
1.07662418e-02, 4.65072864e-03, 9.89348436e-01, 1.06621488e-02, 9.42996984e-01, 1.07193588e-02, 3.28772775e+00, 6.71114443e+01
1.10684849e-02, 4.78057359e-03, 9.89052685e-01, 1.09585018e-02, 9.42700631e-01, 1.10189471e-02, 3.28742816e+00, 6.71276505e+01
1.13792129e-02, 4.91402325e-03, 9.88748817e-01, 1.12630074e-02, 9.42396125e-01, 1.13268705e-02, 3.28712024e+00, 6.71443051e+01
1.16986641e-02, 5.05117654e-03, 9.88436612e-01, 1.15758853e-02, 9.42083248e-01, 1.16433587e-02, 3.28680375e+00, 6.71614204e+01
1.20270833e-02, 5.19213502e-03, 9.88115848e-01, 1.18973607e-02, 9.41761772e-01, 1.19686477e-02, 3.28647846e+00, 6.71790089e+01
1.23647224e-02, 5.33700299e-03, 9.87786297e-01, 1.22276645e-02, 9.41431468e-01, 1.23029798e-02, 3.28614413e+00, 6.71970834e+01
1.27118400e-02, 5.48588750e-03, 9.87447723e-01, 1.25670336e-02, 9.41092099e-01, 1.26466040e-02, 3.28580050e+00, 6.72156573e+01
1.30687023e-02, 5.63889849e-03, 9.87099885e-01, 1.29157109e-02, 9.40743422e-01, 1.29997759e-02, 3.28544733e+00, 6.72347440e+01
1.34355829e-02, 5.79614881e-03, 9.86742539e-01, 1.32739456e-02, 9.40385187e-01, 1.33627579e-02, 3.28508435e+00, 6.72543575e+01
1.38127630e-02, 5.95775431e-03, 9.86375430e-01, 1.36419931e-02, 9.40017140e-01, 1.37358198e-02, 3.28471129e+00, 6.72745121e+01
1.42005318e-02, 6.12383394e-03, 9.85998300e-01, 1.40201153e-02, 9.39639018e-01, 1.41192382e-02, 3.28432787e+00, 6.72952225e+01
1.45991865e-02, 6.29450978e-03, 9.85610883e-01, 1.44085807e-02, 9.39250552e-01, 1.45132975e-02, 3.28393381e+00, 6.73165036e+01
1.50090328e-02, 6.46990713e-03, 9.85212907e-01, 1.48076646e-02, 9.38851468e-01, 1.49182894e-02, 3.28352882e+00, 6.73383710e+01
1.54303847e-02, 6.65015464e-03, 9.84804094e-01, 1.52176491e-02, 9.38441484e-01, 1.53345137e-02, 3.28311260e+00, 6.73608404e+01
1.58635653e-02, 6.83538432e-03, 9.84384158e-01, 1.56388234e-02, 9.38020309e-01, 1.57622781e-02, 3.28268483e+00, 6.73839282e+01
1.63089068e-02, 7.02573168e-03, 9.83952805e-01, 1.60714840e-02, 9.37587649e-01, 1.62018985e-02, 3.28224521e+00, 6.74076509e+01
1.67667503e-02, 7.22133576e-03, 9.83509738e-01, 1.65159345e-02, 9.37143198e-01, 1.66536993e-02, 3.28179341e+00, 6.74320258e+01
1.72374471e-02, 7.42233928e-03, 9.83054648e-01, 1.69724862e-02, 9.36686647e-01, 1.71180134e-02, 3.28132910e+00, 6.74570704e+01
1.77213578e-02, 7.62888867e-03, 9.82587220e-01, 1.74414582e-02, 9.36217675e-01, 1.75951826e-02, 3.28085193e+00, 6.74828026e+01
1.82188534e-02, 7.84113421e-03, 9.82107134e-01, 1.79231770e-02, 9.35735956e-01, 1.80855580e-02, 3.28036155e+00, 6.75092409e+01
1.87303154e-02, 8.05923009e-03, 9.81614059e-01, 1.84179774e-02, 9.35241155e-01, 1.85894996e-02, 3.27985761e+00, 6.75364042e+01
1.92561357e-02, 8.28333450e-03, 9.81107658e-01, 1.89262024e-02, 9.34732931e-01, 1.91073774e-02, 3.27933973e+00, 6.75643121e+01
1.97967175e-02, 8.51360975e-03, 9.80587585e-01, 1.94482029e-02, 9.34210930e-01, 1.96395707e-02, 3.27880754e+00, 6.75929843e+01
2.03524752e-02, 8.75022235e-03, 9.80053486e-01, 1.99843388e-02, 9.33674794e-01, 2.01864692e-02, 3.27826064e+00, 6.76224414e+01
2.09238348e-02, 8.99334311e-03, 9.79504999e-01, 2.05349781e-02, 9.33124155e-01, 2.07484728e-02, 3.27769864e+00, 6.76527042e+01
2.15112343e-02, 9.24314725e-03, 9.78941755e-01, 2.11004981e-02, 9.32558635e-01, 2.13259916e-02, 3.27712112e+00, 6.76837943e+01
2.21151240e-02, 9.49981449e-03, 9.78363373e-01, 2.16812845e-02, 9.31977848e-01, 2.19194468e-02, 3.27652766e+00, 6.77157335e+01
2.27359668e-02, 9.76352916e-03, 9.77769466e-01, 2.22777327e-02, 9.31381400e-01, 2.25292707e-02, 3.27591784e+00, 6.77485446e+01
2.33742387e-02, 1.00344803e-02, 9.77159637e-01, 2.28902470e-02, 9.30768886e-01, 2.31559065e-02, 3.27529120e+00, 6.77822507e+01
2.40304289e-02, 1.03128618e-02, 9.76533482e-01, 2.35192414e-02, 9.30139892e-01, 2.37998094e-02, 3.27464730e+00, 6.78168754e+01
2.47050406e-02, 1.05988725e-02, 9.75890584e-01, 2.41651392e-02, 9.29493994e-01, 2.44614463e-02, 3.27398566e+00, 6.78524431e+01
2.53985907e-02, 1.08927162e-02, 9.75230519e-01, 2.48283738e-02, 9.28830759e-01, 2.51412961e-02, 3.27330581e+00, 6.78889787e+01
2.61116110e-02, 1.11946019e-02, 9.74552855e-01, 2.55093885e-02, 9.28149744e-01, 2.58398503e-02, 3.27260726e+00, 6.79265077e+01
2.68446481e-02, 1.15047439e-02, 9.73857148e-01, 2.62086366e-02, 9.27450496e-01, 2.65576132e-02, 3.27188950e+00, 6.79650563e+01
2.75982639e-02, 1.18233619e-02, 9.73142944e-01, 2.69265818e-02, 9.26732551e-01, 2.72951018e-02, 3.27115201e+00, 6.80046513e+01
2.83730362e-02, 1.21506810e-02, 9.72409782e-01, 2.76636982e-02, 9.25995435e-01, 2.80528469e-02, 3.27039426e+00, 6.80453201e+01
2.91695588e-02, 1.24869320e-02, 9.71657189e-01, 2.84204706e-02, 9.25238662e-01, 2.88313925e-02, 3.26961572e+00, 6.80870910e+01
2.99884423e-02, 1.28323514e-02, 9.70884681e-01, 2.91973945e-02, 9.24461738e-01, 2.96312969e-02, 3.26881581e+00, 6.81299928e+01
3.08303146e-02, 1.31871818e-02, 9.70091766e-01, 2.99949762e-02, 9.23664157e-01, 3.04531325e-02, 3.26799398e+00, 6.81740549e+01
3.16958209e-02, 1.35516713e-02, 9.69277940e-01, 3.08137333e-02, 9.22845400e-01, 3.12974864e-02, 3.26714962e+00, 6.82193077e+01
3.25856248e-02, 1.39260747e-02, 9.68442690e-01, 3.16541946e-02, 9.22004938e-01, 3.21649607e-02, 3.26628215e+00, 6.82657822e+01
3.35004083e-02, 1.43106525e-02, 9.67585491e-01, 3.25169003e-02, 9.21142233e-01, 3.30561726e-02, 3.26539094e+00, 6.83135100e+01
3.44408728e-02, 1.47056720e-02, 9.66705808e-01, 3.34024019e-02, 9.20256731e-01, 3.39717552e-02, 3.26447535e+00, 6.83625237e+01
3.54077391e-02, 1.51114068e-02, 9.65803096e-01, 3.43112630e-02, 9.19347870e-01, 3.49123575e-02, 3.26353475e+00, 6.84128566e+01
3.64017485e-02, 1.55281370e-02, 9.64876798e-01, 3.52440586e-02, 9.18415074e-01, 3.58786447e-02, 3.26256846e+00, 6.84645427e+01
3.74236629e-02, 1.59561497e-02, 9.63926345e-01, 3.62013758e-02, 9.17457757e-01, 3.68712990e-02, 3.26157581e+00, 6.85176169e+01
3.84742658e-02, 1.63957388e-02, 9.62951161e-01, 3.71838140e-02, 9.16475319e-01, 3.78910195e-02, 3.26055609e+00, 6.85721150e+01
3.95543624e-02, 1.68472053e-02, 9.61950655e-01, 3.81919845e-02, 9.15467148e-01, 3.89385229e-02, 3.25950859e+00, 6.86280736e+01
4.06647809e-02, 1.73108570e-02, 9.60924227e-01, 3.92265109e-02, 9.14432622e-01, 4.00145436e-02, 3.25843257e+00, 6.86855299e+01
4.18063724e-02, 1.77870096e-02, 9.59871264e-01, 4.02880295e-02, 9.13371103e-01, 4.11198343e-02, 3.25732727e+00, 6.87445225e+01
4.29800121e-02, 1.82759856e-02, 9.58791145e-01, 4.13771888e-02, 9.12281944e-01, 4.22551664e-02, 3.25619194e+00, 6.88050903e+01
4.41865996e-02, 1.87781154e-02, 9.57683234e-01, 4.24946502e-02, 9.11164483e-01, 4.34213302e-02, 3.25502578e+00, 6.88672737e+01
4.54270599e-02, 1.92937372e-02, 9.56546887e-01, 4.36410875e-02, 9.10018045e-01, 4.46191355e-02, 3.25382797e+00, 6.89311136e+01
4.67023439e-02, 1.98231967e-02, 9.55381447e-01, 4.48171876e-02, 9.08841945e-01, 4.58494120e-02, 3.25259770e+00, 6.89966521e+01
4.80134292e-02, 2.03668477e-02, 9.54186246e-01, 4.60236499e-02, 9.07635483e-01, 4.71130095e-02, 3.25133410e+00, 6.90639321e+01
4.93613210e-02, 2.09250522e-02, 9.52960606e-01, 4.72611869e-02, 9.06397946e-01, 4.84107986e-02, 3.25003631e+00, 6.91329976e+01
5.07470524e-02, 2.14981804e-02, 9.51703836e-01, 4.85305239e-02, 9.05128609e-01, 4.97436709e-02, 3.24870344e+00, 6.92038936e+01
5.21716858e-02, 2.20866106e-02, 9.50415235e-01, 4.98323993e-02, 9.03826734e-01, 5.11125396e-02, 3.24733457e+00, 6.92766661e+01
5.36363132e-02, 2.26907300e-02, 9.49094092e-01, 5.11675644e-02, 9.02491569e-01, 5.25183398e-02, 3.24592877e+00, 6.93513622e+01
5.51420574e-02, 2.33109341e-02, 9.47739684e-01, 5.25367833e-02, 9.01122350e-01, 5.39620291e-02, 3.24448508e+00, 6.94280300e+01
5.66900727e-02, 2.39476274e-02, 9.46351277e-01, 5.39408335e-02, 8.99718299e-01, 5.54445877e-02, 3.24300252e+00, 6.95067188e+01
5.82815458e-02, 2.46012230e-02, 9.44928128e-01, 5.53805049e-02, 8.98278628e-01, 5.69670193e-02, 3.24148009e+00, 6.95874790e+01
5.99176967e-02, 2.52721433e-02, 9.43469482e-01, 5.68566006e-02, 8.96802532e-01, 5.85303511e-02, 3.23991676e+00, 6.96703620e+01
6.15997796e-02, 2.59608197e-02, 9.41974574e-01, 5.83699365e-02, 8.95289196e-01, 6.01356349e-02, 3.23831147e+00, 6.97554205e+01
6.33290840e-02, 2.66676928e-02, 9.40442630e-01, 5.99213413e-02, 8.93737792e-01, 6.17839466e-02, 3.23666316e+00, 6.98427085e+01
6.51069356e-02, 2.73932126e-02, 9.38872865e-01, 6.15116560e-02, 8.92147477e-01, 6.34763875e-02, 3.23497072e+00, 6.99322809e+01
6.69346971e-02, 2.81378388e-02, 9.37264486e-01, 6.31417346e-02, 8.90517398e-01, 6.52140844e-02, 3.23323302e+00, 7.00241942e+01
6.88137699e-02, 2.89020403e-02, 9.35616689e-01, 6.48124432e-02, 8.88846690e-01, 6.69981902e-02, 3.23144892e+00, 7.01185059e+01
7.07455942e-02, 2.96862961e-02, 9.33928662e-01, 6.65246600e-02, 8.87134473e-01, 6.88298841e-02, 3.22961722e+00, 7.02152750e+01
7.27316511e-02, 3.04910947e-02, 9.32199585e-01, 6.82792755e-02, 8.85379857e-01, 7.07103724e-02, 3.22773674e+00, 7.03145618e+01
7.47734631e-02, 3.13169348e-02, 9.30428629e-01, 7.00771920e-02, 8.83581941e-01, 7.26408888e-02, 3.22580622e+00, 7.04164278e+01
7.68725952e-02, 3.21643250e-02, 9.28614958e-01, 7.19193231e-02, 8.81739810e-01, 7.46226947e-02, 3.22382441e+00, 7.05209360e+01
7.90306568e-02, 3.30337838e-02, 9.26757728e-01, 7.38065939e-02, 8.79852539e-01, 7.66570802e-02, 3.22179003e+00, 7.06281511e+01
8.12493021e-02, 3.39258402e-02, 9.24856088e-01, 7.57399405e-02, 8.77919192e-01, 7.87453639e-02, 3.21970174e+00, 7.07381388e+01
8.35302320e-02, 3.48410332e-02, 9.22909182e-01, 7.77203098e-02, 8.75938823e-01, 8.08888939e-02, 3.21755821e+00, 7.08509666e+01
8.58751948e-02, 3.57799125e-02, 9.20916146e-01, 7.97486588e-02, 8.73910474e-01, 8.30890481e-02, 3.21535806e+00, 7.09667037e+01
8.82859884e-02, 3.67430377e-02, 9.18876114e-01, 8.18259546e-02, 8.71833178e-01, 8.53472344e-02, 3.21309987e+00, 7.10854205e+01
9.07644607e-02, 3.77309793e-02, 9.16788212e-01, 8.39531738e-02, 8.69705959e-01, 8.76648916e-02, 3.21078222e+00, 7.12071894e+01
9.33125118e-02, 3.87443182e-02, 9.14651565e-01, 8.61313021e-02, 8.67527831e-01, 9.00434897e-02, 3.20840362e+00, 7.13320843e+01
9.59320948e-02, 3.97836456e-02, 9.12465293e-01, 8.83613338e-02, 8.65297799e-01, 9.24845301e-02, 3.20596258e+00, 7.14601809e+01
9.86252179e-02, 4.08495636e-02, 9.10228514e-01, 9.06442712e-02, 8.63014862e-01, 9.49895464e-02, 3.20345756e+00, 7.15915569e+01
1.01393946e-01, 4.19426849e-02, 9.07940346e-01, 9.29811243e-02, 8.60678009e-01, 9.75601047e-02, 3.20088700e+00, 7.17262917e+01
1.04240401e-01, 4.30636326e-02, 9.05599903e-01, 9.53729096e-02, 8.58286223e-01, 1.00197804e-01, 3.19824930e+00, 7.18644666e+01
1.07166765e-01, 4.42130406e-02, 9.03206303e-01, 9.78206504e-02, 8.55838483e-01, 1.02904277e-01, 3.19554283e+00, 7.20061650e+01
1.10175281e-01, 4.53915533e-02, 9.00758661e-01, 1.00325375e-01, 8.53333758e-01, 1.05681190e-01, 3.19276592e+00, 7.21514724e+01
1.13268257e-01, 4.65998259e-02, 8.98256098e-01, 1.02888117e-01, 8.50771016e-01, 1.08530243e-01, 3.18991687e+00, 7.23004766e+01
1.16448062e-01, 4.78385241e-02, 8.95697735e-01, 1.05509914e-01, 8.48149219e-01, 1.11453171e-01, 3.18699394e+00, 7.24532673e+01
1.19717134e-01, 4.91083240e-02, 8.93082699e-01, 1.08191807e-01, 8.45467326e-01, 1.14451745e-01, 3.18399536e+00, 7.26099371e+01
1.23077980e-01, 5.04099123e-02, 8.90410121e-01, 1.10934839e-01, 8.42724294e-01, 1.17527770e-01, 3.18091934e+00, 7.27705805e+01
1.26533176e-01, 5.17439860e-02, 8.87679139e-01, 1.13740054e-01, 8.39919079e-01, 1.20683088e-01, 3.17776402e+00, 7.29352951e+01
1.30085370e-01, 5.31112527e-02, 8.84888900e-01, 1.16608498e-01, 8.37050635e-01, 1.23919575e-01, 3.17452753e+00, 7.31041809e+01
1.33737286e-01, 5.45124297e-02, 8.82038557e-01, 1.19541216e-01, 8.34117917e-01, 1.27239146e-01, 3.17120796e+00, 7.32773409e+01
1.37491723e-01, 5.59482450e-02, 8.79127276e-01, 1.22539250e-01, 8.31119883e-01, 1.30643752e-01, 3.16780336e+00, 7.34548809e+01
1.41351558e-01, 5.74194362e-02, 8.76154234e-01, 1.25603641e-01, 8.28055492e-01, 1.34135379e-01, 3.16431173e+00, 7.36369100e+01
1.45319752e-01, 5.89267507e-02, 8.73118619e-01, 1.28735425e-01, 8.24923708e-01, 1.37716054e-01, 3.16073106e+00, 7.38235407e+01
1.49399346e-01, 6.04709458e-02, 8.70019635e-01, 1.31935634e-01, 8.21723499e-01, 1.41387838e-01, 3.15705927e+00, 7.40148888e+01
1.53593468e-01, 6.20527881e-02, 8.66856504e-01, 1.35205293e-01, 8.18453840e-01, 1.45152831e-01, 3.15329428e+00, 7.42110739e+01
1.57905331e-01, 6.36730536e-02, 8.63628462e-01, 1.38545419e-01, 8.15113714e-01, 1.49013172e-01, 3.14943394e+00, 7.44122195e+01
1.62338243e-01, 6.53325272e-02, 8.60334766e-01, 1.41957020e-01, 8.11702113e-01, 1.52971037e-01, 3.14547607e+00, 7.46184532e+01
1.66895601e-01, 6.70320026e-02, 8.56974693e-01, 1.45441094e-01, 8.08218039e-01, 1.57028639e-01, 3.14141847e+00, 7.48299071e+01
1.71580899e-01, 6.87722823e-02, 8.53547545e-01, 1.48998626e-01, 8.04660507e-01, 1.61188232e-01, 3.13725888e+00, 7.50467178e+01
1.76397728e-01, 7.05541769e-02, 8.50052645e-01, 1.52630588e-01, 8.01028545e-01, 1.65452106e-01, 3.13299500e+00, 7.52690270e+01
1.81349780e-01, 7.23785049e-02, 8.46489343e-01, 1.56337934e-01, 7.97321199e-01, 1.69822588e-01, 3.12862452e+00, 7.54969817e+01
1.86440853e-01, 7.42460926e-02, 8.42857018e-01, 1.60121605e-01, 7.93537528e-01, 1.74302047e-01, 3.12414506e+00, 7.57307344e+01
1.91674849e-01, 7.61577735e-02, 8.39155077e-01, 1.63982520e-01, 7.89676613e-01, 1.78892885e-01, 3.11955422e+00, 7.59704436e+01
1.97055780e-01, 7.81143880e-02, 8.35382959e-01, 1.67921578e-01, 7.85737555e-01, 1.83597546e-01, 3.11484956e+00, 7.62162743e+01
2.02587771e-01, 8.01167833e-02, 8.31540137e-01, 1.71939655e-01, 7.81719478e-01, 1.88418507e-01, 3.11002860e+00, 7.64683982e+01
2.08275063e-01, 8.21658124e-02, 8.27626118e-01, 1.76037602e-01, 7.77621531e-01, 1.93358285e-01, 3.10508882e+00, 7.67269945e+01
2.14122015e-01, 8.42623342e-02, 8.23640447e-01, 1.80216243e-01, 7.73442890e-01, 1.98419433e-01, 3.10002768e+00, 7.69922499e+01
2.20133111e-01, 8.64072127e-02, 8.19582709e-01, 1.84476374e-01, 7.69182759e-01, 2.03604537e-01, 3.09484257e+00, 7.72643595e+01
2.26312957e-01, 8.86013169e-02, 8.15452527e-01, 1.88818758e-01, 7.64840375e-01, 2.08916222e-01, 3.08953089e+00, 7.75435276e+01
2.32666291e-01, 9.08455198e-02, 8.11249571e-01, 1.93244125e-01, 7.60415008e-01, 2.14357145e-01, 3.08408996e+00, 7.78299675e+01
2.39197984e-01, 9.31406982e-02, 8.06973553e-01, 1.97753170e-01, 7.55905963e-01, 2.19929995e-01, 3.07851711e+00, 7.81239031e+01
2.45913043e-01, 9.54877322e-02, 8.02624233e-01, 2.02346546e-01, 7.51312587e-01, 2.25637496e-01, 3.07280961e+00, 7.84255690e+01
2.52816614e-01, 9.78875042e-02, 7.98201419e-01, 2.07024868e-01, 7.46634264e-01, 2.31482403e-01, 3.06696471e+00, 7.87352117e+01
2.59913992e-01, 1.00340899e-01, 7.93704972e-01, 2.11788707e-01, 7.41870426e-01, 2.37467497e-01, 3.06097961e+00, 7.90530898e+01
2.67210616e-01, 1.02848802e-01, 7.89134803e-01, 2.16638586e-01, 7.37020547e-01, 2.43595591e-01, 3.05485152e+00, 7.93794756e+01
2.74712079e-01, 1.05412101e-01, 7.84490880e-01, 2.21574978e-01, 7.32084155e-01, 2.49869524e-01, 3.04857758e+00, 7.97146555e+01
2.82424133e-01, 1.08031682e-01, 7.79773224e-01, 2.26598306e-01, 7.27060827e-01, 2.56292157e-01, 3.04215495e+00, 8.00589312e+01
2.90352688e-01, 1.10708431e-01, 7.74981917e-01, 2.31708935e-01, 7.21950198e-01, 2.62866376e-01, 3.03558073e+00, 8.04126209e+01
2.98503825e-01, 1.13443233e-01, 7.70117100e-01, 2.36907175e-01, 7.16751958e-01, 2.69595086e-01, 3.02885202e+00, 8.07760601e+01
3.06883789e-01, 1.16236971e-01, 7.65178976e-01, 2.42193270e-01, 7.11465863e-01, 2.76481209e-01, 3.02196590e+00, 8.11496030e+01
3.15499006e-01, 1.19090524e-01, 7.60167811e-01, 2.47567403e-01, 7.06091730e-01, 2.83527682e-01, 3.01491943e+00, 8.15336237e+01
3.24356081e-01, 1.22004770e-01, 7.55083934e-01, 2.53029686e-01, 7.00629447e-01, 2.90737454e-01, 3.00770966e+00, 8.19285176e+01
3.33461802e-01, 1.24980579e-01, 7.49927744e-01, 2.58580162e-01, 6.95078971e-01, 2.98113481e-01, 3.00033363e+00, 8.23347029e+01
3.42823149e-01, 1.28018820e-01, 7.44699703e-01, 2.64218797e-01, 6.89440336e-01, 3.05658725e-01, 2.99278838e+00, 8.27526217e+01
3.52447300e-01, 1.31120351e-01, 7.39400345e-01, 2.69945478e-01, 6.83713654e-01, 3.13376146e-01, 2.98507096e+00, 8.31827422e+01
3.62341632e-01, 1.34286029e-01, 7.34030273e-01, 2.75760012e-01, 6.77899121e-01, 3.21268702e-01, 2.97717841e+00, 8.36255599e+01
3.72513730e-01, 1.37516698e-01, 7.28590161e-01, 2.81662118e-01, 6.71997015e-01, 3.29339340e-01, 2.96910777e+00, 8.40815993e+01
3.82971391e-01, 1.40813196e-01, 7.23080757e-01, 2.87651425e-01, 6.66007707e-01, 3.37590995e-01, 2.96085611e+00, 8.45514162e+01
3.93722633e-01, 1.44176353e-01, 7.17502878e-01, 2.93727471e-01, 6.59931662e-01, 3.46026581e-01, 2.95242053e+00, 8.50355991e+01
4.04775697e-01, 1.47606985e-01, 7.11857418e-01, 2.99889693e-01, 6.53769440e-01, 3.54648987e-01, 2.94379812e+00, 8.55347714e+01
4.16139055e-01, 1.51105900e-01, 7.06145344e-01, 3.06137429e-01, 6.47521704e-01, 3.63461070e-01, 2.93498604e+00, 8.60495938e+01
4.27821420e-01, 1.54673893e-01, 7.00367697e-01, 3.12469912e-01, 6.41189221e-01, 3.72465647e-01, 2.92598146e+00, 8.65807658e+01
4.39831747e-01, 1.58311745e-01, 6.94525595e-01, 3.18886265e-01, 6.34772868e-01, 3.81665490e-01, 2.91678162e+00, 8.71290285e+01
4.52179242e-01, 1.62020224e-01, 6.88620228e-01, 3.25385499e-01, 6.28273634e-01, 3.91063317e-01, 2.90738379e+00, 8.76951668e+01
4.64873371e-01, 1.65800084e-01, 6.82652863e-01, 3.31966506e-01, 6.21692627e-01, 4.00661783e-01, 2.89778533e+00, 8.82800116e+01
4.77923865e-01, 1.69652062e-01, 6.76624841e-01, 3.38628061e-01, 6.15031072e-01, 4.10463472e-01, 2.88798364e+00, 8.88844425e+01
4.91340729e-01, 1.73576879e-01, 6.70537578e-01, 3.45368813e-01, 6.08290320e-01, 4.20470888e-01, 2.87797622e+00, 8.95093904e+01
5.05134247e-01, 1.77575238e-01, 6.64392563e-01, 3.52187282e-01, 6.01471851e-01, 4.30686446e-01, 2.86776066e+00, 9.01558399e+01
5.19314994e-01, 1.81647824e-01, 6.58191359e-01, 3.59081858e-01, 5.94577274e-01, 4.41112458e-01, 2.85733465e+00, 9.08248319e+01
5.33893840e-01, 1.85795303e-01, 6.51935600e-01, 3.66050799e-01, 5.87608334e-01, 4.51751128e-01, 2.84669598e+00, 9.15174667e+01
5.48881961e-01, 1.90018322e-01, 6.45626991e-01, 3.73092221e-01, 5.80566912e-01, 4.62604536e-01, 2.83584257e+00, 9.22349064e+01
5.64290847e-01, 1.94317504e-01, 6.39267309e-01, 3.80204103e-01, 5.73455030e-01, 4.73674631e-01, 2.82477248e+00, 9.29783779e+01
5.80132310e-01, 1.98693454e-01, 6.32858396e-01, 3.87384280e-01, 5.66274853e-01, 4.84963215e-01, 2.81348389e+00, 9.37491755e+01
5.96418495e-01, 2.03146750e-01, 6.26402164e-01, 3.94630442e-01, 5.59028691e-01, 4.96471932e-01, 2.80197518e+00, 9.45486640e+01
6.13161884e-01, 2.07677952e-01, 6.19900588e-01, 4.01940134e-01, 5.51718999e-01, 5.08202259e-01, 2.79024485e+00, 9.53782813e+01
6.30375315e-01, 2.12287591e-01, 6.13355704e-01, 4.09310752e-01, 5.44348381e-01, 5.20155487e-01, 2.77829162e+00, 9.62395413e+01
6.48071983e-01, 2.16976176e-01, 6.06769614e-01, 4.16739541e-01, 5.36919592e-01, 5.32332715e-01, 2.76611439e+00, 9.71340369e+01
6.66265452e-01, 2.21744190e-01, 6.00144472e-01, 4.24223602e-01, 5.29435531e-01, 5.44734833e-01, 2.75371228e+00, 9.80634423e+01
6.84969672e-01, 2.26592088e-01, 5.93482492e-01, 4.31759881e-01, 5.21899251e-01, 5.57362510e-01, 2.74108460e+00, 9.90295163e+01
7.04198979e-01, 2.31520301e-01, 5.86785940e-01, 4.39345182e-01, 5.14313951e-01, 5.70216181e-01, 2.72823093e+00, 1.00034105e+02
7.23968114e-01, 2.36529229e-01, 5.80057132e-01, 4.46976158e-01, 5.06682975e-01, 5.83296036e-01, 2.71515107e+00, 1.01079143e+02
7.44292233e-01, 2.41619247e-01, 5.73298431e-01, 4.54649321e-01, 4.99009812e-01, 5.96602007e-01, 2.70184510e+00, 1.02166658e+02
7.65186915e-01, 2.46790700e-01, 5.66512244e-01, 4.62361040e-01, 4.91298093e-01, 6.10133758e-01, 2.68831335e+00, 1.03298774e+02
7.86668179e-01, 2.52043903e-01, 5.59701019e-01, 4.70107548e-01, 4.83551585e-01, 6.23890669e-01, 2.67455644e+00, 1.04477709e+02
8.08752491e-01, 2.57379142e-01, 5.52867241e-01, 4.77884945e-01, 4.75774188e-01, 6.37871834e-01, 2.66057527e+00, 1.05705783e+02
8.31456781e-01, 2.62796674e-01, 5.46013431e-01, 4.85689206e-01, 4.67969927e-01, 6.52076044e-01, 2.64637107e+00, 1.06985416e+02
8.54798453e-01, 2.68296725e-01, 5.39142136e-01, 4.93516184e-01, 4.60142949e-01, 6.66501782e-01, 2.63194533e+00, 1.08319133e+02
8.78795401e-01, 2.73879488e-01, 5.32255933e-01, 5.01361620e-01, 4.52297513e-01, 6.81147216e-01, 2.61729989e+00, 1.09709565e+02
9.03466021e-01, 2.79545129e-01, 5.25357421e-01, 5.09221151e-01, 4.44437982e-01, 6.96010193e-01, 2.60243692e+00, 1.11159450e+02
9.28829225e-01, 2.85293778e-01, 5.18449216e-01, 5.17090318e-01, 4.36568815e-01, 7.11088234e-01, 2.58735887e+00, 1.12671636e+02
9.54904456e-01, 2.91125536e-01, 5.11533951e-01, 5.24964578e-01, 4.28694555e-01, 7.26378530e-01, 2.57206858e+00, 1.14249085e+02
9.81711702e-01, 2.97040474e-01, 5.04614268e-01, 5.32839312e-01, 4.20819821e-01, 7.41877942e-01, 2.55656917e+00, 1.15894869e+02
1.00927151e+00, 3.03038627e-01, 4.97692817e-01, 5.40709841e-01, 4.12949292e-01, 7.57583000e-01, 2.54086411e+00, 1.17612178e+02
1.03760502e+00, 3.09120002e-01, 4.90772250e-01, 5.48571433e-01, 4.05087699e-01, 7.73489907e-01, 2.52495720e+00, 1.19404319e+02
1.06673394e+00, 3.15284571e-01, 4.83855218e-01, 5.56419323e-01, 3.97239810e-01, 7.89594541e-01, 2.50885257e+00, 1.21274718e+02
1.09668060e+00, 3.21532276e-01, 4.76944367e-01, 5.64248719e-01, 3.89410413e-01, 8.05892459e-01, 2.49255465e+00, 1.23226921e+02
1.12746796e+00, 3.27863028e-01, 4.70042332e-01, 5.72054823e-01, 3.81604310e-01, 8.22378908e-01, 2.47606820e+00, 1.25264598e+02
1.15911962e+00, 3.34276704e-01, 4.63151736e-01, 5.79832839e-01, 3.73826294e-01, 8.39048834e-01, 2.45939827e+00, 1.27391545e+02
1.19165984e+00, 3.40773150e-01, 4.56275185e-01, 5.87577995e-01, 3.66081138e-01, 8.55896890e-01, 2.44255022e+00, 1.29611686e+02
1.22511358e+00, 3.47352184e-01, 4.49415262e-01, 5.95285552e-01, 3.58373581e-01, 8.72917449e-01, 2.42552966e+00, 1.31929072e+02
1.25950646e+00, 3.54013588e-01, 4.42574525e-01, 6.02950821e-01, 3.50708312e-01, 8.90104623e-01, 2.40834249e+00, 1.34347891e+02
1.29486487e+00, 3.60757118e-01, 4.35755505e-01, 6.10569179e-01, 3.43089954e-01, 9.07452272e-01, 2.39099484e+00, 1.36872466e+02
1.33121590e+00, 3.67582497e-01, 4.28960698e-01, 6.18136082e-01, 3.35523051e-01, 9.24954027e-01, 2.37349308e+00, 1.39507258e+02
1.36858742e+00, 3.74489419e-01, 4.22192565e-01, 6.25647079e-01, 3.28012053e-01, 9.42603304e-01, 2.35584380e+00, 1.42256873e+02
1.40700809e+00, 3.81477549e-01, 4.15453528e-01, 6.33097829e-01, 3.20561304e-01, 9.60393328e-01, 2.33805378e+00, 1.45126065e+02
1.44650734e+00, 3.88546523e-01, 4.08745964e-01, 6.40484109e-01, 3.13175024e-01, 9.78317147e-01, 2.32012996e+00, 1.48119741e+02
1.48711546e+00, 3.95695948e-01, 4.02072206e-01, 6.47801830e-01, 3.05857303e-01, 9.96367661e-01, 2.30207945e+00, 1.51242963e+02
1.52886359e+00, 4.02925403e-01, 3.95434536e-01, 6.55047048e-01, 2.98612085e-01, 1.01453763e+00, 2.28390947e+00, 1.54500958e+02
1.57178372e+00, 4.10234442e-01, 3.88835186e-01, 6.62215973e-01, 2.91443160e-01, 1.03281972e+00, 2.26562738e+00, 1.57899125e+02
1.61590875e+00, 4.17622591e-01, 3.82276331e-01, 6.69304982e-01, 2.84354151e-01, 1.05120650e+00, 2.24724061e+00, 1.61443035e+02
1.66127252e+00, 4.25089350e-01, 3.75760089e-01, 6.76310624e-01, 2.77348509e-01, 1.06969047e+00, 2.22875664e+00, 1.65138447e+02
1.70790980e+00, 4.32634194e-01, 3.69288519e-01, 6.83229630e-01, 2.70429503e-01, 1.08826408e+00, 2.21018303e+00, 1.68991311e+02
1.75585633e+00, 4.40256573e-01, 3.62863618e-01, 6.90058919e-01, 2.63600214e-01, 1.10691978e+00, 2.19152733e+00, 1.73007778e+02
1.80514888e+00, 4.47955916e-01, 3.56487318e-01, 6.96795602e-01, 2.56863531e-01, 1.12564999e+00, 2.17279711e+00, 1.77194208e+02
1.85582523e+00, 4.55731626e-01, 3.50161484e-01, 7.03436989e-01, 2.50222144e-01, 1.14444717e+00, 2.15399994e+00, 1.81557185e+02
1.90792422e+00, 4.63583085e-01, 3.43887915e-01, 7.09980588e-01, 2.43678545e-01, 1.16330379e+00, 2.13514332e+00, 1.86103523e+02
1.96148581e+00, 4.71509656e-01, 3.37668341e-01, 7.16424113e-01, 2.37235020e-01, 1.18221238e+00, 2.11623473e+00, 1.90840277e+02
2.01655104e+00, 4.79510678e-01, 3.31504419e-01, 7.22765476e-01, 2.30893656e-01, 1.20116556e+00, 2.09728155e+00, 1.95774760e+02
2.07316213e+00, 4.87585472e-01, 3.25397736e-01, 7.29002798e-01, 2.24656335e-01, 1.22015600e+00, 2.07829111e+00, 2.00914553e+02
2.13136247e+00, 4.95733342e-01, 3.19349807e-01, 7.35134398e-01, 2.18524735e-01, 1.23917649e+00, 2.05927062e+00, 2.06267518e+02
2.19119669e+00, 5.03953573e-01, 3.13362070e-01, 7.41158796e-01, 2.12500337e-01, 1.25821992e+00, 2.04022718e+00, 2.11841814e+02
2.25271064e+00, 5.12245431e-01, 3.07435893e-01, 7.47074709e-01, 2.06584424e-01, 1.27727932e+00, 2.02116778e+00, 2.17645912e+02
2.31595149e+00, 5.20608169e-01, 3.01572566e-01, 7.52881049e-01, 2.00778084e-01, 1.29634784e+00, 2.00209927e+00, 2.23688608e+02
2.38096772e+00, 5.29041024e-01, 2.95773306e-01, 7.58576916e-01, 1.95082217e-01, 1.31541877e+00, 1.98302834e+00, 2.29979043e+02
2.44780916e+00, 5.37543219e-01, 2.90039255e-01, 7.64161595e-01, 1.89497538e-01, 1.33448555e+00, 1.96396156e+00, 2.36526722e+02
2.51652705e+00, 5.46113963e-01, 2.84371479e-01, 7.69634549e-01, 1.84024584e-01, 1.35354178e+00, 1.94490533e+00, 2.43341524e+02
2.58717408e+00, 5.54752453e-01, 2.78770971e-01, 7.74995415e-01, 1.78663718e-01, 1.37258124e+00, 1.92586587e+00, 2.50433731e+02
2.65980440e+00, 5.63457874e-01, 2.73238647e-01, 7.80243995e-01, 1.73415138e-01, 1.39159786e+00, 1.90684925e+00, 2.57814037e+02
2.73447368e+00, 5.72229403e-01, 2.67775351e-01, 7.85380253e-01, 1.68278880e-01, 1.41058573e+00, 1.88786137e+00, 2.65493578e+02
2.81123917e+00, 5.81066203e-01, 2.62381854e-01, 7.90404305e-01, 1.63254828e-01, 1.42953915e+00, 1.86890796e+00, 2.73483947e+02
2.89015972e+00, 5.89967432e-01, 2.57058854e-01, 7.95316412e-01, 1.58342721e-01, 1.44845257e+00, 1.84999454e+00, 2.81797218e+02
2.97129582e+00, 5.98932239e-01, 2.51806978e-01, 8.00116974e-01, 1.53542159e-01, 1.46732062e+00, 1.83112649e+00, 2.90445966e+02
3.05470967e+00, 6.07959763e-01, 2.46626782e-01, 8.04806522e-01, 1.48852610e-01, 1.48613812e+00, 1.81230899e+00, 2.99443295e+02
3.14046522e+00, 6.17049141e-01, 2.41518754e-01, 8.09385713e-01, 1.44273420e-01, 1.50490006e+00, 1.79354705e+00, 3.08802859e+02
3.22862820e+00, 6.26199502e-01, 2.36483311e-01, 8.13855316e-01, 1.39803817e-01, 1.52360162e+00, 1.77484549e+00, 3.18538888e+02
3.31926620e+00, 6.35409971e-01, 2.31520808e-01, 8.18216212e-01, 1.35442920e-01, 1.54223813e+00, 1.75620898e+00, 3.28666215e+02
3.41244871e+00, 6.44679670e-01, 2.26631530e-01, 8.22469384e-01, 1.31189749e-01, 1.56080512e+00, 1.73764199e+00, 3.39200301e+02
3.50824714e+00, 6.54007716e-01, 2.21815701e-01, 8.26615907e-01, 1.27043226e-01, 1.57929829e+00, 1.71914882e+00, 3.50157265e+02
3.60673495e+00, 6.63393226e-01, 2.17073483e-01, 8.30656945e-01, 1.23002188e-01, 1.59771351e+00, 1.70073360e+00, 3.61553914e+02
3.70798763e+00, 6.72835313e-01, 2.12404976e-01, 8.34593743e-01, 1.19065390e-01, 1.61604681e+00, 1.68240030e+00, 3.73407769e+02
3.81208280e+00, 6.82333091e-01, 2.07810223e-01, 8.38427620e-01, 1.15231513e-01, 1.63429439e+00, 1.66415272e+00, 3.85737101e+02
3.91910025e+00, 6.91885673e-01, 2.03289209e-01, 8.42159961e-01, 1.11499172e-01, 1.65245261e+00, 1.64599449e+00, 3.98560963e+02
4.02912203e+00, 7.01492174e-01, 1.98841864e-01, 8.45792215e-01, 1.07866918e-01, 1.67051802e+00, 1.62792909e+00, 4.11899219e+02
4.14223247e+00, 7.11151707e-01, 1.94468065e-01, 8.49325883e-01, 1.04333250e-01, 1.68848727e+00, 1.60995984e+00, 4.25772584e+02
4.25851829e+00, 7.20863389e-01, 1.90167637e-01, 8.52762519e-01, 1.00896614e-01, 1.70635721e+00, 1.59208990e+00, 4.40202662e+02
4.37806863e+00, 7.30626340e-01, 1.85940357e-01, 8.56103717e-01, 9.75554161e-02, 1.72412482e+00, 1.57432229e+00, 4.55211976e+02
4.50097513e+00, 7.40439681e-01, 1.81785952e-01, 8.59351113e-01, 9.43080200e-02, 1.74178722e+00, 1.55665988e+00, 4.70824015e+02
4.62733201e+00, 7.50302539e-01, 1.77704105e-01, 8.62506375e-01, 9.11527580e-02, 1.75934171e+00, 1.53910540e+00, 4.87063272e+02
4.75723614e+00, 7.60214043e-01, 1.73694456e-01, 8.65571200e-01, 8.80879331e-02, 1.77678567e+00, 1.52166144e+00, 5.03955286e+02
4.89078709e+00, 7.70173327e-01, 1.69756602e-01, 8.68547309e-01, 8.51118242e-02, 1.79411667e+00, 1.50433044e+00, 5.21526687e+02
5.02808725e+00, 7.80179530e-01, 1.65890100e-01, 8.71436442e-01, 8.22226904e-02, 1.81133238e+00, 1.48711473e+00, 5.39805243e+02
5.16924187e+00, 7.90231798e-01, 1.62094471e-01, 8.74240358e-01, 7.94187752e-02, 1.82843061e+00, 1.47001650e+00, 5.58819904e+02
5.31435916e+00, 8.00329281e-01, 1.58369199e-01, 8.76960823e-01, 7.66983101e-02, 1.84540930e+00, 1.45303780e+00, 5.78600859e+02
5.46355035e+00, 8.10471136e-01, 1.54713732e-01, 8.79599614e-01, 7.40595188e-02, 1.86226651e+00, 1.43618060e+00, 5.99179582e+02
5.61692982e+00, 8.20656529e-01, 1.51127491e-01, 8.82158513e-01, 7.15006202e-02, 1.87900041e+00, 1.41944670e+00, 6.20588885e+02
5.77461515e+00, 8.30884629e-01, 1.47609861e-01, 8.84639301e-01, 6.90198315e-02, 1.89560929e+00, 1.40283782e+00, 6.42862982e+02
5.93672722e+00, 8.41154616e-01, 1.44160202e-01, 8.87043761e-01, 6.66153719e-02, 1.91209155e+00, 1.38635556e+00, 6.66037540e+02
6.10339029e+00, 8.51465677e-01, 1.40777848e-01, 8.89373668e-01, 6.42854645e-02, 1.92844572e+00, 1.37000139e+00, 6.90149744e+02
6.27473213e+00, 8.61817006e-01, 1.37462106e-01, 8.91630793e-01, 6.20283399e-02, 1.94467041e+00, 1.35377670e+00, 7.15238360e+02
6.45088409e+00, 8.72207807e-01, 1.34212261e-01, 8.93816895e-01, 5.98422378e-02, 1.96076434e+00, 1.33768277e+00, 7.41343801e+02
6.63198120e+00, 8.82637292e-01, 1.31027576e-01, 8.95933723e-01, 5.77254098e-02, 1.97672634e+00, 1.32172077e+00, 7.68508196e+02
6.81816229e+00, 8.93104682e-01, 1.27907296e-01, 8.97983012e-01, 5.56761212e-02, 1.99255533e+00, 1.30589178e+00, 7.96775463e+02
7.00957009e+00, 9.03609206e-01, 1.24850646e-01, 8.99966480e-01, 5.36926531e-02, 2.00825031e+00, 1.29019679e+00, 8.26191384e+02
7.20635132e+00, 9.14150106e-01, 1.21856835e-01, 9.01885829e-01, 5.17733041e-02, 2.02381041e+00, 1.27463670e+00, 8.56803682e+02
7.40865683e+00, 9.24726629e-01, 1.18925058e-01, 9.03742741e-01, 4.99163919e-02, 2.03923481e+00, 1.25921230e+00, 8.88662106e+02
7.61664172e+00, 9.35338035e-01, 1.16054495e-01, 9.05538878e-01, 4.81202548e-02, 2.05452280e+00, 1.24392431e+00, 9.21818512e+02
7.83046540e+00, 9.45983593e-01, 1.13244314e-01, 9.07275880e-01, 4.63832531e-02, 2.06967373e+00, 1.22877338e+00, 9.56326955e+02
8.05029181e+00, 9.56662583e-01, 1.10493675e-01, 9.08955363e-01, 4.47037700e-02, 2.08468705e+00, 1.21376006e+00, 9.92243778e+02
8.27628946e+00, 9.67374292e-01, 1.07801724e-01, 9.10578920e-01, 4.30802131e-02, 2.09956229e+00, 1.19888482e+00, 1.02962771e+03
8.50863158e+00, 9.78118021e-01, 1.05167604e-01, 9.12148118e-01, 4.15110153e-02, 2.11429904e+00, 1.18414807e+00, 1.06853998e+03
8.74749630e+00, 9.88893079e-01, 1.02590447e-01, 9.13664498e-01, 3.99946351e-02, 2.12889697e+00, 1.16955014e+00, 1.10904439e+03
8.99306672e+00, 9.99698787e-01, 1.00069381e-01, 9.15129575e-01, 3.85295582e-02, 2.14335583e+00, 1.15509128e+00, 1.15120745e+03
9.24553110e+00, 1.01053448e+00, 9.76035298e-02, 9.16544835e-01, 3.71142975e-02, 2.15767542e+00, 1.14077169e+00, 1.19509849e+03
9.50508296e+00, 1.02139949e+00, 9.51920136e-02, 9.17911739e-01, 3.57473938e-02, 2.17185562e+00, 1.12659149e+00, 1.24078978e+03
9.77192128e+00, 1.03229317e+00, 9.28339498e-02, 9.19231717e-01, 3.44274164e-02, 2.18589636e+00, 1.11255075e+00, 1.28835662e+03
1.00462506e+01, 1.04321489e+00, 9.05284548e-02, 9.20506170e-01, 3.31529633e-02, 2.19979765e+00, 1.09864946e+00, 1.33787754e+03
1.03282813e+01, 1.05416402e+00, 8.82746444e-02, 9.21736471e-01, 3.19226618e-02, 2.21355953e+00, 1.08488758e+00, 1.38943435e+03
1.06182294e+01, 1.06513995e+00, 8.60716349e-02, 9.22923965e-01, 3.07351683e-02, 2.22718214e+00, 1.07126497e+00, 1.44311235e+03
1.09163173e+01, 1.07614206e+00, 8.39185439e-02, 9.24069964e-01, 2.95891686e-02, 2.24066563e+00, 1.05778148e+00, 1.49900044e+03
1.12227736e+01, 1.08716977e+00, 8.18144912e-02, 9.25175755e-01, 2.84833783e-02, 2.25401022e+00, 1.04443689e+00, 1.55719127e+03
1.15378330e+01, 1.09822248e+00, 7.97585995e-02, 9.26242591e-01, 2.74165423e-02, 2.26721619e+00, 1.03123092e+00, 1.61778143e+03
1.18617372e+01, 1.10929963e+00, 7.77499950e-02, 9.27271698e-01, 2.63874353e-02, 2.28028386e+00, 1.01816325e+00, 1.68087158e+03
1.21947344e+01, 1.12040065e+00, 7.57878084e-02, 9.28264272e-01, 2.53948613e-02, 2.29321359e+00, 1.00523352e+00, 1.74656664e+03
1.25370799e+01, 1.13152499e+00, 7.38711753e-02, 9.29221479e-01, 2.44376536e-02, 2.30600579e+00, 9.92441323e-01, 1.81497598e+03
1.28890361e+01, 1.14267211e+00, 7.19992367e-02, 9.30144458e-01, 2.35146749e-02, 2.31866091e+00, 9.79786199e-01, 1.88621358e+03
1.32508729e+01, 1.15384147e+00, 7.01711401e-02, 9.31034316e-01, 2.26248166e-02, 2.33117945e+00, 9.67267659e-01, 1.96039825e+03
1.36228676e+01, 1.16503255e+00, 6.83860392e-02, 9.31892134e-01, 2.17669990e-02, 2.34356194e+00, 9.54885170e-01, 2.03765384e+03
1.40053055e+01, 1.17624484e+00, 6.66430952e-02, 9.32718962e-01, 2.09401707e-02, 2.35580894e+00, 9.42638165e-01, 2.11810941e+03
1.43984795e+01, 1.18747784e+00, 6.49414767e-02, 9.33515824e-01, 2.01433085e-02, 2.36792107e+00, 9.30526039e-01, 2.20189950e+03
1.48026913e+01, 1.19873106e+00, 6.32803605e-02, 9.34283716e-01, 1.93754168e-02, 2.37989895e+00, 9.18548155e-01, 2.28916434e+03
1.52182505e+01, 1.21000400e+00, 6.16589316e-02, 9.35023605e-01, 1.86355276e-02, 2.39174327e+00, 9.06703844e-01, 2.38005009e+03
1.56454759e+01, 1.22129622e+00, 6.00763839e-02, 9.35736433e-01, 1.79226999e-02, 2.40345470e+00, 8.94992405e-01, 2.47470910e+03
1.60846948e+01, 1.23260723e+00, 5.85319205e-02, 9.36423114e-01, 1.72360191e-02, 2.41503400e+00, 8.83413111e-01, 2.57330014e+03
1.65362441e+01, 1.24393658e+00, 5.70247538e-02, 9.37084536e-01, 1.65745969e-02, 2.42648190e+00, 8.71965205e-01, 2.67598874e+03
1.70004698e+01, 1.25528384e+00, 5.55541057e-02, 9.37721562e-01, 1.59375707e-02, 2.43779920e+00, 8.60647907e-01, 2.78294740e+03
1.74777277e+01, 1.26664856e+00, 5.41192085e-02, 9.38335030e-01, 1.53241032e-02, 2.44898670e+00, 8.49460408e-01, 2.89435594e+03
1.79683839e+01, 1.27803033e+00, 5.27193041e-02, 9.38925751e-01, 1.47333819e-02, 2.46004523e+00, 8.38401882e-01, 3.01040177e+03
1.84728144e+01, 1.28942872e+00, 5.13536452e-02, 9.39494514e-01, 1.41646184e-02, 2.47097563e+00, 8.27471476e-01, 3.13128026e+03
1.89914058e+01, 1.30084334e+00, 5.00214947e-02, 9.40042084e-01, 1.36170484e-02, 2.48177879e+00, 8.16668320e-01, 3.25719502e+03
1.95245558e+01, 1.31227377e+00, 4.87221263e-02, 9.40569202e-01, 1.30899308e-02, 2.49245559e+00, 8.05991523e-01, 3.38835828e+03
2.00726730e+01, 1.32371963e+00, 4.74548245e-02, 9.41076585e-01, 1.25825474e-02, 2.50300693e+00, 7.95440177e-01, 3.52499128e+03
2.06361777e+01, 1.33518054e+00, 4.62188846e-02, 9.41564931e-01, 1.20942021e-02, 2.51343375e+00, 7.85013357e-01, 3.66732459e+03
2.12155017e+01, 1.34665613e+00, 4.50136131e-02, 9.42034912e-01, 1.16242209e-02, 2.52373699e+00, 7.74710123e-01, 3.81559857e+03
2.18110892e+01, 1.35814602e+00, 4.38383275e-02, 9.42487182e-01, 1.11719509e-02, 2.53391759e+00, 7.64529519e-01, 3.97006372e+03
2.24233968e+01, 1.36964988e+00, 4.26923562e-02, 9.42922373e-01, 1.07367600e-02, 2.54397653e+00, 7.54470577e-01, 4.13098118e+03
2.30528939e+01, 1.38116734e+00, 4.15750390e-02, 9.43341096e-01, 1.03180366e-02, 2.55391479e+00, 7.44532317e-01, 4.29862311e+03
2.37000629e+01, 1.39269806e+00, 4.04857268e-02, 9.43743944e-01, 9.91518873e-03, 2.56373336e+00, 7.34713745e-01, 4.47327324e+03
2.43654001e+01, 1.40424172e+00, 3.94237819e-02, 9.44131489e-01, 9.52764363e-03, 2.57343325e+00, 7.25013861e-01, 4.65522725e+03
2.50494154e+01, 1.41579798e+00, 3.83885774e-02, 9.44504285e-01, 9.15484745e-03, 2.58301546e+00, 7.15431651e-01, 4.84479340e+03
2.57526333e+01, 1.42736654e+00, 3.73794979e-02, 9.44862868e-01, 8.79626459e-03, 2.59248101e+00, 7.05966095e-01, 5.04229295e+03
2.64755927e+01, 1.43894707e+00, 3.63959391e-02, 9.45207756e-01, 8.45137724e-03, 2.60183094e+00, 6.96616166e-01, 5.24806080e+03
2.72188479e+01, 1.45053928e+00, 3.54373078e-02, 9.45539448e-01, 8.11968490e-03, 2.61106628e+00, 6.87380827e-01, 5.46244602e+03
2.79829688e+01, 1.46214287e+00, 3.45030217e-02, 9.45858429e-01, 7.80070393e-03, 2.62018807e+00, 6.78259038e-01, 5.68581244e+03
2.87685409e+01, 1.47375755e+00, 3.35925097e-02, 9.46165166e-01, 7.49396702e-03, 2.62919736e+00, 6.69249753e-01, 5.91853934e+03
2.95761666e+01, 1.48538304e+00, 3.27052117e-02, 9.46460110e-01, 7.19902278e-03, 2.63809519e+00, 6.60351919e-01, 6.16102202e+03
3.04064649e+01, 1.49701906e+00, 3.18405781e-02, 9.46743698e-01, 6.91543526e-03, 2.64688263e+00, 6.51564483e-01, 6.41367254e+03
3.12600724e+01, 1.50866534e+00, 3.09980705e-02, 9.47016349e-01, 6.64278349e-03, 2.65556072e+00, 6.42886386e-01, 6.67692041e+03
3.21376434e+01, 1.52032162e+00, 3.01771610e-02, 9.47278472e-01, 6.38066105e-03, 2.66413054e+00, 6.34316568e-01, 6.95121334e+03
3.30398507e+01, 1.53198765e+00, 2.93773321e-02, 9.47530457e-01, 6.12867565e-03, 2.67259314e+00, 6.25853966e-01, 7.23701798e+03
3.39673858e+01, 1.54366317e+00, 2.85980772e-02, 9.47772684e-01, 5.88644865e-03, 2.68094959e+00, 6.17497517e-01, 7.53482075e+03
3.49209598e+01, 1.55534793e+00, 2.78388997e-02, 9.48005518e-01, 5.65361472e-03, 2.68920095e+00, 6.09246155e-01, 7.84512871e+03
3.59013038e+01, 1.56704171e+00, 2.70993135e-02, 9.48229311e-01, 5.42982138e-03, 2.69734829e+00, 6.01098817e-01, 8.16847033e+03
3.69091691e+01, 1.57874427e+00, 2.63788425e-02, 9.48444404e-01, 5.21472861e-03, 2.70539267e+00, 5.93054438e-01, 8.50539654e+03
3.79453285e+01, 1.59045537e+00, 2.56770206e-02, 9.48651124e-01, 5.00800846e-03, 2.71333515e+00, 5.85111954e-01, 8.85648154e+03
3.90105762e+01, 1.60217481e+00, 2.49933916e-02, 9.48849788e-01, 4.80934467e-03, 2.72117680e+00, 5.77270305e-01, 9.22232390e+03
4.01057288e+01, 1.61390235e+00, 2.43275093e-02, 9.49040701e-01, 4.61843231e-03, 2.72891868e+00, 5.69528428e-01, 9.60354754e+03
4.12316259e+01, 1.62563780e+00, 2.36789368e-02, 9.49224156e-01, 4.43497738e-03, 2.73656184e+00, 5.61885266e-01, 1.00008028e+04
4.23891306e+01, 1.63738095e+00, 2.30472468e-02, 9.49400436e-01, 4.25869649e-03, 2.74410734e+00, 5.54339765e-01, 1.04147675e+04
4.35791301e+01, 1.64913159e+00, 2.24320214e-02, 9.49569816e-01, 4.08931652e-03, 2.75155624e+00, 5.46890870e-01, 1.08461484e+04
4.48025368e+01, 1.66088953e+00, 2.18328518e-02, 9.49732559e-01, 3.92657425e-03, 2.75890958e+00, 5.39537534e-01, 1.12956819e+04
4.60602884e+01, 1.67265458e+00, 2.12493385e-02, 9.49888917e-01, 3.77021603e-03, 2.76616840e+00, 5.32278711e-01, 1.17641359e+04
4.73533492e+01, 1.68442656e+00, 2.06810907e-02, 9.50039135e-01, 3.61999750e-03, 2.77333375e+00, 5.25113360e-01, 1.22523106e+04
4.86827104e+01, 1.69620528e+00, 2.01277264e-02, 9.50183450e-01, 3.47568326e-03, 2.78040667e+00, 5.18040444e-01, 1.27610401e+04
5.00493910e+01, 1.70799057e+00, 1.95888723e-02, 9.50322086e-01, 3.33704655e-03, 2.78738818e+00, 5.11058931e-01, 1.32911942e+04
5.14544388e+01, 1.71978224e+00, 1.90641636e-02, 9.50455264e-01, 3.20386897e-03, 2.79427931e+00, 5.04167795e-01, 1.38436790e+04
5.28989308e+01, 1.73158015e+00, 1.85532437e-02, 9.50583193e-01, 3.07594020e-03, 2.80108110e+00, 4.97366013e-01, 1.44194395e+04
5.43839743e+01, 1.74338412e+00, 1.80557646e-02, 9.50706075e-01, 2.95305773e-03, 2.80779454e+00, 4.90652570e-01, 1.50194603e+04
5.59107078e+01, 1.75519399e+00, 1.75713858e-02, 9.50824106e-01, 2.83502657e-03, 2.81442065e+00, 4.84026454e-01, 1.56447682e+04
5.74803016e+01, 1.76700960e+00, 1.70997750e-02, 9.50937474e-01, 2.72165898e-03, 2.82096045e+00, 4.77486663e-01, 1.62964331e+04
5.90939590e+01, 1.77883082e+00, 1.66406078e-02, 9.51046359e-01, 2.61277426e-03, 2.82741491e+00, 4.71032197e-01, 1.69755704e+04
6.07529169e+01, 1.79065748e+00, 1.61935670e-02, 9.51150934e-01, 2.50819847e-03, 2.83378504e+00, 4.64662064e-01, 1.76833428e+04
6.24584471e+01, 1.80248944e+00, 1.57583434e-02, 9.51251369e-01, 2.40776420e-03, 2.84007183e+00, 4.58375280e-01, 1.84209622e+04
6.42118571e+01, 1.81432657e+00, 1.53346346e-02, 9.51347823e-01, 2.31131033e-03, 2.84627624e+00, 4.52170866e-01, 1.91896920e+04
6.60144909e+01, 1.82616872e+00, 1.49221457e-02, 9.51440451e-01, 2.21868184e-03, 2.85239926e+00, 4.46047851e-01, 1.99908489e+04
6.78677305e+01, 1.83801577e+00, 1.45205889e-02, 9.51529403e-01, 2.12972955e-03, 2.85844184e+00, 4.40005270e-01, 2.08258055e+04
6.97729965e+01, 1.84986758e+00, 1.41296829e-02, 9.51614823e-01, 2.04430993e-03, 2.86440494e+00, 4.34042167e-01, 2.16959927e+04
7.17317494e+01, 1.86172403e+00, 1.37491537e-02, 9.51696848e-01, 1.96228490e-03, 2.87028952e+00, 4.28157590e-01, 2.26029020e+04
7.37454909e+01, 1.87358500e+00, 1.33787335e-02, 9.51775611e-01, 1.88352165e-03, 2.87609651e+00, 4.22350599e-01, 2.35480879e+04
7.58157646e+01, 1.88545036e+00, 1.30181611e-02, 9.51851240e-01, 1.80789239e-03, 2.88182685e+00, 4.16620258e-01, 2.45331711e+04
7.79441575e+01, 1.89731999e+00, 1.26671819e-02, 9.51923859e-01, 1.73527425e-03, 2.88748147e+00, 4.10965640e-01, 2.55598407e+04
8.01323013e+01, 1.90919379e+00, 1.23255471e-02, 9.51993584e-01, 1.66554903e-03, 2.89306128e+00, 4.05385825e-01, 2.66298575e+04
8.23818733e+01, 1.92107165e+00, 1.19930143e-02, 9.52060530e-01, 1.59860307e-03, 2.89856721e+00, 3.99879903e-01, 2.77450571e+04
8.46945981e+01, 1.93295345e+00, 1.16693470e-02, 9.52124806e-01, 1.53432706e-03, 2.90400014e+00, 3.94446970e-01, 2.89073526e+04
8.70722485e+01, 1.94483908e+00, 1.13543144e-02, 9.52186517e-01, 1.47261591e-03, 2.90936098e+00, 3.89086131e-01, 3.01187384e+04
8.95166472e+01, 1.95672846e+00, 1.10476916e-02, 9.52245764e-01, 1.41336856e-03, 2.91465061e+00, 3.83796497e-01, 3.13812934e+04
9.20296681e+01, 1.96862147e+00, 1.07492590e-02, 9.52302645e-01, 1.35648784e-03, 2.91986992e+00, 3.78577190e-01, 3.26971845e+04
9.46132376e+01, 1.98051802e+00, 1.04588028e-02, 9.52357253e-01, 1.30188037e-03, 2.92501977e+00, 3.73427339e-01, 3.40686706e+04
9.72693362e+01, 1.99241802e+00, 1.01761143e-02, 9.52409677e-01, 1.24945633e-03, 2.93010103e+00, 3.68346080e-01, 3.54981062e+04
1.00000000e+02, 2.00432137e+00, 9.90099010e-03, 9.52460003e-01, 1.19912941e-03, 2.93511455e+00, 3.63332558e-01, 3.69879457e+04
