 --- Cosmological Parameters --- 
	 H0: 2.1561e-18 (1/s) = 66.5300 (km/s/Mpc) 
	 OmegaM: 3.3000e-01 
	 OmegaR: 0.0000e+00 
	 OmegaL: 6.7000e-01 
	 OmegaK: 0.0000e+00 
		 w0: -6.5000e-01 
		 wa: -1.2700e+00 
	 rho_crit: 8.3160e-30 (g/cm^3) 
z, log10(1+z), a, H0*t_look, H0*t_age, H0*t_conf, H0*t_conf_age, H(z) 
1.00000000e-04, 4.34272769e-05, 9.99900010e-01, 9.99907673e-05, 9.28542627e-01, 9.99957667e-05, 3.17220957e+00, 6.65356331e+01
1.02807322e-04, 4.46463579e-05, 9.99897203e-01, 1.02797564e-04, 9.28539820e-01, 1.02802848e-04, 3.17220676e+00, 6.65357912e+01
1.05693455e-04, 4.58996588e-05, 9.99894318e-01, 1.05683141e-04, 9.28536935e-01, 1.05688726e-04, 3.17220387e+00, 6.65359538e+01
1.08660611e-04, 4.71881402e-05, 9.99891351e-01, 1.08649710e-04, 9.28533968e-01, 1.08655613e-04, 3.17220091e+00, 6.65361209e+01
1.11711065e-04, 4.85127895e-05, 9.99888301e-01, 1.11699543e-04, 9.28530918e-01, 1.11705782e-04, 3.17219786e+00, 6.65362928e+01
1.14847155e-04, 4.98746217e-05, 9.99885166e-01, 1.14834977e-04, 9.28527783e-01, 1.14841571e-04, 3.17219472e+00, 6.65364694e+01
1.18071285e-04, 5.12746804e-05, 9.99881943e-01, 1.18058414e-04, 9.28524560e-01, 1.18065383e-04, 3.17219150e+00, 6.65366510e+01
1.21385926e-04, 5.27140387e-05, 9.99878629e-01, 1.21372323e-04, 9.28521246e-01, 1.21379689e-04, 3.17218818e+00, 6.65368377e+01
1.24793621e-04, 5.41937993e-05, 9.99875222e-01, 1.24779242e-04, 9.28517839e-01, 1.24787028e-04, 3.17218478e+00, 6.65370296e+01
1.28296980e-04, 5.57150964e-05, 9.99871719e-01, 1.28281783e-04, 9.28514336e-01, 1.28290012e-04, 3.17218127e+00, 6.65372270e+01
1.31898690e-04, 5.72790956e-05, 9.99868119e-01, 1.31882628e-04, 9.28510735e-01, 1.31891325e-04, 3.17217767e+00, 6.65374298e+01
1.35601511e-04, 5.88869955e-05, 9.99864417e-01, 1.35584535e-04, 9.28507033e-01, 1.35593727e-04, 3.17217397e+00, 6.65376384e+01
1.39408283e-04, 6.05400281e-05, 9.99860611e-01, 1.39390340e-04, 9.28503228e-01, 1.39400056e-04, 3.17217016e+00, 6.65378528e+01
1.43321923e-04, 6.22394601e-05, 9.99856699e-01, 1.43302958e-04, 9.28499315e-01, 1.43313227e-04, 3.17216625e+00, 6.65380733e+01
1.47345431e-04, 6.39865937e-05, 9.99852676e-01, 1.47325387e-04, 9.28495293e-01, 1.47336240e-04, 3.17216223e+00, 6.65382999e+01
1.51481892e-04, 6.57827676e-05, 9.99848541e-01, 1.51460707e-04, 9.28491157e-01, 1.51472179e-04, 3.17215809e+00, 6.65385329e+01
1.55734477e-04, 6.76293582e-05, 9.99844290e-01, 1.55712086e-04, 9.28486906e-01, 1.55724211e-04, 3.17215384e+00, 6.65387724e+01
1.60106446e-04, 6.95277803e-05, 9.99839919e-01, 1.60082780e-04, 9.28482535e-01, 1.60095595e-04, 3.17214947e+00, 6.65390186e+01
1.64601150e-04, 7.14794886e-05, 9.99835426e-01, 1.64576137e-04, 9.28478042e-01, 1.64589681e-04, 3.17214497e+00, 6.65392718e+01
1.69222035e-04, 7.34859785e-05, 9.99830807e-01, 1.69195598e-04, 9.28473422e-01, 1.69209913e-04, 3.17214035e+00, 6.65395321e+01
1.73972643e-04, 7.55487874e-05, 9.99826058e-01, 1.73944701e-04, 9.28468673e-01, 1.73959831e-04, 3.17213560e+00, 6.65397996e+01
1.78856616e-04, 7.76694958e-05, 9.99821175e-01, 1.78827084e-04, 9.28463791e-01, 1.78843075e-04, 3.17213072e+00, 6.65400747e+01
1.83877698e-04, 7.98497285e-05, 9.99816156e-01, 1.83846484e-04, 9.28458772e-01, 1.83863386e-04, 3.17212570e+00, 6.65403575e+01
1.89039738e-04, 8.20911560e-05, 9.99810996e-01, 1.89006747e-04, 9.28453611e-01, 1.89024611e-04, 3.17212054e+00, 6.65406482e+01
1.94346693e-04, 8.43954955e-05, 9.99805691e-01, 1.94311824e-04, 9.28448306e-01, 1.94330704e-04, 3.17211523e+00, 6.65409471e+01
1.99802631e-04, 8.67645125e-05, 9.99800237e-01, 1.99765777e-04, 9.28442852e-01, 1.99785732e-04, 3.17210978e+00, 6.65412544e+01
2.05411735e-04, 8.92000219e-05, 9.99794630e-01, 2.05372783e-04, 9.28437245e-01, 2.05393874e-04, 3.17210417e+00, 6.65415703e+01
2.11178304e-04, 9.17038897e-05, 9.99788866e-01, 2.11137135e-04, 9.28431481e-01, 2.11159427e-04, 3.17209840e+00, 6.65418951e+01
2.17106760e-04, 9.42780341e-05, 9.99782940e-01, 2.17063247e-04, 9.28425555e-01, 2.17086808e-04, 3.17209248e+00, 6.65422290e+01
2.23201647e-04, 9.69244272e-05, 9.99776848e-01, 2.23155657e-04, 9.28419462e-01, 2.23180559e-04, 0.00000000e+00, 6.65425723e+01
2.29467637e-04, 9.96450962e-05, 9.99770585e-01, 2.29419028e-04, 9.28413199e-01, 2.29445349e-04, 3.17208012e+00, 6.65429252e+01
2.35909533e-04, 1.02442125e-04, 9.99764146e-01, 2.35858158e-04, 9.28406760e-01, 2.35885976e-04, 3.17207368e+00, 6.65432880e+01
2.42532274e-04, 1.05317657e-04, 9.99757527e-01, 2.42477974e-04, 9.28400140e-01, 2.42507376e-04, 3.17206706e+00, 6.65436610e+01
2.49340937e-04, 1.08273895e-04, 9.99750721e-01, 2.49283546e-04, 9.28393334e-01, 2.49314622e-04, 3.17206025e+00, 6.65440444e+01
2.56340741e-04, 1.11313103e-04, 9.99743725e-01, 2.56280083e-04, 9.28386338e-01, 2.56312928e-04, 3.17205325e+00, 6.65444386e+01
2.63537052e-04, 1.14437609e-04, 9.99736532e-01, 2.63472941e-04, 9.28379145e-01, 2.63507655e-04, 3.17204606e+00, 6.65448439e+01
2.70935387e-04, 1.17649806e-04, 9.99729138e-01, 2.70867626e-04, 9.28371750e-01, 2.70904316e-04, 3.17203866e+00, 6.65452605e+01
2.78541416e-04, 1.20952156e-04, 9.99721536e-01, 2.78469798e-04, 9.28364148e-01, 2.78508577e-04, 3.17203105e+00, 6.65456889e+01
2.86360972e-04, 1.24347187e-04, 9.99713721e-01, 2.86285277e-04, 9.28356333e-01, 2.86326263e-04, 3.17202324e+00, 6.65461293e+01
2.94400048e-04, 1.27837499e-04, 9.99705687e-01, 2.94320043e-04, 9.28348298e-01, 2.94363363e-04, 3.17201520e+00, 6.65465820e+01
3.02664806e-04, 1.31425767e-04, 9.99697427e-01, 3.02580248e-04, 9.28340038e-01, 3.02626033e-04, 3.17200694e+00, 6.65470474e+01
3.11161583e-04, 1.35114738e-04, 9.99688935e-01, 3.11072211e-04, 9.28331546e-01, 3.11120603e-04, 3.17199844e+00, 6.65475259e+01
3.19896892e-04, 1.38907238e-04, 9.99680205e-01, 3.19802432e-04, 9.28322816e-01, 3.19853579e-04, 3.17198971e+00, 6.65480178e+01
3.28877429e-04, 1.42806171e-04, 9.99671231e-01, 3.28777592e-04, 9.28313840e-01, 3.28831651e-04, 3.17198073e+00, 6.65485235e+01
3.38110078e-04, 1.46814523e-04, 9.99662004e-01, 3.38004559e-04, 9.28304613e-01, 3.38061694e-04, 3.17197150e+00, 6.65490434e+01
3.47601918e-04, 1.50935364e-04, 9.99652519e-01, 3.47490392e-04, 9.28295128e-01, 3.47550780e-04, 3.17196201e+00, 6.65495779e+01
3.57360225e-04, 1.55171849e-04, 9.99642767e-01, 3.57242350e-04, 9.28285376e-01, 3.57306175e-04, 3.17195226e+00, 6.65501274e+01
3.67392478e-04, 1.59527223e-04, 9.99632742e-01, 3.67267894e-04, 9.28275350e-01, 3.67335352e-04, 3.17194223e+00, 6.65506924e+01
3.77706369e-04, 1.64004821e-04, 9.99622436e-01, 3.77574694e-04, 9.28265043e-01, 3.77645992e-04, 3.17193192e+00, 6.65512731e+01
3.88309805e-04, 1.68608072e-04, 9.99611841e-01, 3.88170634e-04, 9.28254447e-01, 3.88245990e-04, 3.17192132e+00, 6.65518702e+01
3.99210913e-04, 1.73340499e-04, 9.99600948e-01, 3.99063820e-04, 9.28243554e-01, 3.99143466e-04, 3.17191042e+00, 6.65524840e+01
4.10418050e-04, 1.78205728e-04, 9.99589750e-01, 4.10262585e-04, 9.28232355e-01, 4.10346764e-04, 3.17189922e+00, 6.65531151e+01
4.21939808e-04, 1.83207482e-04, 9.99578238e-01, 4.21775493e-04, 9.28220843e-01, 4.21864464e-04, 3.17188770e+00, 6.65537638e+01
4.33785019e-04, 1.88349591e-04, 9.99566403e-01, 4.33611351e-04, 9.28209007e-01, 4.33705385e-04, 3.17187586e+00, 6.65544308e+01
4.45962763e-04, 1.93635993e-04, 9.99554236e-01, 4.45779210e-04, 9.28196839e-01, 4.45878596e-04, 3.17186368e+00, 6.65551165e+01
4.58482375e-04, 1.99070734e-04, 9.99541728e-01, 4.58288374e-04, 9.28184330e-01, 4.58393418e-04, 3.17185117e+00, 6.65558214e+01
4.71353453e-04, 2.04657975e-04, 9.99528869e-01, 4.71148410e-04, 9.28171470e-01, 4.71259433e-04, 3.17183830e+00, 6.65565461e+01
4.84585864e-04, 2.10401992e-04, 9.99515649e-01, 4.84369150e-04, 9.28158249e-01, 4.84486492e-04, 3.17182508e+00, 6.65572911e+01
4.98189752e-04, 2.16307184e-04, 9.99502058e-01, 4.97960703e-04, 9.28144657e-01, 4.98084723e-04, 3.17181148e+00, 6.65580570e+01
5.12175544e-04, 2.22378069e-04, 9.99488087e-01, 5.11933458e-04, 9.28130685e-01, 5.12064537e-04, 3.17179750e+00, 6.65588444e+01
5.26553963e-04, 2.28619296e-04, 9.99473723e-01, 5.26298098e-04, 9.28116320e-01, 5.26436637e-04, 3.17178313e+00, 6.65596540e+01
5.41336030e-04, 2.35035640e-04, 9.99458957e-01, 5.41065602e-04, 9.28101552e-01, 5.41212026e-04, 3.17176835e+00, 6.65604862e+01
5.56533078e-04, 2.41632013e-04, 9.99443776e-01, 5.56247257e-04, 9.28086371e-01, 5.56402016e-04, 3.17175316e+00, 6.65613417e+01
5.72156756e-04, 2.48413463e-04, 9.99428170e-01, 5.71854667e-04, 9.28070763e-01, 5.72018234e-04, 3.17173754e+00, 6.65622213e+01
5.88219040e-04, 2.55385179e-04, 9.99412127e-01, 5.87899758e-04, 9.28054718e-01, 5.88072634e-04, 3.17172149e+00, 6.65631256e+01
6.04732245e-04, 2.62552498e-04, 9.99395633e-01, 6.04394791e-04, 9.28038223e-01, 6.04577505e-04, 3.17170499e+00, 6.65640552e+01
6.21709029e-04, 2.69920903e-04, 9.99378677e-01, 6.21352368e-04, 9.28021266e-01, 6.21545482e-04, 3.17168802e+00, 6.65650109e+01
6.39162405e-04, 2.77496033e-04, 9.99361246e-01, 6.38785446e-04, 9.28003833e-01, 6.38989550e-04, 3.17167057e+00, 6.65659934e+01
6.57105755e-04, 2.85283683e-04, 9.99343326e-01, 6.56707341e-04, 9.27985911e-01, 6.56923061e-04, 3.17165264e+00, 6.65670034e+01
6.75552832e-04, 2.93289812e-04, 9.99324903e-01, 6.75131743e-04, 9.27967486e-01, 6.75359739e-04, 3.17163420e+00, 6.65680418e+01
6.94517777e-04, 3.01520545e-04, 9.99305964e-01, 6.94072724e-04, 9.27948545e-01, 6.94313695e-04, 3.17161525e+00, 6.65691094e+01
7.14015130e-04, 3.09982178e-04, 9.99286494e-01, 7.13544748e-04, 9.27929073e-01, 7.13799433e-04, 3.17159576e+00, 6.65702068e+01
7.34059837e-04, 3.18681185e-04, 9.99266479e-01, 7.33562685e-04, 9.27909055e-01, 7.33831863e-04, 3.17157573e+00, 6.65713351e+01
7.54667263e-04, 3.27624220e-04, 9.99245902e-01, 7.54141818e-04, 9.27888476e-01, 7.54426315e-04, 3.17155514e+00, 6.65724950e+01
7.75853206e-04, 3.36818122e-04, 9.99224748e-01, 7.75297858e-04, 9.27867320e-01, 7.75598544e-04, 3.17153396e+00, 6.65736874e+01
7.97633907e-04, 3.46269924e-04, 9.99203002e-01, 7.97046954e-04, 9.27845571e-01, 7.97364752e-04, 3.17151220e+00, 6.65749133e+01
8.20026062e-04, 3.55986854e-04, 9.99180646e-01, 8.19405706e-04, 9.27823212e-01, 8.19741589e-04, 3.17148982e+00, 6.65761736e+01
8.43046837e-04, 3.65976343e-04, 9.99157663e-01, 8.42391179e-04, 9.27800227e-01, 8.42746174e-04, 3.17146682e+00, 6.65774692e+01
8.66713880e-04, 3.76246030e-04, 9.99134037e-01, 8.66020910e-04, 9.27776597e-01, 8.66396106e-04, 3.17144317e+00, 6.65788011e+01
8.91045332e-04, 3.86803767e-04, 9.99109748e-01, 8.90312928e-04, 9.27752305e-01, 8.90709474e-04, 3.17141885e+00, 6.65801704e+01
9.16059848e-04, 3.97657626e-04, 9.99084779e-01, 9.15285765e-04, 9.27727332e-01, 9.15704875e-04, 3.17139386e+00, 6.65815781e+01
9.41776601e-04, 4.08815904e-04, 9.99059110e-01, 9.40958470e-04, 9.27701660e-01, 9.41401428e-04, 3.17136816e+00, 6.65830253e+01
9.68215306e-04, 4.20287133e-04, 9.99032721e-01, 9.67350620e-04, 9.27675267e-01, 9.67818783e-04, 3.17134174e+00, 6.65845130e+01
9.95396231e-04, 4.32080081e-04, 9.99005594e-01, 9.94482342e-04, 9.27648136e-01, 9.94977142e-04, 3.17131459e+00, 6.65860425e+01
1.02334021e-03, 4.44203760e-04, 9.98977706e-01, 1.02237432e-03, 9.27620244e-01, 1.02289727e-03, 3.17128667e+00, 6.65876148e+01
1.05206867e-03, 4.56667438e-04, 9.98949037e-01, 1.05104782e-03, 9.27591570e-01, 1.05160053e-03, 3.17125796e+00, 6.65892313e+01
1.08160363e-03, 4.69480638e-04, 9.98919565e-01, 1.08052469e-03, 9.27562093e-01, 1.08110885e-03, 3.17122845e+00, 6.65908931e+01
1.11196773e-03, 4.82653152e-04, 9.98889267e-01, 1.11082740e-03, 9.27531791e-01, 1.11144479e-03, 3.17119812e+00, 6.65926014e+01
1.14318425e-03, 4.96195044e-04, 9.98858121e-01, 1.14197904e-03, 9.27500639e-01, 1.14263156e-03, 3.17116693e+00, 6.65943577e+01
1.17527712e-03, 5.10116661e-04, 9.98826103e-01, 1.17400333e-03, 9.27468615e-01, 1.17469297e-03, 3.17113487e+00, 6.65961632e+01
1.20827094e-03, 5.24428638e-04, 9.98793187e-01, 1.20692468e-03, 9.27435693e-01, 1.20765355e-03, 3.17110191e+00, 6.65980193e+01
1.24219100e-03, 5.39141905e-04, 9.98759350e-01, 1.24076814e-03, 9.27401850e-01, 1.24153848e-03, 3.17106802e+00, 6.65999274e+01
1.27706330e-03, 5.54267703e-04, 9.98724566e-01, 1.27555950e-03, 9.27367059e-01, 1.27637366e-03, 3.17103319e+00, 6.66018891e+01
1.31291459e-03, 5.69817580e-04, 9.98688807e-01, 1.31132522e-03, 9.27331293e-01, 1.31218571e-03, 3.17099738e+00, 6.66039057e+01
1.34977233e-03, 5.85803413e-04, 9.98652047e-01, 1.34809255e-03, 9.27294525e-01, 1.34900198e-03, 3.17096056e+00, 6.66059788e+01
1.38766479e-03, 6.02237406e-04, 9.98614258e-01, 1.38588945e-03, 9.27256729e-01, 1.38685061e-03, 3.17092271e+00, 6.66081101e+01
1.42662102e-03, 6.19132106e-04, 9.98575411e-01, 1.42474467e-03, 9.27217873e-01, 1.42576051e-03, 3.17088380e+00, 6.66103011e+01
1.46667087e-03, 6.36500410e-04, 9.98535477e-01, 1.46468778e-03, 9.27177930e-01, 1.46576140e-03, 3.17084380e+00, 6.66125535e+01
1.50784505e-03, 6.54355573e-04, 9.98494425e-01, 1.50574915e-03, 9.27136869e-01, 1.50688384e-03, 3.17080268e+00, 6.66148690e+01
1.55017512e-03, 6.72711224e-04, 9.98452224e-01, 1.54796000e-03, 9.27094658e-01, 1.54915923e-03, 3.17076040e+00, 6.66172494e+01
1.59369353e-03, 6.91581368e-04, 9.98408842e-01, 1.59135240e-03, 9.27051266e-01, 1.59261985e-03, 3.17071694e+00, 6.66196965e+01
1.63843365e-03, 7.10980403e-04, 9.98364246e-01, 1.63595935e-03, 9.27006659e-01, 1.63729888e-03, 3.17067226e+00, 6.66222122e+01
1.68442976e-03, 7.30923128e-04, 9.98318403e-01, 1.68181472e-03, 9.26960803e-01, 1.68323044e-03, 3.17062633e+00, 6.66247983e+01
1.73171713e-03, 7.51424755e-04, 9.98271277e-01, 1.72895336e-03, 9.26913665e-01, 1.73044959e-03, 3.17057911e+00, 6.66274570e+01
1.78033202e-03, 7.72500920e-04, 9.98222832e-01, 1.77741104e-03, 9.26865207e-01, 1.77899236e-03, 3.17053057e+00, 6.66301901e+01
1.83031168e-03, 7.94167695e-04, 9.98173032e-01, 1.82722456e-03, 9.26815393e-01, 1.82889582e-03, 3.17048067e+00, 6.66329997e+01
1.88169442e-03, 8.16441599e-04, 9.98121840e-01, 1.87843173e-03, 9.26764186e-01, 1.88019803e-03, 3.17042936e+00, 6.66358881e+01
1.93451965e-03, 8.39339613e-04, 9.98069215e-01, 1.93107140e-03, 9.26711547e-01, 1.93293814e-03, 3.17037662e+00, 6.66388574e+01
1.98882786e-03, 8.62879189e-04, 9.98015120e-01, 1.98518350e-03, 9.26657435e-01, 1.98715639e-03, 3.17032241e+00, 6.66419099e+01
2.04466067e-03, 8.87078267e-04, 9.97959511e-01, 2.04080906e-03, 9.26601809e-01, 2.04289413e-03, 3.17026667e+00, 6.66450478e+01
2.10206088e-03, 9.11955285e-04, 9.97902349e-01, 2.09799024e-03, 9.26544628e-01, 2.10019387e-03, 3.17020937e+00, 6.66482737e+01
2.16107251e-03, 9.37529196e-04, 9.97843588e-01, 2.15677039e-03, 9.26485848e-01, 2.15909931e-03, 3.17015046e+00, 6.66515898e+01
2.22174078e-03, 9.63819479e-04, 9.97783184e-01, 2.21719402e-03, 9.26425424e-01, 2.21965536e-03, 3.17008991e+00, 6.66549989e+01
2.28411221e-03, 9.90846156e-04, 9.97721093e-01, 2.27930691e-03, 9.26363311e-01, 2.28190818e-03, 3.17002765e+00, 6.66585033e+01
2.34823460e-03, 1.01862981e-03, 9.97657267e-01, 2.34315607e-03, 9.26299462e-01, 2.34590523e-03, 3.16996366e+00, 6.66621059e+01
2.41415712e-03, 1.04719158e-03, 9.97591657e-01, 2.40878983e-03, 9.26233828e-01, 2.41169528e-03, 3.16989787e+00, 6.66658094e+01
2.48193029e-03, 1.07655322e-03, 9.97524214e-01, 2.47625785e-03, 9.26166360e-01, 2.47932845e-03, 3.16983023e+00, 6.66696165e+01
2.55160607e-03, 1.10673706e-03, 9.97454888e-01, 2.54561113e-03, 9.26097007e-01, 2.54885629e-03, 3.16976071e+00, 6.66735302e+01
2.62323788e-03, 1.13776607e-03, 9.97383625e-01, 2.61690212e-03, 9.26025716e-01, 2.62033173e-03, 3.16968923e+00, 6.66775535e+01
2.69688063e-03, 1.16966386e-03, 9.97310373e-01, 2.69018468e-03, 9.25952433e-01, 2.69380923e-03, 3.16961575e+00, 6.66816893e+01
2.77259076e-03, 1.20245468e-03, 9.97235075e-01, 2.76551417e-03, 9.25877104e-01, 2.76934473e-03, 3.16954022e+00, 6.66859409e+01
2.85042632e-03, 1.23616346e-03, 9.97157676e-01, 2.84294747e-03, 9.25799671e-01, 2.84699573e-03, 3.16946257e+00, 6.66903115e+01
2.93044698e-03, 1.27081583e-03, 9.97078115e-01, 2.92254302e-03, 9.25720075e-01, 2.92682134e-03, 3.16938274e+00, 6.66948043e+01
3.01271407e-03, 1.30643812e-03, 9.96996335e-01, 3.00436086e-03, 9.25638257e-01, 3.00888231e-03, 3.16930068e+00, 6.66994228e+01
3.09729067e-03, 1.34305740e-03, 9.96912273e-01, 3.08846269e-03, 9.25554155e-01, 3.09324107e-03, 3.16921632e+00, 6.67041706e+01
3.18424160e-03, 1.38070148e-03, 9.96825866e-01, 3.17491190e-03, 9.25467706e-01, 3.17996180e-03, 3.16912960e+00, 6.67090511e+01
3.27363353e-03, 1.41939895e-03, 9.96737048e-01, 3.26377361e-03, 9.25378844e-01, 3.26911044e-03, 3.16904045e+00, 6.67140681e+01
3.36553498e-03, 1.45917918e-03, 9.96645754e-01, 3.35511474e-03, 9.25287503e-01, 3.36075478e-03, 3.16894881e+00, 6.67192255e+01
3.46001639e-03, 1.50007238e-03, 9.96551914e-01, 3.44900403e-03, 9.25193614e-01, 3.45496449e-03, 3.16885460e+00, 6.67245271e+01
3.55715021e-03, 1.54210957e-03, 9.96455458e-01, 3.54551210e-03, 9.25097106e-01, 3.55181117e-03, 3.16875775e+00, 6.67299768e+01
3.65701088e-03, 1.58532264e-03, 9.96356314e-01, 3.64471151e-03, 9.24997906e-01, 3.65136840e-03, 3.16865819e+00, 6.67355790e+01
3.75967497e-03, 1.62974435e-03, 9.96254407e-01, 3.74667680e-03, 9.24895941e-01, 3.75371182e-03, 3.16855585e+00, 6.67413378e+01
3.86522116e-03, 1.67540839e-03, 9.96149661e-01, 3.85148454e-03, 9.24791133e-01, 3.85891913e-03, 3.16845064e+00, 6.67472575e+01
3.97373038e-03, 1.72234936e-03, 9.96041998e-01, 3.95921340e-03, 9.24683405e-01, 3.96707023e-03, 3.16834249e+00, 6.67533426e+01
4.08528580e-03, 1.77060283e-03, 9.95931336e-01, 4.06994419e-03, 9.24572674e-01, 4.07824721e-03, 3.16823132e+00, 6.67595978e+01
4.19997295e-03, 1.82020534e-03, 9.95817593e-01, 4.18375990e-03, 9.24458858e-01, 4.19253442e-03, 3.16811703e+00, 6.67660278e+01
4.31787973e-03, 1.87119444e-03, 9.95700684e-01, 4.30074581e-03, 9.24341872e-01, 4.31001856e-03, 3.16799954e+00, 6.67726373e+01
4.43909653e-03, 1.92360874e-03, 9.95580522e-01, 4.42098951e-03, 9.24221628e-01, 4.43078875e-03, 3.16787877e+00, 6.67794316e+01
4.56371628e-03, 1.97748788e-03, 9.95457017e-01, 4.54458096e-03, 9.24098037e-01, 4.55493653e-03, 3.16775463e+00, 6.67864155e+01
4.69183451e-03, 2.03287261e-03, 9.95330076e-01, 4.67161257e-03, 9.23971005e-01, 4.68255601e-03, 3.16762701e+00, 6.67935945e+01
4.82354943e-03, 2.08980480e-03, 9.95199606e-01, 4.80217925e-03, 9.23840439e-01, 4.81374389e-03, 3.16749582e+00, 6.68009739e+01
4.95896201e-03, 2.14832749e-03, 9.95065508e-01, 4.93637848e-03, 9.23706240e-01, 4.94859952e-03, 3.16736096e+00, 6.68085593e+01
5.09817606e-03, 2.20848488e-03, 9.94927683e-01, 5.07431038e-03, 9.23568308e-01, 5.08722503e-03, 3.16722234e+00, 6.68163565e+01
5.24129830e-03, 2.27032240e-03, 9.94786030e-01, 5.21607779e-03, 9.23426540e-01, 5.22972533e-03, 3.16707984e+00, 6.68243712e+01
5.38843844e-03, 2.33388671e-03, 9.94640441e-01, 5.36178631e-03, 9.23280832e-01, 5.37620827e-03, 3.16693335e+00, 6.68326096e+01
5.53970928e-03, 2.39922578e-03, 9.94490810e-01, 5.51154438e-03, 9.23131074e-01, 5.52678463e-03, 3.16678278e+00, 6.68410778e+01
5.69522678e-03, 2.46638889e-03, 9.94337025e-01, 5.66546339e-03, 9.22977155e-01, 5.68156828e-03, 3.16662799e+00, 6.68497822e+01
5.85511016e-03, 2.53542665e-03, 9.94178973e-01, 5.82365770e-03, 9.22818960e-01, 5.84067619e-03, 3.16646889e+00, 6.68587294e+01
6.01948197e-03, 2.60639109e-03, 9.94016535e-01, 5.98624477e-03, 9.22656373e-01, 6.00422858e-03, 3.16630533e+00, 6.68679260e+01
6.18846824e-03, 2.67933564e-03, 9.93849593e-01, 6.15334518e-03, 9.22489273e-01, 6.17234897e-03, 3.16613721e+00, 6.68773791e+01
6.36219849e-03, 2.75431521e-03, 9.93678023e-01, 6.32508277e-03, 9.22317535e-01, 6.34516426e-03, 3.16596440e+00, 6.68870956e+01
6.54080591e-03, 2.83138620e-03, 9.93501698e-01, 6.50158468e-03, 9.22141033e-01, 6.52280488e-03, 3.16578676e+00, 6.68970828e+01
6.72442742e-03, 2.91060657e-03, 9.93320488e-01, 6.68298146e-03, 9.21959637e-01, 6.70540479e-03, 3.16560416e+00, 6.69073484e+01
6.91320378e-03, 2.99203585e-03, 9.93134260e-01, 6.86940714e-03, 9.21773211e-01, 6.89310168e-03, 3.16541646e+00, 6.69178999e+01
7.10727970e-03, 3.07573520e-03, 9.92942877e-01, 7.06099933e-03, 9.21581619e-01, 7.08603697e-03, 3.16522353e+00, 6.69287452e+01
7.30680395e-03, 3.16176744e-03, 9.92746198e-01, 7.25789928e-03, 9.21384719e-01, 7.28435599e-03, 3.16502521e+00, 6.69398925e+01
7.51192949e-03, 3.25019713e-03, 9.92544079e-01, 7.46025203e-03, 9.21182366e-01, 7.48820804e-03, 3.16482135e+00, 6.69513502e+01
7.72281357e-03, 3.34109055e-03, 9.92336371e-01, 7.66820644e-03, 9.20974412e-01, 7.69774652e-03, 3.16461182e+00, 6.69631267e+01
7.93961785e-03, 3.43451582e-03, 9.92122923e-01, 7.88191533e-03, 9.20760703e-01, 7.91312901e-03, 3.16439643e+00, 6.69752308e+01
8.16250851e-03, 3.53054289e-03, 9.91903579e-01, 8.10153556e-03, 9.20541082e-01, 8.13451740e-03, 3.16417505e+00, 6.69876717e+01
8.39165644e-03, 3.62924361e-03, 9.91678177e-01, 8.32722811e-03, 9.20315390e-01, 8.36207803e-03, 3.16394748e+00, 6.70004586e+01
8.62723729e-03, 3.73069181e-03, 9.91446555e-01, 8.55915824e-03, 9.20083460e-01, 8.59598176e-03, 3.16371358e+00, 6.70136010e+01
8.86943166e-03, 3.83496328e-03, 9.91208544e-01, 8.79749554e-03, 9.19845122e-01, 8.83640411e-03, 3.16347316e+00, 6.70271087e+01
9.11842520e-03, 3.94213590e-03, 9.90963969e-01, 9.04241404e-03, 9.19600204e-01, 9.08352539e-03, 3.16322604e+00, 6.70409917e+01
9.37440879e-03, 4.05228964e-03, 9.90712655e-01, 9.29409235e-03, 9.19348526e-01, 9.33753082e-03, 3.16297203e+00, 6.70552604e+01
9.63757866e-03, 4.16550662e-03, 9.90454418e-01, 9.55271375e-03, 9.19089904e-01, 9.59861067e-03, 3.16271095e+00, 6.70699255e+01
9.90813657e-03, 4.28187121e-03, 9.90189071e-01, 9.81846630e-03, 9.18824152e-01, 9.86696038e-03, 3.16244260e+00, 6.70849976e+01
1.01862899e-02, 4.40147004e-03, 9.89916424e-01, 1.00915430e-02, 9.18551075e-01, 1.01427807e-02, 3.16216678e+00, 6.71004882e+01
1.04722519e-02, 4.52439206e-03, 9.89636280e-01, 1.03721417e-02, 9.18270476e-01, 1.04262778e-02, 3.16188328e+00, 6.71164085e+01
1.07662418e-02, 4.65072864e-03, 9.89348436e-01, 1.06604656e-02, 9.17982152e-01, 1.07176635e-02, 3.16159190e+00, 6.71327705e+01
1.10684849e-02, 4.78057359e-03, 9.89052685e-01, 1.09567231e-02, 9.17685895e-01, 1.10171553e-02, 3.16129241e+00, 6.71495862e+01
1.13792129e-02, 4.91402325e-03, 9.88748817e-01, 1.12611279e-02, 9.17381490e-01, 1.13249767e-02, 3.16098459e+00, 6.71668680e+01
1.16986641e-02, 5.05117654e-03, 9.88436612e-01, 1.15738992e-02, 9.17068719e-01, 1.16413571e-02, 3.16066821e+00, 6.71846288e+01
1.20270833e-02, 5.19213502e-03, 9.88115848e-01, 1.18952619e-02, 9.16747356e-01, 1.19665321e-02, 3.16034303e+00, 6.72028815e+01
1.23647224e-02, 5.33700299e-03, 9.87786297e-01, 1.22254467e-02, 9.16417171e-01, 1.23007438e-02, 3.16000882e+00, 6.72216397e+01
1.27118400e-02, 5.48588750e-03, 9.87447723e-01, 1.25646901e-02, 9.16077928e-01, 1.26442407e-02, 3.15966532e+00, 6.72409171e+01
1.30687023e-02, 5.63889849e-03, 9.87099885e-01, 1.29132346e-02, 9.15729383e-01, 1.29972780e-02, 3.15931228e+00, 6.72607280e+01
1.34355829e-02, 5.79614881e-03, 9.86742539e-01, 1.32713290e-02, 9.15371289e-01, 1.33601179e-02, 3.15894944e+00, 6.72810868e+01
1.38127630e-02, 5.95775431e-03, 9.86375430e-01, 1.36392282e-02, 9.15003390e-01, 1.37330294e-02, 3.15857653e+00, 6.73020085e+01
1.42005318e-02, 6.12383394e-03, 9.85998300e-01, 1.40171937e-02, 9.14625424e-01, 1.41162889e-02, 3.15819327e+00, 6.73235085e+01
1.45991865e-02, 6.29450978e-03, 9.85610883e-01, 1.44054936e-02, 9.14237124e-01, 1.45101803e-02, 3.15779938e+00, 6.73456024e+01
1.50090328e-02, 6.46990713e-03, 9.85212907e-01, 1.48044026e-02, 9.13838215e-01, 1.49149947e-02, 3.15739457e+00, 6.73683064e+01
1.54303847e-02, 6.65015464e-03, 9.84804094e-01, 1.52142023e-02, 9.13428416e-01, 1.53310315e-02, 3.15697853e+00, 6.73916371e+01
1.58635653e-02, 6.83538432e-03, 9.84384158e-01, 1.56351814e-02, 9.13007437e-01, 1.57585976e-02, 3.15655097e+00, 6.74156115e+01
1.63089068e-02, 7.02573168e-03, 9.83952805e-01, 1.60676357e-02, 9.12574982e-01, 1.61980085e-02, 3.15611155e+00, 6.74402470e+01
1.67667503e-02, 7.22133576e-03, 9.83509738e-01, 1.65118684e-02, 9.12130750e-01, 1.66495878e-02, 3.15565997e+00, 6.74655616e+01
1.72374471e-02, 7.42233928e-03, 9.83054648e-01, 1.69681899e-02, 9.11674428e-01, 1.71136678e-02, 3.15519589e+00, 6.74915736e+01
1.77213578e-02, 7.62888867e-03, 9.82587220e-01, 1.74369187e-02, 9.11205699e-01, 1.75905896e-02, 3.15471897e+00, 6.75183020e+01
1.82188534e-02, 7.84113421e-03, 9.82107134e-01, 1.79183807e-02, 9.10724237e-01, 1.80807035e-02, 3.15422886e+00, 6.75457659e+01
1.87303154e-02, 8.05923009e-03, 9.81614059e-01, 1.84129097e-02, 9.10229708e-01, 1.85843687e-02, 3.15372519e+00, 6.75739853e+01
1.92561357e-02, 8.28333450e-03, 9.81107658e-01, 1.89208480e-02, 9.09721770e-01, 1.91019544e-02, 3.15320761e+00, 6.76029806e+01
1.97967175e-02, 8.51360975e-03, 9.80587585e-01, 1.94425457e-02, 9.09200072e-01, 1.96338390e-02, 3.15267572e+00, 6.76327727e+01
2.03524752e-02, 8.75022235e-03, 9.80053486e-01, 1.99783616e-02, 9.08664256e-01, 2.01804112e-02, 3.15212915e+00, 6.76633829e+01
2.09238348e-02, 8.99334311e-03, 9.79504999e-01, 2.05286631e-02, 9.08113955e-01, 2.07420698e-02, 3.15156749e+00, 6.76948333e+01
2.15112343e-02, 9.24314725e-03, 9.78941755e-01, 2.10938260e-02, 9.07548792e-01, 2.13192241e-02, 3.15099034e+00, 6.77271465e+01
2.21151240e-02, 9.49981449e-03, 9.78363373e-01, 2.16742355e-02, 9.06968383e-01, 2.19122940e-02, 3.15039727e+00, 6.77603455e+01
2.27359668e-02, 9.76352916e-03, 9.77769466e-01, 2.22702853e-02, 9.06372333e-01, 2.25217106e-02, 3.14978785e+00, 6.77944540e+01
2.33742387e-02, 1.00344803e-02, 9.77159637e-01, 2.28823790e-02, 9.05760239e-01, 2.31479161e-02, 3.14916165e+00, 6.78294965e+01
2.40304289e-02, 1.03128618e-02, 9.76533482e-01, 2.35109289e-02, 9.05131689e-01, 2.37913641e-02, 3.14851820e+00, 6.78654979e+01
2.47050406e-02, 1.05988725e-02, 9.75890584e-01, 2.41563573e-02, 9.04486261e-01, 2.44525201e-02, 3.14785704e+00, 6.79024837e+01
2.53985907e-02, 1.08927162e-02, 9.75230519e-01, 2.48190962e-02, 9.03823522e-01, 2.51318617e-02, 3.14717770e+00, 6.79404803e+01
2.61116110e-02, 1.11946019e-02, 9.74552855e-01, 2.54995872e-02, 9.03143031e-01, 2.58298788e-02, 3.14647968e+00, 6.79795144e+01
2.68446481e-02, 1.15047439e-02, 9.73857148e-01, 2.61982823e-02, 9.02444336e-01, 2.65470740e-02, 3.14576249e+00, 6.80196137e+01
2.75982639e-02, 1.18233619e-02, 9.73142944e-01, 2.69156434e-02, 9.01726975e-01, 2.72839627e-02, 3.14502560e+00, 6.80608065e+01
2.83730362e-02, 1.21506810e-02, 9.72409782e-01, 2.76521430e-02, 9.00990475e-01, 2.80410736e-02, 0.00000000e+00, 6.81031217e+01
2.91695588e-02, 1.24869320e-02, 9.71657189e-01, 2.84082638e-02, 9.00234354e-01, 2.88189489e-02, 3.14349061e+00, 6.81465891e+01
2.99884423e-02, 1.28323514e-02, 9.70884681e-01, 2.91844996e-02, 8.99458118e-01, 2.96181449e-02, 3.14269142e+00, 6.81912391e+01
3.08303146e-02, 1.31871818e-02, 9.70091766e-01, 2.99813547e-02, 8.98661263e-01, 3.04392318e-02, 3.14187033e+00, 6.82371030e+01
3.16958209e-02, 1.35516713e-02, 9.69277940e-01, 3.07993445e-02, 8.97843274e-01, 3.12827943e-02, 3.14102677e+00, 6.82842128e+01
3.25856248e-02, 1.39260747e-02, 9.68442690e-01, 3.16389954e-02, 8.97003623e-01, 3.21494322e-02, 3.14016013e+00, 6.83326012e+01
3.35004083e-02, 1.43106525e-02, 9.67585491e-01, 3.25008454e-02, 8.96141773e-01, 3.30397601e-02, 3.13926980e+00, 6.83823019e+01
3.44408728e-02, 1.47056720e-02, 9.66705808e-01, 3.33854434e-02, 8.95257175e-01, 3.39544084e-02, 3.13835515e+00, 6.84333494e+01
3.54077391e-02, 1.51114068e-02, 9.65803096e-01, 3.42933502e-02, 8.94349268e-01, 3.48940231e-02, 3.13741554e+00, 6.84857788e+01
3.64017485e-02, 1.55281370e-02, 9.64876798e-01, 3.52251383e-02, 8.93417480e-01, 3.58592667e-02, 3.13645030e+00, 6.85396264e+01
3.74236629e-02, 1.59561497e-02, 9.63926345e-01, 3.61813917e-02, 8.92461226e-01, 3.68508179e-02, 3.13545874e+00, 6.85949292e+01
3.84742658e-02, 1.63957388e-02, 9.62951161e-01, 3.71627066e-02, 8.91479911e-01, 3.78693725e-02, 3.13444019e+00, 6.86517253e+01
3.95543624e-02, 1.68472053e-02, 9.61950655e-01, 3.81696911e-02, 8.90472927e-01, 3.89156436e-02, 3.13339392e+00, 6.87100534e+01
4.06647809e-02, 1.73108570e-02, 9.60924227e-01, 3.92029654e-02, 8.89439653e-01, 3.99903619e-02, 3.13231920e+00, 6.87699534e+01
4.18063724e-02, 1.77870096e-02, 9.59871264e-01, 4.02631620e-02, 8.88379456e-01, 4.10942761e-02, 3.13121529e+00, 6.88314661e+01
4.29800121e-02, 1.82759856e-02, 9.58791145e-01, 4.13509257e-02, 8.87291692e-01, 4.22281534e-02, 3.13008141e+00, 6.88946333e+01
4.41865996e-02, 1.87781154e-02, 9.57683234e-01, 4.24669136e-02, 8.86175704e-01, 4.33927795e-02, 3.12891678e+00, 6.89594979e+01
4.54270599e-02, 1.92937372e-02, 9.56546887e-01, 4.36117956e-02, 8.85030822e-01, 4.45889597e-02, 3.12772060e+00, 6.90261036e+01
4.67023439e-02, 1.98231967e-02, 9.55381447e-01, 4.47862537e-02, 8.83856364e-01, 4.58175186e-02, 3.12649204e+00, 6.90944954e+01
4.80134292e-02, 2.03668477e-02, 9.54186246e-01, 4.59909827e-02, 8.82651635e-01, 4.70793008e-02, 3.12523026e+00, 6.91647193e+01
4.93613210e-02, 2.09250522e-02, 9.52960606e-01, 4.72266902e-02, 8.81415928e-01, 4.83751713e-02, 3.12393439e+00, 6.92368223e+01
5.07470524e-02, 2.14981804e-02, 9.51703836e-01, 4.84940961e-02, 8.80148522e-01, 4.97060158e-02, 3.12260355e+00, 6.93108526e+01
5.21716858e-02, 2.20866106e-02, 9.50415235e-01, 4.97939332e-02, 8.78848685e-01, 5.10727414e-02, 3.12123682e+00, 6.93868597e+01
5.36363132e-02, 2.26907300e-02, 9.49094092e-01, 5.11269471e-02, 8.77515671e-01, 5.24762765e-02, 3.11983329e+00, 6.94648941e+01
5.51420574e-02, 2.33109341e-02, 9.47739684e-01, 5.24938956e-02, 8.76148722e-01, 5.39175719e-02, 3.11839199e+00, 6.95450076e+01
5.66900727e-02, 2.39476274e-02, 9.46351277e-01, 5.38955496e-02, 8.74747068e-01, 5.53976004e-02, 3.11691196e+00, 6.96272532e+01
5.82815458e-02, 2.46012230e-02, 9.44928128e-01, 5.53326924e-02, 8.73309926e-01, 5.69173579e-02, 3.11539220e+00, 6.97116851e+01
5.99176967e-02, 2.52721433e-02, 9.43469482e-01, 5.68061197e-02, 8.71836498e-01, 5.84778637e-02, 3.11383170e+00, 6.97983589e+01
6.15997796e-02, 2.59608197e-02, 9.41974574e-01, 5.83166399e-02, 8.70325978e-01, 6.00801606e-02, 3.11222940e+00, 6.98873315e+01
6.33290840e-02, 2.66676928e-02, 9.40442630e-01, 5.98650735e-02, 8.68777544e-01, 6.17253156e-02, 3.11058425e+00, 6.99786613e+01
6.51069356e-02, 2.73932126e-02, 9.38872865e-01, 6.14522534e-02, 8.67190365e-01, 6.34144203e-02, 3.10889514e+00, 7.00724077e+01
6.69346971e-02, 2.81378388e-02, 9.37264486e-01, 6.30790245e-02, 8.65563594e-01, 6.51485914e-02, 3.10716097e+00, 7.01686319e+01
6.88137699e-02, 2.89020403e-02, 9.35616689e-01, 6.47462435e-02, 8.63896375e-01, 6.69289708e-02, 3.10538059e+00, 7.02673965e+01
7.07455942e-02, 2.96862961e-02, 9.33928662e-01, 6.64547790e-02, 8.62187839e-01, 6.87567264e-02, 3.10355284e+00, 7.03687654e+01
7.27316511e-02, 3.04910947e-02, 9.32199585e-01, 6.82055110e-02, 8.60437107e-01, 7.06330526e-02, 3.10167651e+00, 7.04728043e+01
7.47734631e-02, 3.13169348e-02, 9.30428629e-01, 6.99993309e-02, 8.58643287e-01, 7.25591702e-02, 3.09975039e+00, 7.05795802e+01
7.68725952e-02, 3.21643250e-02, 9.28614958e-01, 7.18371410e-02, 8.56805477e-01, 7.45363275e-02, 3.09777324e+00, 7.06891621e+01
7.90306568e-02, 3.30337838e-02, 9.26757728e-01, 7.37198542e-02, 8.54922764e-01, 7.65658001e-02, 3.09574376e+00, 7.08016202e+01
8.12493021e-02, 3.39258402e-02, 9.24856088e-01, 7.56483941e-02, 8.52994224e-01, 7.86488918e-02, 3.09366067e+00, 7.09170269e+01
8.35302320e-02, 3.48410332e-02, 9.22909182e-01, 7.76236940e-02, 8.51018924e-01, 8.07869348e-02, 3.09152263e+00, 7.10354559e+01
8.58751948e-02, 3.57799125e-02, 9.20916146e-01, 7.96466972e-02, 8.48995921e-01, 8.29812903e-02, 3.08932827e+00, 7.11569831e+01
8.82859884e-02, 3.67430377e-02, 9.18876114e-01, 8.17183558e-02, 8.46924262e-01, 8.52333486e-02, 3.08707621e+00, 7.12816862e+01
9.07644607e-02, 3.77309793e-02, 9.16788212e-01, 8.38396312e-02, 8.44802987e-01, 8.75445298e-02, 3.08476503e+00, 7.14096445e+01
9.33125118e-02, 3.87443182e-02, 9.14651565e-01, 8.60114926e-02, 8.42631125e-01, 8.99162841e-02, 3.08239328e+00, 7.15409399e+01
9.59320948e-02, 3.97836456e-02, 9.12465293e-01, 8.82349172e-02, 8.40407701e-01, 9.23500922e-02, 3.07995947e+00, 7.16756557e+01
9.86252179e-02, 4.08495636e-02, 9.10228514e-01, 9.05108894e-02, 8.38131729e-01, 9.48474657e-02, 3.07746210e+00, 7.18138779e+01
1.01393946e-01, 4.19426849e-02, 9.07940346e-01, 9.28404003e-02, 8.35802218e-01, 9.74099476e-02, 3.07489962e+00, 7.19556944e+01
1.04240401e-01, 4.30636326e-02, 9.05599903e-01, 9.52244467e-02, 8.33418171e-01, 1.00039112e-01, 3.07227045e+00, 7.21011955e+01
1.07166765e-01, 4.42130406e-02, 9.03206303e-01, 9.76640309e-02, 8.30978587e-01, 1.02736566e-01, 3.06957300e+00, 7.22504739e+01
1.10175281e-01, 4.53915533e-02, 9.00758661e-01, 1.00160159e-01, 8.28482459e-01, 1.05503949e-01, 3.06680561e+00, 7.24036247e+01
1.13268257e-01, 4.65998259e-02, 8.98256098e-01, 1.02713843e-01, 8.25928775e-01, 1.08342931e-01, 3.06396663e+00, 7.25607456e+01
1.16448062e-01, 4.78385241e-02, 8.95697735e-01, 1.05326095e-01, 8.23316523e-01, 1.11255218e-01, 3.06105434e+00, 7.27219369e+01
1.19717134e-01, 4.91083240e-02, 8.93082699e-01, 1.07997931e-01, 8.20644687e-01, 1.14242548e-01, 3.05806701e+00, 7.28873021e+01
1.23077980e-01, 5.04099123e-02, 8.90410121e-01, 1.10730368e-01, 8.17912250e-01, 1.17306692e-01, 3.05500287e+00, 7.30569470e+01
1.26533176e-01, 5.17439860e-02, 8.87679139e-01, 1.13524422e-01, 8.15118196e-01, 1.20449455e-01, 3.05186011e+00, 7.32309810e+01
1.30085370e-01, 5.31112527e-02, 8.84888900e-01, 1.16381110e-01, 8.12261508e-01, 1.23672678e-01, 3.04863688e+00, 7.34095164e+01
1.33737286e-01, 5.45124297e-02, 8.82038557e-01, 1.19301446e-01, 8.09341172e-01, 1.26978234e-01, 3.04533133e+00, 7.35926689e+01
1.37491723e-01, 5.59482450e-02, 8.79127276e-01, 1.22286440e-01, 8.06356178e-01, 1.30368032e-01, 3.04194153e+00, 7.37805578e+01
1.41351558e-01, 5.74194362e-02, 8.76154234e-01, 1.25337101e-01, 8.03305517e-01, 1.33844014e-01, 3.03846555e+00, 7.39733059e+01
1.45319752e-01, 5.89267507e-02, 8.73118619e-01, 1.28454428e-01, 8.00188190e-01, 1.37408159e-01, 3.03490140e+00, 7.41710402e+01
1.49399346e-01, 6.04709458e-02, 8.70019635e-01, 1.31639417e-01, 7.97003201e-01, 1.41062480e-01, 3.03124708e+00, 7.43738915e+01
1.53593468e-01, 6.20527881e-02, 8.66856504e-01, 1.34893054e-01, 7.93749564e-01, 1.44809024e-01, 3.02750054e+00, 7.45819951e+01
1.57905331e-01, 6.36730536e-02, 8.63628462e-01, 1.38216317e-01, 7.90426301e-01, 1.48649876e-01, 3.02365969e+00, 7.47954907e+01
1.62338243e-01, 6.53325272e-02, 8.60334766e-01, 1.41610172e-01, 7.87032446e-01, 1.52587152e-01, 3.01972241e+00, 7.50145228e+01
1.66895601e-01, 6.70320026e-02, 8.56974693e-01, 1.45075571e-01, 7.83567047e-01, 1.56623005e-01, 3.01568656e+00, 7.52392413e+01
1.71580899e-01, 6.87722823e-02, 8.53547545e-01, 1.48613454e-01, 7.80029164e-01, 1.60759624e-01, 3.01154994e+00, 7.54698010e+01
1.76397728e-01, 7.05541769e-02, 8.50052645e-01, 1.52224745e-01, 7.76417873e-01, 1.64999230e-01, 3.00731033e+00, 7.57063628e+01
1.81349780e-01, 7.23785049e-02, 8.46489343e-01, 1.55910350e-01, 7.72732268e-01, 1.69344082e-01, 3.00296548e+00, 7.59490935e+01
1.86440853e-01, 7.42460926e-02, 8.42857018e-01, 1.59671154e-01, 7.68971464e-01, 1.73796468e-01, 2.99851309e+00, 7.61981662e+01
1.91674849e-01, 7.61577735e-02, 8.39155077e-01, 1.63508024e-01, 7.65134594e-01, 1.78358715e-01, 2.99395085e+00, 7.64537610e+01
1.97055780e-01, 7.81143880e-02, 8.35382959e-01, 1.67421800e-01, 7.61220818e-01, 1.83033180e-01, 2.98927638e+00, 7.67160651e+01
2.02587771e-01, 8.01167833e-02, 8.31540137e-01, 1.71413301e-01, 7.57229317e-01, 1.87822254e-01, 2.98448731e+00, 7.69852737e+01
2.08275063e-01, 8.21658124e-02, 8.27626118e-01, 1.75483314e-01, 7.53159304e-01, 1.92728361e-01, 2.97958120e+00, 7.72615898e+01
2.14122015e-01, 8.42623342e-02, 8.23640447e-01, 1.79632601e-01, 7.49010017e-01, 1.97753954e-01, 2.97455561e+00, 7.75452254e+01
2.20133111e-01, 8.64072127e-02, 8.19582709e-01, 1.83861889e-01, 7.44780729e-01, 2.02901518e-01, 2.96940804e+00, 7.78364016e+01
2.26312957e-01, 8.86013169e-02, 8.15452527e-01, 1.88171872e-01, 7.40470746e-01, 2.08173569e-01, 2.96413599e+00, 7.81353498e+01
2.32666291e-01, 9.08455198e-02, 8.11249571e-01, 1.92563208e-01, 7.36079410e-01, 2.13572649e-01, 2.95873691e+00, 7.84423114e+01
2.39197984e-01, 9.31406982e-02, 8.06973553e-01, 1.97036515e-01, 7.31606103e-01, 2.19101331e-01, 2.95320823e+00, 7.87575395e+01
2.45913043e-01, 9.54877322e-02, 8.02624233e-01, 2.01592371e-01, 7.27050247e-01, 2.24762210e-01, 2.94754735e+00, 7.90812990e+01
2.52816614e-01, 9.78875042e-02, 7.98201419e-01, 2.06231309e-01, 7.22411310e-01, 2.30557910e-01, 2.94175165e+00, 7.94138677e+01
2.59913992e-01, 1.00340899e-01, 7.93704972e-01, 2.10953814e-01, 7.17688804e-01, 2.36491075e-01, 2.93581849e+00, 7.97555369e+01
2.67210616e-01, 1.02848802e-01, 7.89134803e-01, 2.15760325e-01, 7.12882293e-01, 2.42564371e-01, 2.92974519e+00, 8.01066126e+01
2.74712079e-01, 1.05412101e-01, 7.84490880e-01, 2.20651225e-01, 7.07991393e-01, 2.48780484e-01, 2.92352908e+00, 8.04674163e+01
2.82424133e-01, 1.08031682e-01, 7.79773224e-01, 2.25626843e-01, 7.03015775e-01, 2.55142116e-01, 2.91716745e+00, 8.08382859e+01
2.90352688e-01, 1.10708431e-01, 7.74981917e-01, 2.30687450e-01, 6.97955168e-01, 2.61651987e-01, 2.91065758e+00, 8.12195770e+01
2.98503825e-01, 1.13443233e-01, 7.70117100e-01, 2.35833256e-01, 6.92809362e-01, 2.68312824e-01, 2.90399674e+00, 8.16116640e+01
3.06883789e-01, 1.16236971e-01, 7.65178976e-01, 2.41064405e-01, 6.87578213e-01, 2.75127367e-01, 2.89718220e+00, 8.20149412e+01
3.15499006e-01, 1.19090524e-01, 7.60167811e-01, 2.46380973e-01, 6.82261645e-01, 2.82098362e-01, 2.89021120e+00, 8.24298243e+01
3.24356081e-01, 1.22004770e-01, 7.55083934e-01, 2.51782968e-01, 6.76859650e-01, 2.89228557e-01, 2.88308101e+00, 8.28567514e+01
3.33461802e-01, 1.24980579e-01, 7.49927744e-01, 2.57270321e-01, 6.71372297e-01, 2.96520699e-01, 2.87578886e+00, 8.32961850e+01
3.42823149e-01, 1.28018820e-01, 7.44699703e-01, 2.62842886e-01, 6.65799732e-01, 3.03977530e-01, 2.86833203e+00, 8.37486129e+01
3.52447300e-01, 1.31120351e-01, 7.39400345e-01, 2.68500435e-01, 6.60142183e-01, 3.11601785e-01, 2.86070778e+00, 8.42145503e+01
3.62341632e-01, 1.34286029e-01, 7.34030273e-01, 2.74242656e-01, 6.54399962e-01, 3.19396183e-01, 2.85291338e+00, 8.46945410e+01
3.72513730e-01, 1.37516698e-01, 7.28590161e-01, 2.80069150e-01, 6.48573468e-01, 3.27363426e-01, 2.84494614e+00, 8.51891596e+01
3.82971391e-01, 1.40813196e-01, 7.23080757e-01, 2.85979424e-01, 6.42663194e-01, 3.35506193e-01, 2.83680337e+00, 8.56990131e+01
3.93722633e-01, 1.44176353e-01, 7.17502878e-01, 2.91972892e-01, 6.36669726e-01, 3.43827131e-01, 2.82848243e+00, 8.62247427e+01
4.04775697e-01, 1.47606985e-01, 7.11857418e-01, 2.98048866e-01, 6.30593752e-01, 3.52328854e-01, 2.81998071e+00, 8.67670261e+01
4.16139055e-01, 1.51105900e-01, 7.06145344e-01, 3.04206560e-01, 6.24436058e-01, 3.61013934e-01, 2.81129563e+00, 8.73265792e+01
4.27821420e-01, 1.54673893e-01, 7.00367697e-01, 3.10445077e-01, 6.18197541e-01, 3.69884893e-01, 2.80242467e+00, 8.79041587e+01
4.39831747e-01, 1.58311745e-01, 6.94525595e-01, 3.16763415e-01, 6.11879203e-01, 3.78944198e-01, 2.79336536e+00, 8.85005639e+01
4.52179242e-01, 1.62020224e-01, 6.88620228e-01, 3.23160457e-01, 6.05482161e-01, 3.88194254e-01, 2.78411531e+00, 8.91166392e+01
4.64873371e-01, 1.65800084e-01, 6.82652863e-01, 3.29634969e-01, 5.99007649e-01, 3.97637392e-01, 2.77467217e+00, 8.97532765e+01
4.77923865e-01, 1.69652062e-01, 6.76624841e-01, 3.36185600e-01, 5.92457018e-01, 4.07275865e-01, 2.76503370e+00, 9.04114175e+01
4.91340729e-01, 1.73576879e-01, 6.70537578e-01, 3.42810873e-01, 5.85831745e-01, 4.17111836e-01, 2.75519773e+00, 9.10920566e+01
5.05134247e-01, 1.77575238e-01, 6.64392563e-01, 3.49509188e-01, 5.79133430e-01, 4.27147373e-01, 2.74516219e+00, 9.17962426e+01
5.19314994e-01, 1.81647824e-01, 6.58191359e-01, 3.56278817e-01, 5.72363801e-01, 4.37384434e-01, 2.73492513e+00, 9.25250825e+01
5.33893840e-01, 1.85795303e-01, 6.51935600e-01, 3.63117899e-01, 5.65524719e-01, 4.47824860e-01, 2.72448470e+00, 9.32797430e+01
5.48881961e-01, 1.90018322e-01, 6.45626991e-01, 3.70024441e-01, 5.58618177e-01, 4.58470366e-01, 2.71383920e+00, 9.40614541e+01
5.64290847e-01, 1.94317504e-01, 6.39267309e-01, 3.76996316e-01, 5.51646302e-01, 4.69322526e-01, 2.70298704e+00, 9.48715112e+01
5.80132310e-01, 1.98693454e-01, 6.32858396e-01, 3.84031259e-01, 5.44611359e-01, 4.80382769e-01, 2.69192679e+00, 9.57112782e+01
5.96418495e-01, 2.03146750e-01, 6.26402164e-01, 3.91126867e-01, 5.37515751e-01, 4.91652362e-01, 2.68065720e+00, 9.65821902e+01
6.13161884e-01, 2.07677952e-01, 6.19900588e-01, 3.98280597e-01, 5.30362021e-01, 5.03132401e-01, 2.66917716e+00, 9.74857561e+01
6.30375315e-01, 2.12287591e-01, 6.13355704e-01, 4.05489769e-01, 5.23152849e-01, 5.14823802e-01, 2.65748576e+00, 9.84235617e+01
6.48071983e-01, 2.16976176e-01, 6.06769614e-01, 4.12751563e-01, 5.15891055e-01, 5.26727285e-01, 2.64558228e+00, 9.93972722e+01
6.66265452e-01, 2.21744190e-01, 6.00144472e-01, 4.20063020e-01, 5.08579598e-01, 5.38843369e-01, 2.63346619e+00, 1.00408635e+02
6.84969672e-01, 2.26592088e-01, 5.93482492e-01, 4.27421044e-01, 5.01221574e-01, 5.51172355e-01, 2.62113721e+00, 1.01459482e+02
7.04198979e-01, 2.31520301e-01, 5.86785940e-01, 4.34822402e-01, 4.93820216e-01, 5.63714320e-01, 2.60859524e+00, 1.02551733e+02
7.23968114e-01, 2.36529229e-01, 5.80057132e-01, 4.42263731e-01, 4.86378887e-01, 5.76469103e-01, 2.59584046e+00, 1.03687398e+02
7.44292233e-01, 2.41619247e-01, 5.73298431e-01, 4.49741537e-01, 4.78901081e-01, 5.89436299e-01, 2.58287326e+00, 1.04868580e+02
7.65186915e-01, 2.46790700e-01, 5.66512244e-01, 4.57252198e-01, 4.71390420e-01, 6.02615246e-01, 2.56969432e+00, 1.06097477e+02
7.86668179e-01, 2.52043903e-01, 5.59701019e-01, 4.64791975e-01, 4.63850643e-01, 6.16005018e-01, 2.55630455e+00, 1.07376384e+02
8.08752491e-01, 2.57379142e-01, 5.52867241e-01, 4.72357010e-01, 4.56285608e-01, 6.29604417e-01, 2.54270515e+00, 1.08707696e+02
8.31456781e-01, 2.62796674e-01, 5.46013431e-01, 4.79943338e-01, 4.48699280e-01, 6.43411967e-01, 2.52889760e+00, 1.10093914e+02
8.54798453e-01, 2.68296725e-01, 5.39142136e-01, 4.87546891e-01, 4.41095727e-01, 6.57425906e-01, 2.51488366e+00, 1.11537638e+02
8.78795401e-01, 2.73879488e-01, 5.32255933e-01, 4.95163507e-01, 4.33479111e-01, 6.71644181e-01, 2.50066538e+00, 1.13041579e+02
9.03466021e-01, 2.79545129e-01, 5.25357421e-01, 5.02788937e-01, 4.25853681e-01, 6.86064446e-01, 2.48624512e+00, 1.14608555e+02
9.28829225e-01, 2.85293778e-01, 5.18449216e-01, 5.10418858e-01, 4.18223760e-01, 7.00684058e-01, 2.47162550e+00, 1.16241498e+02
9.54904456e-01, 2.91125536e-01, 5.11533951e-01, 5.18048879e-01, 4.10593739e-01, 7.15500080e-01, 2.45680948e+00, 1.17943450e+02
9.81711702e-01, 2.97040474e-01, 5.04614268e-01, 5.25674555e-01, 4.02968063e-01, 7.30509273e-01, 2.44180029e+00, 1.19717572e+02
1.00927151e+00, 3.03038627e-01, 4.97692817e-01, 5.33291396e-01, 3.95351222e-01, 7.45708106e-01, 2.42660146e+00, 1.21567139e+02
1.03760502e+00, 3.09120002e-01, 4.90772250e-01, 5.40894882e-01, 3.87747736e-01, 7.61092757e-01, 2.41121681e+00, 1.23495549e+02
1.06673394e+00, 3.15284571e-01, 4.83855218e-01, 5.48480472e-01, 3.80162146e-01, 7.76659113e-01, 2.39565045e+00, 1.25506322e+02
1.09668060e+00, 3.21532276e-01, 4.76944367e-01, 5.56043618e-01, 3.72599000e-01, 7.92402787e-01, 2.37990678e+00, 1.27603100e+02
1.12746796e+00, 3.27863028e-01, 4.70042332e-01, 5.63579782e-01, 3.65062836e-01, 8.08319114e-01, 2.36399045e+00, 1.29789657e+02
1.15911962e+00, 3.34276704e-01, 4.63151736e-01, 5.71084443e-01, 3.57558175e-01, 8.24403170e-01, 2.34790639e+00, 1.32069893e+02
1.19165984e+00, 3.40773150e-01, 4.56275185e-01, 5.78553115e-01, 3.50089503e-01, 8.40649777e-01, 2.33165979e+00, 1.34447842e+02
1.22511358e+00, 3.47352184e-01, 4.49415262e-01, 5.85981359e-01, 3.42661259e-01, 8.57053521e-01, 2.31525604e+00, 1.36927674e+02
1.25950646e+00, 3.54013588e-01, 4.42574525e-01, 5.93364797e-01, 3.35277821e-01, 8.73608759e-01, 2.29870080e+00, 1.39513700e+02
1.29486487e+00, 3.60757118e-01, 4.35755505e-01, 6.00699126e-01, 3.27943492e-01, 8.90309638e-01, 2.28199992e+00, 1.42210373e+02
1.33121590e+00, 3.67582497e-01, 4.28960698e-01, 6.07980129e-01, 3.20662489e-01, 9.07150113e-01, 2.26515945e+00, 1.45022292e+02
1.36858742e+00, 3.74489419e-01, 4.22192565e-01, 6.15203687e-01, 3.13438931e-01, 9.24123957e-01, 2.24818561e+00, 1.47954210e+02
1.40700809e+00, 3.81477549e-01, 4.15453528e-01, 6.22365796e-01, 3.06276822e-01, 9.41224785e-01, 2.23108478e+00, 1.51011037e+02
1.44650734e+00, 3.88546523e-01, 4.08745964e-01, 6.29462570e-01, 2.99180048e-01, 9.58446069e-01, 2.21386349e+00, 1.54197844e+02
1.48711546e+00, 3.95695948e-01, 4.02072206e-01, 6.36490261e-01, 2.92152357e-01, 9.75781158e-01, 2.19652841e+00, 1.57519870e+02
1.52886359e+00, 4.02925403e-01, 3.95434536e-01, 6.43445260e-01, 2.85197358e-01, 9.93223295e-01, 2.17908627e+00, 1.60982531e+02
1.57178372e+00, 4.10234442e-01, 3.88835186e-01, 6.50324114e-01, 2.78318504e-01, 1.01076564e+00, 2.16154392e+00, 1.64591421e+02
1.61590875e+00, 4.17622591e-01, 3.82276331e-01, 6.57123527e-01, 2.71519091e-01, 1.02840128e+00, 2.14390828e+00, 1.68352326e+02
1.66127252e+00, 4.25089350e-01, 3.75760089e-01, 6.63840371e-01, 2.64802247e-01, 1.04612326e+00, 2.12618630e+00, 1.72271228e+02
1.70790980e+00, 4.32634194e-01, 3.69288519e-01, 6.70471693e-01, 2.58170925e-01, 1.06392460e+00, 2.10838496e+00, 1.76354316e+02
1.75585633e+00, 4.40256573e-01, 3.62863618e-01, 6.77014717e-01, 2.51627901e-01, 1.08179829e+00, 2.09051127e+00, 1.80607992e+02
1.80514888e+00, 4.47955916e-01, 3.56487318e-01, 6.83466849e-01, 2.45175769e-01, 1.09973735e+00, 2.07257221e+00, 1.85038888e+02
1.85582523e+00, 4.55731626e-01, 3.50161484e-01, 6.89825683e-01, 2.38816935e-01, 1.11773480e+00, 2.05457476e+00, 1.89653869e+02
1.90792422e+00, 4.63583085e-01, 3.43887915e-01, 6.96088998e-01, 2.32553620e-01, 1.13578372e+00, 2.03652584e+00, 1.94460049e+02
1.96148581e+00, 4.71509656e-01, 3.37668341e-01, 7.02254763e-01, 2.26387855e-01, 1.15387722e+00, 2.01843234e+00, 1.99464800e+02
2.01655104e+00, 4.79510678e-01, 3.31504419e-01, 7.08321139e-01, 2.20321479e-01, 1.17200850e+00, 2.00030106e+00, 2.04675771e+02
2.07316213e+00, 4.87585472e-01, 3.25397736e-01, 7.14286471e-01, 2.14356147e-01, 1.19017082e+00, 1.98213874e+00, 2.10100893e+02
2.13136247e+00, 4.95733342e-01, 3.19349807e-01, 7.20149294e-01, 2.08493324e-01, 1.20835755e+00, 1.96395201e+00, 2.15748400e+02
2.19119669e+00, 5.03953573e-01, 3.13362070e-01, 7.25908327e-01, 2.02734291e-01, 1.22656215e+00, 1.94574742e+00, 2.21626840e+02
2.25271064e+00, 5.12245431e-01, 3.07435893e-01, 7.31562471e-01, 1.97080147e-01, 1.24477819e+00, 1.92753137e+00, 2.27745093e+02
2.31595149e+00, 5.20608169e-01, 3.01572566e-01, 7.37110805e-01, 1.91531813e-01, 1.26299939e+00, 1.90931017e+00, 2.34112388e+02
2.38096772e+00, 5.29041024e-01, 2.95773306e-01, 7.42552582e-01, 1.86090036e-01, 1.28121957e+00, 1.89109000e+00, 2.40738315e+02
2.44780916e+00, 5.37543219e-01, 2.90039255e-01, 7.47887226e-01, 1.80755392e-01, 1.29943269e+00, 1.87287687e+00, 2.47632850e+02
2.51652705e+00, 5.46113963e-01, 2.84371479e-01, 7.53114321e-01, 1.75528297e-01, 1.31763287e+00, 1.85467669e+00, 2.54806369e+02
2.58717408e+00, 5.54752453e-01, 2.78770971e-01, 7.58233614e-01, 1.70409004e-01, 1.33581437e+00, 1.83649520e+00, 2.62269668e+02
2.65980440e+00, 5.63457874e-01, 2.73238647e-01, 7.63245002e-01, 1.65397616e-01, 1.35397158e+00, 1.81833798e+00, 2.70033984e+02
2.73447368e+00, 5.72229403e-01, 2.67775351e-01, 7.68148529e-01, 1.60494089e-01, 1.37209909e+00, 1.80021047e+00, 2.78111016e+02
2.81123917e+00, 5.81066203e-01, 2.62381854e-01, 7.72944379e-01, 1.55698239e-01, 1.39019160e+00, 1.78211796e+00, 2.86512947e+02
2.89015972e+00, 5.89967432e-01, 2.57058854e-01, 7.77632868e-01, 1.51009750e-01, 1.40824401e+00, 1.76406555e+00, 2.95252466e+02
2.97129582e+00, 5.98932239e-01, 2.51806978e-01, 7.82214442e-01, 1.46428176e-01, 1.42625135e+00, 1.74605822e+00, 3.04342790e+02
3.05470967e+00, 6.07959763e-01, 2.46626782e-01, 7.86689662e-01, 1.41952956e-01, 1.44420882e+00, 1.72810074e+00, 3.13797691e+02
3.14046522e+00, 6.17049141e-01, 2.41518754e-01, 7.91059207e-01, 1.37583411e-01, 1.46211180e+00, 1.71019777e+00, 3.23631522e+02
3.22862820e+00, 6.26199502e-01, 2.36483311e-01, 7.95323859e-01, 1.33318759e-01, 1.47995580e+00, 1.69235377e+00, 3.33859238e+02
3.31926620e+00, 6.35409971e-01, 2.31520808e-01, 7.99484501e-01, 1.29158117e-01, 1.49773651e+00, 1.67457306e+00, 3.44496428e+02
3.41244871e+00, 6.44679670e-01, 2.26631530e-01, 8.03542107e-01, 1.25100511e-01, 1.51544977e+00, 1.65685979e+00, 3.55559343e+02
3.50824714e+00, 6.54007716e-01, 2.21815701e-01, 8.07497742e-01, 1.21144876e-01, 1.53309159e+00, 1.63921797e+00, 3.67064923e+02
3.60673495e+00, 6.63393226e-01, 2.17073483e-01, 8.11352545e-01, 1.17290073e-01, 1.55065813e+00, 1.62165144e+00, 3.79030827e+02
3.70798763e+00, 6.72835313e-01, 2.12404976e-01, 8.15107733e-01, 1.13534885e-01, 1.56814568e+00, 1.60416388e+00, 3.91475469e+02
3.81208280e+00, 6.82333091e-01, 2.07810223e-01, 8.18764589e-01, 1.09878029e-01, 1.58555072e+00, 1.58675884e+00, 4.04418044e+02
3.91910025e+00, 6.91885673e-01, 2.03289209e-01, 8.22324459e-01, 1.06318159e-01, 1.60286985e+00, 1.56943971e+00, 4.17878568e+02
4.02912203e+00, 7.01492174e-01, 1.98841864e-01, 8.25788742e-01, 1.02853876e-01, 1.62009983e+00, 1.55220973e+00, 4.31877911e+02
4.14223247e+00, 7.11151707e-01, 1.94468065e-01, 8.29158890e-01, 9.94837276e-02, 1.63723756e+00, 1.53507200e+00, 4.46437831e+02
4.25851829e+00, 7.20863389e-01, 1.90167637e-01, 8.32436401e-01, 9.62062171e-02, 1.65428008e+00, 1.51802949e+00, 4.61581017e+02
4.37806863e+00, 7.30626340e-01, 1.85940357e-01, 8.35622810e-01, 9.30198082e-02, 1.67122455e+00, 1.50108501e+00, 4.77331127e+02
4.50097513e+00, 7.40439681e-01, 1.81785952e-01, 8.38719689e-01, 8.99229291e-02, 1.68806831e+00, 1.48424125e+00, 4.93712825e+02
4.62733201e+00, 7.50302539e-01, 1.77704105e-01, 8.41728640e-01, 8.69139776e-02, 1.70480878e+00, 1.46750078e+00, 5.10751830e+02
4.75723614e+00, 7.60214043e-01, 1.73694456e-01, 8.44651293e-01, 8.39913254e-02, 1.72144355e+00, 1.45086601e+00, 5.28474957e+02
4.89078709e+00, 7.70173327e-01, 1.69756602e-01, 8.47489296e-01, 8.11533224e-02, 1.73797030e+00, 1.43433926e+00, 5.46910164e+02
5.02808725e+00, 7.80179530e-01, 1.65890100e-01, 8.50244317e-01, 7.83983009e-02, 1.75438687e+00, 1.41792269e+00, 5.66086602e+02
5.16924187e+00, 7.90231798e-01, 1.62094471e-01, 8.52918039e-01, 7.57245790e-02, 1.77069119e+00, 1.40161838e+00, 5.86034661e+02
5.31435916e+00, 8.00329281e-01, 1.58369199e-01, 8.55512154e-01, 7.31304644e-02, 1.78688131e+00, 1.38542825e+00, 6.06786027e+02
5.46355035e+00, 8.10471136e-01, 1.54713732e-01, 8.58028360e-01, 7.06142581e-02, 1.80295541e+00, 1.36935415e+00, 6.28373734e+02
5.61692982e+00, 8.20656529e-01, 1.51127491e-01, 8.60468361e-01, 6.81742570e-02, 1.81891178e+00, 1.35339778e+00, 6.50832221e+02
5.77461515e+00, 8.30884629e-01, 1.47609861e-01, 8.62833861e-01, 6.58087573e-02, 1.83474880e+00, 1.33756076e+00, 6.74197393e+02
5.93672722e+00, 8.41154616e-01, 1.44160202e-01, 8.65126561e-01, 6.35160574e-02, 1.85046497e+00, 1.32184460e+00, 6.98506678e+02
6.10339029e+00, 8.51465677e-01, 1.40777848e-01, 8.67348158e-01, 6.12944600e-02, 1.86605888e+00, 1.30625068e+00, 7.23799096e+02
6.27473213e+00, 8.61817006e-01, 1.37462106e-01, 8.69500343e-01, 5.91422753e-02, 1.88152924e+00, 1.29078032e+00, 7.50115325e+02
6.45088409e+00, 8.72207807e-01, 1.34212261e-01, 8.71584795e-01, 5.70578225e-02, 1.89687484e+00, 1.27543473e+00, 7.77497767e+02
6.63198120e+00, 8.82637292e-01, 1.31027576e-01, 8.73603185e-01, 5.50394326e-02, 1.91209456e+00, 1.26021500e+00, 8.05990625e+02
6.81816229e+00, 8.93104682e-01, 1.27907296e-01, 8.75557168e-01, 5.30854498e-02, 1.92718739e+00, 1.24512217e+00, 8.35639977e+02
7.00957009e+00, 9.03609206e-01, 1.24850646e-01, 8.77448384e-01, 5.11942336e-02, 1.94215240e+00, 1.23015716e+00, 8.66493853e+02
7.20635132e+00, 9.14150106e-01, 1.21856835e-01, 8.79278457e-01, 4.93641606e-02, 1.95698874e+00, 1.21532082e+00, 8.98602322e+02
7.40865683e+00, 9.24726629e-01, 1.18925058e-01, 8.81048992e-01, 4.75936255e-02, 1.97169565e+00, 1.20061391e+00, 9.32017572e+02
7.61664172e+00, 9.35338035e-01, 1.16054495e-01, 8.82761575e-01, 4.58810431e-02, 1.98627245e+00, 1.18603711e+00, 9.66794003e+02
7.83046540e+00, 9.45983593e-01, 1.13244314e-01, 8.84417769e-01, 4.42248489e-02, 2.00071854e+00, 1.17159102e+00, 1.00298832e+03
8.05029181e+00, 9.56662583e-01, 1.10493675e-01, 8.86019117e-01, 4.26235009e-02, 2.01503340e+00, 1.15727617e+00, 1.04065963e+03
8.27628946e+00, 9.67374292e-01, 1.07801724e-01, 8.87567138e-01, 4.10754800e-02, 2.02921656e+00, 1.14309300e+00, 1.07986954e+03
8.50863158e+00, 9.78118021e-01, 1.05167604e-01, 8.89063326e-01, 3.95792915e-02, 2.04326766e+00, 1.12904190e+00, 1.12068226e+03
8.74749630e+00, 9.88893079e-01, 1.02590447e-01, 8.90509153e-01, 3.81334654e-02, 2.05718639e+00, 1.11512318e+00, 1.16316473e+03
8.99306672e+00, 9.99698787e-01, 1.00069381e-01, 8.91906061e-01, 3.67365572e-02, 2.07097249e+00, 1.10133708e+00, 1.20738672e+03
9.24553110e+00, 1.01053448e+00, 9.76035298e-02, 8.93255469e-01, 3.53871487e-02, 2.08462578e+00, 1.08768378e+00, 1.25342094e+03
9.50508296e+00, 1.02139949e+00, 9.51920136e-02, 8.94558770e-01, 3.40838485e-02, 2.09814616e+00, 1.07416340e+00, 1.30134319e+03
9.77192128e+00, 1.03229317e+00, 9.28339498e-02, 8.95817326e-01, 3.28252921e-02, 2.11153356e+00, 1.06077600e+00, 1.35123248e+03
1.00462506e+01, 1.04321489e+00, 9.05284548e-02, 8.97032475e-01, 3.16101426e-02, 2.12478798e+00, 1.04752158e+00, 1.40317114e+03
1.03282813e+01, 1.05416402e+00, 8.82746444e-02, 8.98205527e-01, 3.04370909e-02, 2.13790949e+00, 1.03440008e+00, 1.45724501e+03
1.06182294e+01, 1.06513995e+00, 8.60716349e-02, 8.99337762e-01, 2.93048559e-02, 2.15089818e+00, 1.02141138e+00, 1.51354354e+03
1.09163173e+01, 1.07614206e+00, 8.39185439e-02, 9.00430434e-01, 2.82121844e-02, 2.16375423e+00, 1.00855534e+00, 1.57215998e+03
1.12227736e+01, 1.08716977e+00, 8.18144912e-02, 9.01484766e-01, 2.71578516e-02, 2.17647783e+00, 9.95831728e-01, 1.63319151e+03
1.15378330e+01, 1.09822248e+00, 7.97585995e-02, 9.02501957e-01, 2.61406608e-02, 2.18906927e+00, 9.83240297e-01, 1.69673943e+03
1.18617372e+01, 1.10929963e+00, 7.77499950e-02, 9.03483174e-01, 2.51594436e-02, 2.20152882e+00, 9.70780738e-01, 1.76290932e+03
1.21947344e+01, 1.12040065e+00, 7.57878084e-02, 9.04429558e-01, 2.42130595e-02, 2.21385686e+00, 9.58452702e-01, 1.83181124e+03
1.25370799e+01, 1.13152499e+00, 7.38711753e-02, 9.05342222e-01, 2.33003963e-02, 2.22605377e+00, 9.46255797e-01, 1.90355988e+03
1.28890361e+01, 1.14267211e+00, 7.19992367e-02, 9.06222249e-01, 2.24203694e-02, 2.23811997e+00, 9.34189592e-01, 1.97827480e+03
1.32508729e+01, 1.15384147e+00, 7.01711401e-02, 9.07070696e-01, 2.15719217e-02, 2.25005595e+00, 9.22253617e-01, 2.05608060e+03
1.36228676e+01, 1.16503255e+00, 6.83860392e-02, 9.07888594e-01, 2.07540238e-02, 2.26186220e+00, 9.10447364e-01, 2.13710718e+03
1.40053055e+01, 1.17624484e+00, 6.66430952e-02, 9.08676945e-01, 1.99656732e-02, 2.27353927e+00, 8.98770292e-01, 2.22148991e+03
1.43984795e+01, 1.18747784e+00, 6.49414767e-02, 9.09436724e-01, 1.92058942e-02, 2.28508774e+00, 8.87221823e-01, 2.30936990e+03
1.48026913e+01, 1.19873106e+00, 6.32803605e-02, 9.10168880e-01, 1.84737377e-02, 2.29650821e+00, 8.75801351e-01, 2.40089421e+03
1.52182505e+01, 1.21000400e+00, 6.16589316e-02, 9.10874337e-01, 1.77682806e-02, 2.30780133e+00, 8.64508236e-01, 2.49621615e+03
1.56454759e+01, 1.22129622e+00, 6.00763839e-02, 9.11553992e-01, 1.70886257e-02, 2.31896775e+00, 8.53341811e-01, 2.59549549e+03
1.60846948e+01, 1.23260723e+00, 5.85319205e-02, 9.12208717e-01, 1.64339009e-02, 2.33000818e+00, 8.42301382e-01, 2.69889878e+03
1.65362441e+01, 1.24393658e+00, 5.70247538e-02, 9.12839359e-01, 1.58032593e-02, 2.34092333e+00, 8.31386228e-01, 2.80659961e+03
1.70004698e+01, 1.25528384e+00, 5.55541057e-02, 9.13446740e-01, 1.51958785e-02, 2.35171396e+00, 8.20595603e-01, 2.91877891e+03
1.74777277e+01, 1.26664856e+00, 5.41192085e-02, 9.14031658e-01, 1.46109600e-02, 2.36238082e+00, 8.09928739e-01, 3.03562526e+03
1.79683839e+01, 1.27803033e+00, 5.27193041e-02, 9.14594889e-01, 1.40477291e-02, 2.37292472e+00, 7.99384845e-01, 3.15733525e+03
1.84728144e+01, 1.28942872e+00, 5.13536452e-02, 9.15137184e-01, 1.35054343e-02, 2.38334645e+00, 7.88963110e-01, 3.28411375e+03
1.89914058e+01, 1.30084334e+00, 5.00214947e-02, 9.15659271e-01, 1.29833468e-02, 2.39364686e+00, 7.78662703e-01, 3.41617433e+03
1.95245558e+01, 1.31227377e+00, 4.87221263e-02, 9.16161858e-01, 1.24807598e-02, 2.40382679e+00, 7.68482775e-01, 3.55373959e+03
2.00726730e+01, 1.32371963e+00, 4.74548245e-02, 9.16645629e-01, 1.19969886e-02, 2.41388710e+00, 7.58422459e-01, 3.69704154e+03
2.06361777e+01, 1.33518054e+00, 4.62188846e-02, 9.17111248e-01, 1.15313695e-02, 2.42382869e+00, 7.48480876e-01, 3.84632203e+03
2.12155017e+01, 1.34665613e+00, 4.50136131e-02, 9.17559358e-01, 1.10832600e-02, 2.43365244e+00, 7.38657126e-01, 4.00183313e+03
2.18110892e+01, 1.35814602e+00, 4.38383275e-02, 9.17990581e-01, 1.06520374e-02, 2.44335926e+00, 7.28950300e-01, 4.16383759e+03
2.24233968e+01, 1.36964988e+00, 4.26923562e-02, 9.18405519e-01, 1.02370992e-02, 2.45295009e+00, 7.19359474e-01, 4.33260928e+03
2.30528939e+01, 1.38116734e+00, 4.15750390e-02, 9.18804756e-01, 9.83786206e-03, 2.46242585e+00, 7.09883714e-01, 4.50843367e+03
2.37000629e+01, 1.39269806e+00, 4.04857268e-02, 9.19188856e-01, 9.45376163e-03, 2.47178749e+00, 7.00522073e-01, 4.69160829e+03
2.43654001e+01, 1.40424172e+00, 3.94237819e-02, 9.19558366e-01, 9.08425186e-03, 2.48103597e+00, 6.91273596e-01, 4.88244330e+03
2.50494154e+01, 1.41579798e+00, 3.83885774e-02, 9.19913813e-01, 8.72880463e-03, 2.49017225e+00, 6.82137317e-01, 5.08126197e+03
2.57526333e+01, 1.42736654e+00, 3.73794979e-02, 9.20255709e-01, 8.38690927e-03, 2.49919730e+00, 6.73112263e-01, 5.28840128e+03
2.64755927e+01, 1.43894707e+00, 3.63959391e-02, 9.20584546e-01, 8.05807207e-03, 2.50811211e+00, 6.64197455e-01, 5.50421244e+03
2.72188479e+01, 1.45053928e+00, 3.54373078e-02, 9.20900802e-01, 7.74181583e-03, 2.51691766e+00, 6.55391905e-01, 5.72906157e+03
2.79829688e+01, 1.46214287e+00, 3.45030217e-02, 9.21204939e-01, 7.43767940e-03, 2.52561494e+00, 6.46694620e-01, 5.96333027e+03
2.87685409e+01, 1.47375755e+00, 3.35925097e-02, 9.21497401e-01, 7.14521723e-03, 2.53420496e+00, 6.38104603e-01, 6.20741631e+03
2.95761666e+01, 1.48538304e+00, 3.27052117e-02, 9.21778619e-01, 6.86399893e-03, 2.54268871e+00, 6.29620851e-01, 6.46173430e+03
3.04064649e+01, 1.49701906e+00, 3.18405781e-02, 9.22049009e-01, 6.59360883e-03, 2.55106720e+00, 6.21242360e-01, 6.72671641e+03
3.12600724e+01, 1.50866534e+00, 3.09980705e-02, 9.22308972e-01, 6.33364556e-03, 2.55934144e+00, 6.12968119e-01, 7.00281312e+03
3.21376434e+01, 1.52032162e+00, 3.01771610e-02, 9.22558896e-01, 6.08372162e-03, 2.56751244e+00, 6.04797118e-01, 7.29049398e+03
3.30398507e+01, 1.53198765e+00, 2.93773321e-02, 9.22799155e-01, 5.84346296e-03, 2.57558122e+00, 5.96728343e-01, 7.59024842e+03
3.39673858e+01, 1.54366317e+00, 2.85980772e-02, 9.23030109e-01, 5.61250858e-03, 2.58354878e+00, 5.88760781e-01, 7.90258661e+03
3.49209598e+01, 1.55534793e+00, 2.78388997e-02, 9.23252108e-01, 5.39051014e-03, 2.59141615e+00, 5.80893417e-01, 8.22804035e+03
3.59013038e+01, 1.56704171e+00, 2.70993135e-02, 9.23465486e-01, 5.17713156e-03, 2.59918433e+00, 5.73125235e-01, 8.56716391e+03
3.69091691e+01, 1.57874427e+00, 2.63788425e-02, 9.23670569e-01, 4.97204865e-03, 2.60685434e+00, 5.65455220e-01, 8.92053510e+03
3.79453285e+01, 1.59045537e+00, 2.56770206e-02, 9.23867669e-01, 4.77494872e-03, 2.61442720e+00, 5.57882359e-01, 9.28875616e+03
3.90105762e+01, 1.60217481e+00, 2.49933916e-02, 9.24057088e-01, 4.58553023e-03, 2.62190392e+00, 5.50405639e-01, 9.67245488e+03
4.01057288e+01, 1.61390235e+00, 2.43275093e-02, 9.24239116e-01, 4.40350243e-03, 2.62928551e+00, 5.43024050e-01, 1.00722856e+04
4.12316259e+01, 1.62563780e+00, 2.36789368e-02, 9.24414033e-01, 4.22858501e-03, 2.63657298e+00, 5.35736581e-01, 1.04889304e+04
4.23891306e+01, 1.63738095e+00, 2.30472468e-02, 9.24582110e-01, 4.06050779e-03, 2.64376734e+00, 5.28542227e-01, 1.09231003e+04
4.35791301e+01, 1.64913159e+00, 2.24320214e-02, 9.24743608e-01, 3.89901032e-03, 2.65086958e+00, 5.21439985e-01, 1.13755364e+04
4.48025368e+01, 1.66088953e+00, 2.18328518e-02, 9.24898776e-01, 3.74384165e-03, 2.65788071e+00, 5.14428854e-01, 1.18470111e+04
4.60602884e+01, 1.67265458e+00, 2.12493385e-02, 9.25047858e-01, 3.59475994e-03, 2.66480172e+00, 5.07507838e-01, 1.23383298e+04
4.73533492e+01, 1.68442656e+00, 2.06810907e-02, 9.25191086e-01, 3.45153219e-03, 2.67163362e+00, 5.00675943e-01, 1.28503317e+04
4.86827104e+01, 1.69620528e+00, 2.01277264e-02, 9.25328684e-01, 3.31393396e-03, 2.67837738e+00, 4.93932183e-01, 1.33838918e+04
5.00493910e+01, 1.70799057e+00, 1.95888723e-02, 9.25460869e-01, 3.18174904e-03, 2.68503399e+00, 4.87275572e-01, 1.39399220e+04
5.14544388e+01, 1.71978224e+00, 1.90641636e-02, 9.25587849e-01, 3.05476920e-03, 2.69160443e+00, 4.80705131e-01, 1.45193730e+04
5.28989308e+01, 1.73158015e+00, 1.85532437e-02, 9.25709824e-01, 2.93279391e-03, 2.69808968e+00, 4.74219886e-01, 1.51232357e+04
5.43839743e+01, 1.74338412e+00, 1.80557646e-02, 9.25826988e-01, 2.81563007e-03, 2.70449069e+00, 4.67818869e-01, 1.57525429e+04
5.59107078e+01, 1.75519399e+00, 1.75713858e-02, 9.25939526e-01, 2.70309177e-03, 2.71080845e+00, 4.61501116e-01, 1.64083713e+04
5.74803016e+01, 1.76700960e+00, 1.70997750e-02, 9.26047618e-01, 2.59500002e-03, 2.71704389e+00, 4.55265670e-01, 1.70918432e+04
5.90939590e+01, 1.77883082e+00, 1.66406078e-02, 9.26151435e-01, 2.49118251e-03, 2.72319799e+00, 4.49111578e-01, 1.78041284e+04
6.07529169e+01, 1.79065748e+00, 1.61935670e-02, 9.26251145e-01, 2.39147341e-03, 2.72927167e+00, 4.43037895e-01, 1.85464464e+04
6.24584471e+01, 1.80248944e+00, 1.57583434e-02, 9.26346905e-01, 2.29571309e-03, 2.73526588e+00, 4.37043681e-01, 1.93200682e+04
6.42118571e+01, 1.81432657e+00, 1.53346346e-02, 9.26438870e-01, 2.20374794e-03, 2.74118156e+00, 4.31128005e-01, 2.01263187e+04
6.60144909e+01, 1.82616872e+00, 1.49221457e-02, 9.26527188e-01, 2.11543013e-03, 2.74701962e+00, 4.25289939e-01, 2.09665792e+04
6.78677305e+01, 1.83801577e+00, 1.45205889e-02, 9.26612001e-01, 2.03061745e-03, 2.75278100e+00, 4.19528564e-01, 2.18422891e+04
6.97729965e+01, 1.84986758e+00, 1.41296829e-02, 9.26693445e-01, 1.94917304e-03, 2.75846659e+00, 4.13842968e-01, 2.27549492e+04
7.17317494e+01, 1.86172403e+00, 1.37491537e-02, 9.26771653e-01, 1.87096524e-03, 2.76407732e+00, 4.08232245e-01, 2.37061236e+04
7.37454909e+01, 1.87358500e+00, 1.33787335e-02, 9.26846751e-01, 1.79586743e-03, 2.76961407e+00, 4.02695496e-01, 2.46974430e+04
7.58157646e+01, 1.88545036e+00, 1.30181611e-02, 9.26918860e-01, 1.72375776e-03, 2.77507773e+00, 3.97231830e-01, 2.57306069e+04
7.79441575e+01, 1.89731999e+00, 1.26671819e-02, 9.26988099e-01, 1.65451908e-03, 2.78046920e+00, 3.91840363e-01, 2.68073871e+04
8.01323013e+01, 1.90919379e+00, 1.23255471e-02, 9.27054579e-01, 1.58803869e-03, 2.78578934e+00, 3.86520219e-01, 2.79296302e+04
8.23818733e+01, 1.92107165e+00, 1.19930143e-02, 9.27118410e-01, 1.52420822e-03, 2.79103903e+00, 3.81270528e-01, 2.90992614e+04
8.46945981e+01, 1.93295345e+00, 1.16693470e-02, 9.27179695e-01, 1.46292345e-03, 2.79621913e+00, 3.76090430e-01, 3.03182872e+04
8.70722485e+01, 1.94483908e+00, 1.13543144e-02, 9.27238534e-01, 1.40408418e-03, 2.80133049e+00, 3.70979070e-01, 3.15887994e+04
8.95166472e+01, 1.95672846e+00, 1.10476916e-02, 9.27295024e-01, 1.34759404e-03, 2.80637396e+00, 3.65935602e-01, 3.29129782e+04
9.20296681e+01, 1.96862147e+00, 1.07492590e-02, 9.27349258e-01, 1.29336041e-03, 2.81135037e+00, 3.60959188e-01, 3.42930964e+04
9.46132376e+01, 1.98051802e+00, 1.04588028e-02, 9.27401324e-01, 1.24129422e-03, 2.81626057e+00, 3.56048997e-01, 3.57315232e+04
9.72693362e+01, 1.99241802e+00, 1.01761143e-02, 9.27451308e-01, 1.19130986e-03, 2.82110536e+00, 3.51204207e-01, 3.72307279e+04
1.00000000e+02, 2.00432137e+00, 9.90099010e-03, 9.27499293e-01, 1.14332503e-03, 2.82588556e+00, 3.46424002e-01, 3.87932847e+04
