 --- Cosmological Parameters --- 
	 H0: 2.2027e-18 (1/s) = 67.9700 (km/s/Mpc) 
	 OmegaM: 3.1000e-01 
	 OmegaR: 0.0000e+00 
	 OmegaL: 6.9000e-01 
	 OmegaK: 0.0000e+00 
		 w0: -1.0000e+00 
		 wa: 0.0000e+00 
	 rho_crit: 8.6799e-30 (g/cm^3) 
z, log10(1+z), a, H0*t_look, H0*t_age, H0*t_conf, H0*t_conf_age, H(z) 
1.00000000e-04, 4.34272769e-05, 9.99900010e-01, 9.99926754e-05, 9.55177283e-01, 9.99976750e-05, 3.26123428e+00, 6.79731608e+01
1.02807322e-04, 4.46463579e-05, 9.99897203e-01, 1.02799581e-04, 9.55174476e-01, 1.02804865e-04, 3.26123148e+00, 6.79732496e+01
1.05693455e-04, 4.58996588e-05, 9.99894318e-01, 1.05685273e-04, 9.55171590e-01, 1.05690858e-04, 3.26122859e+00, 6.79733408e+01
1.08660611e-04, 4.71881402e-05, 9.99891351e-01, 1.08651963e-04, 9.55168624e-01, 1.08657866e-04, 3.26122562e+00, 6.79734346e+01
1.11711065e-04, 4.85127895e-05, 9.99888301e-01, 1.11701925e-04, 9.55165574e-01, 1.11708164e-04, 3.26122257e+00, 6.79735310e+01
1.14847155e-04, 4.98746217e-05, 9.99885166e-01, 1.14837494e-04, 9.55162438e-01, 1.14844088e-04, 3.26121944e+00, 6.79736302e+01
1.18071285e-04, 5.12746804e-05, 9.99881943e-01, 1.18061074e-04, 9.55159214e-01, 1.18068043e-04, 3.26121621e+00, 6.79737321e+01
1.21385926e-04, 5.27140387e-05, 9.99878629e-01, 1.21375134e-04, 9.55155900e-01, 1.21382500e-04, 3.26121290e+00, 6.79738369e+01
1.24793621e-04, 5.41937993e-05, 9.99875222e-01, 1.24782214e-04, 9.55152493e-01, 1.24790000e-04, 3.26120949e+00, 6.79739446e+01
1.28296980e-04, 5.57150964e-05, 9.99871719e-01, 1.28284924e-04, 9.55148991e-01, 1.28293153e-04, 3.26120599e+00, 6.79740554e+01
1.31898690e-04, 5.72790956e-05, 9.99868119e-01, 1.31885947e-04, 9.55145390e-01, 1.31894645e-04, 3.26120239e+00, 6.79741692e+01
1.35601511e-04, 5.88869955e-05, 9.99864417e-01, 1.35588043e-04, 9.55141687e-01, 1.35597236e-04, 3.26119869e+00, 6.79742863e+01
1.39408283e-04, 6.05400281e-05, 9.99860611e-01, 1.39394048e-04, 9.55137881e-01, 1.39403764e-04, 3.26119488e+00, 6.79744066e+01
1.43321923e-04, 6.22394601e-05, 9.99856699e-01, 1.43306877e-04, 9.55133969e-01, 1.43317147e-04, 3.26119097e+00, 6.79745303e+01
1.47345431e-04, 6.39865937e-05, 9.99852676e-01, 1.47329529e-04, 9.55129946e-01, 1.47340383e-04, 3.26118694e+00, 6.79746575e+01
1.51481892e-04, 6.57827676e-05, 9.99848541e-01, 1.51465085e-04, 9.55125810e-01, 1.51476557e-04, 3.26118281e+00, 6.79747883e+01
1.55734477e-04, 6.76293582e-05, 9.99844290e-01, 1.55716713e-04, 9.55121559e-01, 1.55728838e-04, 3.26117855e+00, 6.79749227e+01
1.60106446e-04, 6.95277803e-05, 9.99839919e-01, 1.60087671e-04, 9.55117188e-01, 1.60100486e-04, 3.26117418e+00, 6.79750610e+01
1.64601150e-04, 7.14794886e-05, 9.99835426e-01, 1.64581306e-04, 9.55112694e-01, 1.64594851e-04, 3.26116969e+00, 6.79752030e+01
1.69222035e-04, 7.34859785e-05, 9.99830807e-01, 1.69201061e-04, 9.55108074e-01, 1.69215377e-04, 3.26116507e+00, 6.79753491e+01
1.73972643e-04, 7.55487874e-05, 9.99826058e-01, 1.73950475e-04, 9.55103325e-01, 1.73965606e-04, 3.26116032e+00, 6.79754993e+01
1.78856616e-04, 7.76694958e-05, 9.99821175e-01, 1.78833186e-04, 9.55098442e-01, 1.78849178e-04, 3.26115543e+00, 6.79756537e+01
1.83877698e-04, 7.98497285e-05, 9.99816156e-01, 1.83852934e-04, 9.55093423e-01, 1.83869837e-04, 3.26115041e+00, 6.79758125e+01
1.89039738e-04, 8.20911560e-05, 9.99810996e-01, 1.89013564e-04, 9.55088262e-01, 1.89031429e-04, 3.26114525e+00, 6.79759757e+01
1.94346693e-04, 8.43954955e-05, 9.99805691e-01, 1.94319029e-04, 9.55082956e-01, 1.94337911e-04, 3.26113994e+00, 6.79761434e+01
1.99802631e-04, 8.67645125e-05, 9.99800237e-01, 1.99773392e-04, 9.55077502e-01, 1.99793349e-04, 3.26113449e+00, 6.79763159e+01
2.05411735e-04, 8.92000219e-05, 9.99794630e-01, 2.05380832e-04, 9.55071895e-01, 2.05401924e-04, 3.26112888e+00, 6.79764933e+01
2.11178304e-04, 9.17038897e-05, 9.99788866e-01, 2.11145642e-04, 9.55066130e-01, 2.11167935e-04, 3.26112311e+00, 6.79766756e+01
2.17106760e-04, 9.42780341e-05, 9.99782940e-01, 2.17072238e-04, 9.55060203e-01, 2.17095801e-04, 3.26111719e+00, 6.79768630e+01
2.23201647e-04, 9.69244272e-05, 9.99776848e-01, 2.23165159e-04, 9.55054110e-01, 2.23190063e-04, 3.26111109e+00, 6.79770557e+01
2.29467637e-04, 9.96450962e-05, 9.99770585e-01, 2.29429072e-04, 9.55047846e-01, 2.29455394e-04, 3.26110483e+00, 6.79772538e+01
2.35909533e-04, 1.02442125e-04, 9.99764146e-01, 2.35868773e-04, 9.55041407e-01, 2.35896593e-04, 3.26109839e+00, 6.79774575e+01
2.42532274e-04, 1.05317657e-04, 9.99757527e-01, 2.42489193e-04, 9.55034786e-01, 2.42518597e-04, 3.26109176e+00, 6.79776669e+01
2.49340937e-04, 1.08273895e-04, 9.99750721e-01, 2.49295404e-04, 9.55027980e-01, 2.49326482e-04, 3.26108496e+00, 6.79778822e+01
2.56340741e-04, 1.11313103e-04, 9.99743725e-01, 2.56292615e-04, 9.55020983e-01, 2.56325462e-04, 3.26107796e+00, 6.79781035e+01
2.63537052e-04, 1.14437609e-04, 9.99736532e-01, 2.63486187e-04, 9.55013789e-01, 2.63520904e-04, 3.26107076e+00, 6.79783310e+01
2.70935387e-04, 1.17649806e-04, 9.99729138e-01, 2.70881625e-04, 9.55006394e-01, 2.70918319e-04, 3.26106336e+00, 6.79785650e+01
2.78541416e-04, 1.20952156e-04, 9.99721536e-01, 2.78484595e-04, 9.54998791e-01, 2.78523377e-04, 3.26105576e+00, 6.79788055e+01
2.86360972e-04, 1.24347187e-04, 9.99713721e-01, 2.86300915e-04, 9.54990975e-01, 2.86341905e-04, 3.26104794e+00, 6.79790527e+01
2.94400048e-04, 1.27837499e-04, 9.99705687e-01, 2.94336572e-04, 9.54982939e-01, 2.94379895e-04, 3.26103990e+00, 6.79793069e+01
3.02664806e-04, 1.31425767e-04, 9.99697427e-01, 3.02597717e-04, 9.54974678e-01, 3.02643506e-04, 3.26103164e+00, 6.79795683e+01
3.11161583e-04, 1.35114738e-04, 9.99688935e-01, 3.11090674e-04, 9.54966185e-01, 3.11139070e-04, 3.26102314e+00, 6.79798369e+01
3.19896892e-04, 1.38907238e-04, 9.99680205e-01, 3.19821946e-04, 9.54957454e-01, 3.19873097e-04, 3.26101441e+00, 6.79801132e+01
3.28877429e-04, 1.42806171e-04, 9.99671231e-01, 3.28798217e-04, 9.54948477e-01, 3.28852280e-04, 3.26100543e+00, 6.79803971e+01
3.38110078e-04, 1.46814523e-04, 9.99662004e-01, 3.38026357e-04, 9.54939249e-01, 3.38083497e-04, 3.26099620e+00, 6.79806891e+01
3.47601918e-04, 1.50935364e-04, 9.99652519e-01, 3.47513431e-04, 9.54929762e-01, 3.47573824e-04, 3.26098671e+00, 6.79809893e+01
3.57360225e-04, 1.55171849e-04, 9.99642767e-01, 3.57266700e-04, 9.54920009e-01, 3.57330531e-04, 3.26097695e+00, 6.79812978e+01
3.67392478e-04, 1.59527223e-04, 9.99632742e-01, 3.67293629e-04, 9.54909982e-01, 3.67361094e-04, 3.26096692e+00, 6.79816151e+01
3.77706369e-04, 1.64004821e-04, 9.99622436e-01, 3.77601893e-04, 9.54899674e-01, 3.77673198e-04, 3.26095661e+00, 6.79819413e+01
3.88309805e-04, 1.68608072e-04, 9.99611841e-01, 3.88199381e-04, 9.54889076e-01, 3.88274745e-04, 3.26094601e+00, 6.79822766e+01
3.99210913e-04, 1.73340499e-04, 9.99600948e-01, 3.99094203e-04, 9.54878181e-01, 3.99173857e-04, 3.26093511e+00, 6.79826213e+01
4.10418050e-04, 1.78205728e-04, 9.99589750e-01, 4.10294696e-04, 9.54866981e-01, 4.10378884e-04, 3.26092390e+00, 6.79829758e+01
4.21939808e-04, 1.83207482e-04, 9.99578238e-01, 4.21809432e-04, 9.54855466e-01, 4.21898412e-04, 3.26091238e+00, 6.79833402e+01
4.33785019e-04, 1.88349591e-04, 9.99566403e-01, 4.33647221e-04, 9.54843628e-01, 4.33741266e-04, 3.26090054e+00, 6.79837148e+01
4.45962763e-04, 1.93635993e-04, 9.99554236e-01, 4.45817120e-04, 9.54831458e-01, 4.45916518e-04, 3.26088837e+00, 6.79840999e+01
4.58482375e-04, 1.99070734e-04, 9.99541728e-01, 4.58328442e-04, 9.54818947e-01, 4.58433498e-04, 3.26087585e+00, 6.79844959e+01
4.71353453e-04, 2.04657975e-04, 9.99528869e-01, 4.71190757e-04, 9.54806085e-01, 4.71301793e-04, 3.26086298e+00, 6.79849030e+01
4.84585864e-04, 2.10401992e-04, 9.99515649e-01, 4.84413907e-04, 9.54792862e-01, 4.84531263e-04, 3.26084975e+00, 6.79853215e+01
4.98189752e-04, 2.16307184e-04, 9.99502058e-01, 4.98008005e-04, 9.54779267e-01, 4.98132041e-04, 3.26083615e+00, 6.79857518e+01
5.12175544e-04, 2.22378069e-04, 9.99488087e-01, 5.11983451e-04, 9.54765292e-01, 5.12114548e-04, 3.26082217e+00, 6.79861942e+01
5.26553963e-04, 2.28619296e-04, 9.99473723e-01, 5.26350935e-04, 9.54750925e-01, 5.26489493e-04, 3.26080779e+00, 6.79866490e+01
5.41336030e-04, 2.35035640e-04, 9.99458957e-01, 5.41121445e-04, 9.54736154e-01, 5.41267890e-04, 3.26079301e+00, 6.79871166e+01
5.56533078e-04, 2.41632013e-04, 9.99443776e-01, 5.56306277e-04, 9.54720969e-01, 5.56461058e-04, 3.26077782e+00, 6.79875973e+01
5.72156756e-04, 2.48413463e-04, 9.99428170e-01, 5.71917045e-04, 9.54705358e-01, 5.72080635e-04, 3.26076220e+00, 6.79880916e+01
5.88219040e-04, 2.55385179e-04, 9.99412127e-01, 5.87965684e-04, 9.54689310e-01, 5.88138585e-04, 3.26074614e+00, 6.79885997e+01
6.04732245e-04, 2.62552498e-04, 9.99395633e-01, 6.04464466e-04, 9.54672811e-01, 6.04647209e-04, 3.26072964e+00, 6.79891221e+01
6.21709029e-04, 2.69920903e-04, 9.99378677e-01, 6.21426007e-04, 9.54655849e-01, 6.21619151e-04, 3.26071266e+00, 6.79896591e+01
6.39162405e-04, 2.77496033e-04, 9.99361246e-01, 6.38863273e-04, 9.54638412e-01, 6.39067410e-04, 3.26069521e+00, 6.79902113e+01
6.57105755e-04, 2.85283683e-04, 9.99343326e-01, 6.56789595e-04, 9.54620486e-01, 6.57005351e-04, 3.26067728e+00, 6.79907790e+01
6.75552832e-04, 2.93289812e-04, 9.99324903e-01, 6.75218675e-04, 9.54602057e-01, 6.75446711e-04, 3.26065884e+00, 6.79913626e+01
6.94517777e-04, 3.01520545e-04, 9.99305964e-01, 6.94164600e-04, 9.54583111e-01, 6.94405614e-04, 3.26063988e+00, 6.79919627e+01
7.14015130e-04, 3.09982178e-04, 9.99286494e-01, 7.13641850e-04, 9.54563634e-01, 7.13896581e-04, 3.26062039e+00, 6.79925796e+01
7.34059837e-04, 3.18681185e-04, 9.99266479e-01, 7.33665308e-04, 9.54543610e-01, 7.33934537e-04, 3.26060035e+00, 6.79932138e+01
7.54667263e-04, 3.27624220e-04, 9.99245902e-01, 7.54250277e-04, 9.54523025e-01, 7.54534829e-04, 3.26057975e+00, 6.79938659e+01
7.75853206e-04, 3.36818122e-04, 9.99224748e-01, 7.75412485e-04, 9.54501863e-01, 7.75713231e-04, 3.26055857e+00, 6.79945363e+01
7.97633907e-04, 3.46269924e-04, 9.99203002e-01, 7.97168100e-04, 9.54480107e-01, 7.97485962e-04, 3.26053680e+00, 6.79952255e+01
8.20026062e-04, 3.55986854e-04, 9.99180646e-01, 8.19533741e-04, 9.54457742e-01, 8.19869693e-04, 3.26051441e+00, 6.79959341e+01
8.43046837e-04, 3.65976343e-04, 9.99157663e-01, 8.42526493e-04, 9.54434749e-01, 8.42881565e-04, 3.26049140e+00, 6.79966626e+01
8.66713880e-04, 3.76246030e-04, 9.99134037e-01, 8.66163918e-04, 9.54411112e-01, 8.66539197e-04, 3.26046774e+00, 6.79974116e+01
8.91045332e-04, 3.86803767e-04, 9.99109748e-01, 8.90464068e-04, 9.54386811e-01, 8.90860703e-04, 3.26044342e+00, 6.79981817e+01
9.16059848e-04, 3.97657626e-04, 9.99084779e-01, 9.15445498e-04, 9.54361830e-01, 9.15864706e-04, 3.26041842e+00, 6.79989734e+01
9.41776601e-04, 4.08815904e-04, 9.99059110e-01, 9.41127283e-04, 9.54336148e-01, 9.41570347e-04, 3.26039271e+00, 6.79997874e+01
9.68215306e-04, 4.20287133e-04, 9.99032721e-01, 9.67529031e-04, 9.54309746e-01, 9.67997308e-04, 3.26036629e+00, 6.80006242e+01
9.95396231e-04, 4.32080081e-04, 9.99005594e-01, 9.94670895e-04, 9.54282605e-01, 9.95165821e-04, 3.26033912e+00, 6.80014846e+01
1.02334021e-03, 4.44203760e-04, 9.98977706e-01, 1.02257359e-03, 9.54254702e-01, 1.02309668e-03, 3.26031119e+00, 6.80023691e+01
1.05206867e-03, 4.56667438e-04, 9.98949037e-01, 1.05125842e-03, 9.54226017e-01, 1.05181127e-03, 3.26028247e+00, 6.80032786e+01
1.08160363e-03, 4.69480638e-04, 9.98919565e-01, 1.08074726e-03, 9.54196528e-01, 1.08133158e-03, 3.26025295e+00, 6.80042136e+01
1.11196773e-03, 4.82653152e-04, 9.98889267e-01, 1.11106262e-03, 9.54166213e-01, 1.11168019e-03, 3.26022260e+00, 6.80051749e+01
1.14318425e-03, 4.96195044e-04, 9.98858121e-01, 1.14222763e-03, 9.54135048e-01, 1.14288033e-03, 3.26019140e+00, 6.80061632e+01
1.17527712e-03, 5.10116661e-04, 9.98826103e-01, 1.17426605e-03, 9.54103009e-01, 1.17495589e-03, 3.26015933e+00, 6.80071794e+01
1.20827094e-03, 5.24428638e-04, 9.98793187e-01, 1.20720232e-03, 9.54070073e-01, 1.20793142e-03, 3.26012635e+00, 6.80082241e+01
1.24219100e-03, 5.39141905e-04, 9.98759350e-01, 1.24106157e-03, 9.54036214e-01, 1.24183215e-03, 3.26009245e+00, 6.80092982e+01
1.27706330e-03, 5.54267703e-04, 9.98724566e-01, 1.27586959e-03, 9.54001406e-01, 1.27668402e-03, 3.26005760e+00, 6.80104025e+01
1.31291459e-03, 5.69817580e-04, 9.98688807e-01, 1.31165294e-03, 9.53965623e-01, 1.31251371e-03, 3.26002177e+00, 6.80115379e+01
1.34977233e-03, 5.85803413e-04, 9.98652047e-01, 1.34843888e-03, 9.53928837e-01, 1.34934863e-03, 3.25998493e+00, 6.80127052e+01
1.38766479e-03, 6.02237406e-04, 9.98614258e-01, 1.38625546e-03, 9.53891020e-01, 1.38721696e-03, 3.25994707e+00, 6.80139053e+01
1.42662102e-03, 6.19132106e-04, 9.98575411e-01, 1.42513148e-03, 9.53852144e-01, 1.42614768e-03, 3.25990813e+00, 6.80151392e+01
1.46667087e-03, 6.36500410e-04, 9.98535477e-01, 1.46509656e-03, 9.53812179e-01, 1.46617058e-03, 3.25986811e+00, 6.80164079e+01
1.50784505e-03, 6.54355573e-04, 9.98494425e-01, 1.50618115e-03, 9.53771094e-01, 1.50731627e-03, 3.25982697e+00, 6.80177122e+01
1.55017512e-03, 6.72711224e-04, 9.98452224e-01, 1.54841653e-03, 9.53728859e-01, 1.54961624e-03, 3.25978467e+00, 6.80190532e+01
1.59369353e-03, 6.91581368e-04, 9.98408842e-01, 1.59183487e-03, 9.53685441e-01, 1.59310282e-03, 3.25974118e+00, 6.80204320e+01
1.63843365e-03, 7.10980403e-04, 9.98364246e-01, 1.63646921e-03, 9.53640806e-01, 1.63780930e-03, 3.25969647e+00, 6.80218495e+01
1.68442976e-03, 7.30923128e-04, 9.98318403e-01, 1.68235354e-03, 9.53594922e-01, 1.68376986e-03, 3.25965051e+00, 6.80233070e+01
1.73171713e-03, 7.51424755e-04, 9.98271277e-01, 1.72952277e-03, 9.53547753e-01, 1.73101966e-03, 3.25960326e+00, 6.80248055e+01
1.78033202e-03, 7.72500920e-04, 9.98222832e-01, 1.77801279e-03, 9.53499263e-01, 1.77959482e-03, 3.25955469e+00, 6.80263461e+01
1.83031168e-03, 7.94167695e-04, 9.98173032e-01, 1.82786047e-03, 9.53449415e-01, 1.82953250e-03, 3.25950475e+00, 6.80279302e+01
1.88169442e-03, 8.16441599e-04, 9.98121840e-01, 1.87910375e-03, 9.53398172e-01, 1.88087088e-03, 3.25945341e+00, 6.80295588e+01
1.93451965e-03, 8.39339613e-04, 9.98069215e-01, 1.93178156e-03, 9.53345494e-01, 1.93364921e-03, 3.25940063e+00, 6.80312333e+01
1.98882786e-03, 8.62879189e-04, 9.98015120e-01, 1.98593397e-03, 9.53291342e-01, 1.98790785e-03, 3.25934637e+00, 6.80329549e+01
2.04466067e-03, 8.87078267e-04, 9.97959511e-01, 2.04160212e-03, 9.53235673e-01, 2.04368827e-03, 3.25929059e+00, 6.80347251e+01
2.10206088e-03, 9.11955285e-04, 9.97902349e-01, 2.09882831e-03, 9.53178447e-01, 2.10103311e-03, 3.25923325e+00, 6.80365450e+01
2.16107251e-03, 9.37529196e-04, 9.97843588e-01, 2.15765601e-03, 9.53119619e-01, 2.15998621e-03, 3.25917430e+00, 6.80384162e+01
2.22174078e-03, 9.63819479e-04, 9.97783184e-01, 2.21812990e-03, 9.53059146e-01, 2.22059262e-03, 3.25911369e+00, 6.80403402e+01
2.28411221e-03, 9.90846156e-04, 9.97721093e-01, 2.28029588e-03, 9.52996980e-01, 2.28289866e-03, 3.25905138e+00, 6.80423183e+01
2.34823460e-03, 1.01862981e-03, 9.97657267e-01, 2.34420115e-03, 9.52933074e-01, 2.34695194e-03, 3.25898733e+00, 6.80443522e+01
2.41415712e-03, 1.04719158e-03, 9.97591657e-01, 2.40989419e-03, 9.52867381e-01, 2.41280141e-03, 3.25892148e+00, 6.80464433e+01
2.48193029e-03, 1.07655322e-03, 9.97524214e-01, 2.47742484e-03, 9.52799851e-01, 2.48049738e-03, 3.25885378e+00, 6.80485934e+01
2.55160607e-03, 1.10673706e-03, 9.97454888e-01, 2.54684431e-03, 9.52730431e-01, 2.55009156e-03, 3.25878419e+00, 6.80508041e+01
2.62323788e-03, 1.13776607e-03, 9.97383625e-01, 2.61820523e-03, 9.52659070e-01, 2.62163712e-03, 3.25871265e+00, 6.80530771e+01
2.69688063e-03, 1.16966386e-03, 9.97310373e-01, 2.69156168e-03, 9.52585714e-01, 2.69518870e-03, 3.25863909e+00, 6.80554142e+01
2.77259076e-03, 1.20245468e-03, 9.97235075e-01, 2.76696924e-03, 9.52510306e-01, 2.77080248e-03, 3.25856348e+00, 6.80578171e+01
2.85042632e-03, 1.23616346e-03, 9.97157676e-01, 2.84448502e-03, 9.52432790e-01, 2.84853619e-03, 3.25848575e+00, 6.80602878e+01
2.93044698e-03, 1.27081583e-03, 9.97078115e-01, 2.92416771e-03, 9.52353108e-01, 2.92844920e-03, 3.25840583e+00, 6.80628281e+01
3.01271407e-03, 1.30643812e-03, 9.96996335e-01, 3.00607762e-03, 9.52271198e-01, 3.01060252e-03, 3.25832368e+00, 6.80654401e+01
3.09729067e-03, 1.34305740e-03, 9.96912273e-01, 3.09027673e-03, 9.52186999e-01, 3.09505886e-03, 3.25823922e+00, 6.80681258e+01
3.18424160e-03, 1.38070148e-03, 9.96825866e-01, 3.17682872e-03, 9.52100447e-01, 3.18188268e-03, 3.25815240e+00, 6.80708872e+01
3.27363353e-03, 1.41939895e-03, 9.96737048e-01, 3.26579902e-03, 9.52011476e-01, 3.27114026e-03, 3.25806314e+00, 6.80737266e+01
3.36553498e-03, 1.45917918e-03, 9.96645754e-01, 3.35725487e-03, 9.51920021e-01, 3.36289971e-03, 3.25797138e+00, 6.80766460e+01
3.46001639e-03, 1.50007238e-03, 9.96551914e-01, 3.45126536e-03, 9.51826010e-01, 3.45723104e-03, 3.25787705e+00, 6.80796478e+01
3.55715021e-03, 1.54210957e-03, 9.96455458e-01, 3.54790148e-03, 9.51729374e-01, 3.55420621e-03, 3.25778008e+00, 6.80827344e+01
3.65701088e-03, 1.58532264e-03, 9.96356314e-01, 3.64723617e-03, 9.51630039e-01, 3.65389921e-03, 3.25768038e+00, 6.80859080e+01
3.75967497e-03, 1.62974435e-03, 9.96254407e-01, 3.74934437e-03, 9.51527931e-01, 3.75638606e-03, 3.25757790e+00, 6.80891713e+01
3.86522116e-03, 1.67540839e-03, 9.96149661e-01, 3.85430309e-03, 9.51422972e-01, 3.86174493e-03, 3.25747254e+00, 6.80925267e+01
3.97373038e-03, 1.72234936e-03, 9.96041998e-01, 3.96219145e-03, 9.51315084e-01, 3.97005616e-03, 3.25736423e+00, 6.80959769e+01
4.08528580e-03, 1.77060283e-03, 9.95931336e-01, 4.07309072e-03, 9.51204185e-01, 4.08140230e-03, 3.25725288e+00, 6.80995245e+01
4.19997295e-03, 1.82020534e-03, 9.95817593e-01, 4.18708443e-03, 9.51090191e-01, 4.19586824e-03, 3.25713841e+00, 6.81031724e+01
4.31787973e-03, 1.87119444e-03, 9.95700684e-01, 4.30425838e-03, 9.50973017e-01, 4.31354122e-03, 3.25702074e+00, 6.81069233e+01
4.43909653e-03, 1.92360874e-03, 9.95580522e-01, 4.42470071e-03, 9.50852575e-01, 4.43451091e-03, 3.25689977e+00, 6.81107803e+01
4.56371628e-03, 1.97748788e-03, 9.95457017e-01, 4.54850198e-03, 9.50728774e-01, 4.55886946e-03, 3.25677541e+00, 6.81147462e+01
4.69183451e-03, 2.03287261e-03, 9.95330076e-01, 4.67575522e-03, 9.50601520e-01, 4.68671160e-03, 3.25664757e+00, 6.81188243e+01
4.82354943e-03, 2.08980480e-03, 9.95199606e-01, 4.80655602e-03, 9.50470719e-01, 4.81813471e-03, 3.25651615e+00, 6.81230177e+01
4.95896201e-03, 2.14832749e-03, 9.95065508e-01, 4.94100255e-03, 9.50336273e-01, 4.95323885e-03, 3.25638104e+00, 6.81273296e+01
5.09817606e-03, 2.20848488e-03, 9.94927683e-01, 5.07919568e-03, 9.50198080e-01, 5.09212689e-03, 3.25624216e+00, 6.81317636e+01
5.24129830e-03, 2.27032240e-03, 9.94786030e-01, 5.22123900e-03, 9.50056036e-01, 5.23490454e-03, 3.25609938e+00, 6.81363230e+01
5.38843844e-03, 2.33388671e-03, 9.94640441e-01, 5.36723895e-03, 9.49910037e-01, 5.38168046e-03, 3.25595260e+00, 6.81410115e+01
5.53970928e-03, 2.39922578e-03, 9.94490810e-01, 5.51730484e-03, 9.49759971e-01, 5.53256632e-03, 3.25580172e+00, 6.81458326e+01
5.69522678e-03, 2.46638889e-03, 9.94337025e-01, 5.67154896e-03, 9.49605727e-01, 5.68767690e-03, 3.25564661e+00, 6.81507903e+01
5.85511016e-03, 2.53542665e-03, 9.94178973e-01, 5.83008665e-03, 9.49447189e-01, 5.84713018e-03, 3.25548715e+00, 6.81558884e+01
6.01948197e-03, 2.60639109e-03, 9.94016535e-01, 5.99303638e-03, 9.49284239e-01, 6.01104738e-03, 3.25532323e+00, 6.81611308e+01
6.18846824e-03, 2.67933564e-03, 9.93849593e-01, 6.16051981e-03, 9.49116756e-01, 6.17955313e-03, 3.25515473e+00, 6.81665219e+01
6.36219849e-03, 2.75431521e-03, 9.93678023e-01, 6.33266192e-03, 9.48944614e-01, 6.35277548e-03, 3.25498151e+00, 6.81720657e+01
6.54080591e-03, 2.83138620e-03, 9.93501698e-01, 6.50959103e-03, 9.48767684e-01, 6.53084606e-03, 3.25480344e+00, 6.81777666e+01
6.72442742e-03, 2.91060657e-03, 9.93320488e-01, 6.69143897e-03, 9.48585837e-01, 6.71390012e-03, 3.25462038e+00, 6.81836292e+01
6.91320378e-03, 2.99203585e-03, 9.93134260e-01, 6.87834110e-03, 9.48398934e-01, 6.90207670e-03, 3.25443221e+00, 6.81896581e+01
7.10727970e-03, 3.07573520e-03, 9.92942877e-01, 7.07043641e-03, 9.48206839e-01, 7.09551865e-03, 3.25423876e+00, 6.81958581e+01
7.30680395e-03, 3.16176744e-03, 9.92746198e-01, 7.26786767e-03, 9.48009408e-01, 7.29437280e-03, 3.25403991e+00, 6.82022340e+01
7.51192949e-03, 3.25019713e-03, 9.92544079e-01, 7.47078146e-03, 9.47806494e-01, 7.49879005e-03, 3.25383549e+00, 6.82087909e+01
7.72281357e-03, 3.34109055e-03, 9.92336371e-01, 7.67932829e-03, 9.47597947e-01, 7.70892546e-03, 3.25362536e+00, 6.82155340e+01
7.93961785e-03, 3.43451582e-03, 9.92122923e-01, 7.89366273e-03, 9.47383613e-01, 7.92493839e-03, 3.25340934e+00, 6.82224687e+01
8.16250851e-03, 3.53054289e-03, 9.91903579e-01, 8.11394345e-03, 9.47163332e-01, 8.14699261e-03, 3.25318729e+00, 6.82296004e+01
8.39165644e-03, 3.62924361e-03, 9.91678177e-01, 8.34033340e-03, 9.46936942e-01, 8.37525641e-03, 3.25295903e+00, 6.82369349e+01
8.62723729e-03, 3.73069181e-03, 9.91446555e-01, 8.57299986e-03, 9.46704276e-01, 8.60990273e-03, 3.25272438e+00, 6.82444779e+01
8.86943166e-03, 3.83496328e-03, 9.91208544e-01, 8.81211456e-03, 9.46465161e-01, 8.85110928e-03, 3.25248317e+00, 6.82522354e+01
9.11842520e-03, 3.94213590e-03, 9.90963969e-01, 9.05785382e-03, 9.46219422e-01, 9.09905870e-03, 3.25223522e+00, 6.82602137e+01
9.37440879e-03, 4.05228964e-03, 9.90712655e-01, 9.31039862e-03, 9.45966877e-01, 9.35393864e-03, 3.25198034e+00, 6.82684191e+01
9.63757866e-03, 4.16550662e-03, 9.90454418e-01, 9.56993477e-03, 9.45707341e-01, 9.61594193e-03, 3.25171834e+00, 6.82768582e+01
9.90813657e-03, 4.28187121e-03, 9.90189071e-01, 9.83665299e-03, 9.45440622e-01, 9.88526675e-03, 3.25144902e+00, 6.82855377e+01
1.01862899e-02, 4.40147004e-03, 9.89916424e-01, 1.01107490e-02, 9.45166526e-01, 1.01621167e-02, 3.25117217e+00, 6.82944645e+01
1.04722519e-02, 4.52439206e-03, 9.89636280e-01, 1.03924238e-02, 9.44884852e-01, 1.04467010e-02, 3.25088758e+00, 6.83036459e+01
1.07662418e-02, 4.65072864e-03, 9.89348436e-01, 1.06818836e-02, 9.44595392e-01, 1.07392345e-02, 3.25059505e+00, 6.83130891e+01
1.10684849e-02, 4.78057359e-03, 9.89052685e-01, 1.09793399e-02, 9.44297936e-01, 1.10399383e-02, 3.25029434e+00, 6.83228019e+01
1.13792129e-02, 4.91402325e-03, 9.88748817e-01, 1.12850100e-02, 9.43992265e-01, 1.13490393e-02, 3.24998524e+00, 6.83327918e+01
1.16986641e-02, 5.05117654e-03, 9.88436612e-01, 1.15991169e-02, 9.43678159e-01, 1.16667705e-02, 3.24966751e+00, 6.83430672e+01
1.20270833e-02, 5.19213502e-03, 9.88115848e-01, 1.19218891e-02, 9.43355386e-01, 1.19933717e-02, 3.24934091e+00, 6.83536361e+01
1.23647224e-02, 5.33700299e-03, 9.87786297e-01, 1.22535613e-02, 9.43023714e-01, 1.23290891e-02, 3.24900519e+00, 6.83645072e+01
1.27118400e-02, 5.48588750e-03, 9.87447723e-01, 1.25943744e-02, 9.42682901e-01, 1.26741754e-02, 3.24866011e+00, 6.83756892e+01
1.30687023e-02, 5.63889849e-03, 9.87099885e-01, 1.29445754e-02, 9.42332700e-01, 1.30288905e-02, 3.24830539e+00, 6.83871913e+01
1.34355829e-02, 5.79614881e-03, 9.86742539e-01, 1.33044177e-02, 9.41972858e-01, 1.33935014e-02, 3.24794078e+00, 6.83990226e+01
1.38127630e-02, 5.95775431e-03, 9.86375430e-01, 1.36741612e-02, 9.41603114e-01, 1.37682824e-02, 3.24756600e+00, 6.84111929e+01
1.42005318e-02, 6.12383394e-03, 9.85998300e-01, 1.40540727e-02, 9.41223203e-01, 1.41535152e-02, 3.24718077e+00, 6.84237121e+01
1.45991865e-02, 6.29450978e-03, 9.85610883e-01, 1.44444257e-02, 9.40832850e-01, 1.45494892e-02, 3.24678479e+00, 6.84365903e+01
1.50090328e-02, 6.46990713e-03, 9.85212907e-01, 1.48455007e-02, 9.40431775e-01, 1.49565018e-02, 3.24637778e+00, 6.84498381e+01
1.54303847e-02, 6.65015464e-03, 9.84804094e-01, 1.52575855e-02, 9.40019690e-01, 1.53748584e-02, 3.24595942e+00, 6.84634662e+01
1.58635653e-02, 6.83538432e-03, 9.84384158e-01, 1.56809751e-02, 9.39596300e-01, 1.58048727e-02, 3.24552941e+00, 6.84774859e+01
1.63089068e-02, 7.02573168e-03, 9.83952805e-01, 1.61159721e-02, 9.39161303e-01, 1.62468672e-02, 3.24508742e+00, 6.84919087e+01
1.67667503e-02, 7.22133576e-03, 9.83509738e-01, 1.65628867e-02, 9.38714389e-01, 1.67011728e-02, 3.24463311e+00, 6.85067463e+01
1.72374471e-02, 7.42233928e-03, 9.83054648e-01, 1.70220371e-02, 9.38255238e-01, 1.71681297e-02, 3.24416615e+00, 6.85220111e+01
1.77213578e-02, 7.62888867e-03, 9.82587220e-01, 1.74937492e-02, 9.37783526e-01, 1.76480870e-02, 3.24368620e+00, 6.85377156e+01
1.82188534e-02, 7.84113421e-03, 9.82107134e-01, 1.79783574e-02, 9.37298918e-01, 1.81414036e-02, 3.24319288e+00, 6.85538728e+01
1.87303154e-02, 8.05923009e-03, 9.81614059e-01, 1.84762042e-02, 9.36801071e-01, 1.86484480e-02, 3.24268583e+00, 6.85704961e+01
1.92561357e-02, 8.28333450e-03, 9.81107658e-01, 1.89876410e-02, 9.36289635e-01, 1.91695985e-02, 3.24216468e+00, 6.85875992e+01
1.97967175e-02, 8.51360975e-03, 9.80587585e-01, 1.95130275e-02, 9.35764248e-01, 1.97052440e-02, 3.24162904e+00, 6.86051965e+01
2.03524752e-02, 8.75022235e-03, 9.80053486e-01, 2.00527326e-02, 9.35224543e-01, 2.02557834e-02, 3.24107850e+00, 6.86233025e+01
2.09238348e-02, 8.99334311e-03, 9.79504999e-01, 2.06071342e-02, 9.34670141e-01, 2.08216268e-02, 3.24051266e+00, 6.86419324e+01
2.15112343e-02, 9.24314725e-03, 9.78941755e-01, 2.11766194e-02, 9.34100656e-01, 2.14031951e-02, 3.23993109e+00, 6.86611017e+01
2.21151240e-02, 9.49981449e-03, 9.78363373e-01, 2.17615849e-02, 9.33515691e-01, 2.20009205e-02, 3.23933336e+00, 6.86808266e+01
2.27359668e-02, 9.76352916e-03, 9.77769466e-01, 2.23624371e-02, 9.32914838e-01, 2.26152471e-02, 3.23871904e+00, 6.87011237e+01
2.33742387e-02, 1.00344803e-02, 9.77159637e-01, 2.29795919e-02, 9.32297684e-01, 2.32466304e-02, 3.23808765e+00, 6.87220100e+01
2.40304289e-02, 1.03128618e-02, 9.76533482e-01, 2.36134757e-02, 9.31663800e-01, 2.38955387e-02, 3.23743874e+00, 6.87435032e+01
2.47050406e-02, 1.05988725e-02, 9.75890584e-01, 2.42645247e-02, 9.31012751e-01, 2.45624523e-02, 3.23677183e+00, 6.87656214e+01
2.53985907e-02, 1.08927162e-02, 9.75230519e-01, 2.49331859e-02, 9.30344090e-01, 2.52478646e-02, 3.23608642e+00, 6.87883836e+01
2.61116110e-02, 1.11946019e-02, 9.74552855e-01, 2.56199166e-02, 9.29657359e-01, 2.59522821e-02, 3.23538200e+00, 6.88118091e+01
2.68446481e-02, 1.15047439e-02, 9.73857148e-01, 2.63251852e-02, 9.28952090e-01, 2.66762248e-02, 3.23465806e+00, 6.88359178e+01
2.75982639e-02, 1.18233619e-02, 9.73142944e-01, 2.70494708e-02, 9.28227805e-01, 2.74202265e-02, 3.23391406e+00, 6.88607304e+01
2.83730362e-02, 1.21506810e-02, 9.72409782e-01, 2.77932639e-02, 9.27484012e-01, 2.81848351e-02, 3.23314945e+00, 6.88862682e+01
2.91695588e-02, 1.24869320e-02, 9.71657189e-01, 2.85570664e-02, 9.26720209e-01, 2.89706132e-02, 3.23236367e+00, 6.89125532e+01
2.99884423e-02, 1.28323514e-02, 9.70884681e-01, 2.93413917e-02, 9.25935884e-01, 2.97781379e-02, 3.23155614e+00, 6.89396080e+01
3.08303146e-02, 1.31871818e-02, 9.70091766e-01, 3.01467650e-02, 9.25130510e-01, 3.06080020e-02, 3.23072628e+00, 6.89674562e+01
3.16958209e-02, 1.35516713e-02, 9.69277940e-01, 3.09737234e-02, 9.24303552e-01, 3.14608136e-02, 3.22987347e+00, 6.89961219e+01
3.25856248e-02, 1.39260747e-02, 9.68442690e-01, 3.18228162e-02, 9.23454459e-01, 3.23371968e-02, 3.22899709e+00, 6.90256300e+01
3.35004083e-02, 1.43106525e-02, 9.67585491e-01, 3.26946051e-02, 9.22582670e-01, 3.32377922e-02, 3.22809649e+00, 6.90560065e+01
3.44408728e-02, 1.47056720e-02, 9.66705808e-01, 3.35896643e-02, 9.21687611e-01, 3.41632570e-02, 3.22717103e+00, 6.90872778e+01
3.54077391e-02, 1.51114068e-02, 9.65803096e-01, 3.45085806e-02, 9.20768695e-01, 3.51142657e-02, 3.22622002e+00, 6.91194716e+01
3.64017485e-02, 1.55281370e-02, 9.64876798e-01, 3.54519537e-02, 9.19825322e-01, 3.60915102e-02, 3.22524277e+00, 6.91526162e+01
3.74236629e-02, 1.59561497e-02, 9.63926345e-01, 3.64203964e-02, 9.18856879e-01, 3.70957007e-02, 3.22423858e+00, 6.91867411e+01
3.84742658e-02, 1.63957388e-02, 9.62951161e-01, 3.74145347e-02, 9.17862741e-01, 3.81275654e-02, 3.22320672e+00, 6.92218765e+01
3.95543624e-02, 1.68472053e-02, 9.61950655e-01, 3.84350080e-02, 9.16842268e-01, 3.91878515e-02, 3.22214643e+00, 6.92580538e+01
4.06647809e-02, 1.73108570e-02, 9.60924227e-01, 3.94824690e-02, 9.15794806e-01, 4.02773257e-02, 3.22105696e+00, 6.92953054e+01
4.18063724e-02, 1.77870096e-02, 9.59871264e-01, 4.05575845e-02, 9.14719691e-01, 4.13967740e-02, 3.21993751e+00, 6.93336649e+01
4.29800121e-02, 1.82759856e-02, 9.58791145e-01, 4.16610347e-02, 9.13616241e-01, 4.25470028e-02, 3.21878728e+00, 6.93731667e+01
4.41865996e-02, 1.87781154e-02, 9.57683234e-01, 4.27935139e-02, 9.12483762e-01, 4.37288390e-02, 3.21760544e+00, 6.94138468e+01
4.54270599e-02, 1.92937372e-02, 9.56546887e-01, 4.39557306e-02, 9.11321545e-01, 4.49431307e-02, 3.21639115e+00, 6.94557421e+01
4.67023439e-02, 1.98231967e-02, 9.55381447e-01, 4.51484074e-02, 9.10128868e-01, 4.61907475e-02, 3.21514353e+00, 6.94988909e+01
4.80134292e-02, 2.03668477e-02, 9.54186246e-01, 4.63722809e-02, 9.08904995e-01, 4.74725809e-02, 3.21386170e+00, 6.95433327e+01
4.93613210e-02, 2.09250522e-02, 9.52960606e-01, 4.76281026e-02, 9.07649173e-01, 4.87895450e-02, 3.21254474e+00, 6.95891085e+01
5.07470524e-02, 2.14981804e-02, 9.51703836e-01, 4.89166382e-02, 9.06360637e-01, 5.01425768e-02, 3.21119171e+00, 6.96362607e+01
5.21716858e-02, 2.20866106e-02, 9.50415235e-01, 5.02386678e-02, 9.05038608e-01, 5.15326369e-02, 3.20980165e+00, 6.96848330e+01
5.36363132e-02, 2.26907300e-02, 9.49094092e-01, 5.15949862e-02, 9.03682289e-01, 5.29607097e-02, 3.20837357e+00, 6.97348708e+01
5.51420574e-02, 2.33109341e-02, 9.47739684e-01, 5.29864030e-02, 9.02290873e-01, 5.44278041e-02, 3.20690648e+00, 6.97864210e+01
5.66900727e-02, 2.39476274e-02, 9.46351277e-01, 5.44137421e-02, 9.00863533e-01, 5.59349540e-02, 3.20539933e+00, 6.98395321e+01
5.82815458e-02, 2.46012230e-02, 9.44928128e-01, 5.58778423e-02, 8.99399433e-01, 5.74832187e-02, 3.20385106e+00, 6.98942544e+01
5.99176967e-02, 2.52721433e-02, 9.43469482e-01, 5.73795569e-02, 8.97897719e-01, 5.90736836e-02, 3.20226060e+00, 6.99506400e+01
6.15997796e-02, 2.59608197e-02, 9.41974574e-01, 5.89197539e-02, 8.96357522e-01, 6.07074605e-02, 3.20062682e+00, 7.00087427e+01
6.33290840e-02, 2.66676928e-02, 9.40442630e-01, 6.04993156e-02, 8.94777960e-01, 6.23856881e-02, 3.19894859e+00, 7.00686183e+01
6.51069356e-02, 2.73932126e-02, 9.38872865e-01, 6.21191391e-02, 8.93158136e-01, 6.41095328e-02, 3.19722475e+00, 7.01303246e+01
6.69346971e-02, 2.81378388e-02, 9.37264486e-01, 6.37801354e-02, 8.91497140e-01, 6.58801888e-02, 3.19545409e+00, 7.01939215e+01
6.88137699e-02, 2.89020403e-02, 9.35616689e-01, 6.54832302e-02, 8.89794045e-01, 6.76988791e-02, 3.19363540e+00, 7.02594709e+01
7.07455942e-02, 2.96862961e-02, 9.33928662e-01, 6.72293628e-02, 8.88047913e-01, 6.95668555e-02, 3.19176743e+00, 7.03270373e+01
7.27316511e-02, 3.04910947e-02, 9.32199585e-01, 6.90194866e-02, 8.86257789e-01, 7.14853995e-02, 3.18984888e+00, 7.03966870e+01
7.47734631e-02, 3.13169348e-02, 9.30428629e-01, 7.08545687e-02, 8.84422707e-01, 7.34558226e-02, 3.18787846e+00, 7.04684893e+01
7.68725952e-02, 3.21643250e-02, 9.28614958e-01, 7.27355893e-02, 8.82541686e-01, 7.54794670e-02, 3.18585482e+00, 7.05425156e+01
7.90306568e-02, 3.30337838e-02, 9.26757728e-01, 7.46635421e-02, 8.80613733e-01, 7.75577057e-02, 3.18377658e+00, 7.06188401e+01
8.12493021e-02, 3.39258402e-02, 9.24856088e-01, 7.66394331e-02, 8.78637842e-01, 7.96919435e-02, 3.18164234e+00, 7.06975399e+01
8.35302320e-02, 3.48410332e-02, 9.22909182e-01, 7.86642812e-02, 8.76612994e-01, 8.18836171e-02, 3.17945067e+00, 7.07786945e+01
8.58751948e-02, 3.57799125e-02, 9.20916146e-01, 8.07391170e-02, 8.74538158e-01, 8.41341957e-02, 3.17720009e+00, 7.08623869e+01
8.82859884e-02, 3.67430377e-02, 9.18876114e-01, 8.28649827e-02, 8.72412293e-01, 8.64451816e-02, 3.17488910e+00, 7.09487028e+01
9.07644607e-02, 3.77309793e-02, 9.16788212e-01, 8.50429316e-02, 8.70234344e-01, 8.88181103e-02, 3.17251617e+00, 7.10377314e+01
9.33125118e-02, 3.87443182e-02, 9.14651565e-01, 8.72740276e-02, 8.68003248e-01, 9.12545513e-02, 3.17007973e+00, 7.11295651e+01
9.59320948e-02, 3.97836456e-02, 9.12465293e-01, 8.95593445e-02, 8.65717931e-01, 9.37561083e-02, 3.16757817e+00, 7.12242998e+01
9.86252179e-02, 4.08495636e-02, 9.10228514e-01, 9.18999654e-02, 8.63377310e-01, 9.63244197e-02, 3.16500986e+00, 7.13220352e+01
1.01393946e-01, 4.19426849e-02, 9.07940346e-01, 9.42969821e-02, 8.60980293e-01, 9.89611587e-02, 3.16237312e+00, 7.14228746e+01
1.04240401e-01, 4.30636326e-02, 9.05599903e-01, 9.67514940e-02, 8.58525781e-01, 1.01668034e-01, 3.15966625e+00, 7.15269254e+01
1.07166765e-01, 4.42130406e-02, 9.03206303e-01, 9.92646080e-02, 8.56012667e-01, 1.04446791e-01, 3.15688749e+00, 7.16342991e+01
1.10175281e-01, 4.53915533e-02, 9.00758661e-01, 1.01837437e-01, 8.53439839e-01, 1.07299209e-01, 3.15403507e+00, 7.17451117e+01
1.13268257e-01, 4.65998259e-02, 8.98256098e-01, 1.04471099e-01, 8.50806177e-01, 1.10227105e-01, 3.15110718e+00, 7.18594832e+01
1.16448062e-01, 4.78385241e-02, 8.95697735e-01, 1.07166716e-01, 8.48110559e-01, 1.13232333e-01, 3.14810195e+00, 7.19775389e+01
1.19717134e-01, 4.91083240e-02, 8.93082699e-01, 1.09925415e-01, 8.45351860e-01, 1.16316783e-01, 3.14501750e+00, 7.20994086e+01
1.23077980e-01, 5.04099123e-02, 8.90410121e-01, 1.12748323e-01, 8.42528953e-01, 1.19482381e-01, 3.14185190e+00, 7.22252273e+01
1.26533176e-01, 5.17439860e-02, 8.87679139e-01, 1.15636568e-01, 8.39640707e-01, 1.22731092e-01, 3.13860319e+00, 7.23551353e+01
1.30085370e-01, 5.31112527e-02, 8.84888900e-01, 1.18591280e-01, 8.36685996e-01, 1.26064915e-01, 3.13526937e+00, 7.24892786e+01
1.33737286e-01, 5.45124297e-02, 8.82038557e-01, 1.21613583e-01, 8.33663692e-01, 1.29485890e-01, 3.13184839e+00, 7.26278090e+01
1.37491723e-01, 5.59482450e-02, 8.79127276e-01, 1.24704603e-01, 8.30572673e-01, 1.32996092e-01, 3.12833819e+00, 7.27708841e+01
1.41351558e-01, 5.74194362e-02, 8.76154234e-01, 1.27865456e-01, 8.27411819e-01, 1.36597631e-01, 3.12473665e+00, 7.29186680e+01
1.45319752e-01, 5.89267507e-02, 8.73118619e-01, 1.31097257e-01, 8.24180019e-01, 1.40292658e-01, 3.12104162e+00, 7.30713315e+01
1.49399346e-01, 6.04709458e-02, 8.70019635e-01, 1.34401108e-01, 8.20876167e-01, 1.44083357e-01, 3.11725093e+00, 7.32290521e+01
1.53593468e-01, 6.20527881e-02, 8.66856504e-01, 1.37778105e-01, 8.17499171e-01, 1.47971950e-01, 3.11336233e+00, 7.33920147e+01
1.57905331e-01, 6.36730536e-02, 8.63628462e-01, 1.41229330e-01, 8.14047946e-01, 1.51960694e-01, 3.10937359e+00, 7.35604114e+01
1.62338243e-01, 6.53325272e-02, 8.60334766e-01, 1.44755853e-01, 8.10521423e-01, 1.56051881e-01, 3.10528240e+00, 7.37344424e+01
1.66895601e-01, 6.70320026e-02, 8.56974693e-01, 1.48358727e-01, 8.06918549e-01, 1.60247841e-01, 3.10108644e+00, 7.39143161e+01
1.71580899e-01, 6.87722823e-02, 8.53547545e-01, 1.52038988e-01, 8.03238287e-01, 1.64550934e-01, 3.09678335e+00, 7.41002492e+01
1.76397728e-01, 7.05541769e-02, 8.50052645e-01, 1.55797652e-01, 7.99479623e-01, 1.68963555e-01, 3.09237073e+00, 7.42924676e+01
1.81349780e-01, 7.23785049e-02, 8.46489343e-01, 1.59635713e-01, 7.95641563e-01, 1.73488133e-01, 3.08784615e+00, 7.44912065e+01
1.86440853e-01, 7.42460926e-02, 8.42857018e-01, 1.63554138e-01, 7.91723137e-01, 1.78127127e-01, 3.08320716e+00, 7.46967105e+01
1.91674849e-01, 7.61577735e-02, 8.39155077e-01, 1.67553870e-01, 7.87723405e-01, 1.82883027e-01, 3.07845126e+00, 7.49092349e+01
1.97055780e-01, 7.81143880e-02, 8.35382959e-01, 1.71635819e-01, 7.83641456e-01, 1.87758352e-01, 3.07357593e+00, 7.51290451e+01
2.02587771e-01, 8.01167833e-02, 8.31540137e-01, 1.75800864e-01, 7.79476411e-01, 1.92755649e-01, 3.06857863e+00, 7.53564180e+01
2.08275063e-01, 8.21658124e-02, 8.27626118e-01, 1.80049849e-01, 7.75227427e-01, 1.97877493e-01, 3.06345679e+00, 7.55916418e+01
2.14122015e-01, 8.42623342e-02, 8.23640447e-01, 1.84383577e-01, 7.70893698e-01, 2.03126481e-01, 3.05820780e+00, 7.58350170e+01
2.20133111e-01, 8.64072127e-02, 8.19582709e-01, 1.88802813e-01, 7.66474463e-01, 2.08505236e-01, 3.05282905e+00, 7.60868565e+01
2.26312957e-01, 8.86013169e-02, 8.15452527e-01, 1.93308274e-01, 7.61969002e-01, 2.14016400e-01, 3.04731788e+00, 7.63474866e+01
2.32666291e-01, 9.08455198e-02, 8.11249571e-01, 1.97900632e-01, 7.57376644e-01, 2.19662635e-01, 3.04167165e+00, 7.66172472e+01
2.39197984e-01, 9.31406982e-02, 8.06973553e-01, 2.02580507e-01, 7.52696769e-01, 2.25446620e-01, 3.03588766e+00, 7.68964928e+01
2.45913043e-01, 9.54877322e-02, 8.02624233e-01, 2.07348464e-01, 7.47928811e-01, 2.31371048e-01, 3.02996323e+00, 7.71855926e+01
2.52816614e-01, 9.78875042e-02, 7.98201419e-01, 2.12205012e-01, 7.43072263e-01, 2.37438622e-01, 3.02389566e+00, 7.74849317e+01
2.59913992e-01, 1.00340899e-01, 7.93704972e-01, 2.17150598e-01, 7.38126677e-01, 2.43652057e-01, 3.01768223e+00, 7.77949114e+01
2.67210616e-01, 1.02848802e-01, 7.89134803e-01, 2.22185604e-01, 7.33091671e-01, 2.50014070e-01, 3.01132021e+00, 7.81159503e+01
2.74712079e-01, 1.05412101e-01, 7.84490880e-01, 2.27310343e-01, 7.27966932e-01, 2.56527383e-01, 3.00480690e+00, 7.84484845e+01
2.82424133e-01, 1.08031682e-01, 7.79773224e-01, 2.32525058e-01, 7.22752217e-01, 2.63194716e-01, 2.99813957e+00, 7.87929688e+01
2.90352688e-01, 1.10708431e-01, 7.74981917e-01, 2.37829915e-01, 7.17447360e-01, 2.70018786e-01, 2.99131550e+00, 7.91498776e+01
2.98503825e-01, 1.13443233e-01, 7.70117100e-01, 2.43225001e-01, 7.12052274e-01, 2.77002297e-01, 2.98433199e+00, 7.95197052e+01
3.06883789e-01, 1.16236971e-01, 7.65178976e-01, 2.48710320e-01, 7.06566955e-01, 2.84147945e-01, 2.97718634e+00, 7.99029673e+01
3.15499006e-01, 1.19090524e-01, 7.60167811e-01, 2.54285789e-01, 7.00991486e-01, 2.91458406e-01, 2.96987588e+00, 8.03002012e+01
3.24356081e-01, 1.22004770e-01, 7.55083934e-01, 2.59951235e-01, 6.95326040e-01, 2.98936335e-01, 2.96239795e+00, 8.07119676e+01
3.33461802e-01, 1.24980579e-01, 7.49927744e-01, 2.65706391e-01, 6.89570884e-01, 3.06584360e-01, 2.95474992e+00, 8.11388508e+01
3.42823149e-01, 1.28018820e-01, 7.44699703e-01, 2.71550892e-01, 6.83726383e-01, 3.14405078e-01, 2.94692920e+00, 8.15814602e+01
3.52447300e-01, 1.31120351e-01, 7.39400345e-01, 2.77484272e-01, 6.77793004e-01, 3.22401049e-01, 2.93893323e+00, 8.20404310e+01
3.62341632e-01, 1.34286029e-01, 7.34030273e-01, 2.83505959e-01, 6.71771317e-01, 3.30574789e-01, 2.93075949e+00, 8.25164256e+01
3.72513730e-01, 1.37516698e-01, 7.28590161e-01, 2.89615274e-01, 6.65662001e-01, 3.38928766e-01, 2.92240552e+00, 8.30101346e+01
3.82971391e-01, 1.40813196e-01, 7.23080757e-01, 2.95811427e-01, 6.59465848e-01, 3.47465396e-01, 2.91386889e+00, 8.35222780e+01
3.93722633e-01, 1.44176353e-01, 7.17502878e-01, 3.02093513e-01, 6.53183763e-01, 3.56187031e-01, 2.90514725e+00, 8.40536061e+01
4.04775697e-01, 1.47606985e-01, 7.11857418e-01, 3.08460508e-01, 6.46816768e-01, 3.65095959e-01, 2.89623832e+00, 8.46049014e+01
4.16139055e-01, 1.51105900e-01, 7.06145344e-01, 3.14911268e-01, 6.40366007e-01, 3.74194391e-01, 2.88713989e+00, 8.51769792e+01
4.27821420e-01, 1.54673893e-01, 7.00367697e-01, 3.21444528e-01, 6.33832748e-01, 3.83484461e-01, 2.87784982e+00, 8.57706896e+01
4.39831747e-01, 1.58311745e-01, 6.94525595e-01, 3.28058895e-01, 6.27218381e-01, 3.92968213e-01, 2.86836607e+00, 8.63869183e+01
4.52179242e-01, 1.62020224e-01, 6.88620228e-01, 3.34752849e-01, 6.20524426e-01, 4.02647598e-01, 2.85868668e+00, 8.70265882e+01
4.64873371e-01, 1.65800084e-01, 6.82652863e-01, 3.41524742e-01, 6.13752534e-01, 4.12524465e-01, 2.84880982e+00, 8.76906613e+01
4.77923865e-01, 1.69652062e-01, 6.76624841e-01, 3.48372792e-01, 6.06904484e-01, 4.22600552e-01, 2.83873373e+00, 8.83801397e+01
4.91340729e-01, 1.73576879e-01, 6.70537578e-01, 3.55295087e-01, 5.99982189e-01, 4.32877482e-01, 2.82845680e+00, 8.90960673e+01
5.05134247e-01, 1.77575238e-01, 6.64392563e-01, 3.62289580e-01, 5.92987695e-01, 4.43356754e-01, 2.81797753e+00, 8.98395317e+01
5.19314994e-01, 1.81647824e-01, 6.58191359e-01, 3.69354093e-01, 5.85923183e-01, 4.54039734e-01, 2.80729455e+00, 9.06116656e+01
5.33893840e-01, 1.85795303e-01, 6.51935600e-01, 3.76486310e-01, 5.78790966e-01, 4.64927648e-01, 2.79640663e+00, 9.14136486e+01
5.48881961e-01, 1.90018322e-01, 6.45626991e-01, 3.83683784e-01, 5.71593492e-01, 4.76021579e-01, 2.78531270e+00, 9.22467092e+01
5.64290847e-01, 1.94317504e-01, 6.39267309e-01, 3.90943933e-01, 5.64333342e-01, 4.87322449e-01, 2.77401183e+00, 9.31121262e+01
5.80132310e-01, 1.98693454e-01, 6.32858396e-01, 3.98264046e-01, 5.57013230e-01, 4.98831025e-01, 2.76250326e+00, 9.40112313e+01
5.96418495e-01, 2.03146750e-01, 6.26402164e-01, 4.05641278e-01, 5.49635998e-01, 5.10547899e-01, 2.75078638e+00, 9.49454103e+01
6.13161884e-01, 2.07677952e-01, 6.19900588e-01, 4.13072658e-01, 5.42204617e-01, 5.22473492e-01, 2.73886079e+00, 9.59161057e+01
6.30375315e-01, 2.12287591e-01, 6.13355704e-01, 4.20555090e-01, 5.34722186e-01, 5.34608038e-01, 2.72672624e+00, 9.69248186e+01
6.48071983e-01, 2.16976176e-01, 6.06769614e-01, 4.28085352e-01, 5.27191923e-01, 5.46951584e-01, 2.71438270e+00, 9.79731109e+01
6.66265452e-01, 2.21744190e-01, 6.00144472e-01, 4.35660109e-01, 5.19617167e-01, 5.59503980e-01, 2.70183030e+00, 9.90626075e+01
6.84969672e-01, 2.26592088e-01, 5.93482492e-01, 4.43275905e-01, 5.12001370e-01, 5.72264874e-01, 2.68906941e+00, 1.00194999e+02
7.04198979e-01, 2.31520301e-01, 5.86785940e-01, 4.50929179e-01, 5.04348097e-01, 5.85233710e-01, 2.67610057e+00, 1.01372042e+02
7.23968114e-01, 2.36529229e-01, 5.80057132e-01, 4.58616262e-01, 4.96661014e-01, 5.98409715e-01, 2.66292457e+00, 1.02595567e+02
7.44292233e-01, 2.41619247e-01, 5.73298431e-01, 4.66333389e-01, 4.88943887e-01, 6.11791903e-01, 2.64954238e+00, 1.03867474e+02
7.65186915e-01, 2.46790700e-01, 5.66512244e-01, 4.74076700e-01, 4.81200576e-01, 6.25379066e-01, 2.63595522e+00, 1.05189739e+02
7.86668179e-01, 2.52043903e-01, 5.59701019e-01, 4.81842250e-01, 4.73435025e-01, 6.39169772e-01, 2.62216451e+00, 1.06564418e+02
8.08752491e-01, 2.57379142e-01, 5.52867241e-01, 4.89626017e-01, 4.65651259e-01, 6.53162363e-01, 2.60817192e+00, 1.07993645e+02
8.31456781e-01, 2.62796674e-01, 5.46013431e-01, 4.97423906e-01, 4.57853370e-01, 6.67354952e-01, 2.59397933e+00, 1.09479642e+02
8.54798453e-01, 2.68296725e-01, 5.39142136e-01, 5.05231761e-01, 4.50045515e-01, 6.81745419e-01, 2.57958886e+00, 1.11024715e+02
8.78795401e-01, 2.73879488e-01, 5.32255933e-01, 5.13045371e-01, 4.42231905e-01, 6.96331417e-01, 2.56500287e+00, 1.12631260e+02
9.03466021e-01, 2.79545129e-01, 5.25357421e-01, 5.20860480e-01, 4.34416795e-01, 7.11110365e-01, 2.55022392e+00, 1.14301771e+02
9.28829225e-01, 2.85293778e-01, 5.18449216e-01, 5.28672799e-01, 4.26604477e-01, 7.26079452e-01, 2.53525483e+00, 1.16038833e+02
9.54904456e-01, 2.91125536e-01, 5.11533951e-01, 5.36478008e-01, 4.18799267e-01, 7.41235640e-01, 2.52009864e+00, 1.17845136e+02
9.81711702e-01, 2.97040474e-01, 5.04614268e-01, 5.44271776e-01, 4.11005500e-01, 7.56575663e-01, 2.50475862e+00, 1.19723473e+02
1.00927151e+00, 3.03038627e-01, 4.97692817e-01, 5.52049761e-01, 4.03227514e-01, 7.72096032e-01, 2.48923825e+00, 1.21676745e+02
1.03760502e+00, 3.09120002e-01, 4.90772250e-01, 5.59807629e-01, 3.95469646e-01, 7.87793039e-01, 2.47354124e+00, 1.23707967e+02
1.06673394e+00, 3.15284571e-01, 4.83855218e-01, 5.67541058e-01, 3.87736218e-01, 8.03662761e-01, 2.45767152e+00, 1.25820268e+02
1.09668060e+00, 3.21532276e-01, 4.76944367e-01, 5.75245750e-01, 3.80031525e-01, 8.19701066e-01, 2.44163322e+00, 1.28016901e+02
1.12746796e+00, 3.27863028e-01, 4.70042332e-01, 5.82917445e-01, 3.72359831e-01, 8.35903620e-01, 2.42543066e+00, 1.30301243e+02
1.15911962e+00, 3.34276704e-01, 4.63151736e-01, 5.90551924e-01, 3.64725351e-01, 8.52265891e-01, 2.40906839e+00, 1.32676802e+02
1.19165984e+00, 3.40773150e-01, 4.56275185e-01, 5.98145027e-01, 3.57132249e-01, 8.68783160e-01, 2.39255112e+00, 1.35147221e+02
1.22511358e+00, 3.47352184e-01, 4.49415262e-01, 6.05692656e-01, 3.49584620e-01, 8.85450529e-01, 2.37588375e+00, 1.37716287e+02
1.25950646e+00, 3.54013588e-01, 4.42574525e-01, 6.13190790e-01, 3.42086486e-01, 9.02262927e-01, 2.35907135e+00, 1.40387930e+02
1.29486487e+00, 3.60757118e-01, 4.35755505e-01, 6.20635490e-01, 3.34641785e-01, 9.19215123e-01, 2.34211916e+00, 1.43166234e+02
1.33121590e+00, 3.67582497e-01, 4.28960698e-01, 6.28022914e-01, 3.27254362e-01, 9.36301732e-01, 2.32503255e+00, 1.46055441e+02
1.36858742e+00, 3.74489419e-01, 4.22192565e-01, 6.35349317e-01, 3.19927959e-01, 9.53517231e-01, 2.30781705e+00, 1.49059960e+02
1.40700809e+00, 3.81477549e-01, 4.15453528e-01, 6.42611067e-01, 3.12666209e-01, 9.70855965e-01, 2.29047832e+00, 1.52184369e+02
1.44650734e+00, 3.88546523e-01, 4.08745964e-01, 6.49804649e-01, 3.05472627e-01, 9.88312160e-01, 2.27302212e+00, 1.55433426e+02
1.48711546e+00, 3.95695948e-01, 4.02072206e-01, 6.56926672e-01, 2.98350603e-01, 1.00587993e+00, 2.25545435e+00, 1.58812075e+02
1.52886359e+00, 4.02925403e-01, 3.95434536e-01, 6.63973880e-01, 2.91303396e-01, 1.02355331e+00, 2.23778097e+00, 1.62325453e+02
1.57178372e+00, 4.10234442e-01, 3.88835186e-01, 6.70943149e-01, 2.84334126e-01, 1.04132623e+00, 2.22000805e+00, 1.65978899e+02
1.61590875e+00, 4.17622591e-01, 3.82276331e-01, 6.77831504e-01, 2.77445772e-01, 1.05919256e+00, 2.20214172e+00, 1.69777963e+02
1.66127252e+00, 4.25089350e-01, 3.75760089e-01, 6.84636113e-01, 2.70641162e-01, 1.07714610e+00, 2.18418818e+00, 1.73728413e+02
1.70790980e+00, 4.32634194e-01, 3.69288519e-01, 6.91354300e-01, 2.63922976e-01, 1.09518062e+00, 2.16615366e+00, 1.77836245e+02
1.75585633e+00, 4.40256573e-01, 3.62863618e-01, 6.97983542e-01, 2.57293733e-01, 1.11328985e+00, 2.14804444e+00, 1.82107694e+02
1.80514888e+00, 4.47955916e-01, 3.56487318e-01, 7.04521477e-01, 2.50755799e-01, 1.13146747e+00, 2.12986682e+00, 1.86549241e+02
1.85582523e+00, 4.55731626e-01, 3.50161484e-01, 7.10965902e-01, 2.44311374e-01, 1.14970718e+00, 2.11162711e+00, 1.91167629e+02
1.90792422e+00, 4.63583085e-01, 3.43887915e-01, 7.17314777e-01, 2.37962498e-01, 1.16800266e+00, 2.09333162e+00, 1.95969866e+02
1.96148581e+00, 4.71509656e-01, 3.37668341e-01, 7.23566228e-01, 2.31711048e-01, 1.18634761e+00, 2.07498667e+00, 2.00963245e+02
2.01655104e+00, 4.79510678e-01, 3.31504419e-01, 7.29718542e-01, 2.25558733e-01, 1.20473575e+00, 2.05659853e+00, 2.06155351e+02
2.07316213e+00, 4.87585472e-01, 3.25397736e-01, 7.35770172e-01, 2.19507104e-01, 1.22316083e+00, 2.03817346e+00, 2.11554072e+02
2.13136247e+00, 4.95733342e-01, 3.19349807e-01, 7.41719733e-01, 2.13557543e-01, 1.24161663e+00, 2.01971765e+00, 2.17167619e+02
2.19119669e+00, 5.03953573e-01, 3.13362070e-01, 7.47566003e-01, 2.07711273e-01, 1.26009700e+00, 2.00123729e+00, 2.23004533e+02
2.25271064e+00, 5.12245431e-01, 3.07435893e-01, 7.53307920e-01, 2.01969356e-01, 1.27859583e+00, 1.98273845e+00, 2.29073703e+02
2.31595149e+00, 5.20608169e-01, 3.01572566e-01, 7.58944578e-01, 1.96332697e-01, 1.29710711e+00, 1.96422717e+00, 2.35384380e+02
2.38096772e+00, 5.29041024e-01, 2.95773306e-01, 7.64475230e-01, 1.90802045e-01, 1.31562487e+00, 1.94570942e+00, 2.41946192e+02
2.44780916e+00, 5.37543219e-01, 2.90039255e-01, 7.69899277e-01, 1.85377998e-01, 1.33414324e+00, 1.92719104e+00, 2.48769160e+02
2.51652705e+00, 5.46113963e-01, 2.84371479e-01, 7.75216271e-01, 1.80061004e-01, 1.35265645e+00, 1.90867783e+00, 2.55863718e+02
2.58717408e+00, 5.54752453e-01, 2.78770971e-01, 7.80425908e-01, 1.74851367e-01, 1.37115882e+00, 1.89017546e+00, 2.63240727e+02
2.65980440e+00, 5.63457874e-01, 2.73238647e-01, 7.85528023e-01, 1.69749253e-01, 1.38964477e+00, 1.87168951e+00, 2.70911496e+02
2.73447368e+00, 5.72229403e-01, 2.67775351e-01, 7.90522588e-01, 1.64754687e-01, 1.40810884e+00, 1.85322544e+00, 2.78887798e+02
2.81123917e+00, 5.81066203e-01, 2.62381854e-01, 7.95409706e-01, 1.59867569e-01, 1.42654569e+00, 1.83478860e+00, 2.87181896e+02
2.89015972e+00, 5.89967432e-01, 2.57058854e-01, 8.00189606e-01, 1.55087669e-01, 1.44495007e+00, 1.81638421e+00, 2.95806558e+02
2.97129582e+00, 5.98932239e-01, 2.51806978e-01, 8.04862638e-01, 1.50414637e-01, 1.46331689e+00, 1.79801739e+00, 3.04775081e+02
3.05470967e+00, 6.07959763e-01, 2.46626782e-01, 8.09429267e-01, 1.45848008e-01, 1.48164117e+00, 1.77969311e+00, 3.14101315e+02
3.14046522e+00, 6.17049141e-01, 2.41518754e-01, 8.13890069e-01, 1.41387206e-01, 1.49991806e+00, 1.76141622e+00, 3.23799685e+02
3.22862820e+00, 6.26199502e-01, 2.36483311e-01, 8.18245724e-01, 1.37031551e-01, 1.51814284e+00, 1.74319144e+00, 3.33885216e+02
3.31926620e+00, 6.35409971e-01, 2.31520808e-01, 8.22497012e-01, 1.32780263e-01, 1.53631095e+00, 1.72502333e+00, 3.44373562e+02
3.41244871e+00, 6.44679670e-01, 2.26631530e-01, 8.26644806e-01, 1.28632470e-01, 1.55441793e+00, 1.70691635e+00, 3.55281025e+02
3.50824714e+00, 6.54007716e-01, 2.21815701e-01, 8.30690066e-01, 1.24587209e-01, 1.57245950e+00, 1.68887479e+00, 3.66624592e+02
3.60673495e+00, 6.63393226e-01, 2.17073483e-01, 8.34633838e-01, 1.20643438e-01, 1.59043147e+00, 1.67090281e+00, 3.78421960e+02
3.70798763e+00, 6.72835313e-01, 2.12404976e-01, 8.38477240e-01, 1.16800036e-01, 1.60832985e+00, 1.65300444e+00, 3.90691563e+02
3.81208280e+00, 6.82333091e-01, 2.07810223e-01, 8.42221465e-01, 1.13055811e-01, 1.62615073e+00, 1.63518355e+00, 4.03452611e+02
3.91910025e+00, 6.91885673e-01, 2.03289209e-01, 8.45867770e-01, 1.09409505e-01, 1.64389040e+00, 1.61744388e+00, 4.16725117e+02
4.02912203e+00, 7.01492174e-01, 1.98841864e-01, 8.49417475e-01, 1.05859800e-01, 1.66154525e+00, 1.59978904e+00, 4.30529934e+02
4.14223247e+00, 7.11151707e-01, 1.94468065e-01, 8.52871954e-01, 1.02405322e-01, 1.67911182e+00, 1.58222247e+00, 4.44888791e+02
4.25851829e+00, 7.20863389e-01, 1.90167637e-01, 8.56232630e-01, 9.90446454e-02, 1.69658679e+00, 1.56474749e+00, 4.59824328e+02
4.37806863e+00, 7.30626340e-01, 1.85940357e-01, 8.59500975e-01, 9.57763005e-02, 1.71396699e+00, 1.54736729e+00, 4.75360137e+02
4.50097513e+00, 7.40439681e-01, 1.81785952e-01, 8.62678499e-01, 9.25987762e-02, 1.73124938e+00, 1.53008490e+00, 4.91520804e+02
4.62733201e+00, 7.50302539e-01, 1.77704105e-01, 8.65766750e-01, 8.95105251e-02, 1.74843106e+00, 1.51290323e+00, 5.08331946e+02
4.75723614e+00, 7.60214043e-01, 1.73694456e-01, 8.68767307e-01, 8.65099684e-02, 1.76550924e+00, 1.49582505e+00, 5.25820261e+02
4.89078709e+00, 7.70173327e-01, 1.69756602e-01, 8.71681776e-01, 8.35954995e-02, 1.78248129e+00, 1.47885299e+00, 5.44013568e+02
5.02808725e+00, 7.80179530e-01, 1.65890100e-01, 8.74511787e-01, 8.07654887e-02, 1.79934471e+00, 1.46198957e+00, 5.62940861e+02
5.16924187e+00, 7.90231798e-01, 1.62094471e-01, 8.77258988e-01, 7.80182870e-02, 1.81609711e+00, 1.44523717e+00, 5.82632352e+02
5.31435916e+00, 8.00329281e-01, 1.58369199e-01, 8.79925046e-01, 7.53522296e-02, 1.83273625e+00, 1.42859804e+00, 6.03119530e+02
5.46355035e+00, 8.10471136e-01, 1.54713732e-01, 8.82511636e-01, 7.27656397e-02, 1.84925998e+00, 1.41207430e+00, 6.24435209e+02
5.61692982e+00, 8.20656529e-01, 1.51127491e-01, 8.85020443e-01, 7.02568321e-02, 1.86566632e+00, 1.39566797e+00, 6.46613587e+02
5.77461515e+00, 8.30884629e-01, 1.47609861e-01, 8.87453160e-01, 6.78241160e-02, 1.88195336e+00, 1.37938093e+00, 6.69690306e+02
5.93672722e+00, 8.41154616e-01, 1.44160202e-01, 8.89811477e-01, 6.54657983e-02, 1.89811933e+00, 1.36321495e+00, 6.93702510e+02
6.10339029e+00, 8.51465677e-01, 1.40777848e-01, 8.92097089e-01, 6.31801867e-02, 1.91416258e+00, 1.34717170e+00, 7.18688910e+02
6.27473213e+00, 8.61817006e-01, 1.37462106e-01, 8.94311684e-01, 6.09655918e-02, 1.93008156e+00, 1.33125272e+00, 7.44689853e+02
6.45088409e+00, 8.72207807e-01, 1.34212261e-01, 8.96456945e-01, 5.88203303e-02, 1.94587483e+00, 1.31545945e+00, 7.71747386e+02
6.63198120e+00, 8.82637292e-01, 1.31027576e-01, 8.98534549e-01, 5.67427268e-02, 1.96154106e+00, 1.29979322e+00, 7.99905334e+02
6.81816229e+00, 8.93104682e-01, 1.27907296e-01, 9.00546159e-01, 5.47311167e-02, 1.97707902e+00, 1.28425526e+00, 8.29209372e+02
7.00957009e+00, 9.03609206e-01, 1.24850646e-01, 9.02493428e-01, 5.27838473e-02, 1.99248758e+00, 1.26884670e+00, 8.59707102e+02
7.20635132e+00, 9.14150106e-01, 1.21856835e-01, 9.04377995e-01, 5.08992806e-02, 2.00776570e+00, 1.25356858e+00, 8.91448138e+02
7.40865683e+00, 9.24726629e-01, 1.18925058e-01, 9.06201481e-01, 4.90757946e-02, 2.02291245e+00, 1.23842183e+00, 9.24484190e+02
7.61664172e+00, 9.35338035e-01, 1.16054495e-01, 9.07965491e-01, 4.73117849e-02, 2.03792698e+00, 1.22340730e+00, 9.58869151e+02
7.83046540e+00, 9.45983593e-01, 1.13244314e-01, 9.09671609e-01, 4.56056663e-02, 2.05280854e+00, 1.20852574e+00, 9.94659192e+02
8.05029181e+00, 9.56662583e-01, 1.10493675e-01, 9.11321401e-01, 4.39558743e-02, 2.06755645e+00, 1.19377783e+00, 1.03191286e+03
8.27628946e+00, 9.67374292e-01, 1.07801724e-01, 9.12916410e-01, 4.23608657e-02, 2.08217013e+00, 1.17916415e+00, 1.07069116e+03
8.50863158e+00, 9.78118021e-01, 1.05167604e-01, 9.14458155e-01, 4.08191204e-02, 2.09664907e+00, 1.16468521e+00, 1.11105771e+03
8.74749630e+00, 9.88893079e-01, 1.02590447e-01, 9.15948134e-01, 3.93291420e-02, 2.11099284e+00, 1.15034144e+00, 1.15307878e+03
8.99306672e+00, 9.99698787e-01, 1.00069381e-01, 9.17387817e-01, 3.78894587e-02, 2.12520109e+00, 1.13613319e+00, 1.19682346e+03
9.24553110e+00, 1.01053448e+00, 9.76035298e-02, 9.18778651e-01, 3.64986240e-02, 2.13927354e+00, 1.12206074e+00, 1.24236375e+03
9.50508296e+00, 1.02139949e+00, 9.51920136e-02, 9.20122058e-01, 3.51552177e-02, 2.15320998e+00, 1.10812431e+00, 1.28977471e+03
9.77192128e+00, 1.03229317e+00, 9.28339498e-02, 9.21419430e-01, 3.38578460e-02, 2.16701026e+00, 1.09432402e+00, 1.33913456e+03
1.00462506e+01, 1.04321489e+00, 9.05284548e-02, 9.22672133e-01, 3.26051422e-02, 2.18067432e+00, 1.08065997e+00, 1.39052483e+03
1.03282813e+01, 1.05416402e+00, 8.82746444e-02, 9.23881508e-01, 3.13957671e-02, 2.19420213e+00, 1.06713216e+00, 1.44403050e+03
1.06182294e+01, 1.06513995e+00, 8.60716349e-02, 9.25048866e-01, 3.02284094e-02, 2.20759374e+00, 1.05374054e+00, 1.49974013e+03
1.09163173e+01, 1.07614206e+00, 8.39185439e-02, 9.26175490e-01, 2.91017856e-02, 2.22084926e+00, 1.04048502e+00, 1.55774605e+03
1.12227736e+01, 1.08716977e+00, 8.18144912e-02, 9.27262635e-01, 2.80146406e-02, 2.23396884e+00, 1.02736544e+00, 1.61814446e+03
1.15378330e+01, 1.09822248e+00, 7.97585995e-02, 9.28311528e-01, 2.69657475e-02, 2.24695271e+00, 1.01438157e+00, 1.68103567e+03
1.18617372e+01, 1.10929963e+00, 7.77499950e-02, 9.29323368e-01, 2.59539077e-02, 2.25980112e+00, 1.00153317e+00, 1.74652421e+03
1.21947344e+01, 1.12040065e+00, 7.57878084e-02, 9.30299324e-01, 2.49779510e-02, 2.27251438e+00, 9.88819903e-01, 1.81471901e+03
1.25370799e+01, 1.13152499e+00, 7.38711753e-02, 9.31240540e-01, 2.40367354e-02, 2.28509286e+00, 9.76241422e-01, 1.88573365e+03
1.28890361e+01, 1.14267211e+00, 7.19992367e-02, 9.32148128e-01, 2.31291472e-02, 2.29753696e+00, 9.63797318e-01, 1.95968649e+03
1.32508729e+01, 1.15384147e+00, 7.01711401e-02, 9.33023175e-01, 2.22541003e-02, 2.30984714e+00, 9.51487145e-01, 2.03670089e+03
1.36228676e+01, 1.16503255e+00, 6.83860392e-02, 9.33866739e-01, 2.14105369e-02, 2.32202387e+00, 9.39310413e-01, 2.11690546e+03
1.40053055e+01, 1.17624484e+00, 6.66430952e-02, 9.34679849e-01, 2.05974264e-02, 2.33406769e+00, 9.27266595e-01, 2.20043420e+03
1.43984795e+01, 1.18747784e+00, 6.49414767e-02, 9.35463510e-01, 1.98137655e-02, 2.34597916e+00, 9.15355126e-01, 2.28742684e+03
1.48026913e+01, 1.19873106e+00, 6.32803605e-02, 9.36218697e-01, 1.90585780e-02, 2.35775888e+00, 9.03575406e-01, 2.37802897e+03
1.52182505e+01, 1.21000400e+00, 6.16589316e-02, 9.36946361e-01, 1.83309143e-02, 2.36940748e+00, 8.91926802e-01, 2.47239237e+03
1.56454759e+01, 1.22129622e+00, 6.00763839e-02, 9.37647424e-01, 1.76298511e-02, 2.38092563e+00, 8.80408649e-01, 2.57067523e+03
1.60846948e+01, 1.23260723e+00, 5.85319205e-02, 9.38322785e-01, 1.69544909e-02, 2.39231403e+00, 8.69020251e-01, 2.67304245e+03
1.65362441e+01, 1.24393658e+00, 5.70247538e-02, 9.38973314e-01, 1.63039619e-02, 2.40357340e+00, 8.57760884e-01, 2.77966588e+03
1.70004698e+01, 1.25528384e+00, 5.55541057e-02, 9.39599858e-01, 1.56774172e-02, 2.41470448e+00, 8.46629798e-01, 2.89072466e+03
1.74777277e+01, 1.26664856e+00, 5.41192085e-02, 9.40203241e-01, 1.50740348e-02, 2.42570807e+00, 8.35626216e-01, 3.00640553e+03
1.79683839e+01, 1.27803033e+00, 5.27193041e-02, 9.40784259e-01, 1.44930167e-02, 2.43658494e+00, 8.24749339e-01, 3.12690308e+03
1.84728144e+01, 1.28942872e+00, 5.13536452e-02, 9.41343687e-01, 1.39335889e-02, 2.44733594e+00, 8.13998342e-01, 3.25242020e+03
1.89914058e+01, 1.30084334e+00, 5.00214947e-02, 9.41882275e-01, 1.33950003e-02, 2.45796190e+00, 8.03372383e-01, 3.38316832e+03
1.95245558e+01, 1.31227377e+00, 4.87221263e-02, 9.42400752e-01, 1.28765231e-02, 2.46846369e+00, 7.92870597e-01, 3.51936784e+03
2.00726730e+01, 1.32371963e+00, 4.74548245e-02, 9.42899824e-01, 1.23774516e-02, 2.47884218e+00, 7.82492102e-01, 3.66124849e+03
2.06361777e+01, 1.33518054e+00, 4.62188846e-02, 9.43380174e-01, 1.18971019e-02, 2.48909828e+00, 7.72235998e-01, 3.80904971e+03
2.12155017e+01, 1.34665613e+00, 4.50136131e-02, 9.43842464e-01, 1.14348116e-02, 2.49923291e+00, 7.62101369e-01, 3.96302110e+03
2.18110892e+01, 1.35814602e+00, 4.38383275e-02, 9.44287336e-01, 1.09899391e-02, 2.50924700e+00, 7.52087284e-01, 4.12342280e+03
2.24233968e+01, 1.36964988e+00, 4.26923562e-02, 9.44715412e-01, 1.05618633e-02, 2.51914148e+00, 7.42192799e-01, 4.29052599e+03
2.30528939e+01, 1.38116734e+00, 4.15750390e-02, 9.45127292e-01, 1.01499830e-02, 2.52891733e+00, 7.32416956e-01, 4.46461331e+03
2.37000629e+01, 1.39269806e+00, 4.04857268e-02, 9.45523559e-01, 9.75371618e-03, 2.53857550e+00, 7.22758784e-01, 4.64597937e+03
2.43654001e+01, 1.40424172e+00, 3.94237819e-02, 9.45904776e-01, 9.37249996e-03, 2.54811698e+00, 7.13217306e-01, 4.83493128e+03
2.50494154e+01, 1.41579798e+00, 3.83885774e-02, 9.46271486e-01, 9.00578983e-03, 2.55754275e+00, 7.03791529e-01, 5.03178911e+03
2.57526333e+01, 1.42736654e+00, 3.73794979e-02, 9.46624216e-01, 8.65305922e-03, 2.56685383e+00, 6.94480456e-01, 5.23688651e+03
2.64755927e+01, 1.43894707e+00, 3.63959391e-02, 9.46963476e-01, 8.31379903e-03, 2.57605120e+00, 6.85283079e-01, 5.45057127e+03
2.72188479e+01, 1.45053928e+00, 3.54373078e-02, 9.47289758e-01, 7.98751718e-03, 2.58513590e+00, 6.76198385e-01, 5.67320588e+03
2.79829688e+01, 1.46214287e+00, 3.45030217e-02, 9.47603537e-01, 7.67373812e-03, 2.59410893e+00, 6.67225353e-01, 5.90516819e+03
2.87685409e+01, 1.47375755e+00, 3.35925097e-02, 9.47905273e-01, 7.37200234e-03, 2.60297132e+00, 6.58362958e-01, 6.14685205e+03
2.95761666e+01, 1.48538304e+00, 3.27052117e-02, 9.48195409e-01, 7.08186599e-03, 2.61172411e+00, 6.49610168e-01, 6.39866802e+03
3.04064649e+01, 1.49701906e+00, 3.18405781e-02, 9.48474375e-01, 6.80290036e-03, 2.62036833e+00, 6.40965949e-01, 6.66104399e+03
3.12600724e+01, 1.50866534e+00, 3.09980705e-02, 9.48742584e-01, 6.53469148e-03, 2.62890502e+00, 6.32429262e-01, 6.93442603e+03
3.21376434e+01, 1.52032162e+00, 3.01771610e-02, 9.49000436e-01, 6.27683967e-03, 2.63733521e+00, 6.23999068e-01, 7.21927906e+03
3.30398507e+01, 1.53198765e+00, 2.93773321e-02, 9.49248316e-01, 6.02895913e-03, 2.64565996e+00, 6.15674322e-01, 7.51608772e+03
3.39673858e+01, 1.54366317e+00, 2.85980772e-02, 9.49486598e-01, 5.79067749e-03, 2.65388030e+00, 6.07453982e-01, 7.82535717e+03
3.49209598e+01, 1.55534793e+00, 2.78388997e-02, 9.49715640e-01, 5.56163545e-03, 2.66199728e+00, 5.99337000e-01, 8.14761397e+03
3.59013038e+01, 1.56704171e+00, 2.70993135e-02, 9.49935789e-01, 5.34148634e-03, 2.67001195e+00, 5.91322332e-01, 8.48340696e+03
3.69091691e+01, 1.57874427e+00, 2.63788425e-02, 9.50147380e-01, 5.12989574e-03, 2.67792535e+00, 5.83408933e-01, 8.83330827e+03
3.79453285e+01, 1.59045537e+00, 2.56770206e-02, 9.50350734e-01, 4.92654110e-03, 2.68573853e+00, 5.75595757e-01, 9.19791423e+03
3.90105762e+01, 1.60217481e+00, 2.49933916e-02, 9.50546164e-01, 4.73111136e-03, 2.69345252e+00, 5.67881762e-01, 9.57784647e+03
4.01057288e+01, 1.61390235e+00, 2.43275093e-02, 9.50733969e-01, 4.54330660e-03, 2.70106838e+00, 5.60265904e-01, 9.97375290e+03
4.12316259e+01, 1.62563780e+00, 2.36789368e-02, 9.50914438e-01, 4.36283765e-03, 2.70858714e+00, 5.52747146e-01, 1.03863089e+04
4.23891306e+01, 1.63738095e+00, 2.30472468e-02, 9.51087850e-01, 4.18942577e-03, 2.71600983e+00, 5.45324448e-01, 1.08162186e+04
4.35791301e+01, 1.64913159e+00, 2.24320214e-02, 9.51254473e-01, 4.02280231e-03, 2.72333750e+00, 5.37996778e-01, 1.12642157e+04
4.48025368e+01, 1.66088953e+00, 2.18328518e-02, 9.51414567e-01, 3.86270835e-03, 2.73057118e+00, 5.30763103e-01, 1.17310651e+04
4.60602884e+01, 1.67265458e+00, 2.12493385e-02, 9.51568381e-01, 3.70889442e-03, 2.73771189e+00, 5.23622397e-01, 1.22175642e+04
4.73533492e+01, 1.68442656e+00, 2.06810907e-02, 9.51716155e-01, 3.56112015e-03, 2.74476065e+00, 5.16573636e-01, 1.27245442e+04
4.86827104e+01, 1.69620528e+00, 2.01277264e-02, 9.51858122e-01, 3.41915398e-03, 2.75171848e+00, 5.09615800e-01, 1.32528712e+04
5.00493910e+01, 1.70799057e+00, 1.95888723e-02, 9.51994503e-01, 3.28277286e-03, 2.75858641e+00, 5.02747875e-01, 1.38034485e+04
5.14544388e+01, 1.71978224e+00, 1.90641636e-02, 9.52125514e-01, 3.15176197e-03, 2.76536543e+00, 4.95968852e-01, 1.43772172e+04
5.28989308e+01, 1.73158015e+00, 1.85532437e-02, 9.52251361e-01, 3.02591442e-03, 2.77205656e+00, 4.89277725e-01, 1.49751585e+04
5.43839743e+01, 1.74338412e+00, 1.80557646e-02, 9.52372244e-01, 2.90503099e-03, 2.77866079e+00, 4.82673496e-01, 1.55982953e+04
5.59107078e+01, 1.75519399e+00, 1.75713858e-02, 9.52488356e-01, 2.78891989e-03, 2.78517911e+00, 4.76155170e-01, 1.62476935e+04
5.74803016e+01, 1.76700960e+00, 1.70997750e-02, 9.52599879e-01, 2.67739645e-03, 2.79161252e+00, 4.69721761e-01, 1.69244646e+04
5.90939590e+01, 1.77883082e+00, 1.66406078e-02, 9.52706993e-01, 2.57028290e-03, 2.79796200e+00, 4.63372287e-01, 1.76297668e+04
6.07529169e+01, 1.79065748e+00, 1.61935670e-02, 9.52809867e-01, 2.46740815e-03, 2.80422851e+00, 4.57105771e-01, 1.83648076e+04
6.24584471e+01, 1.80248944e+00, 1.57583434e-02, 9.52908668e-01, 2.36860752e-03, 2.81041304e+00, 4.50921246e-01, 1.91308457e+04
6.42118571e+01, 1.81432657e+00, 1.53346346e-02, 9.53003553e-01, 2.27372251e-03, 2.81651653e+00, 4.44817750e-01, 1.99291929e+04
6.60144909e+01, 1.82616872e+00, 1.49221457e-02, 9.53094675e-01, 2.18260062e-03, 2.82253996e+00, 4.38794326e-01, 2.07612170e+04
6.78677305e+01, 1.83801577e+00, 1.45205889e-02, 9.53182180e-01, 2.09509511e-03, 2.82848426e+00, 4.32850026e-01, 2.16283433e+04
6.97729965e+01, 1.84986758e+00, 1.41296829e-02, 9.53266211e-01, 2.01106480e-03, 2.83435037e+00, 4.26983909e-01, 2.25320578e+04
7.17317494e+01, 1.86172403e+00, 1.37491537e-02, 9.53346902e-01, 1.93037384e-03, 2.84013924e+00, 4.21195040e-01, 2.34739094e+04
7.37454909e+01, 1.87358500e+00, 1.33787335e-02, 9.53424384e-01, 1.85289159e-03, 2.84585179e+00, 4.15482494e-01, 2.44555127e+04
7.58157646e+01, 1.88545036e+00, 1.30181611e-02, 9.53498783e-01, 1.77849235e-03, 2.85148893e+00, 4.09845349e-01, 2.54785507e+04
7.79441575e+01, 1.89731999e+00, 1.26671819e-02, 9.53570220e-01, 1.70705524e-03, 2.85705159e+00, 4.04282695e-01, 2.65447776e+04
8.01323013e+01, 1.90919379e+00, 1.23255471e-02, 9.53638811e-01, 1.63846399e-03, 2.86254065e+00, 3.98793628e-01, 2.76560221e+04
8.23818733e+01, 1.92107165e+00, 1.19930143e-02, 9.53704669e-01, 1.57260678e-03, 2.86795703e+00, 3.93377250e-01, 2.88141905e+04
8.46945981e+01, 1.93295345e+00, 1.16693470e-02, 9.53767899e-01, 1.50937610e-03, 2.87330161e+00, 3.88032673e-01, 3.00212696e+04
8.70722485e+01, 1.94483908e+00, 1.13543144e-02, 9.53828607e-01, 1.44866855e-03, 2.87857527e+00, 3.82759016e-01, 3.12793306e+04
8.95166472e+01, 1.95672846e+00, 1.10476916e-02, 9.53886891e-01, 1.39038473e-03, 2.88377888e+00, 3.77555407e-01, 3.25905325e+04
9.20296681e+01, 1.96862147e+00, 1.07492590e-02, 9.53942846e-01, 1.33442905e-03, 2.88891330e+00, 3.72420980e-01, 3.39571259e+04
9.46132376e+01, 1.98051802e+00, 1.04588028e-02, 9.53996566e-01, 1.28070963e-03, 2.89397940e+00, 3.67354878e-01, 3.53814564e+04
9.72693362e+01, 1.99241802e+00, 1.01761143e-02, 9.54048137e-01, 1.22913813e-03, 2.89897803e+00, 3.62356253e-01, 3.68659695e+04
1.00000000e+02, 2.00432137e+00, 9.90099010e-03, 9.54097646e-01, 1.17962964e-03, 2.90391002e+00, 3.57424263e-01, 3.84132141e+04
