 --- Cosmological Parameters --- 
	 H0: 2.1561e-18 (1/s) = 66.5300 (km/s/Mpc) 
	 OmegaM: 3.0500e-01 
	 OmegaR: 0.0000e+00 
	 OmegaL: 6.9500e-01 
	 OmegaK: 0.0000e+00 
		 w0: -6.5000e-01 
		 wa: -1.2700e+00 
	 rho_crit: 8.3160e-30 (g/cm^3) 
z, log10(1+z), a, H0*t_look, H0*t_age, H0*t_conf, H0*t_conf_age, H(z) 
1.00000000e-04, 4.34272769e-05, 9.99900010e-01, 9.99908891e-05, 9.49191844e-01, 9.99958885e-05, 3.27613928e+00, 6.65354709e+01
1.02807322e-04, 4.46463579e-05, 9.99897203e-01, 1.02797693e-04, 9.49189037e-01, 1.02802977e-04, 3.27613647e+00, 6.65356245e+01
1.05693455e-04, 4.58996588e-05, 9.99894318e-01, 1.05683278e-04, 9.49186151e-01, 1.05688862e-04, 3.27613358e+00, 6.65357824e+01
1.08660611e-04, 4.71881402e-05, 9.99891351e-01, 1.08649854e-04, 9.49183185e-01, 1.08655757e-04, 3.27613062e+00, 6.65359447e+01
1.11711065e-04, 4.85127895e-05, 9.99888301e-01, 1.11699695e-04, 9.49180135e-01, 1.11705934e-04, 3.27612757e+00, 6.65361116e+01
1.14847155e-04, 4.98746217e-05, 9.99885166e-01, 1.14835138e-04, 9.49176999e-01, 1.14841732e-04, 3.27612443e+00, 6.65362831e+01
1.18071285e-04, 5.12746804e-05, 9.99881943e-01, 1.18058584e-04, 9.49173776e-01, 1.18065553e-04, 3.27612121e+00, 6.65364595e+01
1.21385926e-04, 5.27140387e-05, 9.99878629e-01, 1.21372502e-04, 9.49170462e-01, 1.21379868e-04, 3.27611789e+00, 6.65366408e+01
1.24793621e-04, 5.41937993e-05, 9.99875222e-01, 1.24779432e-04, 9.49167055e-01, 1.24787218e-04, 3.27611449e+00, 6.65368272e+01
1.28296980e-04, 5.57150964e-05, 9.99871719e-01, 1.28281984e-04, 9.49163553e-01, 1.28290212e-04, 3.27611098e+00, 6.65370189e+01
1.31898690e-04, 5.72790956e-05, 9.99868119e-01, 1.31882840e-04, 9.49159952e-01, 1.31891537e-04, 3.27610738e+00, 6.65372159e+01
1.35601511e-04, 5.88869955e-05, 9.99864417e-01, 1.35584759e-04, 9.49156250e-01, 1.35593951e-04, 3.27610368e+00, 6.65374185e+01
1.39408283e-04, 6.05400281e-05, 9.99860611e-01, 1.39390577e-04, 9.49152444e-01, 1.39400292e-04, 3.27609987e+00, 6.65376267e+01
1.43321923e-04, 6.22394601e-05, 9.99856699e-01, 1.43303209e-04, 9.49148531e-01, 1.43313477e-04, 3.27609596e+00, 6.65378408e+01
1.47345431e-04, 6.39865937e-05, 9.99852676e-01, 1.47325652e-04, 9.49144509e-01, 1.47336505e-04, 3.27609194e+00, 6.65380609e+01
1.51481892e-04, 6.57827676e-05, 9.99848541e-01, 1.51460987e-04, 9.49140374e-01, 1.51472458e-04, 3.27608780e+00, 6.65382872e+01
1.55734477e-04, 6.76293582e-05, 9.99844290e-01, 1.55712382e-04, 9.49136122e-01, 1.55724506e-04, 3.27608355e+00, 6.65385198e+01
1.60106446e-04, 6.95277803e-05, 9.99839919e-01, 1.60083093e-04, 9.49131752e-01, 1.60095907e-04, 3.27607918e+00, 6.65387589e+01
1.64601150e-04, 7.14794886e-05, 9.99835426e-01, 1.64576467e-04, 9.49127258e-01, 1.64590012e-04, 3.27607468e+00, 6.65390048e+01
1.69222035e-04, 7.34859785e-05, 9.99830807e-01, 1.69195947e-04, 9.49122639e-01, 1.69210262e-04, 3.27607006e+00, 6.65392576e+01
1.73972643e-04, 7.55487874e-05, 9.99826058e-01, 1.73945070e-04, 9.49117890e-01, 1.73960200e-04, 3.27606531e+00, 6.65395174e+01
1.78856616e-04, 7.76694958e-05, 9.99821175e-01, 1.78827473e-04, 9.49113007e-01, 1.78843465e-04, 3.27606043e+00, 6.65397846e+01
1.83877698e-04, 7.98497285e-05, 9.99816156e-01, 1.83846896e-04, 9.49107988e-01, 1.83863798e-04, 3.27605541e+00, 6.65400592e+01
1.89039738e-04, 8.20911560e-05, 9.99810996e-01, 1.89007182e-04, 9.49102827e-01, 1.89025046e-04, 3.27605025e+00, 6.65403416e+01
1.94346693e-04, 8.43954955e-05, 9.99805691e-01, 1.94312284e-04, 9.49097522e-01, 1.94331165e-04, 3.27604494e+00, 6.65406319e+01
1.99802631e-04, 8.67645125e-05, 9.99800237e-01, 1.99766263e-04, 9.49092068e-01, 1.99786219e-04, 3.27603949e+00, 6.65409303e+01
2.05411735e-04, 8.92000219e-05, 9.99794630e-01, 2.05373297e-04, 9.49086461e-01, 2.05394389e-04, 3.27603388e+00, 6.65412371e+01
2.11178304e-04, 9.17038897e-05, 9.99788866e-01, 2.11137678e-04, 9.49080697e-01, 2.11159971e-04, 3.27602811e+00, 6.65415525e+01
2.17106760e-04, 9.42780341e-05, 9.99782940e-01, 2.17063821e-04, 9.49074771e-01, 2.17087383e-04, 3.27602218e+00, 6.65418768e+01
2.23201647e-04, 9.69244272e-05, 9.99776848e-01, 2.23156264e-04, 9.49068678e-01, 2.23181166e-04, 3.27601609e+00, 6.65422102e+01
2.29467637e-04, 9.96450962e-05, 9.99770585e-01, 2.29419670e-04, 9.49062415e-01, 2.29445990e-04, 3.27600983e+00, 6.65425529e+01
2.35909533e-04, 1.02442125e-04, 9.99764146e-01, 2.35858836e-04, 9.49055976e-01, 2.35886654e-04, 3.27600339e+00, 6.65429053e+01
2.42532274e-04, 1.05317657e-04, 9.99757527e-01, 2.42478691e-04, 9.49049356e-01, 2.42508093e-04, 3.27599676e+00, 6.65432675e+01
2.49340937e-04, 1.08273895e-04, 9.99750721e-01, 2.49284303e-04, 9.49042550e-01, 2.49315379e-04, 3.27598996e+00, 6.65436399e+01
2.56340741e-04, 1.11313103e-04, 9.99743725e-01, 2.56280883e-04, 9.49035554e-01, 2.56313728e-04, 3.27598296e+00, 6.65440227e+01
2.63537052e-04, 1.14437609e-04, 9.99736532e-01, 2.63473787e-04, 9.49028361e-01, 2.63508502e-04, 3.27597576e+00, 6.65444163e+01
2.70935387e-04, 1.17649806e-04, 9.99729138e-01, 2.70868520e-04, 9.49020966e-01, 2.70905211e-04, 3.27596837e+00, 6.65448210e+01
2.78541416e-04, 1.20952156e-04, 9.99721536e-01, 2.78470743e-04, 9.49013364e-01, 2.78509523e-04, 3.27596076e+00, 6.65452370e+01
2.86360972e-04, 1.24347187e-04, 9.99713721e-01, 2.86286276e-04, 9.49005548e-01, 2.86327263e-04, 3.27595295e+00, 6.65456646e+01
2.94400048e-04, 1.27837499e-04, 9.99705687e-01, 2.94321099e-04, 9.48997514e-01, 2.94364420e-04, 3.27594491e+00, 6.65461043e+01
3.02664806e-04, 1.31425767e-04, 9.99697427e-01, 3.02581364e-04, 9.48989253e-01, 3.02627150e-04, 3.27593665e+00, 6.65465563e+01
3.11161583e-04, 1.35114738e-04, 9.99688935e-01, 3.11073391e-04, 9.48980761e-01, 3.11121783e-04, 3.27592815e+00, 6.65470210e+01
3.19896892e-04, 1.38907238e-04, 9.99680205e-01, 3.19803679e-04, 9.48972031e-01, 3.19854826e-04, 3.27591942e+00, 6.65474988e+01
3.28877429e-04, 1.42806171e-04, 9.99671231e-01, 3.28778910e-04, 9.48963056e-01, 3.28832969e-04, 3.27591044e+00, 6.65479899e+01
3.38110078e-04, 1.46814523e-04, 9.99662004e-01, 3.38005952e-04, 9.48953829e-01, 3.38063088e-04, 3.27590121e+00, 6.65484948e+01
3.47601918e-04, 1.50935364e-04, 9.99652519e-01, 3.47491864e-04, 9.48944343e-01, 3.47552252e-04, 3.27589172e+00, 6.65490139e+01
3.57360225e-04, 1.55171849e-04, 9.99642767e-01, 3.57243906e-04, 9.48934591e-01, 3.57307732e-04, 3.27588196e+00, 6.65495476e+01
3.67392478e-04, 1.59527223e-04, 9.99632742e-01, 3.67269539e-04, 9.48924565e-01, 3.67336997e-04, 3.27587194e+00, 6.65500962e+01
3.77706369e-04, 1.64004821e-04, 9.99622436e-01, 3.77576432e-04, 9.48914258e-01, 3.77647730e-04, 3.27586162e+00, 6.65506602e+01
3.88309805e-04, 1.68608072e-04, 9.99611841e-01, 3.88172471e-04, 9.48903662e-01, 3.88247828e-04, 3.27585102e+00, 6.65512401e+01
3.99210913e-04, 1.73340499e-04, 9.99600948e-01, 3.99065762e-04, 9.48892769e-01, 3.99145408e-04, 3.27584013e+00, 6.65518362e+01
4.10418050e-04, 1.78205728e-04, 9.99589750e-01, 4.10264637e-04, 9.48881570e-01, 4.10348817e-04, 3.27582892e+00, 6.65524491e+01
4.21939808e-04, 1.83207482e-04, 9.99578238e-01, 4.21777662e-04, 9.48870057e-01, 4.21866633e-04, 3.27581741e+00, 6.65530791e+01
4.33785019e-04, 1.88349591e-04, 9.99566403e-01, 4.33613644e-04, 9.48858221e-01, 4.33707679e-04, 3.27580556e+00, 6.65537268e+01
4.45962763e-04, 1.93635993e-04, 9.99554236e-01, 4.45781633e-04, 9.48846053e-01, 4.45881020e-04, 3.27579339e+00, 6.65543927e+01
4.58482375e-04, 1.99070734e-04, 9.99541728e-01, 4.58290935e-04, 9.48833544e-01, 4.58395980e-04, 3.27578088e+00, 6.65550773e+01
4.71353453e-04, 2.04657975e-04, 9.99528869e-01, 4.71151117e-04, 9.48820683e-01, 4.71262140e-04, 3.27576801e+00, 6.65557811e+01
4.84585864e-04, 2.10401992e-04, 9.99515649e-01, 4.84372011e-04, 9.48807463e-01, 4.84489354e-04, 3.27575478e+00, 6.65565046e+01
4.98189752e-04, 2.16307184e-04, 9.99502058e-01, 4.97963726e-04, 9.48793871e-01, 4.98087748e-04, 3.27574118e+00, 6.65572485e+01
5.12175544e-04, 2.22378069e-04, 9.99488087e-01, 5.11936654e-04, 9.48779898e-01, 5.12067734e-04, 3.27572720e+00, 6.65580132e+01
5.26553963e-04, 2.28619296e-04, 9.99473723e-01, 5.26301475e-04, 9.48765533e-01, 5.26440016e-04, 3.27571283e+00, 6.65587993e+01
5.41336030e-04, 2.35035640e-04, 9.99458957e-01, 5.41069172e-04, 9.48750765e-01, 5.41215598e-04, 3.27569806e+00, 6.65596075e+01
5.56533078e-04, 2.41632013e-04, 9.99443776e-01, 5.56251031e-04, 9.48735584e-01, 5.56405791e-04, 3.27568287e+00, 6.65604384e+01
5.72156756e-04, 2.48413463e-04, 9.99428170e-01, 5.71858655e-04, 9.48719976e-01, 5.72022223e-04, 3.27566725e+00, 6.65612926e+01
5.88219040e-04, 2.55385179e-04, 9.99412127e-01, 5.87903973e-04, 9.48703931e-01, 5.88076851e-04, 3.27565120e+00, 6.65621707e+01
6.04732245e-04, 2.62552498e-04, 9.99395633e-01, 6.04399246e-04, 9.48687435e-01, 6.04581962e-04, 3.27563469e+00, 6.65630735e+01
6.21709029e-04, 2.69920903e-04, 9.99378677e-01, 6.21357077e-04, 9.48670478e-01, 6.21550192e-04, 3.27561772e+00, 6.65640016e+01
6.39162405e-04, 2.77496033e-04, 9.99361246e-01, 6.38790423e-04, 9.48653044e-01, 6.38994529e-04, 3.27560028e+00, 6.65649558e+01
6.57105755e-04, 2.85283683e-04, 9.99343326e-01, 6.56712601e-04, 9.48635122e-01, 6.56928323e-04, 3.27558234e+00, 6.65659367e+01
6.75552832e-04, 2.93289812e-04, 9.99324903e-01, 6.75137303e-04, 9.48616697e-01, 6.75365301e-04, 3.27556391e+00, 6.65669451e+01
6.94517777e-04, 3.01520545e-04, 9.99305964e-01, 6.94078600e-04, 9.48597756e-01, 6.94319574e-04, 3.27554495e+00, 6.65679818e+01
7.14015130e-04, 3.09982178e-04, 9.99286494e-01, 7.13550959e-04, 9.48578284e-01, 7.13805646e-04, 3.27552547e+00, 6.65690476e+01
7.34059837e-04, 3.18681185e-04, 9.99266479e-01, 7.33569249e-04, 9.48558265e-01, 7.33838430e-04, 3.27550543e+00, 6.65701432e+01
7.54667263e-04, 3.27624220e-04, 9.99245902e-01, 7.54148755e-04, 9.48537686e-01, 7.54433256e-04, 3.27548484e+00, 6.65712696e+01
7.75853206e-04, 3.36818122e-04, 9.99224748e-01, 7.75305190e-04, 9.48516529e-01, 7.75605881e-04, 3.27546367e+00, 6.65724276e+01
7.97633907e-04, 3.46269924e-04, 9.99203002e-01, 7.97054704e-04, 9.48494780e-01, 7.97372506e-04, 3.27544190e+00, 6.65736181e+01
8.20026062e-04, 3.55986854e-04, 9.99180646e-01, 8.19413897e-04, 9.48472421e-01, 8.19749784e-04, 3.27541952e+00, 6.65748419e+01
8.43046837e-04, 3.65976343e-04, 9.99157663e-01, 8.42399836e-04, 9.48449435e-01, 8.42754836e-04, 3.27539652e+00, 6.65761001e+01
8.66713880e-04, 3.76246030e-04, 9.99134037e-01, 8.66030059e-04, 9.48425805e-01, 8.66405261e-04, 3.27537287e+00, 6.65773935e+01
8.91045332e-04, 3.86803767e-04, 9.99109748e-01, 8.90322599e-04, 9.48401512e-01, 8.90719150e-04, 3.27534855e+00, 6.65787233e+01
9.16059848e-04, 3.97657626e-04, 9.99084779e-01, 9.15295986e-04, 9.48376539e-01, 9.15715103e-04, 3.27532356e+00, 6.65800903e+01
9.41776601e-04, 4.08815904e-04, 9.99059110e-01, 9.40969272e-04, 9.48350865e-01, 9.41412237e-04, 3.27529786e+00, 6.65814956e+01
9.68215306e-04, 4.20287133e-04, 9.99032721e-01, 9.67362038e-04, 9.48324473e-01, 9.67830208e-04, 3.27527144e+00, 6.65829404e+01
9.95396231e-04, 4.32080081e-04, 9.99005594e-01, 9.94494410e-04, 9.48297340e-01, 9.94989218e-04, 3.27524428e+00, 6.65844256e+01
1.02334021e-03, 4.44203760e-04, 9.98977706e-01, 1.02238708e-03, 9.48269448e-01, 1.02291004e-03, 3.27521636e+00, 6.65859525e+01
1.05206867e-03, 4.56667438e-04, 9.98949037e-01, 1.05106130e-03, 9.48240773e-01, 1.05161402e-03, 3.27518766e+00, 6.65875222e+01
1.08160363e-03, 4.69480638e-04, 9.98919565e-01, 1.08053894e-03, 9.48211296e-01, 1.08112311e-03, 3.27515815e+00, 6.65891359e+01
1.11196773e-03, 4.82653152e-04, 9.98889267e-01, 1.11084246e-03, 9.48180992e-01, 1.11145986e-03, 3.27512781e+00, 6.65907948e+01
1.14318425e-03, 4.96195044e-04, 9.98858121e-01, 1.14199495e-03, 9.48149840e-01, 1.14264748e-03, 3.27509662e+00, 6.65925003e+01
1.17527712e-03, 5.10116661e-04, 9.98826103e-01, 1.17402015e-03, 9.48117814e-01, 1.17470981e-03, 3.27506456e+00, 6.65942535e+01
1.20827094e-03, 5.24428638e-04, 9.98793187e-01, 1.20694246e-03, 9.48084892e-01, 1.20767134e-03, 3.27503160e+00, 6.65960559e+01
1.24219100e-03, 5.39141905e-04, 9.98759350e-01, 1.24078693e-03, 9.48051048e-01, 1.24155729e-03, 3.27499772e+00, 6.65979088e+01
1.27706330e-03, 5.54267703e-04, 9.98724566e-01, 1.27557936e-03, 9.48016255e-01, 1.27639354e-03, 3.27496288e+00, 6.65998137e+01
1.31291459e-03, 5.69817580e-04, 9.98688807e-01, 1.31134621e-03, 9.47980488e-01, 1.31220671e-03, 3.27492707e+00, 6.66017719e+01
1.34977233e-03, 5.85803413e-04, 9.98652047e-01, 1.34811473e-03, 9.47943720e-01, 1.34902418e-03, 3.27489025e+00, 6.66037850e+01
1.38766479e-03, 6.02237406e-04, 9.98614258e-01, 1.38591289e-03, 9.47905922e-01, 1.38687408e-03, 3.27485240e+00, 6.66058545e+01
1.42662102e-03, 6.19132106e-04, 9.98575411e-01, 1.42476945e-03, 9.47867065e-01, 1.42578532e-03, 3.27481349e+00, 6.66079821e+01
1.46667087e-03, 6.36500410e-04, 9.98535477e-01, 1.46471397e-03, 9.47827121e-01, 1.46578762e-03, 3.27477348e+00, 6.66101692e+01
1.50784505e-03, 6.54355573e-04, 9.98494425e-01, 1.50577683e-03, 9.47786058e-01, 1.50691155e-03, 3.27473236e+00, 6.66124176e+01
1.55017512e-03, 6.72711224e-04, 9.98452224e-01, 1.54798925e-03, 9.47743845e-01, 1.54918852e-03, 3.27469008e+00, 6.66147290e+01
1.59369353e-03, 6.91581368e-04, 9.98408842e-01, 1.59138333e-03, 9.47700451e-01, 1.59265080e-03, 3.27464662e+00, 6.66171052e+01
1.63843365e-03, 7.10980403e-04, 9.98364246e-01, 1.63599203e-03, 9.47655843e-01, 1.63733160e-03, 3.27460194e+00, 6.66195479e+01
1.68442976e-03, 7.30923128e-04, 9.98318403e-01, 1.68184926e-03, 9.47609985e-01, 1.68326502e-03, 3.27455601e+00, 6.66220591e+01
1.73171713e-03, 7.51424755e-04, 9.98271277e-01, 1.72898986e-03, 9.47562845e-01, 1.73048614e-03, 3.27450879e+00, 6.66246406e+01
1.78033202e-03, 7.72500920e-04, 9.98222832e-01, 1.77744962e-03, 9.47514385e-01, 1.77903099e-03, 3.27446024e+00, 6.66272944e+01
1.83031168e-03, 7.94167695e-04, 9.98173032e-01, 1.82726534e-03, 9.47464569e-01, 1.82893665e-03, 3.27441034e+00, 6.66300225e+01
1.88169442e-03, 8.16441599e-04, 9.98121840e-01, 1.87847483e-03, 9.47413360e-01, 1.88024118e-03, 3.27435903e+00, 6.66328271e+01
1.93451965e-03, 8.39339613e-04, 9.98069215e-01, 1.93111696e-03, 9.47360718e-01, 1.93298375e-03, 3.27430629e+00, 6.66357102e+01
1.98882786e-03, 8.62879189e-04, 9.98015120e-01, 1.98523164e-03, 9.47306603e-01, 1.98720459e-03, 3.27425207e+00, 6.66386740e+01
2.04466067e-03, 8.87078267e-04, 9.97959511e-01, 2.04085994e-03, 9.47250975e-01, 2.04294508e-03, 3.27419633e+00, 6.66417208e+01
2.10206088e-03, 9.11955285e-04, 9.97902349e-01, 2.09804402e-03, 9.47193791e-01, 2.10024772e-03, 3.27413902e+00, 6.66448529e+01
2.16107251e-03, 9.37529196e-04, 9.97843588e-01, 2.15682722e-03, 9.47135007e-01, 2.15915622e-03, 3.27408012e+00, 6.66480727e+01
2.22174078e-03, 9.63819479e-04, 9.97783184e-01, 2.21725409e-03, 9.47074581e-01, 2.21971551e-03, 3.27401956e+00, 6.66513826e+01
2.28411221e-03, 9.90846156e-04, 9.97721093e-01, 2.27937040e-03, 9.47012464e-01, 2.28197176e-03, 3.27395730e+00, 6.66547852e+01
2.34823460e-03, 1.01862981e-03, 9.97657267e-01, 2.34322317e-03, 9.46948611e-01, 2.34597243e-03, 3.27389330e+00, 6.66582830e+01
2.41415712e-03, 1.04719158e-03, 9.97591657e-01, 2.40886075e-03, 9.46882974e-01, 2.41176631e-03, 3.27382751e+00, 6.66618787e+01
2.48193029e-03, 1.07655322e-03, 9.97524214e-01, 2.47633280e-03, 9.46815502e-01, 2.47940353e-03, 3.27375987e+00, 6.66655750e+01
2.55160607e-03, 1.10673706e-03, 9.97454888e-01, 2.54569035e-03, 9.46746144e-01, 2.54893563e-03, 3.27369034e+00, 6.66693748e+01
2.62323788e-03, 1.13776607e-03, 9.97383625e-01, 2.61698584e-03, 9.46674849e-01, 2.62041560e-03, 3.27361886e+00, 6.66732809e+01
2.69688063e-03, 1.16966386e-03, 9.97310373e-01, 2.69027317e-03, 9.46601561e-01, 2.69389787e-03, 3.27354537e+00, 6.66772962e+01
2.77259076e-03, 1.20245468e-03, 9.97235075e-01, 2.76560769e-03, 9.46526227e-01, 2.76943842e-03, 3.27346983e+00, 6.66814239e+01
2.85042632e-03, 1.23616346e-03, 9.97157676e-01, 2.84304631e-03, 9.46448788e-01, 2.84709475e-03, 3.27339218e+00, 6.66856671e+01
2.93044698e-03, 1.27081583e-03, 9.97078115e-01, 2.92264748e-03, 9.46369187e-01, 2.92692600e-03, 3.27331235e+00, 6.66900289e+01
3.01271407e-03, 1.30643812e-03, 9.96996335e-01, 3.00447126e-03, 9.46287363e-01, 3.00899293e-03, 3.27323028e+00, 6.66945127e+01
3.09729067e-03, 1.34305740e-03, 9.96912273e-01, 3.08857937e-03, 9.46203255e-01, 3.09335799e-03, 3.27314591e+00, 6.66991219e+01
3.18424160e-03, 1.38070148e-03, 9.96825866e-01, 3.17503521e-03, 9.46116799e-01, 3.18008537e-03, 3.27305919e+00, 6.67038599e+01
3.27363353e-03, 1.41939895e-03, 9.96737048e-01, 3.26390394e-03, 9.46027931e-01, 3.26924105e-03, 3.27297003e+00, 6.67087305e+01
3.36553498e-03, 1.45917918e-03, 9.96645754e-01, 3.35525248e-03, 9.45936582e-01, 3.36089283e-03, 3.27287838e+00, 6.67137371e+01
3.46001639e-03, 1.50007238e-03, 9.96551914e-01, 3.44914960e-03, 9.45842685e-01, 3.45511040e-03, 3.27278416e+00, 6.67188837e+01
3.55715021e-03, 1.54210957e-03, 9.96455458e-01, 3.54566595e-03, 9.45746169e-01, 3.55196538e-03, 3.27268731e+00, 6.67241742e+01
3.65701088e-03, 1.58532264e-03, 9.96356314e-01, 3.64487411e-03, 9.45646961e-01, 3.65153140e-03, 3.27258774e+00, 6.67296124e+01
3.75967497e-03, 1.62974435e-03, 9.96254407e-01, 3.74684864e-03, 9.45544986e-01, 3.75388409e-03, 3.27248539e+00, 6.67352026e+01
3.86522116e-03, 1.67540839e-03, 9.96149661e-01, 3.85166616e-03, 9.45440168e-01, 3.85910121e-03, 3.27238017e+00, 6.67409490e+01
3.97373038e-03, 1.72234936e-03, 9.96041998e-01, 3.95940534e-03, 9.45332429e-01, 3.96726268e-03, 3.27227201e+00, 6.67468559e+01
4.08528580e-03, 1.77060283e-03, 9.95931336e-01, 4.07014704e-03, 9.45221688e-01, 4.07845061e-03, 3.27216082e+00, 6.67529278e+01
4.19997295e-03, 1.82020534e-03, 9.95817593e-01, 4.18397428e-03, 9.45107860e-01, 4.19274940e-03, 3.27204652e+00, 6.67591692e+01
4.31787973e-03, 1.87119444e-03, 9.95700684e-01, 4.30097238e-03, 9.44990862e-01, 4.31024579e-03, 3.27192903e+00, 6.67655848e+01
4.43909653e-03, 1.92360874e-03, 9.95580522e-01, 4.42122896e-03, 9.44870606e-01, 4.43102891e-03, 3.27180824e+00, 6.67721796e+01
4.56371628e-03, 1.97748788e-03, 9.95457017e-01, 4.54483402e-03, 9.44747001e-01, 4.55519036e-03, 3.27168408e+00, 6.67789585e+01
4.69183451e-03, 2.03287261e-03, 9.95330076e-01, 4.67188002e-03, 9.44619955e-01, 4.68282430e-03, 3.27155645e+00, 6.67859265e+01
4.82354943e-03, 2.08980480e-03, 9.95199606e-01, 4.80246190e-03, 9.44489373e-01, 4.81402744e-03, 3.27142524e+00, 6.67930889e+01
4.95896201e-03, 2.14832749e-03, 9.95065508e-01, 4.93667719e-03, 9.44355157e-01, 4.94889922e-03, 3.27129037e+00, 6.68004512e+01
5.09817606e-03, 2.20848488e-03, 9.94927683e-01, 5.07462608e-03, 9.44217209e-01, 5.08754179e-03, 3.27115173e+00, 6.68080188e+01
5.24129830e-03, 2.27032240e-03, 9.94786030e-01, 5.21641143e-03, 9.44075423e-01, 5.23006014e-03, 3.27100921e+00, 6.68157974e+01
5.38843844e-03, 2.33388671e-03, 9.94640441e-01, 5.36213891e-03, 9.43929696e-01, 5.37656213e-03, 3.27086271e+00, 6.68237930e+01
5.53970928e-03, 2.39922578e-03, 9.94490810e-01, 5.51191702e-03, 9.43779918e-01, 5.52715864e-03, 3.27071211e+00, 6.68320114e+01
5.69522678e-03, 2.46638889e-03, 9.94337025e-01, 5.66585720e-03, 9.43625977e-01, 5.68196358e-03, 3.27055731e+00, 6.68404589e+01
5.85511016e-03, 2.53542665e-03, 9.94178973e-01, 5.82407389e-03, 9.43467761e-01, 5.84109400e-03, 3.27039818e+00, 6.68491419e+01
6.01948197e-03, 2.60639109e-03, 9.94016535e-01, 5.98668460e-03, 9.43305150e-01, 6.00467018e-03, 3.27023460e+00, 6.68580667e+01
6.18846824e-03, 2.67933564e-03, 9.93849593e-01, 6.15381000e-03, 9.43138025e-01, 6.17281571e-03, 3.27006646e+00, 6.68672401e+01
6.36219849e-03, 2.75431521e-03, 9.93678023e-01, 6.32557400e-03, 9.42966261e-01, 6.34565758e-03, 3.26989361e+00, 6.68766690e+01
6.54080591e-03, 2.83138620e-03, 9.93501698e-01, 6.50210382e-03, 9.42789731e-01, 6.52332628e-03, 3.26971595e+00, 6.68863604e+01
6.72442742e-03, 2.91060657e-03, 9.93320488e-01, 6.68353009e-03, 9.42608305e-01, 6.70595588e-03, 3.26953332e+00, 6.68963216e+01
6.91320378e-03, 2.99203585e-03, 9.93134260e-01, 6.86998693e-03, 9.42421848e-01, 6.89368414e-03, 3.26934559e+00, 6.69065601e+01
7.10727970e-03, 3.07573520e-03, 9.92942877e-01, 7.06161205e-03, 9.42230223e-01, 7.08665259e-03, 3.26915262e+00, 6.69170833e+01
7.30680395e-03, 3.16176744e-03, 9.92746198e-01, 7.25854680e-03, 9.42033288e-01, 7.28500666e-03, 3.26895427e+00, 6.69278994e+01
7.51192949e-03, 3.25019713e-03, 9.92544079e-01, 7.46093632e-03, 9.41830898e-01, 7.48889576e-03, 3.26875038e+00, 6.69390162e+01
7.72281357e-03, 3.34109055e-03, 9.92336371e-01, 7.66892959e-03, 9.41622905e-01, 7.69847339e-03, 3.26854080e+00, 6.69504420e+01
7.93961785e-03, 3.43451582e-03, 9.92122923e-01, 7.88267955e-03, 9.41409155e-01, 7.91389726e-03, 3.26832538e+00, 6.69621855e+01
8.16250851e-03, 3.53054289e-03, 9.91903579e-01, 8.10234316e-03, 9.41189491e-01, 8.13532940e-03, 3.26810394e+00, 6.69742552e+01
8.39165644e-03, 3.62924361e-03, 9.91678177e-01, 8.32808156e-03, 9.40963753e-01, 8.36293626e-03, 3.26787634e+00, 6.69866603e+01
8.62723729e-03, 3.73069181e-03, 9.91446555e-01, 8.56006014e-03, 9.40731774e-01, 8.59688885e-03, 3.26764238e+00, 6.69994099e+01
8.86943166e-03, 3.83496328e-03, 9.91208544e-01, 8.79844864e-03, 9.40493386e-01, 8.83736284e-03, 3.26740191e+00, 6.70125134e+01
9.11842520e-03, 3.94213590e-03, 9.90963969e-01, 9.04342123e-03, 9.40248413e-01, 9.08453870e-03, 3.26715473e+00, 6.70259806e+01
9.37440879e-03, 4.05228964e-03, 9.90712655e-01, 9.29515671e-03, 9.39996678e-01, 9.33860182e-03, 3.26690067e+00, 6.70398215e+01
9.63757866e-03, 4.16550662e-03, 9.90454418e-01, 9.55383851e-03, 9.39737996e-01, 9.59974265e-03, 3.26663953e+00, 6.70540463e+01
9.90813657e-03, 4.28187121e-03, 9.90189071e-01, 9.81965489e-03, 9.39472180e-01, 9.86815681e-03, 3.26637112e+00, 6.70686655e+01
1.01862899e-02, 4.40147004e-03, 9.89916424e-01, 1.00927990e-02, 9.39199036e-01, 1.01440452e-02, 3.26609523e+00, 6.70836899e+01
1.04722519e-02, 4.52439206e-03, 9.89636280e-01, 1.03734690e-02, 9.38918366e-01, 1.04276143e-02, 3.26581166e+00, 6.70991307e+01
1.07662418e-02, 4.65072864e-03, 9.89348436e-01, 1.06618682e-02, 9.38629966e-01, 1.07190762e-02, 3.26552020e+00, 6.71149991e+01
1.10684849e-02, 4.78057359e-03, 9.89052685e-01, 1.09582052e-02, 9.38333629e-01, 1.10186484e-02, 3.26522062e+00, 6.71313069e+01
1.13792129e-02, 4.91402325e-03, 9.88748817e-01, 1.12626941e-02, 9.38029141e-01, 1.13265548e-02, 3.26491272e+00, 6.71480661e+01
1.16986641e-02, 5.05117654e-03, 9.88436612e-01, 1.15755542e-02, 9.37716280e-01, 1.16430250e-02, 3.26459625e+00, 6.71652890e+01
1.20270833e-02, 5.19213502e-03, 9.88115848e-01, 1.18970108e-02, 9.37394824e-01, 1.19682950e-02, 3.26427098e+00, 6.71829882e+01
1.23647224e-02, 5.33700299e-03, 9.87786297e-01, 1.22272948e-02, 9.37064540e-01, 1.23026070e-02, 3.26393667e+00, 6.72011768e+01
1.27118400e-02, 5.48588750e-03, 9.87447723e-01, 1.25666429e-02, 9.36725192e-01, 1.26462100e-02, 3.26359306e+00, 6.72198679e+01
1.30687023e-02, 5.63889849e-03, 9.87099885e-01, 1.29152981e-02, 9.36376537e-01, 1.29993594e-02, 3.26323991e+00, 6.72390754e+01
1.34355829e-02, 5.79614881e-03, 9.86742539e-01, 1.32735094e-02, 9.36018325e-01, 1.33623178e-02, 3.26287695e+00, 6.72588131e+01
1.38127630e-02, 5.95775431e-03, 9.86375430e-01, 1.36415322e-02, 9.35650302e-01, 1.37353546e-02, 3.26250392e+00, 6.72790956e+01
1.42005318e-02, 6.12383394e-03, 9.85998300e-01, 1.40196282e-02, 9.35272206e-01, 1.41187465e-02, 3.26212053e+00, 6.72999376e+01
1.45991865e-02, 6.29450978e-03, 9.85610883e-01, 1.44080660e-02, 9.34883769e-01, 1.45127777e-02, 3.26172649e+00, 6.73213543e+01
1.50090328e-02, 6.46990713e-03, 9.85212907e-01, 1.48071207e-02, 9.34484714e-01, 1.49177401e-02, 3.26132153e+00, 6.73433611e+01
1.54303847e-02, 6.65015464e-03, 9.84804094e-01, 1.52170744e-02, 9.34074760e-01, 1.53339331e-02, 3.26090534e+00, 6.73659742e+01
1.58635653e-02, 6.83538432e-03, 9.84384158e-01, 1.56382162e-02, 9.33653618e-01, 1.57616645e-02, 3.26047761e+00, 6.73892098e+01
1.63089068e-02, 7.02573168e-03, 9.83952805e-01, 1.60708423e-02, 9.33220992e-01, 1.62012499e-02, 3.26003802e+00, 6.74130847e+01
1.67667503e-02, 7.22133576e-03, 9.83509738e-01, 1.65152565e-02, 9.32776578e-01, 1.66530138e-02, 3.25958626e+00, 6.74376163e+01
1.72374471e-02, 7.42233928e-03, 9.83054648e-01, 1.69717699e-02, 9.32320065e-01, 1.71172888e-02, 3.25912198e+00, 6.74628221e+01
1.77213578e-02, 7.62888867e-03, 9.82587220e-01, 1.74407013e-02, 9.31851133e-01, 1.75944168e-02, 3.25864486e+00, 6.74887204e+01
1.82188534e-02, 7.84113421e-03, 9.82107134e-01, 1.79223772e-02, 9.31369457e-01, 1.80847485e-02, 3.25815452e+00, 6.75153298e+01
1.87303154e-02, 8.05923009e-03, 9.81614059e-01, 1.84171324e-02, 9.30874702e-01, 1.85886441e-02, 3.25765063e+00, 6.75426692e+01
1.92561357e-02, 8.28333450e-03, 9.81107658e-01, 1.89253095e-02, 9.30366525e-01, 1.91064731e-02, 3.25713280e+00, 6.75707584e+01
1.97967175e-02, 8.51360975e-03, 9.80587585e-01, 1.94472596e-02, 9.29844575e-01, 1.96386150e-02, 3.25660066e+00, 6.75996174e+01
2.03524752e-02, 8.75022235e-03, 9.80053486e-01, 1.99833421e-02, 9.29308493e-01, 2.01854591e-02, 3.25605381e+00, 6.76292667e+01
2.09238348e-02, 8.99334311e-03, 9.79504999e-01, 2.05339251e-02, 9.28757910e-01, 2.07474050e-02, 3.25549187e+00, 6.76597276e+01
2.15112343e-02, 9.24314725e-03, 9.78941755e-01, 2.10993855e-02, 9.28192449e-01, 2.13248631e-02, 3.25491441e+00, 6.76910215e+01
2.21151240e-02, 9.49981449e-03, 9.78363373e-01, 2.16801091e-02, 9.27611726e-01, 2.19182541e-02, 3.25432102e+00, 6.77231709e+01
2.27359668e-02, 9.76352916e-03, 9.77769466e-01, 2.22764908e-02, 9.27015344e-01, 2.25280100e-02, 3.25371126e+00, 6.77561984e+01
2.33742387e-02, 1.00344803e-02, 9.77159637e-01, 2.28889349e-02, 9.26402900e-01, 2.31545740e-02, 3.25308470e+00, 6.77901273e+01
2.40304289e-02, 1.03128618e-02, 9.76533482e-01, 2.35178551e-02, 9.25773979e-01, 2.37984010e-02, 3.25244087e+00, 6.78249816e+01
2.47050406e-02, 1.05988725e-02, 9.75890584e-01, 2.41636746e-02, 9.25128160e-01, 2.44599577e-02, 3.25177931e+00, 6.78607858e+01
2.53985907e-02, 1.08927162e-02, 9.75230519e-01, 2.48268266e-02, 9.24465008e-01, 2.51397227e-02, 3.25109955e+00, 6.78975650e+01
2.61116110e-02, 1.11946019e-02, 9.74552855e-01, 2.55077539e-02, 9.23784081e-01, 2.58381873e-02, 3.25040109e+00, 6.79353450e+01
2.68446481e-02, 1.15047439e-02, 9.73857148e-01, 2.62069097e-02, 9.23084925e-01, 2.65558555e-02, 3.24968342e+00, 6.79741522e+01
2.75982639e-02, 1.18233619e-02, 9.73142944e-01, 2.69247575e-02, 9.22367077e-01, 2.72932440e-02, 3.24894603e+00, 6.80140137e+01
2.83730362e-02, 1.21506810e-02, 9.72409782e-01, 2.76617710e-02, 9.21630064e-01, 2.80508833e-02, 3.24818839e+00, 6.80549571e+01
2.91695588e-02, 1.24869320e-02, 9.71657189e-01, 2.84184347e-02, 9.20873400e-01, 2.88293171e-02, 3.24740996e+00, 6.80970110e+01
2.99884423e-02, 1.28323514e-02, 9.70884681e-01, 2.91952437e-02, 9.20096591e-01, 2.96291033e-02, 3.24661017e+00, 6.81402043e+01
3.08303146e-02, 1.31871818e-02, 9.70091766e-01, 2.99927042e-02, 9.19299130e-01, 3.04508140e-02, 3.24578846e+00, 6.81845670e+01
3.16958209e-02, 1.35516713e-02, 9.69277940e-01, 3.08113333e-02, 9.18480501e-01, 3.12950358e-02, 3.24494424e+00, 6.82301295e+01
3.25856248e-02, 1.39260747e-02, 9.68442690e-01, 3.16516594e-02, 9.17640175e-01, 3.21623705e-02, 3.24407690e+00, 6.82769232e+01
3.35004083e-02, 1.43106525e-02, 9.67585491e-01, 3.25142222e-02, 9.16777612e-01, 3.30534349e-02, 3.24318584e+00, 6.83249801e+01
3.44408728e-02, 1.47056720e-02, 9.66705808e-01, 3.33995731e-02, 9.15892262e-01, 3.39688616e-02, 3.24227041e+00, 6.83743331e+01
3.54077391e-02, 1.51114068e-02, 9.65803096e-01, 3.43082749e-02, 9.14983560e-01, 3.49092990e-02, 3.24132997e+00, 6.84250157e+01
3.64017485e-02, 1.55281370e-02, 9.64876798e-01, 3.52409023e-02, 9.14050932e-01, 3.58754121e-02, 3.24036386e+00, 6.84770623e+01
3.74236629e-02, 1.59561497e-02, 9.63926345e-01, 3.61980421e-02, 9.13093793e-01, 3.68678823e-02, 3.23937139e+00, 6.85305084e+01
3.84742658e-02, 1.63957388e-02, 9.62951161e-01, 3.71802927e-02, 9.12111542e-01, 3.78874082e-02, 3.23835186e+00, 6.85853898e+01
3.95543624e-02, 1.68472053e-02, 9.61950655e-01, 3.81882652e-02, 9.11103569e-01, 3.89347059e-02, 3.23730457e+00, 6.86417437e+01
4.06647809e-02, 1.73108570e-02, 9.60924227e-01, 3.92225827e-02, 9.10069252e-01, 4.00105092e-02, 3.23622876e+00, 6.86996077e+01
4.18063724e-02, 1.77870096e-02, 9.59871264e-01, 4.02838806e-02, 9.09007954e-01, 4.11155701e-02, 3.23512370e+00, 6.87590207e+01
4.29800121e-02, 1.82759856e-02, 9.58791145e-01, 4.13728069e-02, 9.07919028e-01, 4.22506594e-02, 3.23398861e+00, 6.88200223e+01
4.41865996e-02, 1.87781154e-02, 9.57683234e-01, 4.24900223e-02, 9.06801812e-01, 4.34165665e-02, 3.23282271e+00, 6.88826530e+01
4.54270599e-02, 1.92937372e-02, 9.56546887e-01, 4.36362000e-02, 9.05655635e-01, 4.46141005e-02, 3.23162517e+00, 6.89469544e+01
4.67023439e-02, 1.98231967e-02, 9.55381447e-01, 4.48120259e-02, 9.04479809e-01, 4.58440902e-02, 3.23039518e+00, 6.90129690e+01
4.80134292e-02, 2.03668477e-02, 9.54186246e-01, 4.60181988e-02, 9.03273636e-01, 4.71073846e-02, 3.22913189e+00, 6.90807402e+01
4.93613210e-02, 2.09250522e-02, 9.52960606e-01, 4.72554303e-02, 9.02036404e-01, 4.84048533e-02, 3.22783442e+00, 6.91503125e+01
5.07470524e-02, 2.14981804e-02, 9.51703836e-01, 4.85244449e-02, 9.00767390e-01, 4.97373870e-02, 3.22650189e+00, 6.92217316e+01
5.21716858e-02, 2.20866106e-02, 9.50415235e-01, 4.98259799e-02, 8.99465855e-01, 5.11058979e-02, 3.22513337e+00, 6.92950439e+01
5.36363132e-02, 2.26907300e-02, 9.49094092e-01, 5.11607857e-02, 8.98131049e-01, 5.25113198e-02, 3.22372795e+00, 6.93702971e+01
5.51420574e-02, 2.33109341e-02, 9.47739684e-01, 5.25296255e-02, 8.96762209e-01, 5.39546092e-02, 3.22228466e+00, 6.94475400e+01
5.66900727e-02, 2.39476274e-02, 9.46351277e-01, 5.39332754e-02, 8.95358559e-01, 5.54367453e-02, 3.22080253e+00, 6.95268224e+01
5.82815458e-02, 2.46012230e-02, 9.44928128e-01, 5.53725245e-02, 8.93919310e-01, 5.69587302e-02, 3.21928054e+00, 6.96081954e+01
5.99176967e-02, 2.52721433e-02, 9.43469482e-01, 5.68481745e-02, 8.92443660e-01, 5.85215900e-02, 3.21771768e+00, 6.96917111e+01
6.15997796e-02, 2.59608197e-02, 9.41974574e-01, 5.83610400e-02, 8.90930795e-01, 6.01263748e-02, 3.21611290e+00, 6.97774230e+01
6.33290840e-02, 2.66676928e-02, 9.40442630e-01, 5.99119484e-02, 8.89379886e-01, 6.17741591e-02, 3.21446511e+00, 6.98653856e+01
6.51069356e-02, 2.73932126e-02, 9.38872865e-01, 6.15017394e-02, 8.87790095e-01, 6.34660426e-02, 3.21277323e+00, 6.99556549e+01
6.69346971e-02, 2.81378388e-02, 9.37264486e-01, 6.31312653e-02, 8.86160569e-01, 6.52031504e-02, 3.21103612e+00, 7.00482878e+01
6.88137699e-02, 2.89020403e-02, 9.35616689e-01, 6.48013907e-02, 8.84490444e-01, 6.69866335e-02, 3.20925264e+00, 7.01433430e+01
7.07455942e-02, 2.96862961e-02, 9.33928662e-01, 6.65129923e-02, 8.82778842e-01, 6.88176693e-02, 3.20742160e+00, 7.02408801e+01
7.27316511e-02, 3.04910947e-02, 9.32199585e-01, 6.82669588e-02, 8.81024876e-01, 7.06974619e-02, 3.20554181e+00, 7.03409602e+01
7.47734631e-02, 3.13169348e-02, 9.30428629e-01, 7.00641906e-02, 8.79227644e-01, 7.26272431e-02, 3.20361203e+00, 7.04436461e+01
7.68725952e-02, 3.21643250e-02, 9.28614958e-01, 7.19055994e-02, 8.77386235e-01, 7.46082719e-02, 3.20163100e+00, 7.05490016e+01
7.90306568e-02, 3.30337838e-02, 9.26757728e-01, 7.37921083e-02, 8.75499726e-01, 7.66418361e-02, 3.19959744e+00, 7.06570922e+01
8.12493021e-02, 3.39258402e-02, 9.24856088e-01, 7.57246513e-02, 8.73567183e-01, 7.87292518e-02, 3.19751002e+00, 7.07679849e+01
8.35302320e-02, 3.48410332e-02, 9.22909182e-01, 7.77041730e-02, 8.71587662e-01, 8.08718644e-02, 3.19536741e+00, 7.08817482e+01
8.58751948e-02, 3.57799125e-02, 9.20916146e-01, 7.97316281e-02, 8.69560207e-01, 8.30710489e-02, 3.19316822e+00, 7.09984523e+01
8.82859884e-02, 3.67430377e-02, 9.18876114e-01, 8.18079811e-02, 8.67483853e-01, 8.53282104e-02, 3.19091106e+00, 7.11181690e+01
9.07644607e-02, 3.77309793e-02, 9.16788212e-01, 8.39342062e-02, 8.65357628e-01, 8.76447846e-02, 3.18859449e+00, 7.12409718e+01
9.33125118e-02, 3.87443182e-02, 9.14651565e-01, 8.61112863e-02, 8.63180548e-01, 9.00222379e-02, 3.18621703e+00, 7.13669360e+01
9.59320948e-02, 3.97836456e-02, 9.12465293e-01, 8.83402127e-02, 8.60951622e-01, 9.24620684e-02, 3.18377720e+00, 7.14961385e+01
9.86252179e-02, 4.08495636e-02, 9.10228514e-01, 9.06219848e-02, 8.58669850e-01, 9.49658060e-02, 3.18127347e+00, 7.16286584e+01
1.01393946e-01, 4.19426849e-02, 9.07940346e-01, 9.29576093e-02, 8.56334225e-01, 9.75350130e-02, 3.17870426e+00, 7.17645764e+01
1.04240401e-01, 4.30636326e-02, 9.05599903e-01, 9.53480996e-02, 8.53943735e-01, 1.00171284e-01, 3.17606799e+00, 7.19039755e+01
1.07166765e-01, 4.42130406e-02, 9.03206303e-01, 9.77944753e-02, 8.51497359e-01, 1.02876248e-01, 3.17336302e+00, 7.20469407e+01
1.10175281e-01, 4.53915533e-02, 9.00758661e-01, 1.00297761e-01, 8.48994073e-01, 1.05651565e-01, 3.17058771e+00, 7.21935590e+01
1.13268257e-01, 4.65998259e-02, 8.98256098e-01, 1.02858987e-01, 8.46432848e-01, 1.08498932e-01, 3.16774034e+00, 7.23439197e+01
1.16448062e-01, 4.78385241e-02, 8.95697735e-01, 1.05479186e-01, 8.43812649e-01, 1.11420079e-01, 3.16481919e+00, 7.24981147e+01
1.19717134e-01, 4.91083240e-02, 8.93082699e-01, 1.08159395e-01, 8.41132440e-01, 1.14416770e-01, 3.16182250e+00, 7.26562381e+01
1.23077980e-01, 5.04099123e-02, 8.90410121e-01, 1.10900652e-01, 8.38391183e-01, 1.17490806e-01, 3.15874847e+00, 7.28183865e+01
1.26533176e-01, 5.17439860e-02, 8.87679139e-01, 1.13703998e-01, 8.35587837e-01, 1.20644020e-01, 3.15559525e+00, 7.29846593e+01
1.30085370e-01, 5.31112527e-02, 8.84888900e-01, 1.16570472e-01, 8.32721362e-01, 1.23878286e-01, 3.15236099e+00, 7.31551587e+01
1.33737286e-01, 5.45124297e-02, 8.82038557e-01, 1.19501115e-01, 8.29790719e-01, 1.27195508e-01, 3.14904376e+00, 7.33299897e+01
1.37491723e-01, 5.59482450e-02, 8.79127276e-01, 1.22496964e-01, 8.26794870e-01, 1.30597632e-01, 3.14564164e+00, 7.35092606e+01
1.41351558e-01, 5.74194362e-02, 8.76154234e-01, 1.25559054e-01, 8.23732781e-01, 1.34086638e-01, 3.14215263e+00, 7.36930827e+01
1.45319752e-01, 5.89267507e-02, 8.73118619e-01, 1.28688415e-01, 8.20603420e-01, 1.37664541e-01, 3.13857473e+00, 7.38815708e+01
1.49399346e-01, 6.04709458e-02, 8.70019635e-01, 1.31886072e-01, 8.17405763e-01, 1.41333397e-01, 3.13490588e+00, 7.40748434e+01
1.53593468e-01, 6.20527881e-02, 8.66856504e-01, 1.35153044e-01, 8.14138791e-01, 1.45095297e-01, 3.13114398e+00, 7.42730228e+01
1.57905331e-01, 6.36730536e-02, 8.63628462e-01, 1.38490342e-01, 8.10801493e-01, 1.48952369e-01, 3.12728690e+00, 7.44762350e+01
1.62338243e-01, 6.53325272e-02, 8.60334766e-01, 1.41898966e-01, 8.07392869e-01, 1.52906780e-01, 3.12333249e+00, 7.46846107e+01
1.66895601e-01, 6.70320026e-02, 8.56974693e-01, 1.45379907e-01, 8.03911928e-01, 1.56960733e-01, 3.11927854e+00, 7.48982848e+01
1.71580899e-01, 6.87722823e-02, 8.53547545e-01, 1.48934141e-01, 8.00357694e-01, 1.61116470e-01, 3.11512280e+00, 7.51173971e+01
1.76397728e-01, 7.05541769e-02, 8.50052645e-01, 1.52562633e-01, 7.96729202e-01, 1.65376270e-01, 3.11086300e+00, 7.53420926e+01
1.81349780e-01, 7.23785049e-02, 8.46489343e-01, 1.56266329e-01, 7.93025506e-01, 1.69742450e-01, 3.10649682e+00, 7.55725215e+01
1.86440853e-01, 7.42460926e-02, 8.42857018e-01, 1.60046160e-01, 7.89245675e-01, 1.74217362e-01, 3.10202191e+00, 7.58088398e+01
1.91674849e-01, 7.61577735e-02, 8.39155077e-01, 1.63903036e-01, 7.85388799e-01, 1.78803398e-01, 3.09743587e+00, 7.60512098e+01
1.97055780e-01, 7.81143880e-02, 8.35382959e-01, 1.67837846e-01, 7.81453989e-01, 1.83502985e-01, 3.09273629e+00, 7.62998001e+01
2.02587771e-01, 8.01167833e-02, 8.31540137e-01, 1.71851456e-01, 7.77440378e-01, 1.88318587e-01, 3.08792068e+00, 7.65547865e+01
2.08275063e-01, 8.21658124e-02, 8.27626118e-01, 1.75944708e-01, 7.73347127e-01, 1.93252706e-01, 3.08298657e+00, 7.68163521e+01
2.14122015e-01, 8.42623342e-02, 8.23640447e-01, 1.80118414e-01, 7.69173421e-01, 1.98307875e-01, 3.07793140e+00, 7.70846879e+01
2.20133111e-01, 8.64072127e-02, 8.19582709e-01, 1.84373357e-01, 7.64918478e-01, 2.03486666e-01, 3.07275261e+00, 7.73599936e+01
2.26312957e-01, 8.86013169e-02, 8.15452527e-01, 1.88710290e-01, 7.60581544e-01, 2.08791683e-01, 3.06744759e+00, 7.76424779e+01
2.32666291e-01, 9.08455198e-02, 8.11249571e-01, 1.93129931e-01, 7.56161904e-01, 2.14225564e-01, 3.06201371e+00, 7.79323589e+01
2.39197984e-01, 9.31406982e-02, 8.06973553e-01, 1.97632959e-01, 7.51658876e-01, 2.19790979e-01, 3.05644829e+00, 7.82298656e+01
2.45913043e-01, 9.54877322e-02, 8.02624233e-01, 2.02220018e-01, 7.47071817e-01, 2.25490630e-01, 3.05074864e+00, 7.85352376e+01
2.52816614e-01, 9.78875042e-02, 7.98201419e-01, 2.06891706e-01, 7.42400128e-01, 2.31327248e-01, 3.04491202e+00, 7.88487266e+01
2.59913992e-01, 1.00340899e-01, 7.93704972e-01, 2.11648581e-01, 7.37643254e-01, 2.37303593e-01, 3.03893568e+00, 7.91705971e+01
2.67210616e-01, 1.02848802e-01, 7.89134803e-01, 2.16491150e-01, 7.32800685e-01, 2.43422451e-01, 3.03281682e+00, 7.95011269e+01
2.74712079e-01, 1.05412101e-01, 7.84490880e-01, 2.21419872e-01, 7.27871963e-01, 2.49686635e-01, 3.02655264e+00, 7.98406085e+01
2.82424133e-01, 1.08031682e-01, 7.79773224e-01, 2.26435153e-01, 7.22856682e-01, 2.56098980e-01, 3.02014029e+00, 8.01893497e+01
2.90352688e-01, 1.10708431e-01, 7.74981917e-01, 2.31537342e-01, 7.17754493e-01, 2.62662341e-01, 3.01357693e+00, 8.05476750e+01
2.98503825e-01, 1.13443233e-01, 7.70117100e-01, 2.36726731e-01, 7.12565104e-01, 2.69379595e-01, 3.00685968e+00, 8.09159267e+01
3.06883789e-01, 1.16236971e-01, 7.65178976e-01, 2.42003548e-01, 7.07288286e-01, 2.76253631e-01, -2.96439388e-323, 8.12944657e+01
3.15499006e-01, 1.19090524e-01, 7.60167811e-01, 2.47367957e-01, 7.01923878e-01, 2.83287354e-01, 2.99295192e+00, 8.16836733e+01
3.24356081e-01, 1.22004770e-01, 7.55083934e-01, 2.52820052e-01, 6.96471782e-01, 2.90483678e-01, 2.98575559e+00, 8.20839522e+01
3.33461802e-01, 1.24980579e-01, 7.49927744e-01, 2.58359856e-01, 6.90931978e-01, 2.97845523e-01, 2.97839375e+00, 8.24957281e+01
3.42823149e-01, 1.28018820e-01, 7.44699703e-01, 2.63987316e-01, 6.85304519e-01, 3.05375813e-01, 2.97086346e+00, 8.29194510e+01
3.52447300e-01, 1.31120351e-01, 7.39400345e-01, 2.69702299e-01, 6.79589535e-01, 3.13077469e-01, 2.96316180e+00, 8.33555972e+01
3.62341632e-01, 1.34286029e-01, 7.34030273e-01, 2.75504591e-01, 6.73787243e-01, 3.20953407e-01, 2.95528586e+00, 8.38046703e+01
3.72513730e-01, 1.37516698e-01, 7.28590161e-01, 2.81393890e-01, 6.67897944e-01, 3.29006533e-01, 2.94723274e+00, 8.42672036e+01
3.82971391e-01, 1.40813196e-01, 7.23080757e-01, 2.87369805e-01, 6.61922029e-01, 3.37239737e-01, 2.93899954e+00, 8.47437616e+01
3.93722633e-01, 1.44176353e-01, 7.17502878e-01, 2.93431850e-01, 6.55859984e-01, 3.45655886e-01, 2.93058339e+00, 8.52349418e+01
4.04775697e-01, 1.47606985e-01, 7.11857418e-01, 2.99579443e-01, 6.49712392e-01, 3.54257821e-01, 2.92198145e+00, 8.57413771e+01
4.16139055e-01, 1.51105900e-01, 7.06145344e-01, 3.05811897e-01, 6.43479937e-01, 3.63048349e-01, 2.91319092e+00, 8.62637375e+01
4.27821420e-01, 1.54673893e-01, 7.00367697e-01, 3.12128424e-01, 6.37163410e-01, 3.72030237e-01, 2.90420904e+00, 8.68027324e+01
4.39831747e-01, 1.58311745e-01, 6.94525595e-01, 3.18528124e-01, 6.30763710e-01, 3.81206202e-01, 2.89503307e+00, 8.73591131e+01
4.52179242e-01, 1.62020224e-01, 6.88620228e-01, 3.25009986e-01, 6.24281849e-01, 3.90578908e-01, 2.88566036e+00, 8.79336746e+01
4.64873371e-01, 1.65800084e-01, 6.82652863e-01, 3.31572879e-01, 6.17718956e-01, 4.00150953e-01, 2.87608832e+00, 8.85272584e+01
4.77923865e-01, 1.69652062e-01, 6.76624841e-01, 3.38215554e-01, 6.11076280e-01, 4.09924863e-01, 2.86631441e+00, 8.91407548e+01
4.91340729e-01, 1.73576879e-01, 6.70537578e-01, 3.44936640e-01, 6.04355195e-01, 4.19903082e-01, 2.85633619e+00, 8.97751057e+01
5.05134247e-01, 1.77575238e-01, 6.64392563e-01, 3.51734634e-01, 5.97557201e-01, 4.30087963e-01, 2.84615131e+00, 9.04313068e+01
5.19314994e-01, 1.81647824e-01, 6.58191359e-01, 3.58607905e-01, 5.90683930e-01, 4.40481756e-01, 2.83575752e+00, 9.11104104e+01
5.33893840e-01, 1.85795303e-01, 6.51935600e-01, 3.65554688e-01, 5.83737147e-01, 4.51086600e-01, 2.82515267e+00, 9.18135284e+01
5.48881961e-01, 1.90018322e-01, 6.45626991e-01, 3.72573081e-01, 5.76718754e-01, 4.61904511e-01, 2.81433476e+00, 9.25418346e+01
5.64290847e-01, 1.94317504e-01, 6.39267309e-01, 3.79661042e-01, 5.69630793e-01, 4.72937371e-01, 2.80330190e+00, 9.32965678e+01
5.80132310e-01, 1.98693454e-01, 6.32858396e-01, 3.86816387e-01, 5.62475447e-01, 4.84186914e-01, 2.79205236e+00, 9.40790344e+01
5.96418495e-01, 2.03146750e-01, 6.26402164e-01, 3.94036791e-01, 5.55255043e-01, 4.95654719e-01, 2.78058455e+00, 9.48906114e+01
6.13161884e-01, 2.07677952e-01, 6.19900588e-01, 4.01319780e-01, 5.47972054e-01, 5.07342193e-01, 2.76889708e+00, 9.57327490e+01
6.30375315e-01, 2.12287591e-01, 6.13355704e-01, 4.08662736e-01, 5.40629099e-01, 5.19250561e-01, 2.75698871e+00, 9.66069736e+01
6.48071983e-01, 2.16976176e-01, 6.06769614e-01, 4.16062892e-01, 5.33228942e-01, 5.31380852e-01, 2.74485842e+00, 9.75148906e+01
6.66265452e-01, 2.21744190e-01, 6.00144472e-01, 4.23517335e-01, 5.25774499e-01, 5.43733888e-01, 2.73250538e+00, 9.84581870e+01
6.84969672e-01, 2.26592088e-01, 5.93482492e-01, 4.31023005e-01, 5.18268830e-01, 5.56310274e-01, 2.71992900e+00, 9.94386342e+01
7.04198979e-01, 2.31520301e-01, 5.86785940e-01, 4.38576695e-01, 5.10715140e-01, 5.69110377e-01, 2.70712889e+00, 1.00458091e+02
7.23968114e-01, 2.36529229e-01, 5.80057132e-01, 4.46175055e-01, 5.03116780e-01, 5.82134325e-01, 2.69410495e+00, 1.01518506e+02
7.44292233e-01, 2.41619247e-01, 5.73298431e-01, 4.53814593e-01, 4.95477242e-01, 5.95381988e-01, 2.68085728e+00, 1.02621919e+02
7.65186915e-01, 2.46790700e-01, 5.66512244e-01, 4.61491679e-01, 4.87800155e-01, 6.08852967e-01, 2.66738631e+00, 1.03770466e+02
7.86668179e-01, 2.52043903e-01, 5.59701019e-01, 4.69202549e-01, 4.80089285e-01, 6.22546588e-01, 2.65369268e+00, 1.04966381e+02
8.08752491e-01, 2.57379142e-01, 5.52867241e-01, 4.76943309e-01, 4.72348525e-01, 6.36461890e-01, 2.63977738e+00, 1.06211994e+02
8.31456781e-01, 2.62796674e-01, 5.46013431e-01, 4.84709942e-01, 4.64581893e-01, 6.50597612e-01, 2.62564166e+00, 1.07509741e+02
8.54798453e-01, 2.68296725e-01, 5.39142136e-01, 4.92498312e-01, 4.56793522e-01, 6.64952192e-01, 2.61128708e+00, 1.08862159e+02
8.78795401e-01, 2.73879488e-01, 5.32255933e-01, 5.00304177e-01, 4.48987657e-01, 6.79523755e-01, 2.59671552e+00, 1.10271892e+02
9.03466021e-01, 2.79545129e-01, 5.25357421e-01, 5.08123192e-01, 4.41168643e-01, 6.94310111e-01, 2.58192916e+00, 1.11741694e+02
9.28829225e-01, 2.85293778e-01, 5.18449216e-01, 5.15950919e-01, 4.33340915e-01, 7.09308747e-01, 2.56693053e+00, 1.13274426e+02
9.54904456e-01, 2.91125536e-01, 5.11533951e-01, 5.23782841e-01, 4.25508994e-01, 7.24516829e-01, 2.55172244e+00, 1.14873063e+02
9.81711702e-01, 2.97040474e-01, 5.04614268e-01, 5.31614368e-01, 4.17677467e-01, 7.39931196e-01, 2.53630808e+00, 1.16540694e+02
1.00927151e+00, 3.03038627e-01, 4.97692817e-01, 5.39440852e-01, 4.09850983e-01, 7.55548365e-01, 2.52069091e+00, 1.18280522e+02
1.03760502e+00, 3.09120002e-01, 4.90772250e-01, 5.47257598e-01, 4.02034236e-01, 7.71364529e-01, 2.50487474e+00, 1.20095870e+02
1.06673394e+00, 3.15284571e-01, 4.83855218e-01, 5.55059878e-01, 3.94231956e-01, 7.87375565e-01, 2.48886371e+00, 1.21990179e+02
1.09668060e+00, 3.21532276e-01, 4.76944367e-01, 5.62842943e-01, 3.86448891e-01, 8.03577037e-01, 2.47266224e+00, 1.23967013e+02
1.12746796e+00, 3.27863028e-01, 4.70042332e-01, 5.70602039e-01, 3.78689796e-01, 8.19964203e-01, 2.45627507e+00, 1.26030058e+02
1.15911962e+00, 3.34276704e-01, 4.63151736e-01, 5.78332418e-01, 3.70959417e-01, 8.36532030e-01, 2.43970724e+00, 1.28183128e+02
1.19165984e+00, 3.40773150e-01, 4.56275185e-01, 5.86029356e-01, 3.63262478e-01, 8.53275197e-01, 2.42296408e+00, 1.30430165e+02
1.22511358e+00, 3.47352184e-01, 4.49415262e-01, 5.93688169e-01, 3.55603666e-01, 8.70188112e-01, 2.40605116e+00, 1.32775241e+02
1.25950646e+00, 3.54013588e-01, 4.42574525e-01, 6.01304220e-01, 3.47987614e-01, 8.87264928e-01, 2.38897434e+00, 1.35222565e+02
1.29486487e+00, 3.60757118e-01, 4.35755505e-01, 6.08872944e-01, 3.40418890e-01, 9.04499554e-01, 2.37173972e+00, 1.37776479e+02
1.33121590e+00, 3.67582497e-01, 4.28960698e-01, 6.16389853e-01, 3.32901981e-01, 9.21885674e-01, 2.35435360e+00, 1.40441470e+02
1.36858742e+00, 3.74489419e-01, 4.22192565e-01, 6.23850557e-01, 3.25441278e-01, 9.39416769e-01, 2.33682250e+00, 1.43222169e+02
1.40700809e+00, 3.81477549e-01, 4.15453528e-01, 6.31250771e-01, 3.18041063e-01, 9.57086128e-01, 2.31915314e+00, 1.46123354e+02
1.44650734e+00, 3.88546523e-01, 4.08745964e-01, 6.38586335e-01, 3.10705500e-01, 9.74886875e-01, 2.30135240e+00, 1.49149960e+02
1.48711546e+00, 3.95695948e-01, 4.02072206e-01, 6.45853219e-01, 3.03438616e-01, 9.92811987e-01, 2.28342729e+00, 1.52307079e+02
1.52886359e+00, 4.02925403e-01, 3.95434536e-01, 6.53047538e-01, 2.96244296e-01, 1.01085431e+00, 2.26538496e+00, 1.55599971e+02
1.57178372e+00, 4.10234442e-01, 3.88835186e-01, 6.60165565e-01, 2.89126270e-01, 1.02900660e+00, 2.24723267e+00, 1.59034065e+02
1.61590875e+00, 4.17622591e-01, 3.82276331e-01, 6.67203732e-01, 2.82088102e-01, 1.04726151e+00, 2.22897776e+00, 1.62614971e+02
1.66127252e+00, 4.25089350e-01, 3.75760089e-01, 6.74158649e-01, 2.75133186e-01, 1.06561164e+00, 2.21062763e+00, 1.66348485e+02
1.70790980e+00, 4.32634194e-01, 3.69288519e-01, 6.81027102e-01, 2.68264733e-01, 1.08404954e+00, 2.19218973e+00, 1.70240595e+02
1.75585633e+00, 4.40256573e-01, 3.62863618e-01, 6.87806065e-01, 2.61485770e-01, 1.10256777e+00, 2.17367151e+00, 1.74297496e+02
1.80514888e+00, 4.47955916e-01, 3.56487318e-01, 6.94492703e-01, 2.54799132e-01, 1.12115883e+00, 2.15508044e+00, 1.78525595e+02
1.85582523e+00, 4.55731626e-01, 3.50161484e-01, 7.01084376e-01, 2.48207459e-01, 1.13981530e+00, 2.13642397e+00, 1.82931521e+02
1.90792422e+00, 4.63583085e-01, 3.43887915e-01, 7.07578642e-01, 2.41713192e-01, 1.15852976e+00, 2.11770952e+00, 1.87522139e+02
1.96148581e+00, 4.71509656e-01, 3.37668341e-01, 7.13973261e-01, 2.35318574e-01, 1.17729484e+00, 2.09894444e+00, 1.92304560e+02
2.01655104e+00, 4.79510678e-01, 3.31504419e-01, 7.20266190e-01, 2.29025644e-01, 1.19610325e+00, 2.08013602e+00, 1.97286152e+02
2.07316213e+00, 4.87585472e-01, 3.25397736e-01, 7.26455591e-01, 2.22836244e-01, 1.21494778e+00, 2.06129149e+00, 2.02474556e+02
2.13136247e+00, 4.95733342e-01, 3.19349807e-01, 7.32539822e-01, 2.16752013e-01, 1.23382133e+00, 2.04241794e+00, 2.07877696e+02
2.19119669e+00, 5.03953573e-01, 3.13362070e-01, 7.38517439e-01, 2.10774396e-01, 1.25271689e+00, 2.02352238e+00, 2.13503797e+02
2.25271064e+00, 5.12245431e-01, 3.07435893e-01, 7.44387193e-01, 2.04904641e-01, 1.27162758e+00, 2.00461169e+00, 2.19361400e+02
2.31595149e+00, 5.20608169e-01, 3.01572566e-01, 7.50148027e-01, 1.99143807e-01, 1.29054665e+00, 1.98569262e+00, 2.25459374e+02
2.38096772e+00, 5.29041024e-01, 2.95773306e-01, 7.55799069e-01, 1.93492766e-01, 1.30946749e+00, 1.96677179e+00, 2.31806938e+02
2.44780916e+00, 5.37543219e-01, 2.90039255e-01, 7.61339628e-01, 1.87952207e-01, 1.32838364e+00, 1.94785564e+00, 2.38413674e+02
2.51652705e+00, 5.46113963e-01, 2.84371479e-01, 7.66769190e-01, 1.82522644e-01, 1.34728879e+00, 1.92895048e+00, 2.45289548e+02
2.58717408e+00, 5.54752453e-01, 2.78770971e-01, 7.72087413e-01, 1.77204421e-01, 1.36617680e+00, 1.91006247e+00, 2.52444927e+02
2.65980440e+00, 5.63457874e-01, 2.73238647e-01, 7.77294117e-01, 1.71997717e-01, 1.38504169e+00, 1.89119758e+00, 2.59890599e+02
2.73447368e+00, 5.72229403e-01, 2.67775351e-01, 7.82389280e-01, 1.66902554e-01, 1.40387764e+00, 1.87236163e+00, 2.67637796e+02
2.81123917e+00, 5.81066203e-01, 2.62381854e-01, 7.87373031e-01, 1.61918804e-01, 1.42267902e+00, 1.85356025e+00, 2.75698210e+02
2.89015972e+00, 5.89967432e-01, 2.57058854e-01, 7.92245641e-01, 1.57046194e-01, 1.44144036e+00, 1.83479891e+00, 2.84084019e+02
2.97129582e+00, 5.98932239e-01, 2.51806978e-01, 7.97007519e-01, 1.52284316e-01, 1.46015637e+00, 1.81608290e+00, 2.92807909e+02
3.05470967e+00, 6.07959763e-01, 2.46626782e-01, 8.01659203e-01, 1.47632632e-01, 1.47882193e+00, 1.79741734e+00, 3.01883097e+02
3.14046522e+00, 6.17049141e-01, 2.41518754e-01, 8.06201352e-01, 1.43090483e-01, 1.49743210e+00, 1.77880717e+00, 3.11323356e+02
3.22862820e+00, 6.26199502e-01, 2.36483311e-01, 8.10634740e-01, 1.38657095e-01, 1.51598213e+00, 1.76025715e+00, 3.21143039e+02
3.31926620e+00, 6.35409971e-01, 2.31520808e-01, 8.14960247e-01, 1.34331587e-01, 1.53446740e+00, 1.74177187e+00, 3.31357107e+02
3.41244871e+00, 6.44679670e-01, 2.26631530e-01, 8.19178856e-01, 1.30112978e-01, 1.55288351e+00, 1.72335576e+00, 3.41981156e+02
3.50824714e+00, 6.54007716e-01, 2.21815701e-01, 8.23291641e-01, 1.26000194e-01, 1.57122621e+00, 1.70501306e+00, 3.53031446e+02
3.60673495e+00, 6.63393226e-01, 2.17073483e-01, 8.27299761e-01, 1.21992074e-01, 1.58949142e+00, 1.68674785e+00, 3.64524926e+02
3.70798763e+00, 6.72835313e-01, 2.12404976e-01, 8.31204456e-01, 1.18087378e-01, 1.60767522e+00, 1.66856405e+00, 3.76479272e+02
3.81208280e+00, 6.82333091e-01, 2.07810223e-01, 8.35007040e-01, 1.14284794e-01, 1.62577386e+00, 1.65046541e+00, 3.88912910e+02
3.91910025e+00, 6.91885673e-01, 2.03289209e-01, 8.38708891e-01, 1.10582943e-01, 1.64378375e+00, 1.63245552e+00, 4.01845058e+02
4.02912203e+00, 7.01492174e-01, 1.98841864e-01, 8.42311449e-01, 1.06980386e-01, 1.66170145e+00, 1.61453782e+00, 4.15295750e+02
4.14223247e+00, 7.11151707e-01, 1.94468065e-01, 8.45816207e-01, 1.03475627e-01, 1.67952369e+00, 1.59671558e+00, 4.29285881e+02
4.25851829e+00, 7.20863389e-01, 1.90167637e-01, 8.49224708e-01, 1.00067126e-01, 1.69724734e+00, 1.57899193e+00, 4.43837236e+02
4.37806863e+00, 7.30626340e-01, 1.85940357e-01, 8.52538538e-01, 9.67532965e-02, 1.71486941e+00, 1.56136986e+00, 4.58972534e+02
4.50097513e+00, 7.40439681e-01, 1.81785952e-01, 8.55759320e-01, 9.35325143e-02, 1.73238707e+00, 1.54385221e+00, 4.74715462e+02
4.62733201e+00, 7.50302539e-01, 1.77704105e-01, 8.58888711e-01, 9.04031232e-02, 1.74979761e+00, 1.52644166e+00, 4.91090723e+02
4.75723614e+00, 7.60214043e-01, 1.73694456e-01, 8.61928397e-01, 8.73634380e-02, 1.76709849e+00, 1.50914078e+00, 5.08124071e+02
4.89078709e+00, 7.70173327e-01, 1.69756602e-01, 8.64880084e-01, 8.44117503e-02, 1.78428728e+00, 1.49195200e+00, 5.25842365e+02
5.02808725e+00, 7.80179530e-01, 1.65890100e-01, 8.67745503e-01, 8.15463319e-02, 1.80136167e+00, 1.47487760e+00, 5.44273605e+02
5.16924187e+00, 7.90231798e-01, 1.62094471e-01, 8.70526395e-01, 7.87654394e-02, 1.81831951e+00, 1.45791976e+00, 5.63446988e+02
5.31435916e+00, 8.00329281e-01, 1.58369199e-01, 8.73224517e-01, 7.60673180e-02, 1.83515875e+00, 1.44108052e+00, 5.83392957e+02
5.46355035e+00, 8.10471136e-01, 1.54713732e-01, 8.75841630e-01, 7.34502047e-02, 1.85187748e+00, 1.42436180e+00, 6.04143251e+02
5.61692982e+00, 8.20656529e-01, 1.51127491e-01, 8.78379502e-01, 7.09123322e-02, 1.86847387e+00, 1.40776540e+00, 6.25730959e+02
5.77461515e+00, 8.30884629e-01, 1.47609861e-01, 8.80839903e-01, 6.84519318e-02, 1.88494625e+00, 1.39129302e+00, 6.48190583e+02
5.93672722e+00, 8.41154616e-01, 1.44160202e-01, 8.83224598e-01, 6.60672365e-02, 1.90129304e+00, 1.37494624e+00, 6.71558089e+02
6.10339029e+00, 8.51465677e-01, 1.40777848e-01, 8.85535351e-01, 6.37564836e-02, 1.91751275e+00, 1.35872652e+00, 6.95870975e+02
6.27473213e+00, 8.61817006e-01, 1.37462106e-01, 8.87773917e-01, 6.15179175e-02, 1.93360404e+00, 1.34263523e+00, 7.21168330e+02
6.45088409e+00, 8.72207807e-01, 1.34212261e-01, 8.89942042e-01, 5.93497922e-02, 1.94956563e+00, 1.32667364e+00, 7.47490907e+02
6.63198120e+00, 8.82637292e-01, 1.31027576e-01, 8.92041462e-01, 5.72503731e-02, 1.96539635e+00, 1.31084292e+00, 7.74881187e+02
6.81816229e+00, 8.93104682e-01, 1.27907296e-01, 8.94073895e-01, 5.52179396e-02, 1.98109515e+00, 1.29514412e+00, 8.03383456e+02
7.00957009e+00, 9.03609206e-01, 1.24850646e-01, 8.96041048e-01, 5.32507866e-02, 1.99666104e+00, 1.27957823e+00, 8.33043877e+02
7.20635132e+00, 9.14150106e-01, 1.21856835e-01, 8.97944608e-01, 5.13472264e-02, 2.01209314e+00, 1.26414614e+00, 8.63910574e+02
7.40865683e+00, 9.24726629e-01, 1.18925058e-01, 8.99786244e-01, 4.95055904e-02, 2.02739065e+00, 1.24884863e+00, 8.96033709e+02
7.61664172e+00, 9.35338035e-01, 1.16054495e-01, 9.01567604e-01, 4.77242304e-02, 2.04255285e+00, 1.23368642e+00, 9.29465572e+02
7.83046540e+00, 9.45983593e-01, 1.13244314e-01, 9.03290315e-01, 4.60015200e-02, 2.05757913e+00, 1.21866014e+00, 9.64260666e+02
8.05029181e+00, 9.56662583e-01, 1.10493675e-01, 9.04955979e-01, 4.43358556e-02, 2.07246893e+00, 1.20377035e+00, 1.00047581e+03
8.27628946e+00, 9.67374292e-01, 1.07801724e-01, 9.06566177e-01, 4.27256578e-02, 2.08722177e+00, 1.18901751e+00, 1.03817021e+03
8.50863158e+00, 9.78118021e-01, 1.05167604e-01, 9.08122462e-01, 4.11693722e-02, 2.10183725e+00, 1.17440202e+00, 1.07740562e+03
8.74749630e+00, 9.88893079e-01, 1.02590447e-01, 9.09626365e-01, 3.96654700e-02, 2.11631506e+00, 1.15992421e+00, 1.11824635e+03
8.99306672e+00, 9.99698787e-01, 1.00069381e-01, 9.11079385e-01, 3.82124493e-02, 2.13065494e+00, 1.14558433e+00, 1.16075950e+03
9.24553110e+00, 1.01053448e+00, 9.76035298e-02, 9.12483000e-01, 3.68088351e-02, 2.14485669e+00, 1.13138258e+00, 1.20501494e+03
9.50508296e+00, 1.02139949e+00, 9.51920136e-02, 9.13838654e-01, 3.54531801e-02, 2.15892019e+00, 1.11731908e+00, 1.25108556e+03
9.77192128e+00, 1.03229317e+00, 9.28339498e-02, 9.15147769e-01, 3.41440656e-02, 2.17284538e+00, 1.10339389e+00, 1.29904729e+03
1.00462506e+01, 1.04321489e+00, 9.05284548e-02, 9.16411734e-01, 3.28801009e-02, 2.18663227e+00, 1.08960701e+00, 1.34897929e+03
1.03282813e+01, 1.05416402e+00, 8.82746444e-02, 9.17631910e-01, 3.16599245e-02, 2.20028090e+00, 1.07595838e+00, 1.40096408e+03
1.06182294e+01, 1.06513995e+00, 8.60716349e-02, 9.18809631e-01, 3.04822039e-02, 2.21379139e+00, 1.06244788e+00, 1.45508765e+03
1.09163173e+01, 1.07614206e+00, 8.39185439e-02, 9.19946199e-01, 2.93456358e-02, 2.22716391e+00, 1.04907536e+00, 1.51143963e+03
1.12227736e+01, 1.08716977e+00, 8.18144912e-02, 9.21042888e-01, 2.82489462e-02, 2.24039867e+00, 1.03584060e+00, 1.57011347e+03
1.15378330e+01, 1.09822248e+00, 7.97585995e-02, 9.22100944e-01, 2.71908904e-02, 2.25349596e+00, 1.02274331e+00, 1.63120653e+03
1.18617372e+01, 1.10929963e+00, 7.77499950e-02, 9.23121581e-01, 2.61702532e-02, 2.26645608e+00, 1.00978320e+00, 1.69482032e+03
1.21947344e+01, 1.12040065e+00, 7.57878084e-02, 9.24105986e-01, 2.51858483e-02, 2.27927939e+00, 9.96959883e-01, 1.76106064e+03
1.25370799e+01, 1.13152499e+00, 7.38711753e-02, 9.25055316e-01, 2.42365187e-02, 2.29196631e+00, 9.84272966e-01, 1.83003776e+03
1.28890361e+01, 1.14267211e+00, 7.19992367e-02, 9.25970698e-01, 2.33211364e-02, 2.30451727e+00, 9.71721998e-01, 1.90186660e+03
1.32508729e+01, 1.15384147e+00, 7.01711401e-02, 9.26853233e-01, 2.24386020e-02, 2.31693278e+00, 9.59306490e-01, 1.97666698e+03
1.36228676e+01, 1.16503255e+00, 6.83860392e-02, 9.27703990e-01, 2.15878446e-02, 2.32921336e+00, 9.47025914e-01, 2.05456374e+03
1.40053055e+01, 1.17624484e+00, 6.66430952e-02, 9.28524013e-01, 2.07678214e-02, 2.34135957e+00, 9.34879707e-01, 2.13568704e+03
1.43984795e+01, 1.18747784e+00, 6.49414767e-02, 9.29314317e-01, 1.99775177e-02, 2.35337200e+00, 9.22867269e-01, 2.22017253e+03
1.48026913e+01, 1.19873106e+00, 6.32803605e-02, 9.30075888e-01, 1.92159461e-02, 2.36525130e+00, 9.10987968e-01, 2.30816161e+03
1.52182505e+01, 1.21000400e+00, 6.16589316e-02, 9.30809688e-01, 1.84821466e-02, 2.37699813e+00, 8.99241141e-01, 2.39980163e+03
1.56454759e+01, 1.22129622e+00, 6.00763839e-02, 9.31516649e-01, 1.77751858e-02, 2.38861318e+00, 8.87626094e-01, 2.49524623e+03
1.60846948e+01, 1.23260723e+00, 5.85319205e-02, 9.32197678e-01, 1.70941567e-02, 2.40009717e+00, 8.76142103e-01, 2.59465549e+03
1.65362441e+01, 1.24393658e+00, 5.70247538e-02, 9.32853656e-01, 1.64381784e-02, 2.41145085e+00, 8.64788420e-01, 2.69819631e+03
1.70004698e+01, 1.25528384e+00, 5.55541057e-02, 9.33485439e-01, 1.58063952e-02, 2.42267500e+00, 8.53564268e-01, 2.80604263e+03
1.74777277e+01, 1.26664856e+00, 5.41192085e-02, 9.34093858e-01, 1.51979769e-02, 2.43377042e+00, 8.42468849e-01, 2.91837575e+03
1.79683839e+01, 1.27803033e+00, 5.27193041e-02, 9.34679717e-01, 1.46121175e-02, 2.44473793e+00, 8.31501341e-01, 3.03538466e+03
1.84728144e+01, 1.28942872e+00, 5.13536452e-02, 9.35243799e-01, 1.40480353e-02, 2.45557837e+00, 8.20660898e-01, 3.15726631e+03
1.89914058e+01, 1.30084334e+00, 5.00214947e-02, 9.35786862e-01, 1.35049721e-02, 2.46629261e+00, 8.09946658e-01, 3.28422604e+03
1.95245558e+01, 1.31227377e+00, 4.87221263e-02, 9.36309642e-01, 1.29821930e-02, 2.47688154e+00, 7.99357737e-01, 3.41647782e+03
2.00726730e+01, 1.32371963e+00, 4.74548245e-02, 9.36812849e-01, 1.24789856e-02, 2.48734604e+00, 7.88893235e-01, 3.55424473e+03
2.06361777e+01, 1.33518054e+00, 4.62188846e-02, 9.37297175e-01, 1.19946597e-02, 2.49768704e+00, 7.78552234e-01, 3.69775927e+03
2.12155017e+01, 1.34665613e+00, 4.50136131e-02, 9.37763288e-01, 1.15285467e-02, 2.50790547e+00, 7.68333801e-01, 3.84726376e+03
2.18110892e+01, 1.35814602e+00, 4.38383275e-02, 9.38211835e-01, 1.10799991e-02, 2.51800228e+00, 7.58236989e-01, 4.00301081e+03
2.24233968e+01, 1.36964988e+00, 4.26923562e-02, 9.38643444e-01, 1.06483902e-02, 2.52797843e+00, 7.48260838e-01, 4.16526371e+03
2.30528939e+01, 1.38116734e+00, 4.15750390e-02, 9.39058722e-01, 1.02331131e-02, 2.53783490e+00, 7.38404375e-01, 4.33429690e+03
2.37000629e+01, 1.39269806e+00, 4.04857268e-02, 9.39458254e-01, 9.83358087e-03, 2.54757266e+00, 7.28666616e-01, 4.51039643e+03
2.43654001e+01, 1.40424172e+00, 3.94237819e-02, 9.39842609e-01, 9.44922549e-03, 2.55719270e+00, 7.19046568e-01, 4.69386047e+03
2.50494154e+01, 1.41579798e+00, 3.83885774e-02, 9.40212337e-01, 9.07949765e-03, 2.56669605e+00, 7.09543225e-01, 4.88499981e+03
2.57526333e+01, 1.42736654e+00, 3.73794979e-02, 9.40567968e-01, 8.72386613e-03, 2.57608370e+00, 7.00155576e-01, 5.08413839e+03
2.64755927e+01, 1.43894707e+00, 3.63959391e-02, 9.40910017e-01, 8.38181740e-03, 2.58535667e+00, 6.90882602e-01, 5.29161389e+03
2.72188479e+01, 1.45053928e+00, 3.54373078e-02, 9.41238980e-01, 8.05285509e-03, 2.59451600e+00, 6.81723276e-01, 5.50777827e+03
2.79829688e+01, 1.46214287e+00, 3.45030217e-02, 9.41555335e-01, 7.73649952e-03, 2.60356271e+00, 6.72676565e-01, 5.73299840e+03
2.87685409e+01, 1.47375755e+00, 3.35925097e-02, 9.41859547e-01, 7.43228723e-03, 2.61249784e+00, 6.63741431e-01, 5.96765667e+03
2.95761666e+01, 1.48538304e+00, 3.27052117e-02, 9.42152064e-01, 7.13977056e-03, 2.62132244e+00, 6.54916832e-01, 6.21215169e+03
3.04064649e+01, 1.49701906e+00, 3.18405781e-02, 9.42433317e-01, 6.85851713e-03, 2.63003755e+00, 6.46201721e-01, 6.46689893e+03
3.12600724e+01, 1.50866534e+00, 3.09980705e-02, 9.42703725e-01, 6.58810945e-03, 2.63864422e+00, 6.37595050e-01, 6.73233147e+03
3.21376434e+01, 1.52032162e+00, 3.01771610e-02, 9.42963690e-01, 6.32814443e-03, 2.64714351e+00, 6.29095767e-01, 7.00890073e+03
3.30398507e+01, 1.53198765e+00, 2.93773321e-02, 9.43213602e-01, 6.07823301e-03, 2.65553646e+00, 6.20702817e-01, 7.29707723e+03
3.39673858e+01, 1.54366317e+00, 2.85980772e-02, 9.43453835e-01, 5.83799969e-03, 2.66382413e+00, 6.12415146e-01, 7.59735145e+03
3.49209598e+01, 1.55534793e+00, 2.78388997e-02, 9.43684752e-01, 5.60708213e-03, 2.67200757e+00, 6.04231698e-01, 7.91023461e+03
3.59013038e+01, 1.56704171e+00, 2.70993135e-02, 9.43906704e-01, 5.38513074e-03, 2.68008785e+00, 5.96151418e-01, 8.23625962e+03
3.69091691e+01, 1.57874427e+00, 2.63788425e-02, 9.44120026e-01, 5.17180831e-03, 2.68806602e+00, 5.88173248e-01, 8.57598194e+03
3.79453285e+01, 1.59045537e+00, 2.56770206e-02, 9.44325045e-01, 4.96678958e-03, 2.69594314e+00, 5.80296136e-01, 8.92998057e+03
3.90105762e+01, 1.60217481e+00, 2.49933916e-02, 9.44522074e-01, 4.76976092e-03, 2.70372024e+00, 5.72519028e-01, 9.29885902e+03
4.01057288e+01, 1.61390235e+00, 2.43275093e-02, 9.44711415e-01, 4.58041987e-03, 2.71139840e+00, 5.64840871e-01, 9.68324639e+03
4.12316259e+01, 1.62563780e+00, 2.36789368e-02, 9.44893360e-01, 4.39847488e-03, 2.71897865e+00, 5.57260618e-01, 1.00837984e+04
4.23891306e+01, 1.63738095e+00, 2.30472468e-02, 9.45068190e-01, 4.22364490e-03, 2.72646205e+00, 5.49777220e-01, 1.05011986e+04
4.35791301e+01, 1.64913159e+00, 2.24320214e-02, 9.45236176e-01, 4.05565903e-03, 2.73384964e+00, 5.42389634e-01, 1.09361595e+04
4.48025368e+01, 1.66088953e+00, 2.18328518e-02, 9.45397578e-01, 3.89425621e-03, 2.74114245e+00, 5.35096820e-01, 1.13894236e+04
4.60602884e+01, 1.67265458e+00, 2.12493385e-02, 9.45552650e-01, 3.73918492e-03, 2.74834153e+00, 5.27897741e-01, 1.18617653e+04
4.73533492e+01, 1.68442656e+00, 2.06810907e-02, 9.45701632e-01, 3.59020278e-03, 2.75544791e+00, 5.20791365e-01, 1.23539912e+04
4.86827104e+01, 1.69620528e+00, 2.01277264e-02, 9.45844758e-01, 3.44707633e-03, 2.76246261e+00, 5.13776664e-01, 1.28669427e+04
5.00493910e+01, 1.70799057e+00, 1.95888723e-02, 9.45982254e-01, 3.30958068e-03, 2.76938666e+00, 5.06852613e-01, 1.34014964e+04
5.14544388e+01, 1.71978224e+00, 1.90641636e-02, 9.46114335e-01, 3.17749923e-03, 2.77622108e+00, 5.00018195e-01, 1.39585663e+04
5.28989308e+01, 1.73158015e+00, 1.85532437e-02, 9.46241211e-01, 3.05062339e-03, 2.78296688e+00, 4.93272396e-01, 1.45391049e+04
5.43839743e+01, 1.74338412e+00, 1.80557646e-02, 9.46363082e-01, 2.92875232e-03, 2.78962506e+00, 4.86614208e-01, 1.51441053e+04
5.59107078e+01, 1.75519399e+00, 1.75713858e-02, 9.46480142e-01, 2.81169262e-03, 2.79619664e+00, 4.80042630e-01, 1.57746025e+04
5.74803016e+01, 1.76700960e+00, 1.70997750e-02, 9.46592576e-01, 2.69925811e-03, 2.80268261e+00, 4.73556664e-01, 1.64316755e+04
5.90939590e+01, 1.77883082e+00, 1.66406078e-02, 9.46700565e-01, 2.59126958e-03, 2.80908395e+00, 4.67155322e-01, 1.71164489e+04
6.07529169e+01, 1.79065748e+00, 1.61935670e-02, 9.46804280e-01, 2.48755451e-03, 2.81540165e+00, 4.60837620e-01, 1.78300951e+04
6.24584471e+01, 1.80248944e+00, 1.57583434e-02, 9.46903888e-01, 2.38794687e-03, 2.82163669e+00, 4.54602580e-01, 1.85738359e+04
6.42118571e+01, 1.81432657e+00, 1.53346346e-02, 9.46999548e-01, 2.29228688e-03, 2.82779004e+00, 4.48449232e-01, 1.93489453e+04
6.60144909e+01, 1.82616872e+00, 1.49221457e-02, 9.47091414e-01, 2.20042078e-03, 2.83386266e+00, 4.42376613e-01, 2.01567509e+04
6.78677305e+01, 1.83801577e+00, 1.45205889e-02, 9.47179634e-01, 2.11220061e-03, 2.83985551e+00, 4.36383766e-01, 2.09986367e+04
6.97729965e+01, 1.84986758e+00, 1.41296829e-02, 9.47264351e-01, 2.02748405e-03, 2.84576953e+00, 4.30469742e-01, 2.18760456e+04
7.17317494e+01, 1.86172403e+00, 1.37491537e-02, 9.47345700e-01, 1.94613414e-03, 2.85160567e+00, 4.24633600e-01, 2.27904812e+04
7.37454909e+01, 1.87358500e+00, 1.33787335e-02, 9.47423815e-01, 1.86801915e-03, 2.85736487e+00, 4.18874403e-01, 2.37435111e+04
7.58157646e+01, 1.88545036e+00, 1.30181611e-02, 9.47498822e-01, 1.79301237e-03, 2.86304805e+00, 4.13191226e-01, 2.47367694e+04
7.79441575e+01, 1.89731999e+00, 1.26671819e-02, 9.47570843e-01, 1.72099191e-03, 2.86865612e+00, 4.07583149e-01, 2.57719592e+04
8.01323013e+01, 1.90919379e+00, 1.23255471e-02, 9.47639994e-01, 1.65184057e-03, 2.87419001e+00, 4.02049260e-01, 2.68508560e+04
8.23818733e+01, 1.92107165e+00, 1.19930143e-02, 9.47706389e-01, 1.58544561e-03, 2.87965062e+00, 3.96588655e-01, 2.79753105e+04
8.46945981e+01, 1.93295345e+00, 1.16693470e-02, 9.47770136e-01, 1.52169864e-03, 2.88503883e+00, 3.91200438e-01, 2.91472518e+04
8.70722485e+01, 1.94483908e+00, 1.13543144e-02, 9.47831339e-01, 1.46049541e-03, 2.89035555e+00, 3.85883721e-01, 3.03686908e+04
8.95166472e+01, 1.95672846e+00, 1.10476916e-02, 9.47890099e-01, 1.40173569e-03, 2.89560165e+00, 3.80637625e-01, 3.16417236e+04
9.20296681e+01, 1.96862147e+00, 1.07492590e-02, 9.47946511e-01, 1.34532315e-03, 2.90077800e+00, 3.75461276e-01, 3.29685351e+04
9.46132376e+01, 1.98051802e+00, 1.04588028e-02, 9.48000669e-01, 1.29116512e-03, 2.90588546e+00, 3.70353810e-01, 3.43514030e+04
9.72693362e+01, 1.99241802e+00, 1.01761143e-02, 9.48052662e-01, 1.23917256e-03, 2.91092490e+00, 3.65314373e-01, 3.57927013e+04
1.00000000e+02, 2.00432137e+00, 9.90099010e-03, 9.48102575e-01, 1.18925986e-03, 2.91589716e+00, 3.60342116e-01, 3.72949049e+04
