 --- Cosmological Parameters --- 
	 H0: 2.2027e-18 (1/s) = 67.9700 (km/s/Mpc) 
	 OmegaM: 3.0500e-01 
	 OmegaR: 0.0000e+00 
	 OmegaL: 6.9500e-01 
	 OmegaK: 0.0000e+00 
		 w0: -1.0000e+00 
		 wa: 0.0000e+00 
	 rho_crit: 8.6799e-30 (g/cm^3) 
z, log10(1+z), a, H0*t_look, H0*t_age, H0*t_conf, H0*t_conf_age, H(z) 
1.00000000e-04, 4.34272769e-05, 9.99900010e-01, 9.99927129e-05, 9.59547681e-01, 9.99977125e-05, 3.28285918e+00, 6.79731099e+01
1.02807322e-04, 4.46463579e-05, 9.99897203e-01, 1.02799620e-04, 9.59544874e-01, 1.02804905e-04, 3.28285638e+00, 6.79731972e+01
1.05693455e-04, 4.58996588e-05, 9.99894318e-01, 1.05685315e-04, 9.59541988e-01, 1.05690900e-04, 3.28285349e+00, 6.79732869e+01
1.08660611e-04, 4.71881402e-05, 9.99891351e-01, 1.08652008e-04, 9.59539022e-01, 1.08657910e-04, 3.28285052e+00, 6.79733792e+01
1.11711065e-04, 4.85127895e-05, 9.99888301e-01, 1.11701971e-04, 9.59535972e-01, 1.11708210e-04, 3.28284747e+00, 6.79734741e+01
1.14847155e-04, 4.98746217e-05, 9.99885166e-01, 1.14837543e-04, 9.59532836e-01, 1.14844138e-04, 3.28284434e+00, 6.79735716e+01
1.18071285e-04, 5.12746804e-05, 9.99881943e-01, 1.18061126e-04, 9.59529613e-01, 1.18068096e-04, 3.28284111e+00, 6.79736719e+01
1.21385926e-04, 5.27140387e-05, 9.99878629e-01, 1.21375189e-04, 9.59526299e-01, 1.21382556e-04, 3.28283780e+00, 6.79737750e+01
1.24793621e-04, 5.41937993e-05, 9.99875222e-01, 1.24782272e-04, 9.59522891e-01, 1.24790058e-04, 3.28283439e+00, 6.79738810e+01
1.28296980e-04, 5.57150964e-05, 9.99871719e-01, 1.28284985e-04, 9.59519389e-01, 1.28293214e-04, 3.28283089e+00, 6.79739900e+01
1.31898690e-04, 5.72790956e-05, 9.99868119e-01, 1.31886012e-04, 9.59515788e-01, 1.31894710e-04, 3.28282729e+00, 6.79741020e+01
1.35601511e-04, 5.88869955e-05, 9.99864417e-01, 1.35588112e-04, 9.59512086e-01, 1.35597305e-04, 3.28282359e+00, 6.79742171e+01
1.39408283e-04, 6.05400281e-05, 9.99860611e-01, 1.39394121e-04, 9.59508280e-01, 1.39403837e-04, 3.28281978e+00, 6.79743355e+01
1.43321923e-04, 6.22394601e-05, 9.99856699e-01, 1.43306954e-04, 9.59504367e-01, 1.43317224e-04, 3.28281587e+00, 6.79744573e+01
1.47345431e-04, 6.39865937e-05, 9.99852676e-01, 1.47329611e-04, 9.59500344e-01, 1.47340464e-04, 3.28281184e+00, 6.79745824e+01
1.51481892e-04, 6.57827676e-05, 9.99848541e-01, 1.51465171e-04, 9.59496209e-01, 1.51476643e-04, 3.28280771e+00, 6.79747111e+01
1.55734477e-04, 6.76293582e-05, 9.99844290e-01, 1.55716804e-04, 9.59491957e-01, 1.55728929e-04, 3.28280345e+00, 6.79748433e+01
1.60106446e-04, 6.95277803e-05, 9.99839919e-01, 1.60087767e-04, 9.59487586e-01, 1.60100582e-04, 3.28279908e+00, 6.79749793e+01
1.64601150e-04, 7.14794886e-05, 9.99835426e-01, 1.64581408e-04, 9.59483092e-01, 1.64594952e-04, 3.28279459e+00, 6.79751191e+01
1.69222035e-04, 7.34859785e-05, 9.99830807e-01, 1.69201169e-04, 9.59478473e-01, 1.69215484e-04, 3.28278997e+00, 6.79752629e+01
1.73972643e-04, 7.55487874e-05, 9.99826058e-01, 1.73950589e-04, 9.59473723e-01, 1.73965720e-04, 3.28278522e+00, 6.79754106e+01
1.78856616e-04, 7.76694958e-05, 9.99821175e-01, 1.78833306e-04, 9.59468840e-01, 1.78849298e-04, 3.28278033e+00, 6.79755625e+01
1.83877698e-04, 7.98497285e-05, 9.99816156e-01, 1.83853061e-04, 9.59463821e-01, 1.83869963e-04, 3.28277531e+00, 6.79757187e+01
1.89039738e-04, 8.20911560e-05, 9.99810996e-01, 1.89013698e-04, 9.59458660e-01, 1.89031563e-04, 3.28277015e+00, 6.79758793e+01
1.94346693e-04, 8.43954955e-05, 9.99805691e-01, 1.94319171e-04, 9.59453355e-01, 1.94338052e-04, 3.28276484e+00, 6.79760444e+01
1.99802631e-04, 8.67645125e-05, 9.99800237e-01, 1.99773542e-04, 9.59447900e-01, 1.99793499e-04, 3.28275939e+00, 6.79762141e+01
2.05411735e-04, 8.92000219e-05, 9.99794630e-01, 2.05380990e-04, 9.59442293e-01, 2.05402083e-04, 3.28275378e+00, 6.79763886e+01
2.11178304e-04, 9.17038897e-05, 9.99788866e-01, 2.11145809e-04, 9.59436528e-01, 2.11168103e-04, 3.28274801e+00, 6.79765679e+01
2.17106760e-04, 9.42780341e-05, 9.99782940e-01, 2.17072415e-04, 9.59430601e-01, 2.17095978e-04, 3.28274209e+00, 6.79767523e+01
2.23201647e-04, 9.69244272e-05, 9.99776848e-01, 2.23165346e-04, 9.59424508e-01, 2.23190250e-04, 3.28273599e+00, 6.79769419e+01
2.29467637e-04, 9.96450962e-05, 9.99770585e-01, 2.29429269e-04, 9.59418244e-01, 2.29455591e-04, 3.28272973e+00, 6.79771369e+01
2.35909533e-04, 1.02442125e-04, 9.99764146e-01, 2.35868981e-04, 9.59411805e-01, 2.35896802e-04, 3.28272329e+00, 6.79773372e+01
2.42532274e-04, 1.05317657e-04, 9.99757527e-01, 2.42489414e-04, 9.59405184e-01, 2.42518818e-04, 3.28271666e+00, 6.79775433e+01
2.49340937e-04, 1.08273895e-04, 9.99750721e-01, 2.49295637e-04, 9.59398378e-01, 2.49326715e-04, 3.28270986e+00, 6.79777551e+01
2.56340741e-04, 1.11313103e-04, 9.99743725e-01, 2.56292862e-04, 9.59391381e-01, 2.56325709e-04, 3.28270286e+00, 6.79779728e+01
2.63537052e-04, 1.14437609e-04, 9.99736532e-01, 2.63486447e-04, 9.59384187e-01, 2.63521164e-04, 3.28269566e+00, 6.79781967e+01
2.70935387e-04, 1.17649806e-04, 9.99729138e-01, 2.70881901e-04, 9.59376792e-01, 2.70918594e-04, 3.28268826e+00, 6.79784268e+01
2.78541416e-04, 1.20952156e-04, 9.99721536e-01, 2.78484885e-04, 9.59369189e-01, 2.78523668e-04, 3.28268066e+00, 6.79786635e+01
2.86360972e-04, 1.24347187e-04, 9.99713721e-01, 2.86301223e-04, 9.59361373e-01, 2.86342213e-04, 3.28267284e+00, 6.79789067e+01
2.94400048e-04, 1.27837499e-04, 9.99705687e-01, 2.94336897e-04, 9.59353337e-01, 2.94380220e-04, 3.28266480e+00, 6.79791568e+01
3.02664806e-04, 1.31425767e-04, 9.99697427e-01, 3.02598060e-04, 9.59345076e-01, 3.02643850e-04, 3.28265654e+00, 6.79794139e+01
3.11161583e-04, 1.35114738e-04, 9.99688935e-01, 3.11091037e-04, 9.59336583e-01, 3.11139433e-04, 3.28264804e+00, 6.79796783e+01
3.19896892e-04, 1.38907238e-04, 9.99680205e-01, 3.19822330e-04, 9.59327851e-01, 3.19873481e-04, 3.28263931e+00, 6.79799501e+01
3.28877429e-04, 1.42806171e-04, 9.99671231e-01, 3.28798622e-04, 9.59318875e-01, 3.28852685e-04, 3.28263033e+00, 6.79802295e+01
3.38110078e-04, 1.46814523e-04, 9.99662004e-01, 3.38026786e-04, 9.59309647e-01, 3.38083926e-04, 3.28262110e+00, 6.79805167e+01
3.47601918e-04, 1.50935364e-04, 9.99652519e-01, 3.47513884e-04, 9.59300160e-01, 3.47574277e-04, 3.28261161e+00, 6.79808120e+01
3.57360225e-04, 1.55171849e-04, 9.99642767e-01, 3.57267179e-04, 9.59290407e-01, 3.57331010e-04, 3.28260185e+00, 6.79811156e+01
3.67392478e-04, 1.59527223e-04, 9.99632742e-01, 3.67294135e-04, 9.59280380e-01, 3.67361600e-04, 3.28259182e+00, 6.79814278e+01
3.77706369e-04, 1.64004821e-04, 9.99622436e-01, 3.77602428e-04, 9.59270071e-01, 3.77673733e-04, 0.00000000e+00, 6.79817487e+01
3.88309805e-04, 1.68608072e-04, 9.99611841e-01, 3.88199946e-04, 9.59259474e-01, 3.88275310e-04, 3.28257091e+00, 6.79820786e+01
3.99210913e-04, 1.73340499e-04, 9.99600948e-01, 3.99094800e-04, 9.59248579e-01, 3.99174454e-04, 3.28256001e+00, 6.79824178e+01
4.10418050e-04, 1.78205728e-04, 9.99589750e-01, 4.10295328e-04, 9.59237378e-01, 4.10379516e-04, 3.28254880e+00, 6.79827665e+01
4.21939808e-04, 1.83207482e-04, 9.99578238e-01, 4.21810099e-04, 9.59225864e-01, 4.21899079e-04, 3.28253728e+00, 6.79831250e+01
4.33785019e-04, 1.88349591e-04, 9.99566403e-01, 4.33647926e-04, 9.59214026e-01, 4.33741971e-04, 3.28252544e+00, 6.79834936e+01
4.45962763e-04, 1.93635993e-04, 9.99554236e-01, 4.45817866e-04, 9.59201856e-01, 4.45917264e-04, 3.28251327e+00, 6.79838726e+01
4.58482375e-04, 1.99070734e-04, 9.99541728e-01, 4.58329230e-04, 9.59189344e-01, 4.58434286e-04, 3.28250075e+00, 6.79842621e+01
4.71353453e-04, 2.04657975e-04, 9.99528869e-01, 4.71191590e-04, 9.59176482e-01, 4.71302626e-04, 3.28248788e+00, 6.79846627e+01
4.84585864e-04, 2.10401992e-04, 9.99515649e-01, 4.84414787e-04, 9.59163259e-01, 4.84532143e-04, 3.28247465e+00, 6.79850744e+01
4.98189752e-04, 2.16307184e-04, 9.99502058e-01, 4.98008935e-04, 9.59149665e-01, 4.98132972e-04, 3.28246105e+00, 6.79854978e+01
5.12175544e-04, 2.22378069e-04, 9.99488087e-01, 5.11984435e-04, 9.59135689e-01, 5.12115531e-04, 3.28244707e+00, 6.79859330e+01
5.26553963e-04, 2.28619296e-04, 9.99473723e-01, 5.26351974e-04, 9.59121322e-01, 5.26490533e-04, 3.28243269e+00, 6.79863805e+01
5.41336030e-04, 2.35035640e-04, 9.99458957e-01, 5.41122543e-04, 9.59106551e-01, 5.41268989e-04, 3.28241791e+00, 6.79868406e+01
5.56533078e-04, 2.41632013e-04, 9.99443776e-01, 5.56307438e-04, 9.59091366e-01, 5.56462219e-04, 3.28240272e+00, 6.79873135e+01
5.72156756e-04, 2.48413463e-04, 9.99428170e-01, 5.71918271e-04, 9.59075755e-01, 5.72081862e-04, 3.28238710e+00, 6.79877998e+01
5.88219040e-04, 2.55385179e-04, 9.99412127e-01, 5.87966981e-04, 9.59059707e-01, 5.88139883e-04, 3.28237104e+00, 6.79882997e+01
6.04732245e-04, 2.62552498e-04, 9.99395633e-01, 6.04465837e-04, 9.59043208e-01, 6.04648580e-04, 3.28235453e+00, 6.79888137e+01
6.21709029e-04, 2.69920903e-04, 9.99378677e-01, 6.21427456e-04, 9.59026246e-01, 6.21620600e-04, 3.28233756e+00, 6.79893421e+01
6.39162405e-04, 2.77496033e-04, 9.99361246e-01, 6.38864804e-04, 9.59008809e-01, 6.39068942e-04, 3.28232011e+00, 6.79898854e+01
6.57105755e-04, 2.85283683e-04, 9.99343326e-01, 6.56791213e-04, 9.58990883e-01, 6.57006970e-04, 3.28230218e+00, 6.79904439e+01
6.75552832e-04, 2.93289812e-04, 9.99324903e-01, 6.75220386e-04, 9.58972453e-01, 6.75448422e-04, 3.28228373e+00, 6.79910181e+01
6.94517777e-04, 3.01520545e-04, 9.99305964e-01, 6.94166408e-04, 9.58953507e-01, 6.94407423e-04, 3.28226477e+00, 6.79916085e+01
7.14015130e-04, 3.09982178e-04, 9.99286494e-01, 7.13643760e-04, 9.58934030e-01, 7.13898492e-04, 3.28224528e+00, 6.79922154e+01
7.34059837e-04, 3.18681185e-04, 9.99266479e-01, 7.33667328e-04, 9.58914006e-01, 7.33936558e-04, 3.28222525e+00, 6.79928394e+01
7.54667263e-04, 3.27624220e-04, 9.99245902e-01, 7.54252412e-04, 9.58893421e-01, 7.54536964e-04, 3.28220465e+00, 6.79934810e+01
7.75853206e-04, 3.36818122e-04, 9.99224748e-01, 7.75414741e-04, 9.58872259e-01, 7.75715488e-04, 3.28218347e+00, 6.79941406e+01
7.97633907e-04, 3.46269924e-04, 9.99203002e-01, 7.97170484e-04, 9.58850503e-01, 7.97488347e-04, 3.28216169e+00, 6.79948187e+01
8.20026062e-04, 3.55986854e-04, 9.99180646e-01, 8.19536261e-04, 9.58828137e-01, 8.19872214e-04, 3.28213931e+00, 6.79955159e+01
8.43046837e-04, 3.65976343e-04, 9.99157663e-01, 8.42529156e-04, 9.58805145e-01, 8.42884230e-04, 3.28211630e+00, 6.79962327e+01
8.66713880e-04, 3.76246030e-04, 9.99134037e-01, 8.66166733e-04, 9.58781507e-01, 8.66542013e-04, 3.28209264e+00, 6.79969696e+01
8.91045332e-04, 3.86803767e-04, 9.99109748e-01, 8.90467043e-04, 9.58757207e-01, 8.90863680e-04, 3.28206832e+00, 6.79977272e+01
9.16059848e-04, 3.97657626e-04, 9.99084779e-01, 9.15448642e-04, 9.58732225e-01, 9.15867852e-04, 3.28204331e+00, 6.79985062e+01
9.41776601e-04, 4.08815904e-04, 9.99059110e-01, 9.41130606e-04, 9.58706543e-01, 9.41573673e-04, 3.28201761e+00, 6.79993070e+01
9.68215306e-04, 4.20287133e-04, 9.99032721e-01, 9.67532543e-04, 9.58680141e-01, 9.68000823e-04, 3.28199118e+00, 6.80001304e+01
9.95396231e-04, 4.32080081e-04, 9.99005594e-01, 9.94674607e-04, 9.58652999e-01, 9.95169535e-04, 3.28196401e+00, 6.80009769e+01
1.02334021e-03, 4.44203760e-04, 9.98977706e-01, 1.02257752e-03, 9.58625096e-01, 1.02310061e-03, 3.28193608e+00, 6.80018472e+01
1.05206867e-03, 4.56667438e-04, 9.98949037e-01, 1.05126256e-03, 9.58596411e-01, 1.05181542e-03, 3.28190737e+00, 6.80027420e+01
1.08160363e-03, 4.69480638e-04, 9.98919565e-01, 1.08075164e-03, 9.58566922e-01, 1.08133596e-03, 3.28187785e+00, 6.80036619e+01
1.11196773e-03, 4.82653152e-04, 9.98889267e-01, 1.11106725e-03, 9.58536606e-01, 1.11168482e-03, 3.28184750e+00, 6.80046077e+01
1.14318425e-03, 4.96195044e-04, 9.98858121e-01, 1.14223252e-03, 9.58505441e-01, 1.14288523e-03, 3.28181630e+00, 6.80055801e+01
1.17527712e-03, 5.10116661e-04, 9.98826103e-01, 1.17427122e-03, 9.58473403e-01, 1.17496107e-03, 3.28178422e+00, 6.80065799e+01
1.20827094e-03, 5.24428638e-04, 9.98793187e-01, 1.20720779e-03, 9.58440466e-01, 1.20793689e-03, 3.28175125e+00, 6.80076077e+01
1.24219100e-03, 5.39141905e-04, 9.98759350e-01, 1.24106735e-03, 9.58406606e-01, 1.24183793e-03, 3.28171734e+00, 6.80086645e+01
1.27706330e-03, 5.54267703e-04, 9.98724566e-01, 1.27587570e-03, 9.58371798e-01, 1.27669014e-03, 3.28168249e+00, 6.80097510e+01
1.31291459e-03, 5.69817580e-04, 9.98688807e-01, 1.31165940e-03, 9.58336014e-01, 1.31252017e-03, 3.28164666e+00, 6.80108681e+01
1.34977233e-03, 5.85803413e-04, 9.98652047e-01, 1.34844571e-03, 9.58299228e-01, 1.34935546e-03, 3.28160983e+00, 6.80120166e+01
1.38766479e-03, 6.02237406e-04, 9.98614258e-01, 1.38626267e-03, 9.58261411e-01, 1.38722418e-03, 3.28157196e+00, 6.80131974e+01
1.42662102e-03, 6.19132106e-04, 9.98575411e-01, 1.42513910e-03, 9.58222535e-01, 1.42615531e-03, 3.28153303e+00, 6.80144114e+01
1.46667087e-03, 6.36500410e-04, 9.98535477e-01, 1.46510462e-03, 9.58182569e-01, 1.46617865e-03, 3.28149300e+00, 6.80156596e+01
1.50784505e-03, 6.54355573e-04, 9.98494425e-01, 1.50618966e-03, 9.58141484e-01, 1.50732480e-03, 3.28145186e+00, 6.80169429e+01
1.55017512e-03, 6.72711224e-04, 9.98452224e-01, 1.54842553e-03, 9.58099248e-01, 1.54962524e-03, 3.28140956e+00, 6.80182623e+01
1.59369353e-03, 6.91581368e-04, 9.98408842e-01, 1.59184438e-03, 9.58055829e-01, 1.59311234e-03, 3.28136607e+00, 6.80196188e+01
1.63843365e-03, 7.10980403e-04, 9.98364246e-01, 1.63647927e-03, 9.58011194e-01, 1.63781936e-03, 3.28132136e+00, 6.80210136e+01
1.68442976e-03, 7.30923128e-04, 9.98318403e-01, 1.68236417e-03, 9.57965310e-01, 1.68378050e-03, 3.28127540e+00, 6.80224475e+01
1.73171713e-03, 7.51424755e-04, 9.98271277e-01, 1.72953400e-03, 9.57918140e-01, 1.73103090e-03, 3.28122815e+00, 6.80239219e+01
1.78033202e-03, 7.72500920e-04, 9.98222832e-01, 1.77802465e-03, 9.57869649e-01, 1.77960671e-03, 3.28117958e+00, 6.80254377e+01
1.83031168e-03, 7.94167695e-04, 9.98173032e-01, 1.82787302e-03, 9.57819801e-01, 1.82954506e-03, 3.28112964e+00, 6.80269962e+01
1.88169442e-03, 8.16441599e-04, 9.98121840e-01, 1.87911700e-03, 9.57768557e-01, 1.88088415e-03, 3.28107830e+00, 6.80285986e+01
1.93451965e-03, 8.39339613e-04, 9.98069215e-01, 1.93179557e-03, 9.57715878e-01, 1.93366324e-03, 3.28102552e+00, 6.80302461e+01
1.98882786e-03, 8.62879189e-04, 9.98015120e-01, 1.98594877e-03, 9.57661725e-01, 1.98792268e-03, 3.28097126e+00, 6.80319400e+01
2.04466067e-03, 8.87078267e-04, 9.97959511e-01, 2.04161777e-03, 9.57606056e-01, 2.04370394e-03, 3.28091548e+00, 6.80336816e+01
2.10206088e-03, 9.11955285e-04, 9.97902349e-01, 2.09884485e-03, 9.57548829e-01, 2.10104967e-03, 3.28085813e+00, 6.80354722e+01
2.16107251e-03, 9.37529196e-04, 9.97843588e-01, 2.15767349e-03, 9.57490000e-01, 2.16000371e-03, 3.28079918e+00, 6.80373133e+01
2.22174078e-03, 9.63819479e-04, 9.97783184e-01, 2.21814837e-03, 9.57429525e-01, 2.22061112e-03, 3.28073857e+00, 6.80392062e+01
2.28411221e-03, 9.90846156e-04, 9.97721093e-01, 2.28031541e-03, 9.57367358e-01, 2.28291821e-03, 3.28067626e+00, 6.80411525e+01
2.34823460e-03, 1.01862981e-03, 9.97657267e-01, 2.34422179e-03, 9.57303452e-01, 2.34697261e-03, 3.28061221e+00, 6.80431536e+01
2.41415712e-03, 1.04719158e-03, 9.97591657e-01, 2.40991600e-03, 9.57237758e-01, 2.41282325e-03, 3.28054636e+00, 6.80452111e+01
2.48193029e-03, 1.07655322e-03, 9.97524214e-01, 2.47744789e-03, 9.57170226e-01, 2.48052046e-03, 3.28047866e+00, 6.80473265e+01
2.55160607e-03, 1.10673706e-03, 9.97454888e-01, 2.54686867e-03, 9.57100805e-01, 2.55011596e-03, 3.28040907e+00, 6.80495016e+01
2.62323788e-03, 1.13776607e-03, 9.97383625e-01, 2.61823097e-03, 9.57029443e-01, 2.62166291e-03, 3.28033752e+00, 6.80517380e+01
2.69688063e-03, 1.16966386e-03, 9.97310373e-01, 2.69158888e-03, 9.56956085e-01, 2.69521595e-03, 3.28026397e+00, 6.80540374e+01
2.77259076e-03, 1.20245468e-03, 9.97235075e-01, 2.76699799e-03, 9.56880676e-01, 2.77083128e-03, 3.28018835e+00, 6.80564016e+01
2.85042632e-03, 1.23616346e-03, 9.97157676e-01, 2.84451540e-03, 9.56803158e-01, 2.84856664e-03, 3.28011062e+00, 6.80588325e+01
2.93044698e-03, 1.27081583e-03, 9.97078115e-01, 2.92419982e-03, 9.56723474e-01, 2.92848138e-03, 3.28003070e+00, 6.80613319e+01
3.01271407e-03, 1.30643812e-03, 9.96996335e-01, 3.00611157e-03, 9.56641562e-01, 3.01063653e-03, 3.27994855e+00, 6.80639018e+01
3.09729067e-03, 1.34305740e-03, 9.96912273e-01, 3.09031261e-03, 9.56557361e-01, 3.09509480e-03, 3.27986409e+00, 6.80665443e+01
3.18424160e-03, 1.38070148e-03, 9.96825866e-01, 3.17686663e-03, 9.56470807e-01, 3.18192068e-03, 3.27977726e+00, 6.80692612e+01
3.27363353e-03, 1.41939895e-03, 9.96737048e-01, 3.26583909e-03, 9.56381835e-01, 3.27118042e-03, 3.27968800e+00, 6.80720548e+01
3.36553498e-03, 1.45917918e-03, 9.96645754e-01, 3.35729721e-03, 9.56290377e-01, 3.36294215e-03, 3.27959624e+00, 6.80749272e+01
3.46001639e-03, 1.50007238e-03, 9.96551914e-01, 3.45131011e-03, 9.56196364e-01, 3.45727589e-03, 3.27950191e+00, 6.80778807e+01
3.55715021e-03, 1.54210957e-03, 9.96455458e-01, 3.54794877e-03, 9.56099725e-01, 3.55425362e-03, 3.27940493e+00, 6.80809176e+01
3.65701088e-03, 1.58532264e-03, 9.96356314e-01, 3.64728615e-03, 9.56000388e-01, 3.65394931e-03, 3.27930523e+00, 6.80840401e+01
3.75967497e-03, 1.62974435e-03, 9.96254407e-01, 3.74939719e-03, 9.55898277e-01, 3.75643902e-03, 3.27920274e+00, 6.80872509e+01
3.86522116e-03, 1.67540839e-03, 9.96149661e-01, 3.85435892e-03, 9.55793315e-01, 3.86180090e-03, 3.27909738e+00, 6.80905522e+01
3.97373038e-03, 1.72234936e-03, 9.96041998e-01, 3.96225045e-03, 9.55685423e-01, 3.97011531e-03, 3.27898907e+00, 6.80939469e+01
4.08528580e-03, 1.77060283e-03, 9.95931336e-01, 4.07315307e-03, 9.55574521e-01, 4.08146482e-03, 3.27887772e+00, 6.80974374e+01
4.19997295e-03, 1.82020534e-03, 9.95817593e-01, 4.18715033e-03, 9.55460523e-01, 4.19593432e-03, 3.27876325e+00, 6.81010265e+01
4.31787973e-03, 1.87119444e-03, 9.95700684e-01, 4.30432802e-03, 9.55343346e-01, 4.31361106e-03, 3.27864557e+00, 6.81047171e+01
4.43909653e-03, 1.92360874e-03, 9.95580522e-01, 4.42477430e-03, 9.55222899e-01, 4.43458472e-03, 3.27852460e+00, 6.81085119e+01
4.56371628e-03, 1.97748788e-03, 9.95457017e-01, 4.54857975e-03, 9.55099094e-01, 4.55894747e-03, 3.27840023e+00, 6.81124140e+01
4.69183451e-03, 2.03287261e-03, 9.95330076e-01, 4.67583742e-03, 9.54971836e-01, 4.68679405e-03, 3.27827239e+00, 6.81164265e+01
4.82354943e-03, 2.08980480e-03, 9.95199606e-01, 4.80664288e-03, 9.54841031e-01, 4.81822185e-03, 3.27814096e+00, 6.81205524e+01
4.95896201e-03, 2.14832749e-03, 9.95065508e-01, 4.94109435e-03, 9.54706579e-01, 4.95333095e-03, 3.27800585e+00, 6.81247949e+01
5.09817606e-03, 2.20848488e-03, 9.94927683e-01, 5.07929269e-03, 9.54568381e-01, 5.09222423e-03, 3.27786696e+00, 6.81291576e+01
5.24129830e-03, 2.27032240e-03, 9.94786030e-01, 5.22134152e-03, 9.54426332e-01, 5.23500742e-03, 3.27772417e+00, 6.81336436e+01
5.38843844e-03, 2.33388671e-03, 9.94640441e-01, 5.36734729e-03, 9.54280326e-01, 5.38178919e-03, 3.27757739e+00, 6.81382566e+01
5.53970928e-03, 2.39922578e-03, 9.94490810e-01, 5.51741933e-03, 9.54130254e-01, 5.53268124e-03, 3.27742650e+00, 6.81430002e+01
5.69522678e-03, 2.46638889e-03, 9.94337025e-01, 5.67166996e-03, 9.53976004e-01, 5.68779836e-03, 3.27727138e+00, 6.81478781e+01
5.85511016e-03, 2.53542665e-03, 9.94178973e-01, 5.83021452e-03, 9.53817459e-01, 5.84725854e-03, 3.27711192e+00, 6.81528942e+01
6.01948197e-03, 2.60639109e-03, 9.94016535e-01, 5.99317150e-03, 9.53654502e-01, 6.01118305e-03, 3.27694800e+00, 6.81580523e+01
6.18846824e-03, 2.67933564e-03, 9.93849593e-01, 6.16066261e-03, 9.53487011e-01, 6.17969651e-03, 3.27677949e+00, 6.81633566e+01
6.36219849e-03, 2.75431521e-03, 9.93678023e-01, 6.33281282e-03, 9.53314861e-01, 6.35292702e-03, 3.27660626e+00, 6.81688113e+01
6.54080591e-03, 2.83138620e-03, 9.93501698e-01, 6.50975050e-03, 9.53137923e-01, 6.53100622e-03, 3.27642818e+00, 6.81744206e+01
6.72442742e-03, 2.91060657e-03, 9.93320488e-01, 6.69160749e-03, 9.52956066e-01, 6.71406940e-03, 3.27624511e+00, 6.81801889e+01
6.91320378e-03, 2.99203585e-03, 9.93134260e-01, 6.87851918e-03, 9.52769155e-01, 6.90225560e-03, 3.27605693e+00, 6.81861209e+01
7.10727970e-03, 3.07573520e-03, 9.92942877e-01, 7.07062460e-03, 9.52577049e-01, 7.09570772e-03, 3.27586347e+00, 6.81922212e+01
7.30680395e-03, 3.16176744e-03, 9.92746198e-01, 7.26806653e-03, 9.52379607e-01, 7.29457263e-03, 3.27566461e+00, 6.81984946e+01
7.51192949e-03, 3.25019713e-03, 9.92544079e-01, 7.47099160e-03, 9.52176682e-01, 7.49900125e-03, 3.27546018e+00, 6.82049461e+01
7.72281357e-03, 3.34109055e-03, 9.92336371e-01, 7.67955036e-03, 9.51968123e-01, 7.70914867e-03, 3.27525003e+00, 6.82115808e+01
7.93961785e-03, 3.43451582e-03, 9.92122923e-01, 7.89389739e-03, 9.51753776e-01, 7.92517430e-03, 3.27503401e+00, 6.82184040e+01
8.16250851e-03, 3.53054289e-03, 9.91903579e-01, 8.11419143e-03, 9.51533482e-01, 8.14724193e-03, 3.27481194e+00, 6.82254212e+01
8.39165644e-03, 3.62924361e-03, 9.91678177e-01, 8.34059544e-03, 9.51307078e-01, 8.37551991e-03, 3.27458366e+00, 6.82326378e+01
8.62723729e-03, 3.73069181e-03, 9.91446555e-01, 8.57327675e-03, 9.51074397e-01, 8.61018121e-03, 3.27434900e+00, 6.82400596e+01
8.86943166e-03, 3.83496328e-03, 9.91208544e-01, 8.81240715e-03, 9.50835267e-01, 8.85140360e-03, 3.27410778e+00, 6.82476925e+01
9.11842520e-03, 3.94213590e-03, 9.90963969e-01, 9.05816300e-03, 9.50589511e-01, 9.09936975e-03, 3.27385981e+00, 6.82555427e+01
9.37440879e-03, 4.05228964e-03, 9.90712655e-01, 9.31072533e-03, 9.50336948e-01, 9.35426738e-03, 3.27360491e+00, 6.82636163e+01
9.63757866e-03, 4.16550662e-03, 9.90454418e-01, 9.57028000e-03, 9.50077394e-01, 9.61628937e-03, 3.27334289e+00, 6.82719198e+01
9.90813657e-03, 4.28187121e-03, 9.90189071e-01, 9.83701778e-03, 9.49810656e-01, 9.88563394e-03, 3.27307355e+00, 6.82804600e+01
1.01862899e-02, 4.40147004e-03, 9.89916424e-01, 1.01111345e-02, 9.49536539e-01, 1.01625048e-02, 3.27279668e+00, 6.82892435e+01
1.04722519e-02, 4.52439206e-03, 9.89636280e-01, 1.03928311e-02, 9.49254843e-01, 1.04471111e-02, 3.27251207e+00, 6.82982775e+01
1.07662418e-02, 4.65072864e-03, 9.89348436e-01, 1.06823139e-02, 9.48965360e-01, 1.07396680e-02, 3.27221951e+00, 6.83075691e+01
1.10684849e-02, 4.78057359e-03, 9.89052685e-01, 1.09797946e-02, 9.48667879e-01, 1.10403964e-02, 3.27191879e+00, 6.83171260e+01
1.13792129e-02, 4.91402325e-03, 9.88748817e-01, 1.12854905e-02, 9.48362183e-01, 1.13495234e-02, 3.27160966e+00, 6.83269556e+01
1.16986641e-02, 5.05117654e-03, 9.88436612e-01, 1.15996246e-02, 9.48048049e-01, 1.16672822e-02, 3.27129190e+00, 6.83370661e+01
1.20270833e-02, 5.19213502e-03, 9.88115848e-01, 1.19224255e-02, 9.47725248e-01, 1.19939125e-02, 3.27096527e+00, 6.83474655e+01
1.23647224e-02, 5.33700299e-03, 9.87786297e-01, 1.22541281e-02, 9.47393546e-01, 1.23296605e-02, 3.27062952e+00, 6.83581622e+01
1.27118400e-02, 5.48588750e-03, 9.87447723e-01, 1.25949733e-02, 9.47052700e-01, 1.26747793e-02, 3.27028440e+00, 6.83691650e+01
1.30687023e-02, 5.63889849e-03, 9.87099885e-01, 1.29452082e-02, 9.46702466e-01, 1.30295288e-02, 3.26992965e+00, 6.83804826e+01
1.34355829e-02, 5.79614881e-03, 9.86742539e-01, 1.33050862e-02, 9.46342587e-01, 1.33941760e-02, 3.26956501e+00, 6.83921243e+01
1.38127630e-02, 5.95775431e-03, 9.86375430e-01, 1.36748676e-02, 9.45972806e-01, 1.37689953e-02, 3.26919019e+00, 6.84040995e+01
1.42005318e-02, 6.12383394e-03, 9.85998300e-01, 1.40548190e-02, 9.45592855e-01, 1.41542686e-02, 3.26880491e+00, 6.84164180e+01
1.45991865e-02, 6.29450978e-03, 9.85610883e-01, 1.44452142e-02, 9.45202459e-01, 1.45502854e-02, 3.26840890e+00, 6.84290899e+01
1.50090328e-02, 6.46990713e-03, 9.85212907e-01, 1.48463338e-02, 9.44801340e-01, 1.49573432e-02, 3.26800184e+00, 6.84421254e+01
1.54303847e-02, 6.65015464e-03, 9.84804094e-01, 1.52584657e-02, 9.44389208e-01, 1.53757476e-02, 3.26758343e+00, 6.84555353e+01
1.58635653e-02, 6.83538432e-03, 9.84384158e-01, 1.56819051e-02, 9.43965769e-01, 1.58058125e-02, 3.26715337e+00, 6.84693305e+01
1.63089068e-02, 7.02573168e-03, 9.83952805e-01, 1.61169546e-02, 9.43530719e-01, 1.62478604e-02, 3.26671132e+00, 6.84835223e+01
1.67667503e-02, 7.22133576e-03, 9.83509738e-01, 1.65639247e-02, 9.43083749e-01, 1.67022224e-02, 3.26625696e+00, 6.84981225e+01
1.72374471e-02, 7.42233928e-03, 9.83054648e-01, 1.70231337e-02, 9.42624540e-01, 1.71692388e-02, 3.26578994e+00, 6.85131430e+01
1.77213578e-02, 7.62888867e-03, 9.82587220e-01, 1.74949077e-02, 9.42152766e-01, 1.76492592e-02, 3.26530992e+00, 6.85285962e+01
1.82188534e-02, 7.84113421e-03, 9.82107134e-01, 1.79795813e-02, 9.41668092e-01, 1.81426424e-02, 3.26481654e+00, 6.85444950e+01
1.87303154e-02, 8.05923009e-03, 9.81614059e-01, 1.84774972e-02, 9.41170176e-01, 1.86497571e-02, 3.26430943e+00, 6.85608524e+01
1.92561357e-02, 8.28333450e-03, 9.81107658e-01, 1.89890069e-02, 9.40658667e-01, 1.91709820e-02, 3.26378820e+00, 6.85776821e+01
1.97967175e-02, 8.51360975e-03, 9.80587585e-01, 1.95144705e-02, 9.40133203e-01, 1.97067059e-02, 3.26325248e+00, 6.85949980e+01
2.03524752e-02, 8.75022235e-03, 9.80053486e-01, 2.00542569e-02, 9.39593417e-01, 2.02573284e-02, 3.26270185e+00, 6.86128147e+01
2.09238348e-02, 8.99334311e-03, 9.79504999e-01, 2.06087445e-02, 9.39038929e-01, 2.08232595e-02, 3.26213592e+00, 6.86311469e+01
2.15112343e-02, 9.24314725e-03, 9.78941755e-01, 2.11783205e-02, 9.38469353e-01, 2.14049204e-02, 3.26155426e+00, 6.86500101e+01
2.21151240e-02, 9.49981449e-03, 9.78363373e-01, 2.17633818e-02, 9.37884292e-01, 2.20027438e-02, 3.26095644e+00, 6.86694201e+01
2.27359668e-02, 9.76352916e-03, 9.77769466e-01, 2.23643351e-02, 9.37283339e-01, 2.26171738e-02, 3.26034201e+00, 6.86893931e+01
2.33742387e-02, 1.00344803e-02, 9.77159637e-01, 2.29815969e-02, 9.36666077e-01, 2.32486666e-02, 3.25971052e+00, 6.87099461e+01
2.40304289e-02, 1.03128618e-02, 9.76533482e-01, 2.36155935e-02, 9.36032080e-01, 2.38976903e-02, 3.25906149e+00, 6.87310964e+01
2.47050406e-02, 1.05988725e-02, 9.75890584e-01, 2.42667617e-02, 9.35380912e-01, 2.45647260e-02, 3.25839446e+00, 6.87528619e+01
2.53985907e-02, 1.08927162e-02, 9.75230519e-01, 2.49355487e-02, 9.34712125e-01, 2.52502673e-02, 3.25770892e+00, 6.87752612e+01
2.61116110e-02, 1.11946019e-02, 9.74552855e-01, 2.56224123e-02, 9.34025261e-01, 2.59548211e-02, 3.25700436e+00, 6.87983132e+01
2.68446481e-02, 1.15047439e-02, 9.73857148e-01, 2.63278212e-02, 9.33319853e-01, 2.66789078e-02, 3.25628027e+00, 6.88220378e+01
2.75982639e-02, 1.18233619e-02, 9.73142944e-01, 2.70522549e-02, 9.32595419e-01, 2.74230617e-02, 3.25553612e+00, 6.88464552e+01
2.83730362e-02, 1.21506810e-02, 9.72409782e-01, 2.77962045e-02, 9.31851469e-01, 2.81878311e-02, 3.25477135e+00, 6.88715864e+01
2.91695588e-02, 1.24869320e-02, 9.71657189e-01, 2.85601721e-02, 9.31087502e-01, 2.89737790e-02, 3.25398540e+00, 6.88974530e+01
2.99884423e-02, 1.28323514e-02, 9.70884681e-01, 2.93446717e-02, 9.30303002e-01, 2.97814832e-02, 3.25317770e+00, 6.89240774e+01
3.08303146e-02, 1.31871818e-02, 9.70091766e-01, 3.01502290e-02, 9.29497445e-01, 3.06115369e-02, 3.25234765e+00, 6.89514827e+01
3.16958209e-02, 1.35516713e-02, 9.69277940e-01, 3.09773816e-02, 9.28670292e-01, 3.14645489e-02, 3.25149463e+00, 6.89796926e+01
3.25856248e-02, 1.39260747e-02, 9.68442690e-01, 3.18266795e-02, 9.27820994e-01, 3.23411437e-02, 3.25061804e+00, 6.90087319e+01
3.35004083e-02, 1.43106525e-02, 9.67585491e-01, 3.26986849e-02, 9.26948989e-01, 3.32419627e-02, 3.24971722e+00, 6.90386258e+01
3.44408728e-02, 1.47056720e-02, 9.66705808e-01, 3.35939726e-02, 9.26053701e-01, 3.41676638e-02, 3.24879152e+00, 6.90694006e+01
3.54077391e-02, 1.51114068e-02, 9.65803096e-01, 3.45131300e-02, 9.25134544e-01, 3.51189221e-02, 3.24784026e+00, 6.91010834e+01
3.64017485e-02, 1.55281370e-02, 9.64876798e-01, 3.54567577e-02, 9.24190916e-01, 3.60964304e-02, 3.24686275e+00, 6.91337023e+01
3.74236629e-02, 1.59561497e-02, 9.63926345e-01, 3.64254691e-02, 9.23222205e-01, 3.71008994e-02, 3.24585828e+00, 6.91672860e+01
3.84742658e-02, 1.63957388e-02, 9.62951161e-01, 3.74198910e-02, 9.22227783e-01, 3.81330584e-02, 3.24482612e+00, 6.92018646e+01
3.95543624e-02, 1.68472053e-02, 9.61950655e-01, 3.84406635e-02, 9.21207010e-01, 3.91936555e-02, 3.24376553e+00, 6.92374688e+01
4.06647809e-02, 1.73108570e-02, 9.60924227e-01, 3.94884403e-02, 9.20159233e-01, 4.02834581e-02, 3.24267572e+00, 6.92741307e+01
4.18063724e-02, 1.77870096e-02, 9.59871264e-01, 4.05638890e-02, 9.19083785e-01, 4.14032534e-02, 3.24155593e+00, 6.93118831e+01
4.29800121e-02, 1.82759856e-02, 9.58791145e-01, 4.16676909e-02, 9.17979983e-01, 4.25538487e-02, 3.24040533e+00, 6.93507603e+01
4.41865996e-02, 1.87781154e-02, 9.57683234e-01, 4.28005412e-02, 9.16847133e-01, 4.37360721e-02, 3.23922311e+00, 6.93907973e+01
4.54270599e-02, 1.92937372e-02, 9.56546887e-01, 4.39631493e-02, 9.15684524e-01, 4.49507729e-02, 3.23800841e+00, 6.94320308e+01
4.67023439e-02, 1.98231967e-02, 9.55381447e-01, 4.51562391e-02, 9.14491435e-01, 4.61988217e-02, 3.23676036e+00, 6.94744983e+01
4.80134292e-02, 2.03668477e-02, 9.54186246e-01, 4.63805484e-02, 9.13267125e-01, 4.74811115e-02, 3.23547807e+00, 6.95182389e+01
4.93613210e-02, 2.09250522e-02, 9.52960606e-01, 4.76368298e-02, 9.12010844e-01, 4.87985577e-02, 3.23416062e+00, 6.95632929e+01
5.07470524e-02, 2.14981804e-02, 9.51703836e-01, 4.89258502e-02, 9.10721824e-01, 5.01520987e-02, 3.23280708e+00, 6.96097020e+01
5.21716858e-02, 2.20866106e-02, 9.50415235e-01, 5.02483913e-02, 9.09399282e-01, 5.15426965e-02, 3.23141649e+00, 6.96575094e+01
5.36363132e-02, 2.26907300e-02, 9.49094092e-01, 5.16052492e-02, 9.08042424e-01, 5.29713374e-02, 3.22998784e+00, 6.97067597e+01
5.51420574e-02, 2.33109341e-02, 9.47739684e-01, 5.29972350e-02, 9.06650439e-01, 5.44390317e-02, 3.22852015e+00, 6.97574992e+01
5.66900727e-02, 2.39476274e-02, 9.46351277e-01, 5.44251742e-02, 9.05222500e-01, 5.59468153e-02, 3.22701237e+00, 6.98097756e+01
5.82815458e-02, 2.46012230e-02, 9.44928128e-01, 5.58899073e-02, 9.03757766e-01, 5.74957492e-02, 3.22546343e+00, 6.98636386e+01
5.99176967e-02, 2.52721433e-02, 9.43469482e-01, 5.73922892e-02, 9.02255385e-01, 5.90869209e-02, 3.22387226e+00, 6.99191394e+01
6.15997796e-02, 2.59608197e-02, 9.41974574e-01, 5.89331898e-02, 9.00714484e-01, 6.07214442e-02, 3.22223774e+00, 6.99763310e+01
6.33290840e-02, 2.66676928e-02, 9.40442630e-01, 6.05134934e-02, 8.99134180e-01, 6.24004600e-02, 3.22055872e+00, 7.00352686e+01
6.51069356e-02, 2.73932126e-02, 9.38872865e-01, 6.21340990e-02, 8.97513575e-01, 6.41251370e-02, 3.21883405e+00, 7.00960089e+01
6.69346971e-02, 2.81378388e-02, 9.37264486e-01, 6.37959199e-02, 8.95851754e-01, 6.58966721e-02, 3.21706251e+00, 7.01586111e+01
6.88137699e-02, 2.89020403e-02, 9.35616689e-01, 6.54998839e-02, 8.94147790e-01, 6.77162905e-02, 3.21524289e+00, 7.02231362e+01
7.07455942e-02, 2.96862961e-02, 9.33928662e-01, 6.72469326e-02, 8.92400741e-01, 6.95852470e-02, 3.21337394e+00, 7.02896477e+01
7.27316511e-02, 3.04910947e-02, 9.32199585e-01, 6.90380220e-02, 8.90609652e-01, 7.15048259e-02, 3.21145436e+00, 7.03582110e+01
7.47734631e-02, 3.13169348e-02, 9.30428629e-01, 7.08741217e-02, 8.88773552e-01, 7.34763417e-02, 3.20948284e+00, 7.04288944e+01
7.68725952e-02, 3.21643250e-02, 9.28614958e-01, 7.27562147e-02, 8.86891459e-01, 7.55011396e-02, 3.20745804e+00, 7.05017682e+01
7.90306568e-02, 3.30337838e-02, 9.26757728e-01, 7.46852973e-02, 8.84962376e-01, 7.75805963e-02, 3.20537859e+00, 7.05769057e+01
8.12493021e-02, 3.39258402e-02, 9.24856088e-01, 7.66623788e-02, 8.82985295e-01, 7.97161200e-02, 3.20324306e+00, 7.06543827e+01
8.35302320e-02, 3.48410332e-02, 9.22909182e-01, 7.86884811e-02, 8.80959193e-01, 8.19091511e-02, 3.20105003e+00, 7.07342779e+01
8.58751948e-02, 3.57799125e-02, 9.20916146e-01, 8.07646379e-02, 8.78883036e-01, 8.41611627e-02, 3.19879802e+00, 7.08166728e+01
8.82859884e-02, 3.67430377e-02, 9.18876114e-01, 8.28918951e-02, 8.76755779e-01, 8.64736613e-02, 3.19648552e+00, 7.09016521e+01
9.07644607e-02, 3.77309793e-02, 9.16788212e-01, 8.50713096e-02, 8.74576364e-01, 8.88481867e-02, 3.19411100e+00, 7.09893037e+01
9.33125118e-02, 3.87443182e-02, 9.14651565e-01, 8.73039489e-02, 8.72343725e-01, 9.12863131e-02, 3.19167287e+00, 7.10797187e+01
9.59320948e-02, 3.97836456e-02, 9.12465293e-01, 8.95908909e-02, 8.70056783e-01, 9.37896489e-02, 3.18916953e+00, 7.11729917e+01
9.86252179e-02, 4.08495636e-02, 9.10228514e-01, 9.19332227e-02, 8.67714451e-01, 9.63598376e-02, 3.18659934e+00, 7.12692210e+01
1.01393946e-01, 4.19426849e-02, 9.07940346e-01, 9.43320404e-02, 8.65315633e-01, 9.89985579e-02, 3.18396062e+00, 7.13685085e+01
1.04240401e-01, 4.30636326e-02, 9.05599903e-01, 9.67884483e-02, 8.62859225e-01, 1.01707524e-01, 3.18125166e+00, 7.14709602e+01
1.07166765e-01, 4.42130406e-02, 9.03206303e-01, 9.93035576e-02, 8.60344116e-01, 1.04488487e-01, 3.17847070e+00, 7.15766860e+01
1.10175281e-01, 4.53915533e-02, 9.00758661e-01, 1.01878486e-01, 8.57769187e-01, 1.07343233e-01, 3.17561595e+00, 7.16858002e+01
1.13268257e-01, 4.65998259e-02, 8.98256098e-01, 1.04514358e-01, 8.55133316e-01, 1.10273586e-01, 3.17268560e+00, 7.17984215e+01
1.16448062e-01, 4.78385241e-02, 8.95697735e-01, 1.07212300e-01, 8.52435374e-01, 1.13281405e-01, 3.16967778e+00, 7.19146732e+01
1.19717134e-01, 4.91083240e-02, 8.93082699e-01, 1.09973444e-01, 8.49674230e-01, 1.16368589e-01, 3.16659059e+00, 7.20346835e+01
1.23077980e-01, 5.04099123e-02, 8.90410121e-01, 1.12798923e-01, 8.46848751e-01, 1.19537071e-01, 3.16342211e+00, 7.21585856e+01
1.26533176e-01, 5.17439860e-02, 8.87679139e-01, 1.15689873e-01, 8.43957801e-01, 1.22788824e-01, 3.16017036e+00, 7.22865180e+01
1.30085370e-01, 5.31112527e-02, 8.84888900e-01, 1.18647428e-01, 8.41000246e-01, 1.26125856e-01, 3.15683333e+00, 7.24186248e+01
1.33737286e-01, 5.45124297e-02, 8.82038557e-01, 1.21672721e-01, 8.37974953e-01, 1.29550215e-01, 3.15340897e+00, 7.25550556e+01
1.37491723e-01, 5.59482450e-02, 8.79127276e-01, 1.24766883e-01, 8.34880791e-01, 1.33063985e-01, 3.14989520e+00, 7.26959661e+01
1.41351558e-01, 5.74194362e-02, 8.76154234e-01, 1.27931039e-01, 8.31716634e-01, 1.36669287e-01, 3.14628989e+00, 7.28415184e+01
1.45319752e-01, 5.89267507e-02, 8.73118619e-01, 1.31166310e-01, 8.28481364e-01, 1.40368282e-01, 3.14259090e+00, 7.29918809e+01
1.49399346e-01, 6.04709458e-02, 8.70019635e-01, 1.34473807e-01, 8.25173867e-01, 1.44163164e-01, 3.13879602e+00, 7.31472289e+01
1.53593468e-01, 6.20527881e-02, 8.66856504e-01, 1.37854634e-01, 8.21793040e-01, 1.48056167e-01, 3.13490302e+00, 7.33077448e+01
1.57905331e-01, 6.36730536e-02, 8.63628462e-01, 1.41309881e-01, 8.18337793e-01, 1.52049559e-01, 3.13090962e+00, 7.34736185e+01
1.62338243e-01, 6.53325272e-02, 8.60334766e-01, 1.44840627e-01, 8.14807047e-01, 1.56145647e-01, 3.12681354e+00, 7.36450477e+01
1.66895601e-01, 6.70320026e-02, 8.56974693e-01, 1.48447935e-01, 8.11199739e-01, 1.60346769e-01, 3.12261241e+00, 7.38222379e+01
1.71580899e-01, 6.87722823e-02, 8.53547545e-01, 1.52132849e-01, 8.07514824e-01, 1.64655303e-01, 3.11830388e+00, 7.40054035e+01
1.76397728e-01, 7.05541769e-02, 8.50052645e-01, 1.55896397e-01, 8.03751277e-01, 1.69073658e-01, 3.11388552e+00, 7.41947673e+01
1.81349780e-01, 7.23785049e-02, 8.46489343e-01, 1.59739581e-01, 7.99908093e-01, 1.73604275e-01, 3.10935491e+00, 7.43905617e+01
1.86440853e-01, 7.42460926e-02, 8.42857018e-01, 1.63663380e-01, 7.95984294e-01, 1.78249631e-01, 3.10470955e+00, 7.45930285e+01
1.91674849e-01, 7.61577735e-02, 8.39155077e-01, 1.67668747e-01, 7.91978927e-01, 1.83012232e-01, 3.09994695e+00, 7.48024196e+01
1.97055780e-01, 7.81143880e-02, 8.35382959e-01, 1.71756605e-01, 7.87891069e-01, 1.87894614e-01, 3.09506457e+00, 7.50189976e+01
2.02587771e-01, 8.01167833e-02, 8.31540137e-01, 1.75927843e-01, 7.83719831e-01, 1.92899342e-01, 3.09005984e+00, 7.52430358e+01
2.08275063e-01, 8.21658124e-02, 8.27626118e-01, 1.80183317e-01, 7.79464357e-01, 1.98029008e-01, 3.08493017e+00, 7.54748191e+01
2.14122015e-01, 8.42623342e-02, 8.23640447e-01, 1.84523844e-01, 7.75123830e-01, 2.03286231e-01, 3.07967295e+00, 7.57146445e+01
2.20133111e-01, 8.64072127e-02, 8.19582709e-01, 1.88950200e-01, 7.70697474e-01, 2.08673653e-01, 3.07428553e+00, 7.59628214e+01
2.26312957e-01, 8.86013169e-02, 8.15452527e-01, 1.93463117e-01, 7.66184557e-01, 2.14193937e-01, 3.06876524e+00, 7.62196721e+01
2.32666291e-01, 9.08455198e-02, 8.11249571e-01, 1.98063280e-01, 7.61584394e-01, 2.19849769e-01, 3.06310941e+00, 7.64855329e+01
2.39197984e-01, 9.31406982e-02, 8.06973553e-01, 2.02751322e-01, 7.56896352e-01, 2.25643848e-01, 3.05731533e+00, 7.67607539e+01
2.45913043e-01, 9.54877322e-02, 8.02624233e-01, 2.07527824e-01, 7.52119850e-01, 2.31578892e-01, 3.05138029e+00, 7.70457006e+01
2.52816614e-01, 9.78875042e-02, 7.98201419e-01, 2.12393308e-01, 7.47254366e-01, 2.37657631e-01, 3.04530155e+00, 7.73407535e+01
2.59913992e-01, 1.00340899e-01, 7.93704972e-01, 2.17348236e-01, 7.42299438e-01, 2.43882802e-01, 3.03907638e+00, 7.76463097e+01
2.67210616e-01, 1.02848802e-01, 7.89134803e-01, 2.22393005e-01, 7.37254668e-01, 2.50257153e-01, 3.03270203e+00, 7.79627831e+01
2.74712079e-01, 1.05412101e-01, 7.84490880e-01, 2.27527946e-01, 7.32119728e-01, 2.56783431e-01, 3.02617575e+00, 7.82906051e+01
2.82424133e-01, 1.08031682e-01, 7.79773224e-01, 2.32753315e-01, 7.26894358e-01, 2.63464387e-01, 3.01949480e+00, 7.86302258e+01
2.90352688e-01, 1.10708431e-01, 7.74981917e-01, 2.38069296e-01, 7.21578378e-01, 2.70302766e-01, 3.01265642e+00, 7.89821143e+01
2.98503825e-01, 1.13443233e-01, 7.70117100e-01, 2.43475991e-01, 7.16171683e-01, 2.77301304e-01, 3.00565788e+00, 7.93467600e+01
3.06883789e-01, 1.16236971e-01, 7.65178976e-01, 2.48973421e-01, 7.10674253e-01, 2.84462730e-01, 2.99849645e+00, 7.97246730e+01
3.15499006e-01, 1.19090524e-01, 7.60167811e-01, 2.54561521e-01, 7.05086153e-01, 2.91789752e-01, 2.99116943e+00, 8.01163853e+01
3.24356081e-01, 1.22004770e-01, 7.55083934e-01, 2.60240133e-01, 6.99407541e-01, 2.99285059e-01, 2.98367412e+00, 8.05224518e+01
3.33461802e-01, 1.24980579e-01, 7.49927744e-01, 2.66009008e-01, 6.93638666e-01, 3.06951316e-01, 2.97600787e+00, 8.09434511e+01
3.42823149e-01, 1.28018820e-01, 7.44699703e-01, 2.71867798e-01, 6.87779876e-01, 3.14791155e-01, 2.96816803e+00, 8.13799863e+01
3.52447300e-01, 1.31120351e-01, 7.39400345e-01, 2.77816053e-01, 6.81831621e-01, 3.22807173e-01, 2.96015201e+00, 8.18326865e+01
3.62341632e-01, 1.34286029e-01, 7.34030273e-01, 2.83853220e-01, 6.75794453e-01, 3.31001925e-01, 2.95195726e+00, 8.23022078e+01
3.72513730e-01, 1.37516698e-01, 7.28590161e-01, 2.89978637e-01, 6.69669037e-01, 3.39377920e-01, 2.94358126e+00, 8.27892340e+01
3.82971391e-01, 1.40813196e-01, 7.23080757e-01, 2.96191529e-01, 6.63456145e-01, 3.47937612e-01, 2.93502157e+00, 8.32944783e+01
3.93722633e-01, 1.44176353e-01, 7.17502878e-01, 3.02491008e-01, 6.57156665e-01, 3.56683396e-01, 2.92627579e+00, 8.38186841e+01
4.04775697e-01, 1.47606985e-01, 7.11857418e-01, 3.08876068e-01, 6.50771606e-01, 3.65617601e-01, 2.91734158e+00, 8.43626265e+01
4.16139055e-01, 1.51105900e-01, 7.06145344e-01, 3.15345580e-01, 6.44302093e-01, 3.74742483e-01, 2.90821670e+00, 8.49271136e+01
4.27821420e-01, 1.54673893e-01, 7.00367697e-01, 3.21898295e-01, 6.37749379e-01, 3.84060217e-01, 2.89889897e+00, 8.55129875e+01
4.39831747e-01, 1.58311745e-01, 6.94525595e-01, 3.28532835e-01, 6.31114839e-01, 3.93572894e-01, 2.88938629e+00, 8.61211262e+01
4.52179242e-01, 1.62020224e-01, 6.88620228e-01, 3.35247696e-01, 6.24399978e-01, 4.03282510e-01, 2.87967667e+00, 8.67524445e+01
4.64873371e-01, 1.65800084e-01, 6.82652863e-01, 3.42041241e-01, 6.17606432e-01, 4.13190958e-01, 2.86976822e+00, 8.74078960e+01
4.77923865e-01, 1.69652062e-01, 6.76624841e-01, 3.48911705e-01, 6.10735969e-01, 4.23300025e-01, 2.85965916e+00, 8.80884742e+01
4.91340729e-01, 1.73576879e-01, 6.70537578e-01, 3.55857187e-01, 6.03790487e-01, 4.33611380e-01, 2.84934780e+00, 8.87952141e+01
5.05134247e-01, 1.77575238e-01, 6.64392563e-01, 3.62875652e-01, 5.96772021e-01, 4.44126567e-01, 2.83883262e+00, 8.95291942e+01
5.19314994e-01, 1.81647824e-01, 6.58191359e-01, 3.69964932e-01, 5.89682742e-01, 4.54847001e-01, 2.82811218e+00, 9.02915378e+01
5.33893840e-01, 1.85795303e-01, 6.51935600e-01, 3.77122722e-01, 5.82524952e-01, 4.65773955e-01, 2.81718523e+00, 9.10834149e+01
5.48881961e-01, 1.90018322e-01, 6.45626991e-01, 3.84346583e-01, 5.75301091e-01, 4.76908558e-01, 2.80605062e+00, 9.19060440e+01
5.64290847e-01, 1.94317504e-01, 6.39267309e-01, 3.91633941e-01, 5.68013733e-01, 4.88251781e-01, 2.79470740e+00, 9.27606939e+01
5.80132310e-01, 1.98693454e-01, 6.32858396e-01, 3.98982089e-01, 5.60665585e-01, 4.99804434e-01, 2.78315475e+00, 9.36486854e+01
5.96418495e-01, 2.03146750e-01, 6.26402164e-01, 4.06388189e-01, 5.53259485e-01, 5.11567159e-01, 2.77139202e+00, 9.45713937e+01
6.13161884e-01, 2.07677952e-01, 6.19900588e-01, 4.13849272e-01, 5.45798402e-01, 5.23540419e-01, 2.75941876e+00, 9.55302502e+01
6.30375315e-01, 2.12287591e-01, 6.13355704e-01, 4.21362243e-01, 5.38285431e-01, 5.35724493e-01, 2.74723469e+00, 9.65267445e+01
6.48071983e-01, 2.16976176e-01, 6.06769614e-01, 4.28923883e-01, 5.30723791e-01, 5.48119472e-01, 2.73483971e+00, 9.75624265e+01
6.66265452e-01, 2.21744190e-01, 6.00144472e-01, 4.36530850e-01, 5.23116824e-01, 5.60725247e-01, 2.72223393e+00, 9.86389092e+01
6.84969672e-01, 2.26592088e-01, 5.93482492e-01, 4.44179689e-01, 5.15467985e-01, 5.73541508e-01, 2.70941767e+00, 9.97578701e+01
7.04198979e-01, 2.31520301e-01, 5.86785940e-01, 4.51866831e-01, 5.07780843e-01, 5.86567736e-01, 2.69639145e+00, 1.00921054e+02
7.23968114e-01, 2.36529229e-01, 5.80057132e-01, 4.59588600e-01, 5.00059073e-01, 5.99803196e-01, 2.68315599e+00, 1.02130277e+02
7.44292233e-01, 2.41619247e-01, 5.73298431e-01, 4.67341222e-01, 4.92306452e-01, 6.13246937e-01, 2.66971225e+00, 1.03387425e+02
7.65186915e-01, 2.46790700e-01, 5.66512244e-01, 4.75120826e-01, 4.84526848e-01, 6.26897784e-01, 2.65606140e+00, 1.04694461e+02
7.86668179e-01, 2.52043903e-01, 5.59701019e-01, 4.82923453e-01, 4.76724221e-01, 6.40754335e-01, 2.64220485e+00, 1.06053426e+02
8.08752491e-01, 2.57379142e-01, 5.52867241e-01, 4.90745065e-01, 4.68902609e-01, 6.54814960e-01, 2.62814422e+00, 1.07466438e+02
8.31456781e-01, 2.62796674e-01, 5.46013431e-01, 4.98581549e-01, 4.61066124e-01, 6.69077796e-01, 2.61388139e+00, 1.08935704e+02
8.54798453e-01, 2.68296725e-01, 5.39142136e-01, 5.06428731e-01, 4.53218943e-01, 6.83540747e-01, 2.59941844e+00, 1.10463513e+02
8.78795401e-01, 2.73879488e-01, 5.32255933e-01, 5.14282377e-01, 4.45365296e-01, 6.98201484e-01, 2.58475770e+00, 1.12052247e+02
9.03466021e-01, 2.79545129e-01, 5.25357421e-01, 5.22138209e-01, 4.37509465e-01, 7.13057441e-01, 2.56990174e+00, 1.13704378e+02
9.28829225e-01, 2.85293778e-01, 5.18449216e-01, 5.29991909e-01, 4.29655765e-01, 7.28105822e-01, 2.55485336e+00, 1.15422476e+02
9.54904456e-01, 2.91125536e-01, 5.11533951e-01, 5.37839133e-01, 4.21808541e-01, 7.43343594e-01, 2.53961559e+00, 1.17209212e+02
9.81711702e-01, 2.97040474e-01, 5.04614268e-01, 5.45675517e-01, 4.13972157e-01, 7.58767498e-01, 2.52419168e+00, 1.19067359e+02
1.00927151e+00, 3.03038627e-01, 4.97692817e-01, 5.53496690e-01, 4.06150984e-01, 7.74374047e-01, 2.50858514e+00, 1.20999798e+02
1.03760502e+00, 3.09120002e-01, 4.90772250e-01, 5.61298284e-01, 3.98349390e-01, 7.90159529e-01, 2.49279965e+00, 1.23009523e+02
1.06673394e+00, 3.15284571e-01, 4.83855218e-01, 5.69075942e-01, 3.90571732e-01, 8.06120015e-01, 2.47683917e+00, 1.25099641e+02
1.09668060e+00, 3.21532276e-01, 4.76944367e-01, 5.76825331e-01, 3.82822342e-01, 8.22251364e-01, 2.46070782e+00, 1.27273383e+02
1.12746796e+00, 3.27863028e-01, 4.70042332e-01, 5.84542152e-01, 3.75105522e-01, 8.38549225e-01, 2.44440996e+00, 1.29534101e+02
1.15911962e+00, 3.34276704e-01, 4.63151736e-01, 5.92222148e-01, 3.67425525e-01, 8.55009050e-01, 2.42795013e+00, 1.31885280e+02
1.19165984e+00, 3.40773150e-01, 4.56275185e-01, 5.99861118e-01, 3.59786555e-01, 8.71626097e-01, 2.41133309e+00, 1.34330537e+02
1.22511358e+00, 3.47352184e-01, 4.49415262e-01, 6.07454925e-01, 3.52192749e-01, 8.88395440e-01, 2.39456374e+00, 1.36873631e+02
1.25950646e+00, 3.54013588e-01, 4.42574525e-01, 6.14999504e-01, 3.44648170e-01, 9.05311980e-01, 2.37764720e+00, 1.39518466e+02
1.29486487e+00, 3.60757118e-01, 4.35755505e-01, 6.22490875e-01, 3.37156798e-01, 9.22370450e-01, 2.36058873e+00, 1.42269095e+02
1.33121590e+00, 3.67582497e-01, 4.28960698e-01, 6.29925152e-01, 3.29722522e-01, 9.39565430e-01, 2.34339375e+00, 1.45129732e+02
1.36858742e+00, 3.74489419e-01, 4.22192565e-01, 6.37298547e-01, 3.22349127e-01, 9.56891352e-01, 2.32606783e+00, 1.48104752e+02
1.40700809e+00, 3.81477549e-01, 4.15453528e-01, 6.44607385e-01, 3.15040289e-01, 9.74342518e-01, 2.30861666e+00, 1.51198702e+02
1.44650734e+00, 3.88546523e-01, 4.08745964e-01, 6.51848107e-01, 3.07799567e-01, 9.91913106e-01, 2.29104608e+00, 1.54416303e+02
1.48711546e+00, 3.95695948e-01, 4.02072206e-01, 6.59017279e-01, 3.00630395e-01, 1.00959718e+00, 2.27336200e+00, 1.57762465e+02
1.52886359e+00, 4.02925403e-01, 3.95434536e-01, 6.66111600e-01, 2.93536074e-01, 1.02738872e+00, 2.25557047e+00, 1.61242286e+02
1.57178372e+00, 4.10234442e-01, 3.88835186e-01, 6.73127906e-01, 2.86519768e-01, 1.04528159e+00, 2.23767759e+00, 1.64861066e+02
1.61590875e+00, 4.17622591e-01, 3.82276331e-01, 6.80063178e-01, 2.79584496e-01, 1.06326961e+00, 2.21968958e+00, 1.68624314e+02
1.66127252e+00, 4.25089350e-01, 3.75760089e-01, 6.86914543e-01, 2.72733130e-01, 1.08134652e+00, 2.20161267e+00, 1.72537755e+02
1.70790980e+00, 4.32634194e-01, 3.69288519e-01, 6.93679285e-01, 2.65968389e-01, 1.09950601e+00, 2.18345317e+00, 1.76607340e+02
1.75585633e+00, 4.40256573e-01, 3.62863618e-01, 7.00354842e-01, 2.59292832e-01, 1.11774175e+00, 2.16521743e+00, 1.80839256e+02
1.80514888e+00, 4.47955916e-01, 3.56487318e-01, 7.06938812e-01, 2.52708862e-01, 1.13604737e+00, 2.14691181e+00, 1.85239936e+02
1.85582523e+00, 4.55731626e-01, 3.50161484e-01, 7.13428955e-01, 2.46218718e-01, 1.15441648e+00, 2.12854270e+00, 1.89816071e+02
1.90792422e+00, 4.63583085e-01, 3.43887915e-01, 7.19823198e-01, 2.39824476e-01, 1.17284269e+00, 2.11011649e+00, 1.94574616e+02
1.96148581e+00, 4.71509656e-01, 3.37668341e-01, 7.26119629e-01, 2.33528045e-01, 1.19131964e+00, 2.09163954e+00, 1.99522806e+02
2.01655104e+00, 4.79510678e-01, 3.31504419e-01, 7.32316504e-01, 2.27331170e-01, 1.20984097e+00, 2.07311821e+00, 2.04668168e+02
2.07316213e+00, 4.87585472e-01, 3.25397736e-01, 7.38412244e-01, 2.21235430e-01, 1.22840035e+00, 2.05455884e+00, 2.10018531e+02
2.13136247e+00, 4.95733342e-01, 3.19349807e-01, 7.44405435e-01, 2.15242239e-01, 1.24699149e+00, 2.03596769e+00, 2.15582039e+02
2.19119669e+00, 5.03953573e-01, 3.13362070e-01, 7.50294826e-01, 2.09352848e-01, 1.26560817e+00, 2.01735101e+00, 2.21367169e+02
2.25271064e+00, 5.12245431e-01, 3.07435893e-01, 7.56079328e-01, 2.03568345e-01, 1.28424421e+00, 1.99871498e+00, 2.27382737e+02
2.31595149e+00, 5.20608169e-01, 3.01572566e-01, 7.61758014e-01, 1.97889660e-01, 1.30289350e+00, 1.98006568e+00, 2.33637923e+02
2.38096772e+00, 5.29041024e-01, 2.95773306e-01, 7.67330109e-01, 1.92317564e-01, 1.32155002e+00, 1.96140916e+00, 2.40142278e+02
2.44780916e+00, 5.37543219e-01, 2.90039255e-01, 7.72794997e-01, 1.86852677e-01, 1.34020783e+00, 1.94275135e+00, 2.46905745e+02
2.51652705e+00, 5.46113963e-01, 2.84371479e-01, 7.78152209e-01, 1.81495465e-01, 1.35886108e+00, 1.92409811e+00, 2.53938674e+02
2.58717408e+00, 5.54752453e-01, 2.78770971e-01, 7.83401423e-01, 1.76246251e-01, 1.37750401e+00, 1.90545518e+00, 2.61251838e+02
2.65980440e+00, 5.63457874e-01, 2.73238647e-01, 7.88542458e-01, 1.71105216e-01, 1.39613098e+00, 1.88682820e+00, 2.68856457e+02
2.73447368e+00, 5.72229403e-01, 2.67775351e-01, 7.93575273e-01, 1.66072400e-01, 1.41473645e+00, 1.86822273e+00, 2.76764211e+02
2.81123917e+00, 5.81066203e-01, 2.62381854e-01, 7.98499959e-01, 1.61147715e-01, 1.43331502e+00, 1.84964416e+00, 2.84987262e+02
2.89015972e+00, 5.89967432e-01, 2.57058854e-01, 8.03316732e-01, 1.56330942e-01, 1.45186138e+00, 1.83109780e+00, 2.93538277e+02
2.97129582e+00, 5.98932239e-01, 2.51806978e-01, 8.08025933e-01, 1.51621741e-01, 1.47037036e+00, 1.81258882e+00, 3.02430444e+02
3.05470967e+00, 6.07959763e-01, 2.46626782e-01, 8.12628021e-01, 1.47019653e-01, 1.48883692e+00, 1.79412226e+00, 3.11677504e+02
3.14046522e+00, 6.17049141e-01, 2.41518754e-01, 8.17123564e-01, 1.42524110e-01, 1.50725616e+00, 1.77570303e+00, 3.21293763e+02
3.22862820e+00, 6.26199502e-01, 2.36483311e-01, 8.21513238e-01, 1.38134436e-01, 1.52562329e+00, 1.75733590e+00, 3.31294127e+02
3.31926620e+00, 6.35409971e-01, 2.31520808e-01, 8.25797819e-01, 1.33849854e-01, 1.54393367e+00, 1.73902551e+00, 3.41694121e+02
3.41244871e+00, 6.44679670e-01, 2.26631530e-01, 8.29978179e-01, 1.29669495e-01, 1.56218282e+00, 1.72077636e+00, 3.52509916e+02
3.50824714e+00, 6.54007716e-01, 2.21815701e-01, 8.34055277e-01, 1.25592396e-01, 1.58036638e+00, 1.70259280e+00, 3.63758361e+02
3.60673495e+00, 6.63393226e-01, 2.17073483e-01, 8.38030158e-01, 1.21617516e-01, 1.59848012e+00, 1.68447906e+00, 3.75457009e+02
3.70798763e+00, 6.72835313e-01, 2.12404976e-01, 8.41903943e-01, 1.17743731e-01, 1.61651999e+00, 1.66643919e+00, 3.87624146e+02
3.81208280e+00, 6.82333091e-01, 2.07810223e-01, 8.45677827e-01, 1.13969847e-01, 1.63448204e+00, 1.64847714e+00, 4.00278824e+02
3.91910025e+00, 6.91885673e-01, 2.03289209e-01, 8.49353071e-01, 1.10294603e-01, 1.65236249e+00, 1.63059669e+00, 4.13440894e+02
4.02912203e+00, 7.01492174e-01, 1.98841864e-01, 8.52930998e-01, 1.06716676e-01, 1.67015771e+00, 1.61280148e+00, 4.27131040e+02
4.14223247e+00, 7.11151707e-01, 1.94468065e-01, 8.56412988e-01, 1.03234686e-01, 1.68786418e+00, 1.59509500e+00, 4.41370814e+02
4.25851829e+00, 7.20863389e-01, 1.90167637e-01, 8.59800472e-01, 9.98472022e-02, 1.70547855e+00, 1.57748063e+00, 4.56182672e+02
4.37806863e+00, 7.30626340e-01, 1.85940357e-01, 8.63094926e-01, 9.65527474e-02, 1.72299760e+00, 1.55996159e+00, 4.71590014e+02
4.50097513e+00, 7.40439681e-01, 1.81785952e-01, 8.66297871e-01, 9.33498029e-02, 1.74041825e+00, 1.54254094e+00, 4.87617226e+02
4.62733201e+00, 7.50302539e-01, 1.77704105e-01, 8.69410861e-01, 9.02368132e-02, 1.75773755e+00, 1.52522163e+00, 5.04289717e+02
4.75723614e+00, 7.60214043e-01, 1.73694456e-01, 8.72435483e-01, 8.72121903e-02, 1.77495271e+00, 1.50800647e+00, 5.21633966e+02
4.89078709e+00, 7.70173327e-01, 1.69756602e-01, 8.75373355e-01, 8.42743185e-02, 1.79206105e+00, 1.49089813e+00, 5.39677568e+02
5.02808725e+00, 7.80179530e-01, 1.65890100e-01, 8.78226116e-01, 8.14215581e-02, 1.80906003e+00, 1.47389916e+00, 5.58449280e+02
5.16924187e+00, 7.90231798e-01, 1.62094471e-01, 8.80995424e-01, 7.86522497e-02, 1.82594724e+00, 1.45701195e+00, 5.77979069e+02
5.31435916e+00, 8.00329281e-01, 1.58369199e-01, 8.83682956e-01, 7.59647179e-02, 1.84272040e+00, 1.44023879e+00, 5.98298166e+02
5.46355035e+00, 8.10471136e-01, 1.54713732e-01, 8.86290399e-01, 7.33572750e-02, 1.85937735e+00, 1.42358183e+00, 6.19439120e+02
5.61692982e+00, 8.20656529e-01, 1.51127491e-01, 8.88819450e-01, 7.08282242e-02, 1.87591606e+00, 1.40704312e+00, 6.41435851e+02
5.77461515e+00, 8.30884629e-01, 1.47609861e-01, 8.91271810e-01, 6.83758634e-02, 1.89233462e+00, 1.39062456e+00, 6.64323709e+02
5.93672722e+00, 8.41154616e-01, 1.44160202e-01, 8.93649186e-01, 6.59984877e-02, 1.90863124e+00, 1.37432794e+00, 6.88139537e+02
6.10339029e+00, 8.51465677e-01, 1.40777848e-01, 8.95953281e-01, 6.36943928e-02, 1.92480423e+00, 1.35815495e+00, 7.12921733e+02
6.27473213e+00, 8.61817006e-01, 1.37462106e-01, 8.98185796e-01, 6.14618773e-02, 1.94085203e+00, 1.34210716e+00, 7.38710313e+02
6.45088409e+00, 8.72207807e-01, 1.34212261e-01, 9.00348428e-01, 5.92992457e-02, 1.95677317e+00, 1.32618601e+00, 7.65546986e+02
6.63198120e+00, 8.82637292e-01, 1.31027576e-01, 9.02442863e-01, 5.72048105e-02, 1.97256633e+00, 1.31039286e+00, 7.93475218e+02
6.81816229e+00, 8.93104682e-01, 1.27907296e-01, 9.04470779e-01, 5.51768945e-02, 1.98823023e+00, 1.29472895e+00, 8.22540313e+02
7.00957009e+00, 9.03609206e-01, 1.24850646e-01, 9.06433841e-01, 5.32138331e-02, 2.00376375e+00, 1.27919543e+00, 8.52789487e+02
7.20635132e+00, 9.14150106e-01, 1.21856835e-01, 9.08333698e-01, 5.13139759e-02, 2.01916583e+00, 1.26379335e+00, 8.84271950e+02
7.40865683e+00, 9.24726629e-01, 1.18925058e-01, 9.10171985e-01, 4.94756885e-02, 2.03443553e+00, 1.24852365e+00, 9.17038994e+02
7.61664172e+00, 9.35338035e-01, 1.16054495e-01, 9.11950319e-01, 4.76973545e-02, 2.04957198e+00, 1.23338720e+00, 9.51144072e+02
7.83046540e+00, 9.45983593e-01, 1.13244314e-01, 9.13670297e-01, 4.59773766e-02, 2.06457443e+00, 1.21838475e+00, 9.86642901e+02
8.05029181e+00, 9.56662583e-01, 1.10493675e-01, 9.15333496e-01, 4.43141780e-02, 2.07944218e+00, 1.20351700e+00, 1.02359355e+03
8.27628946e+00, 9.67374292e-01, 1.07801724e-01, 9.16941470e-01, 4.27062038e-02, 2.09417465e+00, 1.18878453e+00, 1.06205654e+03
8.50863158e+00, 9.78118021e-01, 1.05167604e-01, 9.18495752e-01, 4.11519222e-02, 2.10877133e+00, 1.17418786e+00, 1.10209495e+03
8.74749630e+00, 9.88893079e-01, 1.02590447e-01, 9.19997849e-01, 3.96498249e-02, 2.12323176e+00, 1.15972742e+00, 1.14377453e+03
8.99306672e+00, 9.99698787e-01, 1.00069381e-01, 9.21449245e-01, 3.81984287e-02, 2.13755561e+00, 1.14540357e+00, 1.18716380e+03
9.24553110e+00, 1.01053448e+00, 9.76035298e-02, 9.22851398e-01, 3.67962758e-02, 2.15174257e+00, 1.13121661e+00, 1.23233419e+03
9.50508296e+00, 1.02139949e+00, 9.51920136e-02, 9.24205739e-01, 3.54419348e-02, 2.16579245e+00, 1.11716673e+00, 1.27936014e+03
9.77192128e+00, 1.03229317e+00, 9.28339498e-02, 9.25513673e-01, 3.41340008e-02, 2.17970509e+00, 1.10325410e+00, 1.32831924e+03
1.00462506e+01, 1.04321489e+00, 9.05284548e-02, 9.26776577e-01, 3.28710963e-02, 2.19348040e+00, 1.08947878e+00, 1.37929235e+03
1.03282813e+01, 1.05416402e+00, 8.82746444e-02, 9.27995802e-01, 3.16518717e-02, 2.20711839e+00, 1.07584079e+00, 1.43236376e+03
1.06182294e+01, 1.06513995e+00, 8.60716349e-02, 9.29172669e-01, 3.04750049e-02, 2.22061909e+00, 1.06234009e+00, 1.48762133e+03
1.09163173e+01, 1.07614206e+00, 8.39185439e-02, 9.30308471e-01, 2.93392025e-02, 2.23398260e+00, 1.04897658e+00, 1.54515662e+03
1.12227736e+01, 1.08716977e+00, 8.18144912e-02, 9.31404475e-01, 2.82431991e-02, 2.24720909e+00, 1.03575009e+00, 1.60506508e+03
1.15378330e+01, 1.09822248e+00, 7.97585995e-02, 9.32461916e-01, 2.71857582e-02, 2.26029876e+00, 1.02266042e+00, 1.66744617e+03
1.18617372e+01, 1.10929963e+00, 7.77499950e-02, 9.33482002e-01, 2.61656715e-02, 2.27325189e+00, 1.00970729e+00, 1.73240358e+03
1.21947344e+01, 1.12040065e+00, 7.57878084e-02, 9.34465914e-01, 2.51817595e-02, 2.28606878e+00, 9.96890398e-01, 1.80004539e+03
1.25370799e+01, 1.13152499e+00, 7.38711753e-02, 9.35414803e-01, 2.42328709e-02, 2.29874981e+00, 9.84209374e-01, 1.87048422e+03
1.28890361e+01, 1.14267211e+00, 7.19992367e-02, 9.36329791e-01, 2.33178830e-02, 2.31129537e+00, 9.71663813e-01, 1.94383749e+03
1.32508729e+01, 1.15384147e+00, 7.01711401e-02, 9.37211973e-01, 2.24357012e-02, 2.32370592e+00, 9.59253264e-01, 2.02022756e+03
1.36228676e+01, 1.16503255e+00, 6.83860392e-02, 9.38062415e-01, 2.15852589e-02, 2.33598195e+00, 9.46977237e-01, 2.09978198e+03
1.40053055e+01, 1.17624484e+00, 6.66430952e-02, 9.38882156e-01, 2.07655173e-02, 2.34812398e+00, 9.34835199e-01, 2.18263370e+03
1.43984795e+01, 1.18747784e+00, 6.49414767e-02, 9.39672209e-01, 1.99754650e-02, 2.36013260e+00, 9.22826582e-01, 2.26892128e+03
1.48026913e+01, 1.19873106e+00, 6.32803605e-02, 9.40433556e-01, 1.92141179e-02, 2.37200840e+00, 9.10950783e-01, 2.35878915e+03
1.52182505e+01, 1.21000400e+00, 6.16589316e-02, 9.41167155e-01, 1.84805187e-02, 2.38375202e+00, 8.99207162e-01, 2.45238786e+03
1.56454759e+01, 1.22129622e+00, 6.00763839e-02, 9.41873937e-01, 1.77737367e-02, 2.39536413e+00, 8.87595051e-01, 2.54987432e+03
1.60846948e+01, 1.23260723e+00, 5.85319205e-02, 9.42554807e-01, 1.70928670e-02, 2.40684543e+00, 8.76113748e-01, 2.65141208e+03
1.65362441e+01, 1.24393658e+00, 5.70247538e-02, 9.43210643e-01, 1.64370308e-02, 2.41819666e+00, 8.64762525e-01, 2.75717161e+03
1.70004698e+01, 1.25528384e+00, 5.55541057e-02, 9.43842299e-01, 1.58053744e-02, 2.42941856e+00, 8.53540624e-01, 2.86733060e+03
1.74777277e+01, 1.26664856e+00, 5.41192085e-02, 9.44450605e-01, 1.51970690e-02, 2.44051192e+00, 8.42447264e-01, 2.98207425e+03
1.79683839e+01, 1.27803033e+00, 5.27193041e-02, 9.45036364e-01, 1.46113102e-02, 2.45147754e+00, 8.31481638e-01, 3.10159563e+03
1.84728144e+01, 1.28942872e+00, 5.13536452e-02, 9.45600356e-01, 1.40473176e-02, 2.46231627e+00, 8.20642917e-01, 3.22609593e+03
1.89914058e+01, 1.30084334e+00, 5.00214947e-02, 9.46143340e-01, 1.35043342e-02, 2.47302893e+00, 8.09930251e-01, 3.35578490e+03
1.95245558e+01, 1.31227377e+00, 4.87221263e-02, 9.46666048e-01, 1.29816261e-02, 2.48361641e+00, 7.99342768e-01, 3.49088114e+03
2.00726730e+01, 1.32371963e+00, 4.74548245e-02, 9.47169192e-01, 1.24784819e-02, 2.49407960e+00, 7.88879580e-01, 3.63161252e+03
2.06361777e+01, 1.33518054e+00, 4.62188846e-02, 9.47653461e-01, 1.19942122e-02, 2.50441940e+00, 7.78539779e-01, 3.77821656e+03
2.12155017e+01, 1.34665613e+00, 4.50136131e-02, 9.48119524e-01, 1.15281492e-02, 2.51463674e+00, 7.68322443e-01, 3.93094081e+03
2.18110892e+01, 1.35814602e+00, 4.38383275e-02, 9.48568028e-01, 1.10796462e-02, 2.52473255e+00, 7.58226633e-01, 4.09004332e+03
2.24233968e+01, 1.36964988e+00, 4.26923562e-02, 9.48999597e-01, 1.06480768e-02, 2.53470779e+00, 7.48251396e-01, 4.25579307e+03
2.30528939e+01, 1.38116734e+00, 4.15750390e-02, 9.49414839e-01, 1.02328349e-02, 2.54456341e+00, 7.38395768e-01, 4.42847041e+03
2.37000629e+01, 1.39269806e+00, 4.04857268e-02, 9.49814340e-01, 9.83333392e-03, 2.55430041e+00, 7.28658771e-01, 4.60836757e+03
2.43654001e+01, 1.40424172e+00, 3.94237819e-02, 9.50198667e-01, 9.44900633e-03, 2.56391976e+00, 7.19039418e-01, 4.79578916e+03
2.50494154e+01, 1.41579798e+00, 3.83885774e-02, 9.50568371e-01, 9.07930318e-03, 2.57342247e+00, 7.09536710e-01, 4.99105267e+03
2.57526333e+01, 1.42736654e+00, 3.73794979e-02, 9.50923980e-01, 8.72369359e-03, 2.58280954e+00, 7.00149640e-01, 5.19448905e+03
2.64755927e+01, 1.43894707e+00, 3.63959391e-02, 9.51266009e-01, 8.38166434e-03, 2.59208199e+00, 6.90877194e-01, 5.40644325e+03
2.72188479e+01, 1.45053928e+00, 3.54373078e-02, 9.51594954e-01, 8.05271933e-03, 2.60124083e+00, 6.81718349e-01, 5.62727485e+03
2.79829688e+01, 1.46214287e+00, 3.45030217e-02, 9.51911295e-01, 7.73637911e-03, 2.61028711e+00, 6.72672077e-01, 5.85735863e+03
2.87685409e+01, 1.47375755e+00, 3.35925097e-02, 9.52215493e-01, 7.43218047e-03, 2.61922184e+00, 6.63737343e-01, 6.09708526e+03
2.95761666e+01, 1.48538304e+00, 3.27052117e-02, 9.52507998e-01, 7.13967590e-03, 2.62804607e+00, 6.54913109e-01, 6.34686196e+03
3.04064649e+01, 1.49701906e+00, 3.18405781e-02, 9.52789241e-01, 6.85843321e-03, 2.63676085e+00, 6.46198332e-01, 6.60711316e+03
3.12600724e+01, 1.50866534e+00, 3.09980705e-02, 9.53059639e-01, 6.58803506e-03, 2.64536722e+00, 6.37591964e-01, 6.87828132e+03
3.21376434e+01, 1.52032162e+00, 3.01771610e-02, 9.53319595e-01, 6.32807850e-03, 2.65386623e+00, 6.29092957e-01, 7.16082760e+03
3.30398507e+01, 1.53198765e+00, 2.93773321e-02, 9.53569499e-01, 6.07817458e-03, 2.66225892e+00, 6.20700259e-01, 7.45523271e+03
3.39673858e+01, 1.54366317e+00, 2.85980772e-02, 9.53809726e-01, 5.83794791e-03, 2.67054636e+00, 6.12412818e-01, 7.76199772e+03
3.49209598e+01, 1.55534793e+00, 2.78388997e-02, 9.54040637e-01, 5.60703624e-03, 2.67872960e+00, 6.04229579e-01, 8.08164491e+03
3.59013038e+01, 1.56704171e+00, 2.70993135e-02, 9.54262584e-01, 5.38509009e-03, 2.68680969e+00, 5.96149489e-01, 8.41471870e+03
3.69091691e+01, 1.57874427e+00, 2.63788425e-02, 9.54475901e-01, 5.17177229e-03, 2.69478769e+00, 5.88171493e-01, 8.76178658e+03
3.79453285e+01, 1.59045537e+00, 2.56770206e-02, 9.54680916e-01, 4.96675768e-03, 2.70266464e+00, 5.80294539e-01, 9.12344005e+03
3.90105762e+01, 1.60217481e+00, 2.49933916e-02, 9.54877941e-01, 4.76973266e-03, 2.71044161e+00, 5.72517574e-01, 9.50029570e+03
4.01057288e+01, 1.61390235e+00, 2.43275093e-02, 9.55067279e-01, 4.58039485e-03, 2.71811963e+00, 5.64839549e-01, 9.89299621e+03
4.12316259e+01, 1.62563780e+00, 2.36789368e-02, 9.55249221e-01, 4.39845272e-03, 2.72569977e+00, 5.57259414e-01, 1.03022115e+04
4.23891306e+01, 1.63738095e+00, 2.30472468e-02, 9.55424048e-01, 4.22362528e-03, 2.73318306e+00, 5.49776125e-01, 1.07286399e+04
4.35791301e+01, 1.64913159e+00, 2.24320214e-02, 9.55592032e-01, 4.05564165e-03, 2.74057054e+00, 5.42388638e-01, 1.11730093e+04
4.48025368e+01, 1.66088953e+00, 2.18328518e-02, 9.55753433e-01, 3.89424083e-03, 2.74786327e+00, 5.35095914e-01, 1.16360784e+04
4.60602884e+01, 1.67265458e+00, 2.12493385e-02, 9.55908502e-01, 3.73917130e-03, 2.75506226e+00, 5.27896918e-01, 1.21186380e+04
4.73533492e+01, 1.68442656e+00, 2.06810907e-02, 9.56057483e-01, 3.59019072e-03, 2.76216857e+00, 5.20790616e-01, 1.26215127e+04
4.86827104e+01, 1.69620528e+00, 2.01277264e-02, 9.56200608e-01, 3.44706566e-03, 2.76918320e+00, 5.13775982e-01, 1.31455616e+04
5.00493910e+01, 1.70799057e+00, 1.95888723e-02, 9.56338102e-01, 3.30957123e-03, 2.77610719e+00, 5.06851993e-01, 1.36916805e+04
5.14544388e+01, 1.71978224e+00, 1.90641636e-02, 9.56470183e-01, 3.17749087e-03, 2.78294155e+00, 5.00017631e-01, 1.42608032e+04
5.28989308e+01, 1.73158015e+00, 1.85532437e-02, 9.56597058e-01, 3.05061600e-03, 2.78968730e+00, 4.93271883e-01, 1.48539027e+04
5.43839743e+01, 1.74338412e+00, 1.80557646e-02, 9.56718928e-01, 2.92874577e-03, 2.79634544e+00, 4.86613742e-01, 1.54719936e+04
5.59107078e+01, 1.75519399e+00, 1.75713858e-02, 9.56835987e-01, 2.81168683e-03, 2.80291698e+00, 4.80042206e-01, 1.61161334e+04
5.74803016e+01, 1.76700960e+00, 1.70997750e-02, 9.56948421e-01, 2.69925299e-03, 2.80940290e+00, 4.73556279e-01, 1.67874244e+04
5.90939590e+01, 1.77883082e+00, 1.66406078e-02, 9.57056409e-01, 2.59126505e-03, 2.81580421e+00, 4.67154972e-01, 1.74870154e+04
6.07529169e+01, 1.79065748e+00, 1.61935670e-02, 9.57160123e-01, 2.48755050e-03, 2.82212188e+00, 4.60837301e-01, 1.82161043e+04
6.24584471e+01, 1.80248944e+00, 1.57583434e-02, 9.57259730e-01, 2.38794333e-03, 2.82835689e+00, 4.54602290e-01, 1.89759395e+04
6.42118571e+01, 1.81432657e+00, 1.53346346e-02, 9.57355390e-01, 2.29228374e-03, 2.83451021e+00, 4.48448969e-01, 1.97678222e+04
6.60144909e+01, 1.82616872e+00, 1.49221457e-02, 9.57447256e-01, 2.20041800e-03, 2.84058281e+00, 4.42376374e-01, 2.05931090e+04
6.78677305e+01, 1.83801577e+00, 1.45205889e-02, 9.57535476e-01, 2.11219816e-03, 2.84657563e+00, 4.36383549e-01, 2.14532138e+04
6.97729965e+01, 1.84986758e+00, 1.41296829e-02, 9.57620192e-01, 2.02748187e-03, 2.85248964e+00, 4.30469545e-01, 2.23496106e+04
7.17317494e+01, 1.86172403e+00, 1.37491537e-02, 9.57701542e-01, 1.94613221e-03, 2.85832576e+00, 4.24633420e-01, 2.32838357e+04
7.37454909e+01, 1.87358500e+00, 1.33787335e-02, 9.57779656e-01, 1.86801745e-03, 2.86408494e+00, 4.18874240e-01, 2.42574906e+04
7.58157646e+01, 1.88545036e+00, 1.30181611e-02, 9.57854663e-01, 1.79301086e-03, 2.86976810e+00, 4.13191078e-01, 2.52722447e+04
7.79441575e+01, 1.89731999e+00, 1.26671819e-02, 9.57926683e-01, 1.72099059e-03, 2.87537617e+00, 4.07583014e-01, 2.63298380e+04
8.01323013e+01, 1.90919379e+00, 1.23255471e-02, 9.57995834e-01, 1.65183940e-03, 2.88091005e+00, 4.02049137e-01, 2.74320844e+04
8.23818733e+01, 1.92107165e+00, 1.19930143e-02, 9.58062229e-01, 1.58544458e-03, 2.88637064e+00, 3.96588543e-01, 2.85808747e+04
8.46945981e+01, 1.93295345e+00, 1.16693470e-02, 9.58125976e-01, 1.52169772e-03, 2.89175885e+00, 3.91200337e-01, 2.97781796e+04
8.70722485e+01, 1.94483908e+00, 1.13543144e-02, 9.58187179e-01, 1.46049459e-03, 2.89707555e+00, 3.85883630e-01, 3.10260537e+04
8.95166472e+01, 1.95672846e+00, 1.10476916e-02, 9.58245939e-01, 1.40173498e-03, 2.90232164e+00, 3.80637541e-01, 3.23266384e+04
9.20296681e+01, 1.96862147e+00, 1.07492590e-02, 9.58302351e-01, 1.34532251e-03, 2.90749798e+00, 3.75461200e-01, 3.36821660e+04
9.46132376e+01, 1.98051802e+00, 1.04588028e-02, 9.58356509e-01, 1.29116456e-03, 2.91260544e+00, 3.70353741e-01, 3.50949632e+04
9.72693362e+01, 1.99241802e+00, 1.01761143e-02, 9.58408502e-01, 1.23917206e-03, 2.91764487e+00, 3.65314310e-01, 3.65674557e+04
1.00000000e+02, 2.00432137e+00, 9.90099010e-03, 9.58458414e-01, 1.18925942e-03, 2.92261712e+00, 3.60342059e-01, 3.81021718e+04
