 --- Cosmological Parameters --- 
	 H0: 2.1791e-18 (1/s) = 67.2400 (km/s/Mpc) 
	 OmegaM: 3.1500e-01 
	 OmegaR: 0.0000e+00 
	 OmegaL: 6.8500e-01 
	 OmegaK: 0.0000e+00 
		 w0: -7.2700e-01 
		 wa: -1.0500e+00 
	 rho_crit: 8.4944e-30 (g/cm^3) 
z, log10(1+z), a, H0*t_look, H0*t_age, H0*t_conf, H0*t_conf_age, H(z) 
1.00000000e-04, 4.34272769e-05, 9.99900010e-01, 9.99912359e-05, 9.44791958e-01, 9.99962353e-05, 3.23877350e+00, 6.72450630e+01
1.02807322e-04, 4.46463579e-05, 9.99897203e-01, 1.02798059e-04, 9.44789151e-01, 1.02803343e-04, 3.23877069e+00, 6.72452051e+01
1.05693455e-04, 4.58996588e-05, 9.99894318e-01, 1.05683665e-04, 9.44786265e-01, 1.05689250e-04, 3.23876781e+00, 6.72453512e+01
1.08660611e-04, 4.71881402e-05, 9.99891351e-01, 1.08650264e-04, 9.44783299e-01, 1.08656166e-04, 3.23876484e+00, 6.72455014e+01
1.11711065e-04, 4.85127895e-05, 9.99888301e-01, 1.11700128e-04, 9.44780249e-01, 1.11706367e-04, 3.23876179e+00, 6.72456559e+01
1.14847155e-04, 4.98746217e-05, 9.99885166e-01, 1.14835595e-04, 9.44777113e-01, 1.14842189e-04, 3.23875866e+00, 6.72458146e+01
1.18071285e-04, 5.12746804e-05, 9.99881943e-01, 1.18059067e-04, 9.44773890e-01, 1.18066036e-04, 3.23875543e+00, 6.72459779e+01
1.21385926e-04, 5.27140387e-05, 9.99878629e-01, 1.21373013e-04, 9.44770576e-01, 1.21380379e-04, 3.23875212e+00, 6.72461457e+01
1.24793621e-04, 5.41937993e-05, 9.99875222e-01, 1.24779972e-04, 9.44767169e-01, 1.24787758e-04, 3.23874871e+00, 6.72463182e+01
1.28296980e-04, 5.57150964e-05, 9.99871719e-01, 1.28282554e-04, 9.44763666e-01, 1.28290783e-04, 3.23874521e+00, 6.72464955e+01
1.31898690e-04, 5.72790956e-05, 9.99868119e-01, 1.31883443e-04, 9.44760066e-01, 1.31892140e-04, 3.23874161e+00, 6.72466779e+01
1.35601511e-04, 5.88869955e-05, 9.99864417e-01, 1.35585396e-04, 9.44756364e-01, 1.35594589e-04, 3.23873790e+00, 6.72468653e+01
1.39408283e-04, 6.05400281e-05, 9.99860611e-01, 1.39391251e-04, 9.44752558e-01, 1.39400966e-04, 3.23873410e+00, 6.72470581e+01
1.43321923e-04, 6.22394601e-05, 9.99856699e-01, 1.43303921e-04, 9.44748645e-01, 1.43314190e-04, 3.23873018e+00, 6.72472562e+01
1.47345431e-04, 6.39865937e-05, 9.99852676e-01, 1.47326404e-04, 9.44744623e-01, 1.47337258e-04, 3.23872616e+00, 6.72474599e+01
1.51481892e-04, 6.57827676e-05, 9.99848541e-01, 1.51461782e-04, 9.44740487e-01, 1.51473254e-04, 3.23872202e+00, 6.72476693e+01
1.55734477e-04, 6.76293582e-05, 9.99844290e-01, 1.55713223e-04, 9.44736236e-01, 1.55725347e-04, 3.23871777e+00, 6.72478846e+01
1.60106446e-04, 6.95277803e-05, 9.99839919e-01, 1.60083981e-04, 9.44731865e-01, 1.60096796e-04, 3.23871340e+00, 6.72481059e+01
1.64601150e-04, 7.14794886e-05, 9.99835426e-01, 1.64577407e-04, 9.44727372e-01, 1.64590951e-04, 3.23870891e+00, 6.72483334e+01
1.69222035e-04, 7.34859785e-05, 9.99830807e-01, 1.69196940e-04, 9.44722752e-01, 1.69211255e-04, 0.00000000e+00, 6.72485674e+01
1.73972643e-04, 7.55487874e-05, 9.99826058e-01, 1.73946119e-04, 9.44718003e-01, 1.73961249e-04, 3.23869954e+00, 6.72488079e+01
1.78856616e-04, 7.76694958e-05, 9.99821175e-01, 1.78828582e-04, 9.44713120e-01, 1.78844574e-04, 3.23869465e+00, 6.72490551e+01
1.83877698e-04, 7.98497285e-05, 9.99816156e-01, 1.83848068e-04, 9.44708101e-01, 1.83864970e-04, 3.23868963e+00, 6.72493093e+01
1.89039738e-04, 8.20911560e-05, 9.99810996e-01, 1.89008421e-04, 9.44702941e-01, 1.89026285e-04, 3.23868447e+00, 6.72495706e+01
1.94346693e-04, 8.43954955e-05, 9.99805691e-01, 1.94313593e-04, 9.44697635e-01, 1.94332474e-04, 3.23867916e+00, 6.72498393e+01
1.99802631e-04, 8.67645125e-05, 9.99800237e-01, 1.99767647e-04, 9.44692181e-01, 1.99787603e-04, 3.23867371e+00, 6.72501154e+01
2.05411735e-04, 8.92000219e-05, 9.99794630e-01, 2.05374759e-04, 9.44686574e-01, 2.05395851e-04, 3.23866810e+00, 6.72503994e+01
2.11178304e-04, 9.17038897e-05, 9.99788866e-01, 2.11139224e-04, 9.44680810e-01, 2.11161517e-04, 3.23866234e+00, 6.72506913e+01
2.17106760e-04, 9.42780341e-05, 9.99782940e-01, 2.17065455e-04, 9.44674884e-01, 2.17089017e-04, 3.23865641e+00, 6.72509914e+01
2.23201647e-04, 9.69244272e-05, 9.99776848e-01, 2.23157990e-04, 9.44668791e-01, 2.23182893e-04, 3.23865031e+00, 6.72512999e+01
2.29467637e-04, 9.96450962e-05, 9.99770585e-01, 2.29421495e-04, 9.44662528e-01, 2.29447816e-04, 3.23864405e+00, 6.72516171e+01
2.35909533e-04, 1.02442125e-04, 9.99764146e-01, 2.35860765e-04, 9.44656088e-01, 2.35888583e-04, 3.23863761e+00, 6.72519432e+01
2.42532274e-04, 1.05317657e-04, 9.99757527e-01, 2.42480729e-04, 9.44649468e-01, 2.42510132e-04, 3.23863099e+00, 6.72522785e+01
2.49340937e-04, 1.08273895e-04, 9.99750721e-01, 2.49286458e-04, 9.44642663e-01, 2.49317534e-04, 3.23862418e+00, 6.72526231e+01
2.56340741e-04, 1.11313103e-04, 9.99743725e-01, 2.56283160e-04, 9.44635666e-01, 2.56316006e-04, 3.23861718e+00, 6.72529774e+01
2.63537052e-04, 1.14437609e-04, 9.99736532e-01, 2.63476194e-04, 9.44628473e-01, 2.63510909e-04, 3.23860999e+00, 6.72533417e+01
2.70935387e-04, 1.17649806e-04, 9.99729138e-01, 2.70871064e-04, 9.44621078e-01, 2.70907755e-04, 3.23860259e+00, 6.72537162e+01
2.78541416e-04, 1.20952156e-04, 9.99721536e-01, 2.78473432e-04, 9.44613476e-01, 2.78512212e-04, 3.23859499e+00, 6.72541012e+01
2.86360972e-04, 1.24347187e-04, 9.99713721e-01, 2.86289117e-04, 9.44605660e-01, 2.86330105e-04, 3.23858717e+00, 6.72544970e+01
2.94400048e-04, 1.27837499e-04, 9.99705687e-01, 2.94324103e-04, 9.44597625e-01, 2.94367423e-04, 3.23857913e+00, 6.72549039e+01
3.02664806e-04, 1.31425767e-04, 9.99697427e-01, 3.02584538e-04, 9.44589365e-01, 3.02630325e-04, 3.23857087e+00, 6.72553223e+01
3.11161583e-04, 1.35114738e-04, 9.99688935e-01, 3.11076745e-04, 9.44580872e-01, 3.11125139e-04, 3.23856237e+00, 6.72557524e+01
3.19896892e-04, 1.38907238e-04, 9.99680205e-01, 3.19807225e-04, 9.44572142e-01, 3.19858373e-04, 3.23855364e+00, 6.72561945e+01
3.28877429e-04, 1.42806171e-04, 9.99671231e-01, 3.28782658e-04, 9.44563166e-01, 3.28836717e-04, 3.23854466e+00, 6.72566491e+01
3.38110078e-04, 1.46814523e-04, 9.99662004e-01, 3.38009912e-04, 9.44553939e-01, 3.38067049e-04, 3.23853543e+00, 6.72571164e+01
3.47601918e-04, 1.50935364e-04, 9.99652519e-01, 3.47496050e-04, 9.44544453e-01, 3.47556439e-04, 3.23852594e+00, 6.72575968e+01
3.57360225e-04, 1.55171849e-04, 9.99642767e-01, 3.57248331e-04, 9.44534701e-01, 3.57312157e-04, 3.23851619e+00, 6.72580907e+01
3.67392478e-04, 1.59527223e-04, 9.99632742e-01, 3.67274215e-04, 9.44524675e-01, 3.67341674e-04, 3.23850616e+00, 6.72585985e+01
3.77706369e-04, 1.64004821e-04, 9.99622436e-01, 3.77581374e-04, 9.44514368e-01, 3.77652674e-04, 3.23849584e+00, 6.72591205e+01
3.88309805e-04, 1.68608072e-04, 9.99611841e-01, 3.88177694e-04, 9.44503771e-01, 3.88253052e-04, 3.23848524e+00, 6.72596572e+01
3.99210913e-04, 1.73340499e-04, 9.99600948e-01, 3.99071282e-04, 9.44492878e-01, 3.99150930e-04, 3.23847435e+00, 6.72602089e+01
4.10418050e-04, 1.78205728e-04, 9.99589750e-01, 4.10270471e-04, 9.44481679e-01, 4.10354653e-04, 3.23846314e+00, 6.72607761e+01
4.21939808e-04, 1.83207482e-04, 9.99578238e-01, 4.21783829e-04, 9.44470165e-01, 4.21872802e-04, 3.23845162e+00, 6.72613593e+01
4.33785019e-04, 1.88349591e-04, 9.99566403e-01, 4.33620161e-04, 9.44458329e-01, 4.33714198e-04, 3.23843978e+00, 6.72619587e+01
4.45962763e-04, 1.93635993e-04, 9.99554236e-01, 4.45788521e-04, 9.44446161e-01, 4.45887910e-04, 3.23842761e+00, 6.72625751e+01
4.58482375e-04, 1.99070734e-04, 9.99541728e-01, 4.58298215e-04, 9.44433651e-01, 4.58403262e-04, 3.23841509e+00, 6.72632087e+01
4.71353453e-04, 2.04657975e-04, 9.99528869e-01, 4.71158811e-04, 9.44420790e-01, 4.71269837e-04, 3.23840223e+00, 6.72638601e+01
4.84585864e-04, 2.10401992e-04, 9.99515649e-01, 4.84380143e-04, 9.44407569e-01, 4.84497488e-04, 3.23838900e+00, 6.72645297e+01
4.98189752e-04, 2.16307184e-04, 9.99502058e-01, 4.97972321e-04, 9.44393977e-01, 4.98096345e-04, 3.23837540e+00, 6.72652182e+01
5.12175544e-04, 2.22378069e-04, 9.99488087e-01, 5.11945737e-04, 9.44380003e-01, 5.12076821e-04, 3.23836142e+00, 6.72659260e+01
5.26553963e-04, 2.28619296e-04, 9.99473723e-01, 5.26311076e-04, 9.44365638e-01, 5.26449620e-04, 3.23834705e+00, 6.72666536e+01
5.41336030e-04, 2.35035640e-04, 9.99458957e-01, 5.41079318e-04, 9.44350870e-01, 5.41225748e-04, 3.23833227e+00, 6.72674016e+01
5.56533078e-04, 2.41632013e-04, 9.99443776e-01, 5.56261754e-04, 9.44335687e-01, 5.56416518e-04, 3.23831708e+00, 6.72681707e+01
5.72156756e-04, 2.48413463e-04, 9.99428170e-01, 5.71869988e-04, 9.44320079e-01, 5.72033561e-04, 3.23830146e+00, 6.72689613e+01
5.88219040e-04, 2.55385179e-04, 9.99412127e-01, 5.87915951e-04, 9.44304033e-01, 5.88088833e-04, 3.23828541e+00, 6.72697741e+01
6.04732245e-04, 2.62552498e-04, 9.99395633e-01, 6.04411905e-04, 9.44287537e-01, 6.04594627e-04, 3.23826890e+00, 6.72706097e+01
6.21709029e-04, 2.69920903e-04, 9.99378677e-01, 6.21370456e-04, 9.44270579e-01, 6.21563577e-04, 3.23825193e+00, 6.72714688e+01
6.39162405e-04, 2.77496033e-04, 9.99361246e-01, 6.38804563e-04, 9.44253144e-01, 6.39008675e-04, 3.23823449e+00, 6.72723519e+01
6.57105755e-04, 2.85283683e-04, 9.99343326e-01, 6.56727546e-04, 9.44235222e-01, 6.56943274e-04, 3.23821655e+00, 6.72732598e+01
6.75552832e-04, 2.93289812e-04, 9.99324903e-01, 6.75153097e-04, 9.44216796e-01, 6.75381103e-04, 3.23819812e+00, 6.72741932e+01
6.94517777e-04, 3.01520545e-04, 9.99305964e-01, 6.94095292e-04, 9.44197854e-01, 6.94336274e-04, 3.23817916e+00, 6.72751528e+01
7.14015130e-04, 3.09982178e-04, 9.99286494e-01, 7.13568600e-04, 9.44178380e-01, 7.13823296e-04, 3.23815967e+00, 6.72761393e+01
7.34059837e-04, 3.18681185e-04, 9.99266479e-01, 7.33587893e-04, 9.44158361e-01, 7.33857084e-04, 3.23813964e+00, 6.72771535e+01
7.54667263e-04, 3.27624220e-04, 9.99245902e-01, 7.54168460e-04, 9.44137781e-01, 7.54452971e-04, 3.23811904e+00, 6.72781961e+01
7.75853206e-04, 3.36818122e-04, 9.99224748e-01, 7.75326016e-04, 9.44116623e-01, 7.75626717e-04, 3.23809787e+00, 6.72792680e+01
7.97633907e-04, 3.46269924e-04, 9.99203002e-01, 7.97076713e-04, 9.44094872e-01, 7.97394527e-04, 3.23807610e+00, 6.72803699e+01
8.20026062e-04, 3.55986854e-04, 9.99180646e-01, 8.19437158e-04, 9.44072512e-01, 8.19773058e-04, 3.23805372e+00, 6.72815028e+01
8.43046837e-04, 3.65976343e-04, 9.99157663e-01, 8.42424419e-04, 9.44049525e-01, 8.42779434e-04, 3.23803072e+00, 6.72826674e+01
8.66713880e-04, 3.76246030e-04, 9.99134037e-01, 8.66056041e-04, 9.44025893e-01, 8.66431257e-04, 3.23800707e+00, 6.72838647e+01
8.91045332e-04, 3.86803767e-04, 9.99109748e-01, 8.90350057e-04, 9.44001599e-01, 8.90746625e-04, 3.23798275e+00, 6.72850956e+01
9.16059848e-04, 3.97657626e-04, 9.99084779e-01, 9.15325006e-04, 9.43976624e-01, 9.15744140e-04, 3.23795775e+00, 6.72863610e+01
9.41776601e-04, 4.08815904e-04, 9.99059110e-01, 9.40999941e-04, 9.43950949e-01, 9.41442925e-04, 3.23793205e+00, 6.72876619e+01
9.68215306e-04, 4.20287133e-04, 9.99032721e-01, 9.67394450e-04, 9.43924555e-01, 9.67862641e-04, 3.23790563e+00, 6.72889992e+01
9.95396231e-04, 4.32080081e-04, 9.99005594e-01, 9.94528664e-04, 9.43897420e-01, 9.95023495e-04, 3.23787847e+00, 6.72903741e+01
1.02334021e-03, 4.44203760e-04, 9.98977706e-01, 1.02242328e-03, 9.43869526e-01, 1.02294626e-03, 3.23785055e+00, 6.72917876e+01
1.05206867e-03, 4.56667438e-04, 9.98949037e-01, 1.05109956e-03, 9.43840849e-01, 1.05165230e-03, 3.23782185e+00, 6.72932407e+01
1.08160363e-03, 4.69480638e-04, 9.98919565e-01, 1.08057937e-03, 9.43811370e-01, 1.08116357e-03, 3.23779233e+00, 6.72947345e+01
1.11196773e-03, 4.82653152e-04, 9.98889267e-01, 1.11088519e-03, 9.43781064e-01, 1.11150263e-03, 3.23776199e+00, 6.72962702e+01
1.14318425e-03, 4.96195044e-04, 9.98858121e-01, 1.14204011e-03, 9.43749909e-01, 1.14269268e-03, 3.23773080e+00, 6.72978490e+01
1.17527712e-03, 5.10116661e-04, 9.98826103e-01, 1.17406788e-03, 9.43717881e-01, 1.17475757e-03, 3.23769874e+00, 6.72994721e+01
1.20827094e-03, 5.24428638e-04, 9.98793187e-01, 1.20699289e-03, 9.43684956e-01, 1.20772182e-03, 3.23766578e+00, 6.73011406e+01
1.24219100e-03, 5.39141905e-04, 9.98759350e-01, 1.24084024e-03, 9.43651109e-01, 1.24161064e-03, 3.23763189e+00, 6.73028560e+01
1.27706330e-03, 5.54267703e-04, 9.98724566e-01, 1.27563569e-03, 9.43616313e-01, 1.27644992e-03, 3.23759705e+00, 6.73046194e+01
1.31291459e-03, 5.69817580e-04, 9.98688807e-01, 1.31140575e-03, 9.43580543e-01, 1.31226630e-03, 3.23756123e+00, 6.73064323e+01
1.34977233e-03, 5.85803413e-04, 9.98652047e-01, 1.34817765e-03, 9.43543771e-01, 1.34908716e-03, 3.23752441e+00, 6.73082961e+01
1.38766479e-03, 6.02237406e-04, 9.98614258e-01, 1.38597938e-03, 9.43505970e-01, 1.38694063e-03, 3.23748656e+00, 6.73102120e+01
1.42662102e-03, 6.19132106e-04, 9.98575411e-01, 1.42483972e-03, 9.43467109e-01, 1.42585565e-03, 3.23744764e+00, 6.73121817e+01
1.46667087e-03, 6.36500410e-04, 9.98535477e-01, 1.46478823e-03, 9.43427161e-01, 1.46586195e-03, 3.23740764e+00, 6.73142066e+01
1.50784505e-03, 6.54355573e-04, 9.98494425e-01, 1.50585530e-03, 9.43386094e-01, 1.50699010e-03, 3.23736651e+00, 6.73162883e+01
1.55017512e-03, 6.72711224e-04, 9.98452224e-01, 1.54807218e-03, 9.43343877e-01, 1.54927153e-03, 3.23732423e+00, 6.73184283e+01
1.59369353e-03, 6.91581368e-04, 9.98408842e-01, 1.59147096e-03, 9.43300478e-01, 1.59273853e-03, 3.23728076e+00, 6.73206283e+01
1.63843365e-03, 7.10980403e-04, 9.98364246e-01, 1.63608465e-03, 9.43255864e-01, 1.63742431e-03, 3.23723607e+00, 6.73228899e+01
1.68442976e-03, 7.30923128e-04, 9.98318403e-01, 1.68194714e-03, 9.43210002e-01, 1.68336300e-03, 3.23719013e+00, 6.73252150e+01
1.73171713e-03, 7.51424755e-04, 9.98271277e-01, 1.72909329e-03, 9.43162856e-01, 1.73058969e-03, 3.23714291e+00, 6.73276052e+01
1.78033202e-03, 7.72500920e-04, 9.98222832e-01, 1.77755893e-03, 9.43114390e-01, 1.77914043e-03, 3.23709436e+00, 6.73300623e+01
1.83031168e-03, 7.94167695e-04, 9.98173032e-01, 1.82738085e-03, 9.43064568e-01, 1.82905229e-03, 3.23704445e+00, 6.73325884e+01
1.88169442e-03, 8.16441599e-04, 9.98121840e-01, 1.87859690e-03, 9.43013352e-01, 1.88036340e-03, 3.23699313e+00, 6.73351852e+01
1.93451965e-03, 8.39339613e-04, 9.98069215e-01, 1.93124595e-03, 9.42960703e-01, 1.93311291e-03, 3.23694038e+00, 6.73378548e+01
1.98882786e-03, 8.62879189e-04, 9.98015120e-01, 1.98536795e-03, 9.42906581e-01, 1.98734109e-03, 3.23688616e+00, 6.73405992e+01
2.04466067e-03, 8.87078267e-04, 9.97959511e-01, 2.04100398e-03, 9.42850945e-01, 2.04308932e-03, 3.23683041e+00, 6.73434205e+01
2.10206088e-03, 9.11955285e-04, 9.97902349e-01, 2.09819624e-03, 9.42793753e-01, 2.10040015e-03, 3.23677310e+00, 6.73463208e+01
2.16107251e-03, 9.37529196e-04, 9.97843588e-01, 2.15698808e-03, 9.42734961e-01, 2.15931731e-03, 3.23671418e+00, 6.73493024e+01
2.22174078e-03, 9.63819479e-04, 9.97783184e-01, 2.21742407e-03, 9.42674525e-01, 2.21988575e-03, 3.23665361e+00, 6.73523675e+01
2.28411221e-03, 9.90846156e-04, 9.97721093e-01, 2.27955002e-03, 9.42612399e-01, 2.28215166e-03, 3.23659135e+00, 6.73555184e+01
2.34823460e-03, 1.01862981e-03, 9.97657267e-01, 2.34341298e-03, 9.42548536e-01, 2.34616254e-03, 3.23652733e+00, 6.73587576e+01
2.41415712e-03, 1.04719158e-03, 9.97591657e-01, 2.40906132e-03, 9.42482888e-01, 2.41196720e-03, 3.23646153e+00, 6.73620875e+01
2.48193029e-03, 1.07655322e-03, 9.97524214e-01, 2.47654474e-03, 9.42415404e-01, 2.47961582e-03, 3.23639388e+00, 6.73655107e+01
2.55160607e-03, 1.10673706e-03, 9.97454888e-01, 2.54591431e-03, 9.42346035e-01, 2.54915998e-03, 3.23632434e+00, 6.73690298e+01
2.62323788e-03, 1.13776607e-03, 9.97383625e-01, 2.61722250e-03, 9.42274727e-01, 2.62065267e-03, 3.23625284e+00, 6.73726474e+01
2.69688063e-03, 1.16966386e-03, 9.97310373e-01, 2.69052324e-03, 9.42201426e-01, 2.69414839e-03, 3.23617935e+00, 6.73763662e+01
2.77259076e-03, 1.20245468e-03, 9.97235075e-01, 2.76587194e-03, 9.42126077e-01, 2.76970315e-03, 3.23610379e+00, 6.73801892e+01
2.85042632e-03, 1.23616346e-03, 9.97157676e-01, 2.84332553e-03, 9.42048624e-01, 2.84737450e-03, 3.23602612e+00, 6.73841192e+01
2.93044698e-03, 1.27081583e-03, 9.97078115e-01, 2.92294252e-03, 9.41969007e-01, 2.92722162e-03, 3.23594628e+00, 6.73881593e+01
3.01271407e-03, 1.30643812e-03, 9.96996335e-01, 3.00478301e-03, 9.41887166e-01, 3.00930531e-03, 3.23586419e+00, 6.73923124e+01
3.09729067e-03, 1.34305740e-03, 9.96912273e-01, 3.08890878e-03, 9.41803040e-01, 3.09368809e-03, 3.23577981e+00, 6.73965817e+01
3.18424160e-03, 1.38070148e-03, 9.96825866e-01, 3.17538328e-03, 9.41716566e-01, 3.18043418e-03, 3.23569306e+00, 6.74009706e+01
3.27363353e-03, 1.41939895e-03, 9.96737048e-01, 3.26427172e-03, 9.41627677e-01, 3.26960964e-03, 3.23560389e+00, 6.74054822e+01
3.36553498e-03, 1.45917918e-03, 9.96645754e-01, 3.35564109e-03, 9.41536308e-01, 3.36128231e-03, 3.23551222e+00, 6.74101201e+01
3.46001639e-03, 1.50007238e-03, 9.96551914e-01, 3.44956021e-03, 9.41442389e-01, 3.45552195e-03, 3.23541798e+00, 6.74148878e+01
3.55715021e-03, 1.54210957e-03, 9.96455458e-01, 3.54609980e-03, 9.41345849e-01, 3.55240026e-03, 3.23532110e+00, 6.74197889e+01
3.65701088e-03, 1.58532264e-03, 9.96356314e-01, 3.64533251e-03, 9.41246617e-01, 3.65199092e-03, 3.23522151e+00, 6.74248270e+01
3.75967497e-03, 1.62974435e-03, 9.96254407e-01, 3.74733299e-03, 9.41144616e-01, 3.75436964e-03, 3.23511913e+00, 6.74300061e+01
3.86522116e-03, 1.67540839e-03, 9.96149661e-01, 3.85217790e-03, 9.41039771e-01, 3.85961427e-03, 3.23501388e+00, 6.74353300e+01
3.97373038e-03, 1.72234936e-03, 9.96041998e-01, 3.95994603e-03, 9.40932003e-01, 3.96780480e-03, 3.23490569e+00, 6.74408028e+01
4.08528580e-03, 1.77060283e-03, 9.95931336e-01, 4.07071831e-03, 9.40821231e-01, 4.07902343e-03, 3.23479447e+00, 6.74464287e+01
4.19997295e-03, 1.82020534e-03, 9.95817593e-01, 4.18457785e-03, 9.40707371e-01, 4.19335466e-03, 3.23468014e+00, 6.74522118e+01
4.31787973e-03, 1.87119444e-03, 9.95700684e-01, 4.30161008e-03, 9.40590339e-01, 4.31088531e-03, 3.23456261e+00, 6.74581566e+01
4.43909653e-03, 1.92360874e-03, 9.95580522e-01, 4.42190270e-03, 9.40470046e-01, 4.43170463e-03, 3.23444179e+00, 6.74642676e+01
4.56371628e-03, 1.97748788e-03, 9.95457017e-01, 4.54554583e-03, 9.40346403e-01, 4.55590434e-03, 3.23431759e+00, 6.74705494e+01
4.69183451e-03, 2.03287261e-03, 9.95330076e-01, 4.67263204e-03, 9.40219317e-01, 4.68357867e-03, 3.23418992e+00, 6.74770068e+01
4.82354943e-03, 2.08980480e-03, 9.95199606e-01, 4.80325640e-03, 9.40088693e-01, 4.81482450e-03, 3.23405867e+00, 6.74836445e+01
4.95896201e-03, 2.14832749e-03, 9.95065508e-01, 4.93751656e-03, 9.39954432e-01, 4.94974136e-03, 3.23392376e+00, 6.74904678e+01
5.09817606e-03, 2.20848488e-03, 9.94927683e-01, 5.07551284e-03, 9.39816436e-01, 5.08843156e-03, 3.23378507e+00, 6.74974816e+01
5.24129830e-03, 2.27032240e-03, 9.94786030e-01, 5.21734825e-03, 9.39674601e-01, 5.23100022e-03, 3.23364250e+00, 6.75046914e+01
5.38843844e-03, 2.33388671e-03, 9.94640441e-01, 5.36312859e-03, 9.39528820e-01, 5.37755537e-03, 3.23349594e+00, 6.75121025e+01
5.53970928e-03, 2.39922578e-03, 9.94490810e-01, 5.51296254e-03, 9.39378987e-01, 5.52820802e-03, 3.23334529e+00, 6.75197206e+01
5.69522678e-03, 2.46638889e-03, 9.94337025e-01, 5.66696169e-03, 9.39224987e-01, 5.68307226e-03, 3.23319043e+00, 6.75275513e+01
5.85511016e-03, 2.53542665e-03, 9.94178973e-01, 5.82524067e-03, 9.39066708e-01, 5.84226532e-03, 3.23303123e+00, 6.75356007e+01
6.01948197e-03, 2.60639109e-03, 9.94016535e-01, 5.98791715e-03, 9.38904032e-01, 6.00590766e-03, 3.23286759e+00, 6.75438747e+01
6.18846824e-03, 2.67933564e-03, 9.93849593e-01, 6.15511202e-03, 9.38736837e-01, 6.17412308e-03, 3.23269937e+00, 6.75523797e+01
6.36219849e-03, 2.75431521e-03, 9.93678023e-01, 6.32694937e-03, 9.38565000e-01, 6.34703877e-03, 3.23252646e+00, 6.75611219e+01
6.54080591e-03, 2.83138620e-03, 9.93501698e-01, 6.50355666e-03, 9.38388392e-01, 6.52478544e-03, 3.23234871e+00, 6.75701081e+01
6.72442742e-03, 2.91060657e-03, 9.93320488e-01, 6.68506474e-03, 9.38206884e-01, 6.70749740e-03, 3.23216600e+00, 6.75793448e+01
6.91320378e-03, 2.99203585e-03, 9.93134260e-01, 6.87160798e-03, 9.38020341e-01, 6.89531263e-03, 3.23197818e+00, 6.75888392e+01
7.10727970e-03, 3.07573520e-03, 9.92942877e-01, 7.06332431e-03, 9.37828625e-01, 7.08837295e-03, 3.23178512e+00, 6.75985984e+01
7.30680395e-03, 3.16176744e-03, 9.92746198e-01, 7.26035539e-03, 9.37631594e-01, 7.28682404e-03, 3.23158667e+00, 6.76086296e+01
7.51192949e-03, 3.25019713e-03, 9.92544079e-01, 7.46284662e-03, 9.37429102e-01, 7.49081560e-03, 3.23138268e+00, 6.76189403e+01
7.72281357e-03, 3.34109055e-03, 9.92336371e-01, 7.67094728e-03, 9.37221002e-01, 7.70050144e-03, 3.23117300e+00, 6.76295385e+01
7.93961785e-03, 3.43451582e-03, 9.92122923e-01, 7.88481062e-03, 9.37007138e-01, 7.91603958e-03, 3.23095746e+00, 6.76404319e+01
8.16250851e-03, 3.53054289e-03, 9.91903579e-01, 8.10459395e-03, 9.36787355e-01, 8.13759240e-03, 3.23073590e+00, 6.76516287e+01
8.39165644e-03, 3.62924361e-03, 9.91678177e-01, 8.33045875e-03, 9.36561490e-01, 8.36532670e-03, 3.23050817e+00, 6.76631374e+01
8.62723729e-03, 3.73069181e-03, 9.91446555e-01, 8.56257077e-03, 9.36329378e-01, 8.59941386e-03, 3.23027408e+00, 6.76749666e+01
8.86943166e-03, 3.83496328e-03, 9.91208544e-01, 8.80110013e-03, 9.36090849e-01, 8.84002996e-03, 3.23003347e+00, 6.76871251e+01
9.11842520e-03, 3.94213590e-03, 9.90963969e-01, 9.04622145e-03, 9.35845728e-01, 9.08735587e-03, 3.22978614e+00, 6.76996219e+01
9.37440879e-03, 4.05228964e-03, 9.90712655e-01, 9.29811391e-03, 9.35593835e-01, 9.34157744e-03, 3.22953192e+00, 6.77124665e+01
9.63757866e-03, 4.16550662e-03, 9.90454418e-01, 9.55696144e-03, 9.35334988e-01, 9.60288556e-03, 3.22927061e+00, 6.77256684e+01
9.90813657e-03, 4.28187121e-03, 9.90189071e-01, 9.82295274e-03, 9.35068996e-01, 9.87147636e-03, 3.22900202e+00, 6.77392375e+01
1.01862899e-02, 4.40147004e-03, 9.89916424e-01, 1.00962815e-02, 9.34795668e-01, 1.01475513e-02, 3.22872595e+00, 6.77531838e+01
1.04722519e-02, 4.52439206e-03, 9.89636280e-01, 1.03771464e-02, 9.34514803e-01, 1.04313173e-02, 3.22844218e+00, 6.77675179e+01
1.07662418e-02, 4.65072864e-03, 9.89348436e-01, 1.06657513e-02, 9.34226198e-01, 1.07229870e-02, 3.22815051e+00, 6.77822503e+01
1.10684849e-02, 4.78057359e-03, 9.89052685e-01, 1.09623054e-02, 9.33929644e-01, 1.10227787e-02, 3.22785072e+00, 6.77973920e+01
1.13792129e-02, 4.91402325e-03, 9.88748817e-01, 1.12670234e-02, 9.33624926e-01, 1.13309168e-02, 3.22754258e+00, 6.78129543e+01
1.16986641e-02, 5.05117654e-03, 9.88436612e-01, 1.15801253e-02, 9.33311824e-01, 1.16476315e-02, 3.22722587e+00, 6.78289487e+01
1.20270833e-02, 5.19213502e-03, 9.88115848e-01, 1.19018370e-02, 9.32990112e-01, 1.19731597e-02, 3.22690034e+00, 6.78453871e+01
1.23647224e-02, 5.33700299e-03, 9.87786297e-01, 1.22323902e-02, 9.32659559e-01, 1.23077443e-02, 3.22656575e+00, 6.78622817e+01
1.27118400e-02, 5.48588750e-03, 9.87447723e-01, 1.25720225e-02, 9.32319927e-01, 1.26516349e-02, 3.22622186e+00, 6.78796450e+01
1.30687023e-02, 5.63889849e-03, 9.87099885e-01, 1.29209774e-02, 9.31970972e-01, 1.30050880e-02, 3.22586841e+00, 6.78974899e+01
1.34355829e-02, 5.79614881e-03, 9.86742539e-01, 1.32795050e-02, 9.31612444e-01, 1.33683668e-02, 3.22550513e+00, 6.79158295e+01
1.38127630e-02, 5.95775431e-03, 9.86375430e-01, 1.36478614e-02, 9.31244088e-01, 1.37417418e-02, 3.22513176e+00, 6.79346775e+01
1.42005318e-02, 6.12383394e-03, 9.85998300e-01, 1.40263096e-02, 9.30865639e-01, 1.41254907e-02, 3.22474801e+00, 6.79540476e+01
1.45991865e-02, 6.29450978e-03, 9.85610883e-01, 1.44151187e-02, 9.30476830e-01, 1.45198987e-02, 3.22435360e+00, 6.79739543e+01
1.50090328e-02, 6.46990713e-03, 9.85212907e-01, 1.48145652e-02, 9.30077384e-01, 1.49252585e-02, 3.22394824e+00, 6.79944121e+01
1.54303847e-02, 6.65015464e-03, 9.84804094e-01, 1.52249320e-02, 9.29667017e-01, 1.53418711e-02, 3.22353163e+00, 6.80154361e+01
1.58635653e-02, 6.83538432e-03, 9.84384158e-01, 1.56465096e-02, 9.29245439e-01, 1.57700451e-02, 3.22310345e+00, 6.80370419e+01
1.63089068e-02, 7.02573168e-03, 9.83952805e-01, 1.60795954e-02, 9.28812354e-01, 1.62100976e-02, 3.22266340e+00, 6.80592451e+01
1.67667503e-02, 7.22133576e-03, 9.83509738e-01, 1.65244944e-02, 9.28367455e-01, 1.66623542e-02, 3.22221114e+00, 6.80820623e+01
1.72374471e-02, 7.42233928e-03, 9.83054648e-01, 1.69815190e-02, 9.27910430e-01, 1.71271492e-02, 3.22174635e+00, 6.81055099e+01
1.77213578e-02, 7.62888867e-03, 9.82587220e-01, 1.74509894e-02, 9.27440960e-01, 1.76048256e-02, 3.22126867e+00, 6.81296054e+01
1.82188534e-02, 7.84113421e-03, 9.82107134e-01, 1.79332338e-02, 9.26958715e-01, 1.80957360e-02, 3.22077776e+00, 6.81543661e+01
1.87303154e-02, 8.05923009e-03, 9.81614059e-01, 1.84285883e-02, 9.26463361e-01, 1.86002420e-02, 3.22027326e+00, 6.81798103e+01
1.92561357e-02, 8.28333450e-03, 9.81107658e-01, 1.89373973e-02, 9.25954552e-01, 1.91187148e-02, 3.21975478e+00, 6.82059565e+01
1.97967175e-02, 8.51360975e-03, 9.80587585e-01, 1.94600135e-02, 9.25431936e-01, 1.96515358e-02, 3.21922196e+00, 6.82328237e+01
2.03524752e-02, 8.75022235e-03, 9.80053486e-01, 1.99967981e-02, 9.24895151e-01, 2.01990961e-02, 3.21867440e+00, 6.82604315e+01
2.09238348e-02, 8.99334311e-03, 9.79504999e-01, 2.05481212e-02, 9.24343828e-01, 2.07617975e-02, 3.21811170e+00, 6.82887999e+01
2.15112343e-02, 9.24314725e-03, 9.78941755e-01, 2.11143616e-02, 9.23777587e-01, 2.13400521e-02, 3.21753345e+00, 6.83179496e+01
2.21151240e-02, 9.49981449e-03, 9.78363373e-01, 2.16959073e-02, 9.23196042e-01, 2.19342831e-02, 3.21693921e+00, 6.83479017e+01
2.27359668e-02, 9.76352916e-03, 9.77769466e-01, 2.22931553e-02, 9.22598794e-01, 2.25449247e-02, 3.21632857e+00, 6.83786778e+01
2.33742387e-02, 1.00344803e-02, 9.77159637e-01, 2.29065123e-02, 9.21985437e-01, 2.31724227e-02, 3.21570107e+00, 6.84103002e+01
2.40304289e-02, 1.03128618e-02, 9.76533482e-01, 2.35363943e-02, 9.21355555e-01, 2.38172343e-02, 3.21505626e+00, 6.84427917e+01
2.47050406e-02, 1.05988725e-02, 9.75890584e-01, 2.41832271e-02, 9.20708722e-01, 2.44798289e-02, 3.21439367e+00, 6.84761757e+01
2.53985907e-02, 1.08927162e-02, 9.75230519e-01, 2.48474464e-02, 9.20044503e-01, 2.51606881e-02, 3.21371281e+00, 6.85104764e+01
2.61116110e-02, 1.11946019e-02, 9.74552855e-01, 2.55294981e-02, 9.19362451e-01, 2.58603060e-02, 3.21301319e+00, 6.85457182e+01
2.68446481e-02, 1.15047439e-02, 9.73857148e-01, 2.62298381e-02, 9.18662111e-01, 2.65791897e-02, 3.21229431e+00, 6.85819266e+01
2.75982639e-02, 1.18233619e-02, 9.73142944e-01, 2.69489330e-02, 9.17943016e-01, 2.73178594e-02, 3.21155564e+00, 6.86191274e+01
2.83730362e-02, 1.21506810e-02, 9.72409782e-01, 2.76872598e-02, 9.17204689e-01, 2.80768486e-02, 3.21079665e+00, 6.86573474e+01
2.91695588e-02, 1.24869320e-02, 9.71657189e-01, 2.84453062e-02, 9.16446643e-01, 2.88567050e-02, 3.21001679e+00, 6.86966137e+01
2.99884423e-02, 1.28323514e-02, 9.70884681e-01, 2.92235710e-02, 9.15668378e-01, 2.96579900e-02, 3.20921551e+00, 6.87369544e+01
3.08303146e-02, 1.31871818e-02, 9.70091766e-01, 3.00225640e-02, 9.14869385e-01, 3.04812798e-02, 3.20839222e+00, 6.87783982e+01
3.16958209e-02, 1.35516713e-02, 9.69277940e-01, 3.08428061e-02, 9.14049143e-01, 3.13271651e-02, 3.20754633e+00, 6.88209747e+01
3.25856248e-02, 1.39260747e-02, 9.68442690e-01, 3.16848298e-02, 9.13207119e-01, 3.21962519e-02, 3.20667725e+00, 6.88647139e+01
3.35004083e-02, 1.43106525e-02, 9.67585491e-01, 3.25491791e-02, 9.12342770e-01, 3.30891618e-02, 3.20578434e+00, 6.89096470e+01
3.44408728e-02, 1.47056720e-02, 9.66705808e-01, 3.34364096e-02, 9.11455539e-01, 3.40065320e-02, 3.20486697e+00, 6.89558056e+01
3.54077391e-02, 1.51114068e-02, 9.65803096e-01, 3.43470890e-02, 9.10544860e-01, 3.49490161e-02, 3.20392448e+00, 6.90032225e+01
3.64017485e-02, 1.55281370e-02, 9.64876798e-01, 3.52817966e-02, 9.09610152e-01, 3.59172841e-02, 3.20295621e+00, 6.90519310e+01
3.74236629e-02, 1.59561497e-02, 9.63926345e-01, 3.62411243e-02, 9.08650825e-01, 3.69120229e-02, 3.20196147e+00, 6.91019655e+01
3.84742658e-02, 1.63957388e-02, 9.62951161e-01, 3.72256758e-02, 9.07666273e-01, 3.79339371e-02, 3.20093956e+00, 6.91533610e+01
3.95543624e-02, 1.68472053e-02, 9.61950655e-01, 3.82360677e-02, 9.06655881e-01, 3.89837485e-02, 3.19988975e+00, 6.92061537e+01
4.06647809e-02, 1.73108570e-02, 9.60924227e-01, 3.92729287e-02, 9.05619020e-01, 4.00621973e-02, 3.19881130e+00, 6.92603806e+01
4.18063724e-02, 1.77870096e-02, 9.59871264e-01, 4.03369003e-02, 9.04555049e-01, 4.11700422e-02, 3.19770346e+00, 6.93160795e+01
4.29800121e-02, 1.82759856e-02, 9.58791145e-01, 4.14286367e-02, 9.03463312e-01, 4.23080607e-02, 3.19656544e+00, 6.93732893e+01
4.41865996e-02, 1.87781154e-02, 9.57683234e-01, 4.25488051e-02, 9.02343144e-01, 4.34770495e-02, 3.19539645e+00, 6.94320499e+01
4.54270599e-02, 1.92937372e-02, 9.56546887e-01, 4.36980854e-02, 9.01193864e-01, 4.46778251e-02, 3.19419567e+00, 6.94924022e+01
4.67023439e-02, 1.98231967e-02, 9.55381447e-01, 4.48771706e-02, 9.00014778e-01, 4.59112243e-02, 3.19296227e+00, 6.95543881e+01
4.80134292e-02, 2.03668477e-02, 9.54186246e-01, 4.60867668e-02, 8.98805182e-01, 4.71781041e-02, 3.19169539e+00, 6.96180505e+01
4.93613210e-02, 2.09250522e-02, 9.52960606e-01, 4.73275932e-02, 8.97564356e-01, 4.84793428e-02, 3.19039415e+00, 6.96834336e+01
5.07470524e-02, 2.14981804e-02, 9.51703836e-01, 4.86003822e-02, 8.96291567e-01, 4.98158399e-02, 3.18905766e+00, 6.97505824e+01
5.21716858e-02, 2.20866106e-02, 9.50415235e-01, 4.99058795e-02, 8.94986070e-01, 5.11885169e-02, 3.18768498e+00, 6.98195435e+01
5.36363132e-02, 2.26907300e-02, 9.49094092e-01, 5.12448438e-02, 8.93647105e-01, 5.25983173e-02, 3.18627518e+00, 6.98903642e+01
5.51420574e-02, 2.33109341e-02, 9.47739684e-01, 5.26180472e-02, 8.92273902e-01, 5.40462078e-02, 3.18482729e+00, 6.99630932e+01
5.66900727e-02, 2.39476274e-02, 9.46351277e-01, 5.40262751e-02, 8.90865674e-01, 5.55331777e-02, 3.18334032e+00, 7.00377806e+01
5.82815458e-02, 2.46012230e-02, 9.44928128e-01, 5.54703260e-02, 8.89421623e-01, 5.70602406e-02, 3.18181326e+00, 7.01144776e+01
5.99176967e-02, 2.52721433e-02, 9.43469482e-01, 5.69510115e-02, 8.87940938e-01, 5.86284335e-02, 3.18024506e+00, 7.01932366e+01
6.15997796e-02, 2.59608197e-02, 9.41974574e-01, 5.84691565e-02, 8.86422793e-01, 6.02388185e-02, 3.17863468e+00, 7.02741116e+01
6.33290840e-02, 2.66676928e-02, 9.40442630e-01, 6.00255988e-02, 8.84866350e-01, 6.18924824e-02, 3.17698101e+00, 7.03571579e+01
6.51069356e-02, 2.73932126e-02, 9.38872865e-01, 6.16211890e-02, 8.83270760e-01, 6.35905376e-02, 3.17528296e+00, 7.04424320e+01
6.69346971e-02, 2.81378388e-02, 9.37264486e-01, 6.32567908e-02, 8.81635158e-01, 6.53341224e-02, 3.17353937e+00, 7.05299922e+01
6.88137699e-02, 2.89020403e-02, 9.35616689e-01, 6.49332803e-02, 8.79958669e-01, 6.71244016e-02, 3.17174910e+00, 7.06198981e+01
7.07455942e-02, 2.96862961e-02, 9.33928662e-01, 6.66515461e-02, 8.78240403e-01, 6.89625666e-02, 3.16991093e+00, 7.07122109e+01
7.27316511e-02, 3.04910947e-02, 9.32199585e-01, 6.84124893e-02, 8.76479460e-01, 7.08498365e-02, 3.16802366e+00, 7.08069934e+01
7.47734631e-02, 3.13169348e-02, 9.30428629e-01, 7.02170229e-02, 8.74674926e-01, 7.27874580e-02, 3.16608604e+00, 7.09043099e+01
7.68725952e-02, 3.21643250e-02, 9.28614958e-01, 7.20660717e-02, 8.72825877e-01, 7.47767062e-02, 3.16409679e+00, 7.10042267e+01
7.90306568e-02, 3.30337838e-02, 9.26757728e-01, 7.39605721e-02, 8.70931377e-01, 7.68188848e-02, 3.16205461e+00, 7.11068115e+01
8.12493021e-02, 3.39258402e-02, 9.24856088e-01, 7.59014718e-02, 8.68990477e-01, 7.89153269e-02, 3.15995817e+00, 7.12121342e+01
8.35302320e-02, 3.48410332e-02, 9.22909182e-01, 7.78897293e-02, 8.67002220e-01, 8.10673951e-02, 3.15780610e+00, 7.13202661e+01
8.58751948e-02, 3.57799125e-02, 9.20916146e-01, 7.99263138e-02, 8.64965635e-01, 8.32764823e-02, 3.15559702e+00, 7.14312808e+01
8.82859884e-02, 3.67430377e-02, 9.18876114e-01, 8.20122044e-02, 8.62879745e-01, 8.55440119e-02, 3.15332949e+00, 7.15452537e+01
9.07644607e-02, 3.77309793e-02, 9.16788212e-01, 8.41483901e-02, 8.60743559e-01, 8.78714384e-02, 3.15100206e+00, 7.16622624e+01
9.33125118e-02, 3.87443182e-02, 9.14651565e-01, 8.63358690e-02, 8.58556080e-01, 9.02602477e-02, 3.14861325e+00, 7.17823865e+01
9.59320948e-02, 3.97836456e-02, 9.12465293e-01, 8.85756480e-02, 8.56316301e-01, 9.27119578e-02, 3.14616154e+00, 7.19057080e+01
9.86252179e-02, 4.08495636e-02, 9.10228514e-01, 9.08687420e-02, 8.54023207e-01, 9.52281187e-02, 3.14364538e+00, 7.20323110e+01
1.01393946e-01, 4.19426849e-02, 9.07940346e-01, 9.32161736e-02, 8.51675775e-01, 9.78103136e-02, 3.14106318e+00, 7.21622821e+01
1.04240401e-01, 4.30636326e-02, 9.05599903e-01, 9.56189721e-02, 8.49272977e-01, 1.00460159e-01, 3.13841334e+00, 7.22957104e+01
1.07166765e-01, 4.42130406e-02, 9.03206303e-01, 9.80781733e-02, 8.46813776e-01, 1.03179303e-01, 3.13569419e+00, 7.24326876e+01
1.10175281e-01, 4.53915533e-02, 9.00758661e-01, 1.00594818e-01, 8.44297131e-01, 1.05969432e-01, 3.13290407e+00, 7.25733080e+01
1.13268257e-01, 4.65998259e-02, 8.98256098e-01, 1.03169953e-01, 8.41721996e-01, 1.08832262e-01, 3.13004124e+00, 7.27176689e+01
1.16448062e-01, 4.78385241e-02, 8.95697735e-01, 1.05804627e-01, 8.39087322e-01, 1.11769546e-01, 3.12710395e+00, 7.28658704e+01
1.19717134e-01, 4.91083240e-02, 8.93082699e-01, 1.08499893e-01, 8.36392057e-01, 1.14783072e-01, 3.12409043e+00, 7.30180155e+01
1.23077980e-01, 5.04099123e-02, 8.90410121e-01, 1.11256805e-01, 8.33635144e-01, 1.17874663e-01, 3.12099883e+00, 7.31742109e+01
1.26533176e-01, 5.17439860e-02, 8.87679139e-01, 1.14076421e-01, 8.30815528e-01, 1.21046178e-01, 3.11782732e+00, 7.33345661e+01
1.30085370e-01, 5.31112527e-02, 8.84888900e-01, 1.16959795e-01, 8.27932154e-01, 1.24299512e-01, 3.11457399e+00, 7.34991945e+01
1.33737286e-01, 5.45124297e-02, 8.82038557e-01, 1.19907983e-01, 8.24983966e-01, 1.27636594e-01, 3.11123690e+00, 7.36682131e+01
1.37491723e-01, 5.59482450e-02, 8.79127276e-01, 1.22922036e-01, 8.21969913e-01, 1.31059392e-01, 3.10781411e+00, 7.38417427e+01
1.41351558e-01, 5.74194362e-02, 8.76154234e-01, 1.26003005e-01, 8.18888944e-01, 1.34569909e-01, 3.10430359e+00, 7.40199081e+01
1.45319752e-01, 5.89267507e-02, 8.73118619e-01, 1.29151934e-01, 8.15740015e-01, 1.38170185e-01, 3.10070331e+00, 7.42028386e+01
1.49399346e-01, 6.04709458e-02, 8.70019635e-01, 1.32369861e-01, 8.12522088e-01, 1.41862297e-01, 3.09701120e+00, 7.43906677e+01
1.53593468e-01, 6.20527881e-02, 8.66856504e-01, 1.35657817e-01, 8.09234132e-01, 1.45648360e-01, 3.09322514e+00, 7.45835341e+01
1.57905331e-01, 6.36730536e-02, 8.63628462e-01, 1.39016824e-01, 8.05875125e-01, 1.49530522e-01, 3.08934298e+00, 7.47815809e+01
1.62338243e-01, 6.53325272e-02, 8.60334766e-01, 1.42447893e-01, 8.02444056e-01, 1.53510972e-01, 3.08536253e+00, 7.49849570e+01
1.66895601e-01, 6.70320026e-02, 8.56974693e-01, 1.45952024e-01, 7.98939925e-01, 1.57591933e-01, 3.08128156e+00, 7.51938165e+01
1.71580899e-01, 6.87722823e-02, 8.53547545e-01, 1.49530202e-01, 7.95361747e-01, 1.61775666e-01, 3.07709783e+00, 7.54083196e+01
1.76397728e-01, 7.05541769e-02, 8.50052645e-01, 1.53183396e-01, 7.91708553e-01, 1.66064467e-01, 3.07280903e+00, 7.56286326e+01
1.81349780e-01, 7.23785049e-02, 8.46489343e-01, 1.56912560e-01, 7.87979389e-01, 1.70460670e-01, 3.06841283e+00, 7.58549283e+01
1.86440853e-01, 7.42460926e-02, 8.42857018e-01, 1.60718627e-01, 7.84173322e-01, 1.74966642e-01, 3.06390686e+00, 7.60873868e+01
1.91674849e-01, 7.61577735e-02, 8.39155077e-01, 1.64602508e-01, 7.80289441e-01, 1.79584788e-01, 3.05928871e+00, 7.63261951e+01
1.97055780e-01, 7.81143880e-02, 8.35382959e-01, 1.68565091e-01, 7.76326858e-01, 1.84317547e-01, 3.05455595e+00, 7.65715483e+01
2.02587771e-01, 8.01167833e-02, 8.31540137e-01, 1.72607240e-01, 7.72284709e-01, 1.89167390e-01, 3.04970611e+00, 7.68236498e+01
2.08275063e-01, 8.21658124e-02, 8.27626118e-01, 1.76729790e-01, 7.68162159e-01, 1.94136825e-01, 3.04473667e+00, 7.70827117e+01
2.14122015e-01, 8.42623342e-02, 8.23640447e-01, 1.80933545e-01, 7.63958404e-01, 1.99228390e-01, 3.03964511e+00, 7.73489553e+01
2.20133111e-01, 8.64072127e-02, 8.19582709e-01, 1.85219278e-01, 7.59672671e-01, 2.04444656e-01, 3.03442884e+00, 7.76226120e+01
2.26312957e-01, 8.86013169e-02, 8.15452527e-01, 1.89587727e-01, 7.55304222e-01, 2.09788224e-01, 3.02908527e+00, 7.79039235e+01
2.32666291e-01, 9.08455198e-02, 8.11249571e-01, 1.94039592e-01, 7.50852357e-01, 2.15261725e-01, 3.02361177e+00, 7.81931428e+01
2.39197984e-01, 9.31406982e-02, 8.06973553e-01, 1.98575532e-01, 7.46316417e-01, 2.20867817e-01, 3.01800568e+00, 7.84905347e+01
2.45913043e-01, 9.54877322e-02, 8.02624233e-01, 2.03196166e-01, 7.41695783e-01, 2.26609187e-01, 3.01226431e+00, 7.87963764e+01
2.52816614e-01, 9.78875042e-02, 7.98201419e-01, 2.07902064e-01, 7.36989885e-01, 2.32488545e-01, 3.00638495e+00, 7.91109588e+01
2.59913992e-01, 1.00340899e-01, 7.93704972e-01, 2.12693750e-01, 7.32198199e-01, 2.38508625e-01, 3.00036487e+00, 7.94345865e+01
2.67210616e-01, 1.02848802e-01, 7.89134803e-01, 2.17571695e-01, 7.27320254e-01, 2.44672183e-01, 2.99420131e+00, 7.97675795e+01
2.74712079e-01, 1.05412101e-01, 7.84490880e-01, 2.22536315e-01, 7.22355634e-01, 2.50981992e-01, 2.98789151e+00, 8.01102737e+01
2.82424133e-01, 1.08031682e-01, 7.79773224e-01, 2.27587971e-01, 7.17303978e-01, 2.57440844e-01, 2.98143265e+00, 8.04630219e+01
2.90352688e-01, 1.10708431e-01, 7.74981917e-01, 2.32726960e-01, 7.12164989e-01, 2.64051544e-01, 2.97482195e+00, 8.08261949e+01
2.98503825e-01, 1.13443233e-01, 7.70117100e-01, 2.37953517e-01, 7.06938432e-01, 2.70816908e-01, 2.96805659e+00, 8.12001827e+01
3.06883789e-01, 1.16236971e-01, 7.65178976e-01, 2.43267809e-01, 7.01624140e-01, 2.77739761e-01, 2.96113374e+00, 8.15853954e+01
3.15499006e-01, 1.19090524e-01, 7.60167811e-01, 2.48669930e-01, 6.96222019e-01, 2.84822933e-01, 2.95405056e+00, 8.19822649e+01
3.24356081e-01, 1.22004770e-01, 7.55083934e-01, 2.54159904e-01, 6.90732045e-01, 2.92069252e-01, 2.94680424e+00, 8.23912455e+01
3.33461802e-01, 1.24980579e-01, 7.49927744e-01, 2.59737673e-01, 6.85154276e-01, 2.99481549e-01, 2.93939195e+00, 8.28128160e+01
3.42823149e-01, 1.28018820e-01, 7.44699703e-01, 2.65403099e-01, 6.79488850e-01, 3.07062642e-01, 2.93181086e+00, 8.32474804e+01
3.52447300e-01, 1.31120351e-01, 7.39400345e-01, 2.71155959e-01, 6.73735990e-01, 3.14815341e-01, 2.92405816e+00, 8.36957700e+01
3.62341632e-01, 1.34286029e-01, 7.34030273e-01, 2.76995942e-01, 6.67896007e-01, 3.22742440e-01, 2.91613106e+00, 8.41582447e+01
3.72513730e-01, 1.37516698e-01, 7.28590161e-01, 2.82922643e-01, 6.61969306e-01, 3.30846709e-01, 2.90802679e+00, 8.46354946e+01
3.82971391e-01, 1.40813196e-01, 7.23080757e-01, 2.88935561e-01, 6.55956388e-01, 3.39130893e-01, 2.89974260e+00, 8.51281416e+01
3.93722633e-01, 1.44176353e-01, 7.17502878e-01, 2.95034097e-01, 6.49857852e-01, 3.47597702e-01, 2.89127580e+00, 8.56368416e+01
4.04775697e-01, 1.47606985e-01, 7.11857418e-01, 3.01217546e-01, 6.43674403e-01, 3.56249808e-01, 2.88262369e+00, 8.61622860e+01
4.16139055e-01, 1.51105900e-01, 7.06145344e-01, 3.07485098e-01, 6.37406851e-01, 3.65089837e-01, 2.87378366e+00, 8.67052034e+01
4.27821420e-01, 1.54673893e-01, 7.00367697e-01, 3.13835830e-01, 6.31056119e-01, 3.74120362e-01, 2.86475314e+00, 8.72663624e+01
4.39831747e-01, 1.58311745e-01, 6.94525595e-01, 3.20268706e-01, 6.24623243e-01, 3.83343895e-01, 2.85552960e+00, 8.78465727e+01
4.52179242e-01, 1.62020224e-01, 6.88620228e-01, 3.26782573e-01, 6.18109376e-01, 3.92762879e-01, 2.84611062e+00, 8.84466878e+01
4.64873371e-01, 1.65800084e-01, 6.82652863e-01, 3.33376154e-01, 6.11515795e-01, 4.02379681e-01, 2.83649382e+00, 8.90676071e+01
4.77923865e-01, 1.69652062e-01, 6.76624841e-01, 3.40048052e-01, 6.04843897e-01, 4.12196585e-01, 2.82667691e+00, 8.97102780e+01
4.91340729e-01, 1.73576879e-01, 6.70537578e-01, 3.46796737e-01, 5.98095212e-01, 4.22215778e-01, 2.81665772e+00, 9.03756983e+01
5.05134247e-01, 1.77575238e-01, 6.64392563e-01, 3.53620554e-01, 5.91271395e-01, 4.32439345e-01, 2.80643415e+00, 9.10649186e+01
5.19314994e-01, 1.81647824e-01, 6.58191359e-01, 3.60517712e-01, 5.84374237e-01, 4.42869257e-01, 2.79600424e+00, 9.17790446e+01
5.33893840e-01, 1.85795303e-01, 6.51935600e-01, 3.67486286e-01, 5.77405663e-01, 4.53507363e-01, 2.78536613e+00, 9.25192396e+01
5.48881961e-01, 1.90018322e-01, 6.45626991e-01, 3.74524212e-01, 5.70367737e-01, 4.64355379e-01, 2.77451812e+00, 9.32867271e+01
5.64290847e-01, 1.94317504e-01, 6.39267309e-01, 3.81629288e-01, 5.63262661e-01, 4.75414876e-01, 2.76345862e+00, 9.40827930e+01
5.80132310e-01, 1.98693454e-01, 6.32858396e-01, 3.88799172e-01, 5.56092777e-01, 4.86687273e-01, 2.75218622e+00, 9.49087886e+01
5.96418495e-01, 2.03146750e-01, 6.26402164e-01, 3.96031380e-01, 5.48860569e-01, 4.98173822e-01, 2.74069968e+00, 9.57661328e+01
6.13161884e-01, 2.07677952e-01, 6.19900588e-01, 4.03323285e-01, 5.41568664e-01, 5.09875599e-01, 2.72899790e+00, 9.66563147e+01
6.30375315e-01, 2.12287591e-01, 6.13355704e-01, 4.10672119e-01, 5.34219830e-01, 5.21793494e-01, 2.71708000e+00, 9.75808966e+01
6.48071983e-01, 2.16976176e-01, 6.06769614e-01, 4.18074971e-01, 5.26816978e-01, 5.33928200e-01, 2.70494530e+00, 9.85415161e+01
6.66265452e-01, 2.21744190e-01, 6.00144472e-01, 4.25528790e-01, 5.19363159e-01, 5.46280198e-01, 2.69259330e+00, 9.95398889e+01
6.84969672e-01, 2.26592088e-01, 5.93482492e-01, 4.33030387e-01, 5.11861562e-01, 5.58849753e-01, 2.68002374e+00, 1.00577811e+02
7.04198979e-01, 2.31520301e-01, 5.86785940e-01, 4.40576434e-01, 5.04315515e-01, 5.71636901e-01, 2.66723660e+00, 1.01657163e+02
7.23968114e-01, 2.36529229e-01, 5.80057132e-01, 4.48163471e-01, 4.96728478e-01, 5.84641435e-01, 2.65423206e+00, 1.02779910e+02
7.44292233e-01, 2.41619247e-01, 5.73298431e-01, 4.55787908e-01, 4.89104041e-01, 5.97862903e-01, 2.64101059e+00, 1.03948105e+02
7.65186915e-01, 2.46790700e-01, 5.66512244e-01, 4.63446026e-01, 4.81445923e-01, 6.11300593e-01, 2.62757290e+00, 1.05163894e+02
7.86668179e-01, 2.52043903e-01, 5.59701019e-01, 4.71133990e-01, 4.73757959e-01, 6.24953528e-01, 2.61391997e+00, 1.06429513e+02
8.08752491e-01, 2.57379142e-01, 5.52867241e-01, 4.78847846e-01, 4.66044103e-01, 6.38820458e-01, 2.60005304e+00, 1.07747296e+02
8.31456781e-01, 2.62796674e-01, 5.46013431e-01, 4.86583534e-01, 4.58308415e-01, 6.52899852e-01, 2.58597365e+00, 1.09119675e+02
8.54798453e-01, 2.68296725e-01, 5.39142136e-01, 4.94336893e-01, 4.50555056e-01, 6.67189894e-01, 2.57168360e+00, 1.10549183e+02
8.78795401e-01, 2.73879488e-01, 5.32255933e-01, 5.02103668e-01, 4.42788281e-01, 6.81688479e-01, 2.55718502e+00, 1.12038453e+02
9.03466021e-01, 2.79545129e-01, 5.25357421e-01, 5.09879523e-01, 4.35012426e-01, 6.96393208e-01, 2.54248029e+00, 1.13590226e+02
9.28829225e-01, 2.85293778e-01, 5.18449216e-01, 5.17660045e-01, 4.27231904e-01, 7.11301387e-01, 2.52757211e+00, 1.15207350e+02
9.54904456e-01, 2.91125536e-01, 5.11533951e-01, 5.25440760e-01, 4.19451189e-01, 7.26410026e-01, 2.51246347e+00, 1.16892784e+02
9.81711702e-01, 2.97040474e-01, 5.04614268e-01, 5.33217138e-01, 4.11674811e-01, 7.41715838e-01, 2.49715766e+00, 1.18649597e+02
1.00927151e+00, 3.03038627e-01, 4.97692817e-01, 5.40984610e-01, 4.03907339e-01, 7.57215244e-01, 2.48165825e+00, 1.20480976e+02
1.03760502e+00, 3.09120002e-01, 4.90772250e-01, 5.48738578e-01, 3.96153371e-01, 7.72904375e-01, 2.46596912e+00, 1.22390223e+02
1.06673394e+00, 3.15284571e-01, 4.83855218e-01, 5.56474426e-01, 3.88417523e-01, 7.88779077e-01, 2.45009442e+00, 1.24380761e+02
1.09668060e+00, 3.21532276e-01, 4.76944367e-01, 5.64187535e-01, 3.80704414e-01, 8.04834916e-01, 2.43403858e+00, 1.26456137e+02
1.12746796e+00, 3.27863028e-01, 4.70042332e-01, 5.71873294e-01, 3.73018655e-01, 8.21067189e-01, 2.41780631e+00, 1.28620023e+02
1.15911962e+00, 3.34276704e-01, 4.63151736e-01, 5.79527117e-01, 3.65364832e-01, 8.37470931e-01, 2.40140257e+00, 1.30876221e+02
1.19165984e+00, 3.40773150e-01, 4.56275185e-01, 5.87144452e-01, 3.57747497e-01, 8.54040926e-01, 2.38483257e+00, 1.33228663e+02
1.22511358e+00, 3.47352184e-01, 4.49415262e-01, 5.94720797e-01, 3.50171152e-01, 8.70771720e-01, 2.36810178e+00, 1.35681419e+02
1.25950646e+00, 3.54013588e-01, 4.42574525e-01, 6.02251711e-01, 3.42640238e-01, 8.87657631e-01, 2.35121587e+00, 1.38238700e+02
1.29486487e+00, 3.60757118e-01, 4.35755505e-01, 6.09732832e-01, 3.35159117e-01, 9.04692769e-01, 2.33418073e+00, 1.40904856e+02
1.33121590e+00, 3.67582497e-01, 4.28960698e-01, 6.17159884e-01, 3.27732065e-01, 9.21871047e-01, 2.31700245e+00, 1.43684390e+02
1.36858742e+00, 3.74489419e-01, 4.22192565e-01, 6.24528691e-01, 3.20363258e-01, 9.39186196e-01, 2.29968730e+00, 1.46581956e+02
1.40700809e+00, 3.81477549e-01, 4.15453528e-01, 6.31835192e-01, 3.13056757e-01, 9.56631788e-01, 2.28224171e+00, 1.49602367e+02
1.44650734e+00, 3.88546523e-01, 4.08745964e-01, 6.39075446e-01, 3.05816503e-01, 9.74201247e-01, 2.26467225e+00, 1.52750598e+02
1.48711546e+00, 3.95695948e-01, 4.02072206e-01, 6.46245649e-01, 2.98646300e-01, 9.91887871e-01, 2.24698563e+00, 1.56031796e+02
1.52886359e+00, 4.02925403e-01, 3.95434536e-01, 6.53342140e-01, 2.91549809e-01, 1.00968485e+00, 2.22918865e+00, 1.59451284e+02
1.57178372e+00, 4.10234442e-01, 3.88835186e-01, 6.60361408e-01, 2.84530541e-01, 1.02758528e+00, 2.21128822e+00, 1.63014567e+02
1.61590875e+00, 4.17622591e-01, 3.82276331e-01, 6.67300106e-01, 2.77591843e-01, 1.04558218e+00, 2.19329131e+00, 1.66727343e+02
1.66127252e+00, 4.25089350e-01, 3.75760089e-01, 6.74155053e-01, 2.70736897e-01, 1.06366854e+00, 2.17520496e+00, 1.70595509e+02
1.70790980e+00, 4.32634194e-01, 3.69288519e-01, 6.80923240e-01, 2.63968709e-01, 1.08183729e+00, 2.15703621e+00, 1.74625168e+02
1.75585633e+00, 4.40256573e-01, 3.62863618e-01, 6.87601839e-01, 2.57290110e-01, 1.10008134e+00, 2.13879216e+00, 1.78822643e+02
1.80514888e+00, 4.47955916e-01, 3.56487318e-01, 6.94188205e-01, 2.50703744e-01, 1.11839361e+00, 2.12047989e+00, 1.83194481e+02
1.85582523e+00, 4.55731626e-01, 3.50161484e-01, 7.00679878e-01, 2.44212071e-01, 1.13676704e+00, 2.10210645e+00, 1.87747468e+02
1.90792422e+00, 4.63583085e-01, 3.43887915e-01, 7.07074587e-01, 2.37817362e-01, 1.15519460e+00, 2.08367890e+00, 1.92488641e+02
1.96148581e+00, 4.71509656e-01, 3.37668341e-01, 7.13370251e-01, 2.31521698e-01, 1.17366929e+00, 2.06520421e+00, 1.97425292e+02
2.01655104e+00, 4.79510678e-01, 3.31504419e-01, 7.19564977e-01, 2.25326972e-01, 1.19218419e+00, 2.04668931e+00, 2.02564992e+02
2.07316213e+00, 4.87585472e-01, 3.25397736e-01, 7.25657066e-01, 2.19234884e-01, 1.21073244e+00, 2.02814106e+00, 2.07915593e+02
2.13136247e+00, 4.95733342e-01, 3.19349807e-01, 7.31645002e-01, 2.13246947e-01, 1.22930728e+00, 2.00956622e+00, 2.13485251e+02
2.19119669e+00, 5.03953573e-01, 3.13362070e-01, 7.37527460e-01, 2.07364490e-01, 1.24790203e+00, 1.99097147e+00, 2.19282432e+02
2.25271064e+00, 5.12245431e-01, 3.07435893e-01, 7.43303295e-01, 2.01588654e-01, 1.26651013e+00, 1.97236336e+00, 2.25315934e+02
2.31595149e+00, 5.20608169e-01, 3.01572566e-01, 7.48971545e-01, 1.95920404e-01, 1.28512515e+00, 1.95374835e+00, 2.31594901e+02
2.38096772e+00, 5.29041024e-01, 2.95773306e-01, 7.54531423e-01, 1.90360526e-01, 1.30374075e+00, 1.93513275e+00, 2.38128837e+02
2.44780916e+00, 5.37543219e-01, 2.90039255e-01, 7.59982313e-01, 1.84909636e-01, 1.32235076e+00, 1.91652274e+00, 2.44927627e+02
2.51652705e+00, 5.46113963e-01, 2.84371479e-01, 7.65323766e-01, 1.79568183e-01, 1.34094912e+00, 1.89792438e+00, 2.52001550e+02
2.58717408e+00, 5.54752453e-01, 2.78770971e-01, 7.70555494e-01, 1.74336455e-01, 1.35952994e+00, 1.87934356e+00, 2.59361306e+02
2.65980440e+00, 5.63457874e-01, 2.73238647e-01, 7.75677364e-01, 1.69214585e-01, 1.37808746e+00, 1.86078604e+00, 2.67018027e+02
2.73447368e+00, 5.72229403e-01, 2.67775351e-01, 7.80689394e-01, 1.64202555e-01, 1.39661608e+00, 1.84225742e+00, 2.74983302e+02
2.81123917e+00, 5.81066203e-01, 2.62381854e-01, 7.85591742e-01, 1.59300207e-01, 1.41511037e+00, 1.82376313e+00, 2.83269198e+02
2.89015972e+00, 5.89967432e-01, 2.57058854e-01, 7.90384705e-01, 1.54507244e-01, 1.43356503e+00, 1.80530846e+00, 2.91888282e+02
2.97129582e+00, 5.98932239e-01, 2.51806978e-01, 7.95068708e-01, 1.49823241e-01, 1.45197496e+00, 1.78689853e+00, 3.00853640e+02
3.05470967e+00, 6.07959763e-01, 2.46626782e-01, 7.99644300e-01, 1.45247649e-01, 1.47033519e+00, 1.76853830e+00, 3.10178909e+02
3.14046522e+00, 6.17049141e-01, 2.41518754e-01, 8.04112145e-01, 1.40779804e-01, 1.48864093e+00, 1.75023257e+00, 3.19878292e+02
3.22862820e+00, 6.26199502e-01, 2.36483311e-01, 8.08473019e-01, 1.36418930e-01, 1.50688754e+00, 1.73198595e+00, 3.29966593e+02
3.31926620e+00, 6.35409971e-01, 2.31520808e-01, 8.12727799e-01, 1.32164150e-01, 1.52507056e+00, 1.71380294e+00, 3.40459237e+02
3.41244871e+00, 6.44679670e-01, 2.26631530e-01, 8.16877457e-01, 1.28014492e-01, 1.54318567e+00, 1.69568783e+00, 3.51372299e+02
3.50824714e+00, 6.54007716e-01, 2.21815701e-01, 8.20923056e-01, 1.23968894e-01, 1.56122873e+00, 1.67764477e+00, 3.62722535e+02
3.60673495e+00, 6.63393226e-01, 2.17073483e-01, 8.24865741e-01, 1.20026208e-01, 1.57919574e+00, 1.65967776e+00, 3.74527411e+02
3.70798763e+00, 6.72835313e-01, 2.12404976e-01, 8.28706734e-01, 1.16185215e-01, 1.59708289e+00, 1.64179061e+00, 3.86805132e+02
3.81208280e+00, 6.82333091e-01, 2.07810223e-01, 8.32447328e-01, 1.12444621e-01, 1.61488648e+00, 1.62398702e+00, 3.99574678e+02
3.91910025e+00, 6.91885673e-01, 2.03289209e-01, 8.36088879e-01, 1.08803070e-01, 1.63260301e+00, 1.60627049e+00, 4.12855834e+02
4.02912203e+00, 7.01492174e-01, 1.98841864e-01, 8.39632802e-01, 1.05259147e-01, 1.65022908e+00, 1.58864441e+00, 4.26669226e+02
4.14223247e+00, 7.11151707e-01, 1.94468065e-01, 8.43080565e-01, 1.01811384e-01, 1.66776150e+00, 1.57111200e+00, 4.41036358e+02
4.25851829e+00, 7.20863389e-01, 1.90167637e-01, 8.46433683e-01, 9.84582657e-02, 1.68519716e+00, 1.55367634e+00, 4.55979649e+02
4.37806863e+00, 7.30626340e-01, 1.85940357e-01, 8.49693714e-01, 9.51982353e-02, 1.70253314e+00, 1.53634036e+00, 4.71522472e+02
4.50097513e+00, 7.40439681e-01, 1.81785952e-01, 8.52862251e-01, 9.20296982e-02, 1.71976664e+00, 1.51910686e+00, 4.87689196e+02
4.62733201e+00, 7.50302539e-01, 1.77704105e-01, 8.55940921e-01, 8.89510279e-02, 1.73689500e+00, 1.50197850e+00, 5.04505224e+02
4.75723614e+00, 7.60214043e-01, 1.73694456e-01, 8.58931379e-01, 8.59605701e-02, 1.75391569e+00, 1.48495781e+00, 5.21997045e+02
4.89078709e+00, 7.70173327e-01, 1.69756602e-01, 8.61835302e-01, 8.30566473e-02, 1.77082632e+00, 1.46804717e+00, 5.40192271e+02
5.02808725e+00, 7.80179530e-01, 1.65890100e-01, 8.64654386e-01, 8.02375629e-02, 1.78762463e+00, 1.45124887e+00, 5.59119692e+02
5.16924187e+00, 7.90231798e-01, 1.62094471e-01, 8.67390344e-01, 7.75016051e-02, 1.80430846e+00, 1.43456504e+00, 5.78809321e+02
5.31435916e+00, 8.00329281e-01, 1.58369199e-01, 8.70044898e-01, 7.48470506e-02, 1.82087579e+00, 1.41799771e+00, 5.99292448e+02
5.46355035e+00, 8.10471136e-01, 1.54713732e-01, 8.72619781e-01, 7.22721683e-02, 1.83732473e+00, 1.40154876e+00, 6.20601692e+02
5.61692982e+00, 8.20656529e-01, 1.51127491e-01, 8.75116727e-01, 6.97752224e-02, 1.85365349e+00, 1.38522001e+00, 6.42771061e+02
5.77461515e+00, 8.30884629e-01, 1.47609861e-01, 8.77537473e-01, 6.73544756e-02, 1.86986039e+00, 1.36901311e+00, 6.65836004e+02
5.93672722e+00, 8.41154616e-01, 1.44160202e-01, 8.79883757e-01, 6.50081922e-02, 1.88594386e+00, 1.35292963e+00, 6.89833480e+02
6.10339029e+00, 8.51465677e-01, 1.40777848e-01, 8.82157309e-01, 6.27346405e-02, 1.90190246e+00, 1.33697104e+00, 7.14802015e+02
6.27473213e+00, 8.61817006e-01, 1.37462106e-01, 8.84359853e-01, 6.05320956e-02, 1.91773482e+00, 1.32113868e+00, 7.40781770e+02
6.45088409e+00, 8.72207807e-01, 1.34212261e-01, 8.86493107e-01, 5.83988418e-02, 1.93343968e+00, 1.30543381e+00, 7.67814610e+02
6.63198120e+00, 8.82637292e-01, 1.31027576e-01, 8.88558774e-01, 5.63331746e-02, 1.94901590e+00, 1.28985759e+00, 7.95944178e+02
6.81816229e+00, 8.93104682e-01, 1.27907296e-01, 8.90558546e-01, 5.43334029e-02, 1.96446242e+00, 1.27441108e+00, 8.25215966e+02
7.00957009e+00, 9.03609206e-01, 1.24850646e-01, 8.92494098e-01, 5.23978508e-02, 1.97977825e+00, 1.25909525e+00, 8.55677396e+02
7.20635132e+00, 9.14150106e-01, 1.21856835e-01, 8.94367090e-01, 5.05248593e-02, 1.99496253e+00, 1.24391097e+00, 8.87377897e+02
7.40865683e+00, 9.24726629e-01, 1.18925058e-01, 8.96179161e-01, 4.87127881e-02, 2.01001446e+00, 1.22885904e+00, 9.20368997e+02
7.61664172e+00, 9.35338035e-01, 1.16054495e-01, 8.97931932e-01, 4.69600168e-02, 2.02493333e+00, 1.21394017e+00, 9.54704404e+02
7.83046540e+00, 9.45983593e-01, 1.13244314e-01, 8.99627003e-01, 4.52649462e-02, 2.03971852e+00, 1.19915498e+00, 9.90440102e+02
8.05029181e+00, 9.56662583e-01, 1.10493675e-01, 9.01265949e-01, 4.36259997e-02, 2.05436948e+00, 1.18450402e+00, 1.02763445e+03
8.27628946e+00, 9.67374292e-01, 1.07801724e-01, 9.02850325e-01, 4.20416241e-02, 2.06888573e+00, 1.16998777e+00, 1.06634826e+03
8.50863158e+00, 9.78118021e-01, 1.05167604e-01, 9.04381658e-01, 4.05102909e-02, 2.08326688e+00, 1.15560661e+00, 1.10664495e+03
8.74749630e+00, 9.88893079e-01, 1.02590447e-01, 9.05861452e-01, 3.90304966e-02, 2.09751261e+00, 1.14136089e+00, 1.14859060e+03
8.99306672e+00, 9.99698787e-01, 1.00069381e-01, 9.07291185e-01, 3.76007640e-02, 2.11162266e+00, 1.12725084e+00, 1.19225408e+03
9.24553110e+00, 1.01053448e+00, 9.76035298e-02, 9.08672307e-01, 3.62196424e-02, 2.12559683e+00, 1.11327667e+00, 1.23770720e+03
9.50508296e+00, 1.02139949e+00, 9.51920136e-02, 9.10006241e-01, 3.48857084e-02, 2.13943500e+00, 1.09943850e+00, 1.28502480e+03
9.77192128e+00, 1.03229317e+00, 9.28339498e-02, 9.11294383e-01, 3.35975662e-02, 2.15313710e+00, 1.08573639e+00, 1.33428487e+03
1.00462506e+01, 1.04321489e+00, 9.05284548e-02, 9.12538101e-01, 3.23538481e-02, 2.16670314e+00, 1.07217035e+00, 1.38556871e+03
1.03282813e+01, 1.05416402e+00, 8.82746444e-02, 9.13738734e-01, 3.11532148e-02, 2.18013317e+00, 1.05874033e+00, 1.43896107e+03
1.06182294e+01, 1.06513995e+00, 8.60716349e-02, 9.14897594e-01, 2.99943555e-02, 2.19342729e+00, 1.04544621e+00, 1.49455027e+03
1.09163173e+01, 1.07614206e+00, 8.39185439e-02, 9.16015961e-01, 2.88759879e-02, 2.20658567e+00, 1.03228783e+00, 1.55242839e+03
1.12227736e+01, 1.08716977e+00, 8.18144912e-02, 9.17095090e-01, 2.77968587e-02, 2.21960852e+00, 1.01926498e+00, 1.61269137e+03
1.15378330e+01, 1.09822248e+00, 7.97585995e-02, 9.18136205e-01, 2.67557436e-02, 2.23249610e+00, 1.00637740e+00, 1.67543924e+03
1.18617372e+01, 1.10929963e+00, 7.77499950e-02, 9.19140502e-01, 2.57514468e-02, 2.24524873e+00, 9.93624772e-01, 1.74077624e+03
1.21947344e+01, 1.12040065e+00, 7.57878084e-02, 9.20109148e-01, 2.47828013e-02, 2.25786675e+00, 9.81006748e-01, 1.80881103e+03
1.25370799e+01, 1.13152499e+00, 7.38711753e-02, 9.21043280e-01, 2.38486688e-02, 2.27035057e+00, 9.68522926e-01, 1.87965687e+03
1.28890361e+01, 1.14267211e+00, 7.19992367e-02, 9.21944010e-01, 2.29479394e-02, 2.28270063e+00, 9.56172867e-01, 1.95343181e+03
1.32508729e+01, 1.15384147e+00, 7.01711401e-02, 9.22812418e-01, 2.20795315e-02, 2.29491741e+00, 9.43956091e-01, 2.03025889e+03
1.36228676e+01, 1.16503255e+00, 6.83860392e-02, 9.23649558e-01, 2.12423914e-02, 2.30700142e+00, 9.31872079e-01, 2.11026635e+03
1.40053055e+01, 1.17624484e+00, 6.66430952e-02, 9.24456456e-01, 2.04354931e-02, 2.31895322e+00, 9.19920278e-01, 2.19358786e+03
1.43984795e+01, 1.18747784e+00, 6.49414767e-02, 9.25234111e-01, 1.96578383e-02, 2.33077340e+00, 9.08100100e-01, 2.28036275e+03
1.48026913e+01, 1.19873106e+00, 6.32803605e-02, 9.25983494e-01, 1.89084554e-02, 2.34246257e+00, 8.96410923e-01, 2.37073624e+03
1.52182505e+01, 1.21000400e+00, 6.16589316e-02, 9.26705549e-01, 1.81863997e-02, 2.35402140e+00, 8.84852095e-01, 2.46485970e+03
1.56454759e+01, 1.22129622e+00, 6.00763839e-02, 9.27401196e-01, 1.74907530e-02, 2.36545056e+00, 8.73422933e-01, 2.56289090e+03
1.60846948e+01, 1.23260723e+00, 5.85319205e-02, 9.28071326e-01, 1.68206228e-02, 2.37675077e+00, 8.62122727e-01, 2.66499428e+03
1.65362441e+01, 1.24393658e+00, 5.70247538e-02, 9.28716807e-01, 1.61751422e-02, 2.38792276e+00, 8.50950739e-01, 2.77134124e+03
1.70004698e+01, 1.25528384e+00, 5.55541057e-02, 9.29338479e-01, 1.55534696e-02, 2.39896729e+00, 8.39906208e-01, 2.88211045e+03
1.74777277e+01, 1.26664856e+00, 5.41192085e-02, 9.29937161e-01, 1.49547876e-02, 2.40988515e+00, 8.28988347e-01, 2.99748812e+03
1.79683839e+01, 1.27803033e+00, 5.27193041e-02, 9.30513646e-01, 1.43783035e-02, 2.42067715e+00, 8.18196346e-01, 3.11766834e+03
1.84728144e+01, 1.28942872e+00, 5.13536452e-02, 9.31068701e-01, 1.38232479e-02, 2.43134412e+00, 8.07529377e-01, 3.24285343e+03
1.89914058e+01, 1.30084334e+00, 5.00214947e-02, 9.31603074e-01, 1.32888750e-02, 2.44188691e+00, 7.96986589e-01, 3.37325427e+03
1.95245558e+01, 1.31227377e+00, 4.87221263e-02, 9.32117488e-01, 1.27744614e-02, 2.45230638e+00, 7.86567113e-01, 3.50909064e+03
2.00726730e+01, 1.32371963e+00, 4.74548245e-02, 9.32612643e-01, 1.22793064e-02, 2.46260343e+00, 7.76270063e-01, 3.65059166e+03
2.06361777e+01, 1.33518054e+00, 4.62188846e-02, 9.33089218e-01, 1.18027306e-02, 2.47277896e+00, 7.66094537e-01, 3.79799612e+03
2.12155017e+01, 1.34665613e+00, 4.50136131e-02, 9.33547873e-01, 1.13440762e-02, 2.48283388e+00, 7.56039617e-01, 3.95155293e+03
2.18110892e+01, 1.35814602e+00, 4.38383275e-02, 9.33989243e-01, 1.09027061e-02, 2.49276913e+00, 7.46104371e-01, 4.11152153e+03
2.24233968e+01, 1.36964988e+00, 4.26923562e-02, 9.34413945e-01, 1.04780036e-02, 2.50258564e+00, 7.36287855e-01, 4.27817235e+03
2.30528939e+01, 1.38116734e+00, 4.15750390e-02, 9.34822577e-01, 1.00693716e-02, 2.51228439e+00, 7.26589110e-01, 4.45178727e+03
2.37000629e+01, 1.39269806e+00, 4.04857268e-02, 9.35215717e-01, 9.67623246e-03, 2.52186633e+00, 7.17007170e-01, 4.63266009e+03
2.43654001e+01, 1.40424172e+00, 3.94237819e-02, 9.35593922e-01, 9.29802732e-03, 2.53133244e+00, 7.07541056e-01, 4.82109706e+03
2.50494154e+01, 1.41579798e+00, 3.83885774e-02, 9.35957733e-01, 8.93421562e-03, 2.54068372e+00, 6.98189780e-01, 5.01741739e+03
2.57526333e+01, 1.42736654e+00, 3.73794979e-02, 9.36307674e-01, 8.58427469e-03, 2.54992115e+00, 6.88952346e-01, 5.22195382e+03
2.64755927e+01, 1.43894707e+00, 3.63959391e-02, 9.36644250e-01, 8.24769918e-03, 2.55904575e+00, 6.79827752e-01, 5.43505316e+03
2.72188479e+01, 1.45053928e+00, 3.54373078e-02, 9.36967948e-01, 7.92400068e-03, 2.56805851e+00, 6.70814986e-01, 5.65707691e+03
2.79829688e+01, 1.46214287e+00, 3.45030217e-02, 9.37279242e-01, 7.61270719e-03, 2.57696046e+00, 6.61913033e-01, 5.88840189e+03
2.87685409e+01, 1.47375755e+00, 3.35925097e-02, 9.37578586e-01, 7.31336267e-03, 2.58575263e+00, 6.53120872e-01, 6.12942086e+03
2.95761666e+01, 1.48538304e+00, 3.27052117e-02, 9.37866422e-01, 7.02552662e-03, 2.59443602e+00, 6.44437477e-01, 6.38054323e+03
3.04064649e+01, 1.49701906e+00, 3.18405781e-02, 9.38143175e-01, 6.74877357e-03, 2.60301168e+00, 6.35861819e-01, 6.64219573e+03
3.12600724e+01, 1.50866534e+00, 3.09980705e-02, 9.38409256e-01, 6.48269272e-03, 2.61148063e+00, 6.27392865e-01, 6.91482318e+03
3.21376434e+01, 1.52032162e+00, 3.01771610e-02, 9.38665062e-01, 6.22688744e-03, 2.61984392e+00, 6.19029579e-01, 7.19888923e+03
3.30398507e+01, 1.53198765e+00, 2.93773321e-02, 9.38910974e-01, 5.98097489e-03, 2.62810257e+00, 6.10770926e-01, 7.49487717e+03
3.39673858e+01, 1.54366317e+00, 2.85980772e-02, 9.39147363e-01, 5.74458557e-03, 2.63625763e+00, 6.02615867e-01, 7.80329075e+03
3.49209598e+01, 1.55534793e+00, 2.78388997e-02, 9.39374586e-01, 5.51736294e-03, 2.64431013e+00, 5.94563364e-01, 8.12465508e+03
3.59013038e+01, 1.56704171e+00, 2.70993135e-02, 9.39592986e-01, 5.29896301e-03, 2.65226112e+00, 5.86612376e-01, 8.45951748e+03
3.69091691e+01, 1.57874427e+00, 2.63788425e-02, 9.39802895e-01, 5.08905397e-03, 2.66011163e+00, 5.78761867e-01, 8.80844849e+03
3.79453285e+01, 1.59045537e+00, 2.56770206e-02, 9.40004633e-01, 4.88731577e-03, 2.66786270e+00, 5.71010797e-01, 9.17204279e+03
3.90105762e+01, 1.60217481e+00, 2.49933916e-02, 9.40198509e-01, 4.69343977e-03, 2.67551537e+00, 5.63358130e-01, 9.55092026e+03
4.01057288e+01, 1.61390235e+00, 2.43275093e-02, 9.40384821e-01, 4.50712839e-03, 2.68307066e+00, 5.55802833e-01, 9.94572705e+03
4.12316259e+01, 1.62563780e+00, 2.36789368e-02, 9.40563854e-01, 4.32809471e-03, 2.69052963e+00, 5.48343871e-01, 1.03571367e+04
4.23891306e+01, 1.63738095e+00, 2.30472468e-02, 9.40735887e-01, 4.15606219e-03, 2.69789328e+00, 5.40980215e-01, 1.07858512e+04
4.35791301e+01, 1.64913159e+00, 2.24320214e-02, 9.40901185e-01, 3.99076427e-03, 2.70516266e+00, 5.33710839e-01, 1.12326023e+04
4.48025368e+01, 1.66088953e+00, 2.18328518e-02, 9.41060005e-01, 3.83194408e-03, 2.71233878e+00, 5.26534718e-01, 1.16981529e+04
4.60602884e+01, 1.67265458e+00, 2.12493385e-02, 9.41212595e-01, 3.67935408e-03, 2.71942267e+00, 5.19450832e-01, 1.21832981e+04
4.73533492e+01, 1.68442656e+00, 2.06810907e-02, 9.41359193e-01, 3.53275581e-03, 2.72641533e+00, 5.12458165e-01, 1.26888667e+04
4.86827104e+01, 1.69620528e+00, 2.01277264e-02, 9.41500030e-01, 3.39191954e-03, 2.73331779e+00, 5.05555706e-01, 1.32157225e+04
5.00493910e+01, 1.70799057e+00, 1.95888723e-02, 9.41635325e-01, 3.25662396e-03, 2.74013105e+00, 4.98742448e-01, 1.37647662e+04
5.14544388e+01, 1.71978224e+00, 1.90641636e-02, 9.41765293e-01, 3.12665595e-03, 2.74685611e+00, 4.92017387e-01, 1.43369363e+04
5.28989308e+01, 1.73158015e+00, 1.85532437e-02, 9.41890139e-01, 3.00181026e-03, 2.75349397e+00, 4.85379528e-01, 1.49332114e+04
5.43839743e+01, 1.74338412e+00, 1.80557646e-02, 9.42010060e-01, 2.88188925e-03, 2.76004562e+00, 4.78827878e-01, 1.55546113e+04
5.59107078e+01, 1.75519399e+00, 1.75713858e-02, 9.42125246e-01, 2.76670263e-03, 2.76651205e+00, 4.72361452e-01, 1.62021992e+04
5.74803016e+01, 1.76700960e+00, 1.70997750e-02, 9.42235882e-01, 2.65606719e-03, 2.77289423e+00, 4.65979269e-01, 1.68770832e+04
5.90939590e+01, 1.77883082e+00, 1.66406078e-02, 9.42342142e-01, 2.54980659e-03, 2.77919314e+00, 4.59680355e-01, 1.75804185e+04
6.07529169e+01, 1.79065748e+00, 1.61935670e-02, 9.42444198e-01, 2.44775107e-03, 2.78540976e+00, 4.53463742e-01, 1.83134092e+04
6.24584471e+01, 1.80248944e+00, 1.57583434e-02, 9.42542212e-01, 2.34973726e-03, 2.79154503e+00, 4.47328469e-01, 1.90773103e+04
6.42118571e+01, 1.81432657e+00, 1.53346346e-02, 9.42636341e-01, 2.25560792e-03, 2.79759992e+00, 4.41273581e-01, 1.98734303e+04
6.60144909e+01, 1.82616872e+00, 1.49221457e-02, 9.42726737e-01, 2.16521177e-03, 2.80357537e+00, 4.35298130e-01, 2.07031328e+04
6.78677305e+01, 1.83801577e+00, 1.45205889e-02, 9.42813546e-01, 2.07840322e-03, 2.80947232e+00, 4.29401175e-01, 2.15678394e+04
6.97729965e+01, 1.84986758e+00, 1.41296829e-02, 9.42896907e-01, 1.99504221e-03, 2.81529172e+00, 4.23581782e-01, 2.24690318e+04
7.17317494e+01, 1.86172403e+00, 1.37491537e-02, 9.42976955e-01, 1.91499398e-03, 2.82103447e+00, 4.17839024e-01, 2.34082547e+04
7.37454909e+01, 1.87358500e+00, 1.33787335e-02, 9.43053820e-01, 1.83812891e-03, 2.82670152e+00, 4.12171980e-01, 2.43871180e+04
7.58157646e+01, 1.88545036e+00, 1.30181611e-02, 9.43127627e-01, 1.76432232e-03, 2.83229376e+00, 4.06579740e-01, 2.54073002e+04
7.79441575e+01, 1.89731999e+00, 1.26671819e-02, 9.43198495e-01, 1.69345427e-03, 2.83781210e+00, 4.01061398e-01, 2.64705505e+04
8.01323013e+01, 1.90919379e+00, 1.23255471e-02, 9.43266540e-01, 1.62540942e-03, 2.84325744e+00, 3.95616056e-01, 2.75786926e+04
8.23818733e+01, 1.92107165e+00, 1.19930143e-02, 9.43331872e-01, 1.56007685e-03, 2.84863067e+00, 3.90242827e-01, 2.87336273e+04
8.46945981e+01, 1.93295345e+00, 1.16693470e-02, 9.43394599e-01, 1.49734989e-03, 2.85393267e+00, 3.84940827e-01, 2.99373360e+04
8.70722485e+01, 1.94483908e+00, 1.13543144e-02, 9.43454823e-01, 1.43712597e-03, 2.85916431e+00, 3.79709184e-01, 3.11918841e+04
8.95166472e+01, 1.95672846e+00, 1.10476916e-02, 9.43512643e-01, 1.37930648e-03, 2.86432647e+00, 3.74547030e-01, 3.24994245e+04
9.20296681e+01, 1.96862147e+00, 1.07492590e-02, 9.43568152e-01, 1.32379659e-03, 2.86941999e+00, 3.69453508e-01, 3.38622015e+04
9.46132376e+01, 1.98051802e+00, 1.04588028e-02, 9.43621444e-01, 1.27050514e-03, 2.87444573e+00, 3.64427767e-01, 3.52825543e+04
9.72693362e+01, 1.99241802e+00, 1.01761143e-02, 9.43672605e-01, 1.21934452e-03, 2.87940453e+00, 3.59468966e-01, 3.67629214e+04
1.00000000e+02, 2.00432137e+00, 9.90099010e-03, 9.43721719e-01, 1.17023047e-03, 2.88429723e+00, 3.54576270e-01, 3.83058446e+04
