 --- Cosmological Parameters --- 
	 H0: 2.1791e-18 (1/s) = 67.2400 (km/s/Mpc) 
	 OmegaM: 3.0500e-01 
	 OmegaR: 0.0000e+00 
	 OmegaL: 6.9500e-01 
	 OmegaK: 0.0000e+00 
		 w0: -7.2700e-01 
		 wa: -1.0500e+00 
	 rho_crit: 8.4944e-30 (g/cm^3) 
z, log10(1+z), a, H0*t_look, H0*t_age, H0*t_conf, H0*t_conf_age, H(z) 
1.00000000e-04, 4.34272769e-05, 9.99900010e-01, 9.99912904e-05, 9.53400694e-01, 9.99962898e-05, 3.28187799e+00, 6.72449896e+01
1.02807322e-04, 4.46463579e-05, 9.99897203e-01, 1.02798117e-04, 9.53397887e-01, 1.02803401e-04, 3.28187519e+00, 6.72451297e+01
1.05693455e-04, 4.58996588e-05, 9.99894318e-01, 1.05683726e-04, 9.53395002e-01, 1.05689311e-04, 3.28187230e+00, 6.72452737e+01
1.08660611e-04, 4.71881402e-05, 9.99891351e-01, 1.08650328e-04, 9.53392035e-01, 1.08656231e-04, 3.28186933e+00, 6.72454217e+01
1.11711065e-04, 4.85127895e-05, 9.99888301e-01, 1.11700196e-04, 9.53388985e-01, 1.11706435e-04, 3.28186628e+00, 6.72455739e+01
1.14847155e-04, 4.98746217e-05, 9.99885166e-01, 1.14835667e-04, 9.53385850e-01, 1.14842261e-04, 3.28186315e+00, 6.72457304e+01
1.18071285e-04, 5.12746804e-05, 9.99881943e-01, 1.18059143e-04, 9.53382626e-01, 1.18066112e-04, 3.28185992e+00, 6.72458913e+01
1.21385926e-04, 5.27140387e-05, 9.99878629e-01, 1.21373093e-04, 9.53379312e-01, 1.21380460e-04, 3.28185661e+00, 6.72460566e+01
1.24793621e-04, 5.41937993e-05, 9.99875222e-01, 1.24780057e-04, 9.53375905e-01, 1.24787843e-04, 3.28185320e+00, 6.72462267e+01
1.28296980e-04, 5.57150964e-05, 9.99871719e-01, 1.28282644e-04, 9.53372403e-01, 1.28290873e-04, 3.28184970e+00, 6.72464015e+01
1.31898690e-04, 5.72790956e-05, 9.99868119e-01, 1.31883538e-04, 9.53368802e-01, 1.31892235e-04, 3.28184610e+00, 6.72465812e+01
1.35601511e-04, 5.88869955e-05, 9.99864417e-01, 1.35585497e-04, 9.53365100e-01, 1.35594689e-04, 3.28184239e+00, 6.72467659e+01
1.39408283e-04, 6.05400281e-05, 9.99860611e-01, 1.39391356e-04, 9.53361294e-01, 1.39401072e-04, 3.28183859e+00, 6.72469558e+01
1.43321923e-04, 6.22394601e-05, 9.99856699e-01, 1.43304033e-04, 9.53357381e-01, 1.43314302e-04, 3.28183467e+00, 6.72471511e+01
1.47345431e-04, 6.39865937e-05, 9.99852676e-01, 1.47326523e-04, 9.53353359e-01, 1.47337376e-04, 3.28183065e+00, 6.72473518e+01
1.51481892e-04, 6.57827676e-05, 9.99848541e-01, 1.51461908e-04, 9.53349223e-01, 1.51473379e-04, 3.28182652e+00, 6.72475582e+01
1.55734477e-04, 6.76293582e-05, 9.99844290e-01, 1.55713355e-04, 9.53344972e-01, 1.55725479e-04, 3.28182226e+00, 6.72477704e+01
1.60106446e-04, 6.95277803e-05, 9.99839919e-01, 1.60084121e-04, 9.53340601e-01, 1.60096936e-04, 3.28181789e+00, 6.72479885e+01
1.64601150e-04, 7.14794886e-05, 9.99835426e-01, 1.64577554e-04, 9.53336108e-01, 1.64591099e-04, 3.28181340e+00, 6.72482127e+01
1.69222035e-04, 7.34859785e-05, 9.99830807e-01, 1.69197096e-04, 9.53331488e-01, 1.69211411e-04, 3.28180878e+00, 6.72484433e+01
1.73972643e-04, 7.55487874e-05, 9.99826058e-01, 1.73946284e-04, 9.53326739e-01, 1.73961414e-04, 3.28180403e+00, 6.72486803e+01
1.78856616e-04, 7.76694958e-05, 9.99821175e-01, 1.78828757e-04, 9.53321857e-01, 1.78844748e-04, 3.28179914e+00, 6.72489239e+01
1.83877698e-04, 7.98497285e-05, 9.99816156e-01, 1.83848252e-04, 9.53316837e-01, 1.83865154e-04, 3.28179412e+00, 6.72491744e+01
1.89039738e-04, 8.20911560e-05, 9.99810996e-01, 1.89008616e-04, 9.53311677e-01, 1.89026480e-04, 3.28178896e+00, 6.72494319e+01
1.94346693e-04, 8.43954955e-05, 9.99805691e-01, 1.94313799e-04, 9.53306372e-01, 1.94332680e-04, 3.28178366e+00, 6.72496967e+01
1.99802631e-04, 8.67645125e-05, 9.99800237e-01, 1.99767865e-04, 9.53300917e-01, 1.99787821e-04, 3.28177820e+00, 6.72499689e+01
2.05411735e-04, 8.92000219e-05, 9.99794630e-01, 2.05374989e-04, 9.53295310e-01, 2.05396081e-04, 3.28177259e+00, 6.72502487e+01
2.11178304e-04, 9.17038897e-05, 9.99788866e-01, 2.11139467e-04, 9.53289546e-01, 2.11161760e-04, 3.28176683e+00, 6.72505364e+01
2.17106760e-04, 9.42780341e-05, 9.99782940e-01, 2.17065712e-04, 9.53283620e-01, 2.17089274e-04, 0.00000000e+00, 6.72508322e+01
2.23201647e-04, 9.69244272e-05, 9.99776848e-01, 2.23158262e-04, 9.53277527e-01, 2.23183165e-04, 3.28175481e+00, 6.72511362e+01
2.29467637e-04, 9.96450962e-05, 9.99770585e-01, 2.29421782e-04, 9.53271264e-01, 2.29448103e-04, 3.28174854e+00, 6.72514488e+01
2.35909533e-04, 1.02442125e-04, 9.99764146e-01, 2.35861068e-04, 9.53264824e-01, 2.35888887e-04, 3.28174210e+00, 6.72517702e+01
2.42532274e-04, 1.05317657e-04, 9.99757527e-01, 2.42481050e-04, 9.53258204e-01, 2.42510453e-04, 3.28173548e+00, 6.72521006e+01
2.49340937e-04, 1.08273895e-04, 9.99750721e-01, 2.49286797e-04, 9.53251399e-01, 2.49317873e-04, 3.28172867e+00, 6.72524402e+01
2.56340741e-04, 1.11313103e-04, 9.99743725e-01, 2.56283519e-04, 9.53244402e-01, 2.56316364e-04, 3.28172167e+00, 6.72527894e+01
2.63537052e-04, 1.14437609e-04, 9.99736532e-01, 2.63476572e-04, 9.53237209e-01, 2.63511288e-04, 3.28171448e+00, 6.72531484e+01
2.70935387e-04, 1.17649806e-04, 9.99729138e-01, 2.70871464e-04, 9.53229814e-01, 2.70908155e-04, 3.28170708e+00, 6.72535175e+01
2.78541416e-04, 1.20952156e-04, 9.99721536e-01, 2.78473855e-04, 9.53222211e-01, 2.78512635e-04, 3.28169948e+00, 6.72538969e+01
2.86360972e-04, 1.24347187e-04, 9.99713721e-01, 2.86289564e-04, 9.53214396e-01, 2.86330552e-04, 3.28169166e+00, 6.72542870e+01
2.94400048e-04, 1.27837499e-04, 9.99705687e-01, 2.94324575e-04, 9.53206361e-01, 2.94367896e-04, 3.28168362e+00, 6.72546880e+01
3.02664806e-04, 1.31425767e-04, 9.99697427e-01, 3.02585037e-04, 9.53198100e-01, 3.02630824e-04, 3.28167536e+00, 6.72551003e+01
3.11161583e-04, 1.35114738e-04, 9.99688935e-01, 3.11077273e-04, 9.53189608e-01, 3.11125666e-04, 3.28166686e+00, 6.72555241e+01
3.19896892e-04, 1.38907238e-04, 9.99680205e-01, 3.19807783e-04, 9.53180878e-01, 3.19858931e-04, 3.28165813e+00, 6.72559598e+01
3.28877429e-04, 1.42806171e-04, 9.99671231e-01, 3.28783247e-04, 9.53171902e-01, 3.28837307e-04, 3.28164915e+00, 6.72564078e+01
3.38110078e-04, 1.46814523e-04, 9.99662004e-01, 3.38010536e-04, 9.53162675e-01, 3.38067672e-04, 3.28163992e+00, 6.72568683e+01
3.47601918e-04, 1.50935364e-04, 9.99652519e-01, 3.47496709e-04, 9.53153189e-01, 3.47557098e-04, 3.28163043e+00, 6.72573418e+01
3.57360225e-04, 1.55171849e-04, 9.99642767e-01, 3.57249027e-04, 9.53143436e-01, 3.57312853e-04, 3.28162068e+00, 6.72578286e+01
3.67392478e-04, 1.59527223e-04, 9.99632742e-01, 3.67274950e-04, 9.53133410e-01, 3.67342410e-04, 3.28161065e+00, 6.72583290e+01
3.77706369e-04, 1.64004821e-04, 9.99622436e-01, 3.77582152e-04, 9.53123103e-01, 3.77653451e-04, 3.28160034e+00, 6.72588434e+01
3.88309805e-04, 1.68608072e-04, 9.99611841e-01, 3.88178516e-04, 9.53112507e-01, 3.88253874e-04, 3.28158973e+00, 6.72593723e+01
3.99210913e-04, 1.73340499e-04, 9.99600948e-01, 3.99072151e-04, 9.53101613e-01, 3.99151799e-04, 3.28157884e+00, 6.72599160e+01
4.10418050e-04, 1.78205728e-04, 9.99589750e-01, 4.10271390e-04, 9.53090414e-01, 4.10355571e-04, 3.28156763e+00, 6.72604750e+01
4.21939808e-04, 1.83207482e-04, 9.99578238e-01, 4.21784799e-04, 9.53078901e-01, 4.21873772e-04, 3.28155612e+00, 6.72610497e+01
4.33785019e-04, 1.88349591e-04, 9.99566403e-01, 4.33621187e-04, 9.53067064e-01, 4.33715224e-04, 3.28154427e+00, 6.72616405e+01
4.45962763e-04, 1.93635993e-04, 9.99554236e-01, 4.45789605e-04, 9.53054896e-01, 4.45888995e-04, 3.28153210e+00, 6.72622479e+01
4.58482375e-04, 1.99070734e-04, 9.99541728e-01, 4.58299361e-04, 9.53042386e-01, 4.58404408e-04, 3.28151958e+00, 6.72628723e+01
4.71353453e-04, 2.04657975e-04, 9.99528869e-01, 4.71160022e-04, 9.53029525e-01, 4.71271048e-04, 3.28150672e+00, 6.72635142e+01
4.84585864e-04, 2.10401992e-04, 9.99515649e-01, 4.84381423e-04, 9.53016304e-01, 4.84498769e-04, 3.28149349e+00, 6.72641742e+01
4.98189752e-04, 2.16307184e-04, 9.99502058e-01, 4.97973674e-04, 9.53002712e-01, 4.98097698e-04, 3.28147989e+00, 6.72648526e+01
5.12175544e-04, 2.22378069e-04, 9.99488087e-01, 5.11947167e-04, 9.52988738e-01, 5.12078251e-04, 3.28146591e+00, 6.72655501e+01
5.26553963e-04, 2.28619296e-04, 9.99473723e-01, 5.26312587e-04, 9.52974373e-01, 5.26451131e-04, 3.28145154e+00, 6.72662672e+01
5.41336030e-04, 2.35035640e-04, 9.99458957e-01, 5.41080915e-04, 9.52959604e-01, 5.41227345e-04, 3.28143676e+00, 6.72670044e+01
5.56533078e-04, 2.41632013e-04, 9.99443776e-01, 5.56263442e-04, 9.52944422e-01, 5.56418207e-04, 3.28142157e+00, 6.72677623e+01
5.72156756e-04, 2.48413463e-04, 9.99428170e-01, 5.71871773e-04, 9.52928814e-01, 5.72035346e-04, 3.28140595e+00, 6.72685414e+01
5.88219040e-04, 2.55385179e-04, 9.99412127e-01, 5.87917837e-04, 9.52912767e-01, 5.88090720e-04, 3.28138990e+00, 6.72693424e+01
6.04732245e-04, 2.62552498e-04, 9.99395633e-01, 6.04413898e-04, 9.52896271e-01, 6.04596620e-04, 3.28137339e+00, 6.72701659e+01
6.21709029e-04, 2.69920903e-04, 9.99378677e-01, 6.21372563e-04, 9.52879313e-01, 6.21565684e-04, 3.28135642e+00, 6.72710125e+01
6.39162405e-04, 2.77496033e-04, 9.99361246e-01, 6.38806789e-04, 9.52861879e-01, 6.39010902e-04, 3.28133898e+00, 6.72718828e+01
6.57105755e-04, 2.85283683e-04, 9.99343326e-01, 6.56729899e-04, 9.52843955e-01, 6.56945628e-04, 3.28132104e+00, 6.72727776e+01
6.75552832e-04, 2.93289812e-04, 9.99324903e-01, 6.75155584e-04, 9.52825530e-01, 6.75383591e-04, 3.28130261e+00, 6.72736974e+01
6.94517777e-04, 3.01520545e-04, 9.99305964e-01, 6.94097921e-04, 9.52806587e-01, 6.94338904e-04, 3.28128365e+00, 6.72746431e+01
7.14015130e-04, 3.09982178e-04, 9.99286494e-01, 7.13571378e-04, 9.52787114e-01, 7.13826076e-04, 3.28126416e+00, 6.72756152e+01
7.34059837e-04, 3.18681185e-04, 9.99266479e-01, 7.33590830e-04, 9.52767094e-01, 7.33860022e-04, 3.28124413e+00, 6.72766147e+01
7.54667263e-04, 3.27624220e-04, 9.99245902e-01, 7.54171564e-04, 9.52746514e-01, 7.54456076e-04, 3.28122353e+00, 6.72776422e+01
7.75853206e-04, 3.36818122e-04, 9.99224748e-01, 7.75329296e-04, 9.52725356e-01, 7.75629999e-04, 3.28120236e+00, 6.72786985e+01
7.97633907e-04, 3.46269924e-04, 9.99203002e-01, 7.97080180e-04, 9.52703605e-01, 7.97397996e-04, 3.28118059e+00, 6.72797844e+01
8.20026062e-04, 3.55986854e-04, 9.99180646e-01, 8.19440823e-04, 9.52681244e-01, 8.19776724e-04, 3.28115821e+00, 6.72809008e+01
8.43046837e-04, 3.65976343e-04, 9.99157663e-01, 8.42428292e-04, 9.52658257e-01, 8.42783309e-04, 3.28113521e+00, 6.72820485e+01
8.66713880e-04, 3.76246030e-04, 9.99134037e-01, 8.66060134e-04, 9.52634625e-01, 8.66435353e-04, 3.28111155e+00, 6.72832284e+01
8.91045332e-04, 3.86803767e-04, 9.99109748e-01, 8.90354383e-04, 9.52610331e-01, 8.90750954e-04, 3.28108724e+00, 6.72844414e+01
9.16059848e-04, 3.97657626e-04, 9.99084779e-01, 9.15329578e-04, 9.52585356e-01, 9.15748715e-04, 3.28106224e+00, 6.72856884e+01
9.41776601e-04, 4.08815904e-04, 9.99059110e-01, 9.41004774e-04, 9.52559681e-01, 9.41447761e-04, 3.28103654e+00, 6.72869704e+01
9.68215306e-04, 4.20287133e-04, 9.99032721e-01, 9.67399558e-04, 9.52533286e-01, 9.67867752e-04, 3.28101012e+00, 6.72882884e+01
9.95396231e-04, 4.32080081e-04, 9.99005594e-01, 9.94534063e-04, 9.52506151e-01, 9.95028897e-04, 3.28098296e+00, 6.72896433e+01
1.02334021e-03, 4.44203760e-04, 9.98977706e-01, 1.02242898e-03, 9.52478256e-01, 1.02295197e-03, 3.28095504e+00, 6.72910362e+01
1.05206867e-03, 4.56667438e-04, 9.98949037e-01, 1.05110559e-03, 9.52449580e-01, 1.05165834e-03, 3.28092633e+00, 6.72924681e+01
1.08160363e-03, 4.69480638e-04, 9.98919565e-01, 1.08058575e-03, 9.52420100e-01, 1.08116995e-03, 3.28089682e+00, 6.72939402e+01
1.11196773e-03, 4.82653152e-04, 9.98889267e-01, 1.11089193e-03, 9.52389793e-01, 1.11150937e-03, 3.28086648e+00, 6.72954536e+01
1.14318425e-03, 4.96195044e-04, 9.98858121e-01, 1.14204723e-03, 9.52358638e-01, 1.14269980e-03, 3.28083529e+00, 6.72970094e+01
1.17527712e-03, 5.10116661e-04, 9.98826103e-01, 1.17407541e-03, 9.52326610e-01, 1.17476510e-03, 3.28080322e+00, 6.72986089e+01
1.20827094e-03, 5.24428638e-04, 9.98793187e-01, 1.20700085e-03, 9.52293684e-01, 1.20772978e-03, 3.28077026e+00, 6.73002532e+01
1.24219100e-03, 5.39141905e-04, 9.98759350e-01, 1.24084864e-03, 9.52259837e-01, 1.24161905e-03, 3.28073637e+00, 6.73019436e+01
1.27706330e-03, 5.54267703e-04, 9.98724566e-01, 1.27564457e-03, 9.52225041e-01, 1.27645881e-03, 3.28070153e+00, 6.73036814e+01
1.31291459e-03, 5.69817580e-04, 9.98688807e-01, 1.31141514e-03, 9.52189270e-01, 1.31227570e-03, 3.28066571e+00, 6.73054679e+01
1.34977233e-03, 5.85803413e-04, 9.98652047e-01, 1.34818757e-03, 9.52152498e-01, 1.34909709e-03, 3.28062889e+00, 6.73073045e+01
1.38766479e-03, 6.02237406e-04, 9.98614258e-01, 1.38598987e-03, 9.52114695e-01, 1.38695113e-03, 3.28059104e+00, 6.73091926e+01
1.42662102e-03, 6.19132106e-04, 9.98575411e-01, 1.42485080e-03, 9.52075834e-01, 1.42586674e-03, 3.28055212e+00, 6.73111336e+01
1.46667087e-03, 6.36500410e-04, 9.98535477e-01, 1.46479994e-03, 9.52035885e-01, 1.46587368e-03, 3.28051212e+00, 6.73131290e+01
1.50784505e-03, 6.54355573e-04, 9.98494425e-01, 1.50586769e-03, 9.51994818e-01, 1.50700250e-03, 3.28047099e+00, 6.73151803e+01
1.55017512e-03, 6.72711224e-04, 9.98452224e-01, 1.54808527e-03, 9.51952600e-01, 1.54928463e-03, 3.28042870e+00, 6.73172892e+01
1.59369353e-03, 6.91581368e-04, 9.98408842e-01, 1.59148480e-03, 9.51909201e-01, 1.59275238e-03, 3.28038524e+00, 6.73194571e+01
1.63843365e-03, 7.10980403e-04, 9.98364246e-01, 1.63609927e-03, 9.51864586e-01, 1.63743895e-03, 3.28034055e+00, 6.73216858e+01
1.68442976e-03, 7.30923128e-04, 9.98318403e-01, 1.68196259e-03, 9.51818723e-01, 1.68337847e-03, 3.28029461e+00, 6.73239770e+01
1.73171713e-03, 7.51424755e-04, 9.98271277e-01, 1.72910962e-03, 9.51771576e-01, 1.73060603e-03, 3.28024738e+00, 6.73263323e+01
1.78033202e-03, 7.72500920e-04, 9.98222832e-01, 1.77757618e-03, 9.51723109e-01, 1.77915771e-03, 3.28019883e+00, 6.73287537e+01
1.83031168e-03, 7.94167695e-04, 9.98173032e-01, 1.82739909e-03, 9.51673286e-01, 1.82907056e-03, 3.28014892e+00, 6.73312429e+01
1.88169442e-03, 8.16441599e-04, 9.98121840e-01, 1.87861618e-03, 9.51622069e-01, 1.88038270e-03, 3.28009761e+00, 6.73338019e+01
1.93451965e-03, 8.39339613e-04, 9.98069215e-01, 1.93126632e-03, 9.51569419e-01, 1.93313331e-03, 3.28004486e+00, 6.73364325e+01
1.98882786e-03, 8.62879189e-04, 9.98015120e-01, 1.98538949e-03, 9.51515296e-01, 1.98736265e-03, 3.27999063e+00, 6.73391369e+01
2.04466067e-03, 8.87078267e-04, 9.97959511e-01, 2.04102674e-03, 9.51459659e-01, 2.04311211e-03, 3.27993488e+00, 6.73419170e+01
2.10206088e-03, 9.11955285e-04, 9.97902349e-01, 2.09822029e-03, 9.51402465e-01, 2.10042424e-03, 3.27987756e+00, 6.73447750e+01
2.16107251e-03, 9.37529196e-04, 9.97843588e-01, 2.15701350e-03, 9.51343672e-01, 2.15934277e-03, 3.27981865e+00, 6.73477130e+01
2.22174078e-03, 9.63819479e-04, 9.97783184e-01, 2.21745094e-03, 9.51283234e-01, 2.21991265e-03, 3.27975808e+00, 6.73507334e+01
2.28411221e-03, 9.90846156e-04, 9.97721093e-01, 2.27957842e-03, 9.51221107e-01, 2.28218010e-03, 3.27969581e+00, 6.73538383e+01
2.34823460e-03, 1.01862981e-03, 9.97657267e-01, 2.34344299e-03, 9.51157242e-01, 2.34619260e-03, 3.27963180e+00, 6.73570302e+01
2.41415712e-03, 1.04719158e-03, 9.97591657e-01, 2.40909304e-03, 9.51091592e-01, 2.41199897e-03, 3.27956599e+00, 6.73603115e+01
2.48193029e-03, 1.07655322e-03, 9.97524214e-01, 2.47657827e-03, 9.51024107e-01, 2.47964940e-03, 3.27949834e+00, 6.73636846e+01
2.55160607e-03, 1.10673706e-03, 9.97454888e-01, 2.54594974e-03, 9.50954736e-01, 2.54919547e-03, 3.27942879e+00, 6.73671522e+01
2.62323788e-03, 1.13776607e-03, 9.97383625e-01, 2.61725995e-03, 9.50883425e-01, 2.62069018e-03, 3.27935730e+00, 6.73707169e+01
2.69688063e-03, 1.16966386e-03, 9.97310373e-01, 2.69056282e-03, 9.50810122e-01, 2.69418804e-03, 3.27928380e+00, 6.73743814e+01
2.77259076e-03, 1.20245468e-03, 9.97235075e-01, 2.76591376e-03, 9.50734772e-01, 2.76974506e-03, 0.00000000e+00, 6.73781484e+01
2.85042632e-03, 1.23616346e-03, 9.97157676e-01, 2.84336974e-03, 9.50657316e-01, 2.84741880e-03, 3.27913057e+00, 6.73820209e+01
2.93044698e-03, 1.27081583e-03, 9.97078115e-01, 2.92298924e-03, 9.50577696e-01, 2.92726843e-03, 3.27905072e+00, 6.73860018e+01
3.01271407e-03, 1.30643812e-03, 9.96996335e-01, 3.00483239e-03, 9.50495853e-01, 3.00935479e-03, 3.27896863e+00, 6.73900941e+01
3.09729067e-03, 1.34305740e-03, 9.96912273e-01, 3.08896097e-03, 9.50411724e-01, 3.09374038e-03, 3.27888425e+00, 6.73943009e+01
3.18424160e-03, 1.38070148e-03, 9.96825866e-01, 3.17543844e-03, 9.50325247e-01, 3.18048946e-03, 3.27879750e+00, 6.73986255e+01
3.27363353e-03, 1.41939895e-03, 9.96737048e-01, 3.26433001e-03, 9.50236355e-01, 3.26966805e-03, 3.27870832e+00, 6.74030710e+01
3.36553498e-03, 1.45917918e-03, 9.96645754e-01, 3.35570269e-03, 9.50144983e-01, 3.36134405e-03, 3.27861664e+00, 6.74076409e+01
3.46001639e-03, 1.50007238e-03, 9.96551914e-01, 3.44962531e-03, 9.50051060e-01, 3.45558721e-03, 3.27852240e+00, 6.74123386e+01
3.55715021e-03, 1.54210957e-03, 9.96455458e-01, 3.54616861e-03, 9.49954517e-01, 3.55246924e-03, 3.27842552e+00, 6.74171678e+01
3.65701088e-03, 1.58532264e-03, 9.96356314e-01, 3.64540523e-03, 9.49855280e-01, 3.65206382e-03, 3.27832593e+00, 6.74221320e+01
3.75967497e-03, 1.62974435e-03, 9.96254407e-01, 3.74740984e-03, 9.49753275e-01, 3.75444669e-03, 3.27822354e+00, 6.74272350e+01
3.86522116e-03, 1.67540839e-03, 9.96149661e-01, 3.85225913e-03, 9.49648426e-01, 3.85969571e-03, 3.27811829e+00, 6.74324807e+01
3.97373038e-03, 1.72234936e-03, 9.96041998e-01, 3.96003188e-03, 9.49540653e-01, 3.96789087e-03, 3.27801010e+00, 6.74378731e+01
4.08528580e-03, 1.77060283e-03, 9.95931336e-01, 4.07080903e-03, 9.49429876e-01, 4.07911440e-03, 3.27789887e+00, 6.74434162e+01
4.19997295e-03, 1.82020534e-03, 9.95817593e-01, 4.18467374e-03, 9.49316012e-01, 4.19345081e-03, 3.27778454e+00, 6.74491143e+01
4.31787973e-03, 1.87119444e-03, 9.95700684e-01, 4.30171141e-03, 9.49198974e-01, 4.31098694e-03, 3.27766700e+00, 6.74549716e+01
4.43909653e-03, 1.92360874e-03, 9.95580522e-01, 4.42200979e-03, 9.49078676e-01, 4.43181204e-03, 3.27754618e+00, 6.74609927e+01
4.56371628e-03, 1.97748788e-03, 9.95457017e-01, 4.54565901e-03, 9.48955026e-01, 4.55601786e-03, 3.27742197e+00, 6.74671820e+01
4.69183451e-03, 2.03287261e-03, 9.95330076e-01, 4.67275165e-03, 9.48827934e-01, 4.68369865e-03, 3.27729429e+00, 6.74735442e+01
4.82354943e-03, 2.08980480e-03, 9.95199606e-01, 4.80338281e-03, 9.48697302e-01, 4.81495131e-03, 3.27716304e+00, 6.74800841e+01
4.95896201e-03, 2.14832749e-03, 9.95065508e-01, 4.93765016e-03, 9.48563035e-01, 4.94987540e-03, 3.27702811e+00, 6.74868067e+01
5.09817606e-03, 2.20848488e-03, 9.94927683e-01, 5.07565402e-03, 9.48425031e-01, 5.08857323e-03, 3.27688942e+00, 6.74937171e+01
5.24129830e-03, 2.27032240e-03, 9.94786030e-01, 5.21749745e-03, 9.48283188e-01, 5.23114995e-03, 3.27674684e+00, 6.75008204e+01
5.38843844e-03, 2.33388671e-03, 9.94640441e-01, 5.36328627e-03, 9.48137399e-01, 5.37771362e-03, 3.27660028e+00, 6.75081220e+01
5.53970928e-03, 2.39922578e-03, 9.94490810e-01, 5.51312918e-03, 9.47987556e-01, 5.52837528e-03, 3.27644961e+00, 6.75156275e+01
5.69522678e-03, 2.46638889e-03, 9.94337025e-01, 5.66713781e-03, 9.47833547e-01, 5.68324904e-03, 3.27629474e+00, 6.75233425e+01
5.85511016e-03, 2.53542665e-03, 9.94178973e-01, 5.82542678e-03, 9.47675259e-01, 5.84245216e-03, 3.27613554e+00, 6.75312727e+01
6.01948197e-03, 2.60639109e-03, 9.94016535e-01, 5.98811384e-03, 9.47512571e-01, 6.00610514e-03, 3.27597188e+00, 6.75394242e+01
6.18846824e-03, 2.67933564e-03, 9.93849593e-01, 6.15531988e-03, 9.47345365e-01, 6.17433180e-03, 3.27580366e+00, 6.75478032e+01
6.36219849e-03, 2.75431521e-03, 9.93678023e-01, 6.32716904e-03, 9.47173516e-01, 6.34725937e-03, 3.27563073e+00, 6.75564158e+01
6.54080591e-03, 2.83138620e-03, 9.93501698e-01, 6.50378881e-03, 9.46996896e-01, 6.52501860e-03, 3.27545297e+00, 6.75652687e+01
6.72442742e-03, 2.91060657e-03, 9.93320488e-01, 6.68531007e-03, 9.46815375e-01, 6.70774382e-03, 3.27527025e+00, 6.75743684e+01
6.91320378e-03, 2.99203585e-03, 9.93134260e-01, 6.87186724e-03, 9.46628818e-01, 6.89557308e-03, 3.27508242e+00, 6.75837217e+01
7.10727970e-03, 3.07573520e-03, 9.92942877e-01, 7.06359830e-03, 9.46437087e-01, 7.08864822e-03, 3.27488934e+00, 6.75933358e+01
7.30680395e-03, 3.16176744e-03, 9.92746198e-01, 7.26064493e-03, 9.46240040e-01, 7.28711498e-03, 3.27469087e+00, 6.76032178e+01
7.51192949e-03, 3.25019713e-03, 9.92544079e-01, 7.46315260e-03, 9.46037533e-01, 7.49112310e-03, 3.27448687e+00, 6.76133751e+01
7.72281357e-03, 3.34109055e-03, 9.92336371e-01, 7.67127063e-03, 9.45829415e-01, 7.70082644e-03, 3.27427716e+00, 6.76238154e+01
7.93961785e-03, 3.43451582e-03, 9.92122923e-01, 7.88515232e-03, 9.45615533e-01, 7.91638309e-03, 3.27406161e+00, 6.76345464e+01
8.16250851e-03, 3.53054289e-03, 9.91903579e-01, 8.10495505e-03, 9.45395730e-01, 8.13795546e-03, 0.00000000e+00, 6.76455762e+01
8.39165644e-03, 3.62924361e-03, 9.91678177e-01, 8.33084034e-03, 9.45169845e-01, 8.36571042e-03, 3.27361228e+00, 6.76569130e+01
8.62723729e-03, 3.73069181e-03, 9.91446555e-01, 8.56297401e-03, 9.44937711e-01, 8.59981942e-03, 3.27337817e+00, 6.76685654e+01
8.86943166e-03, 3.83496328e-03, 9.91208544e-01, 8.80152626e-03, 9.44699159e-01, 8.84045860e-03, 3.27313753e+00, 6.76805420e+01
9.11842520e-03, 3.94213590e-03, 9.90963969e-01, 9.04667175e-03, 9.44454014e-01, 9.08780891e-03, 3.27289018e+00, 6.76928517e+01
9.37440879e-03, 4.05228964e-03, 9.90712655e-01, 9.29858977e-03, 9.44202096e-01, 9.34205627e-03, 3.27263593e+00, 6.77055038e+01
9.63757866e-03, 4.16550662e-03, 9.90454418e-01, 9.55746429e-03, 9.43943221e-01, 9.60339164e-03, 3.27237460e+00, 6.77185077e+01
9.90813657e-03, 4.28187121e-03, 9.90189071e-01, 9.82348411e-03, 9.43677201e-01, 9.87201124e-03, 3.27210598e+00, 6.77318731e+01
1.01862899e-02, 4.40147004e-03, 9.89916424e-01, 1.00968430e-02, 9.43403842e-01, 1.01481166e-02, 3.27182987e+00, 6.77456099e+01
1.04722519e-02, 4.52439206e-03, 9.89636280e-01, 1.03777397e-02, 9.43122946e-01, 1.04319148e-02, 3.27154607e+00, 6.77597283e+01
1.07662418e-02, 4.65072864e-03, 9.89348436e-01, 1.06663783e-02, 9.42834307e-01, 1.07236185e-02, 3.27125437e+00, 6.77742388e+01
1.10684849e-02, 4.78057359e-03, 9.89052685e-01, 1.09629680e-02, 9.42537717e-01, 1.10234461e-02, 3.27095454e+00, 6.77891523e+01
1.13792129e-02, 4.91402325e-03, 9.88748817e-01, 1.12677235e-02, 9.42232962e-01, 1.13316222e-02, 3.27064637e+00, 6.78044797e+01
1.16986641e-02, 5.05117654e-03, 9.88436612e-01, 1.15808651e-02, 9.41919820e-01, 1.16483771e-02, 3.27032961e+00, 6.78202324e+01
1.20270833e-02, 5.19213502e-03, 9.88115848e-01, 1.19026188e-02, 9.41598067e-01, 1.19739477e-02, 3.27000404e+00, 6.78364222e+01
1.23647224e-02, 5.33700299e-03, 9.87786297e-01, 1.22332163e-02, 9.41267469e-01, 1.23085771e-02, 3.26966941e+00, 6.78530609e+01
1.27118400e-02, 5.48588750e-03, 9.87447723e-01, 1.25728953e-02, 9.40927790e-01, 1.26525151e-02, 3.26932547e+00, 6.78701609e+01
1.30687023e-02, 5.63889849e-03, 9.87099885e-01, 1.29218997e-02, 9.40578786e-01, 1.30060183e-02, 3.26897197e+00, 6.78877349e+01
1.34355829e-02, 5.79614881e-03, 9.86742539e-01, 1.32804795e-02, 9.40220206e-01, 1.33693501e-02, 3.26860864e+00, 6.79057957e+01
1.38127630e-02, 5.95775431e-03, 9.86375430e-01, 1.36488912e-02, 9.39851794e-01, 1.37427810e-02, 3.26823521e+00, 6.79243567e+01
1.42005318e-02, 6.12383394e-03, 9.85998300e-01, 1.40273976e-02, 9.39473288e-01, 1.41265890e-02, 3.26785140e+00, 6.79434316e+01
1.45991865e-02, 6.29450978e-03, 9.85610883e-01, 1.44162684e-02, 9.39084417e-01, 1.45210595e-02, 3.26745693e+00, 6.79630344e+01
1.50090328e-02, 6.46990713e-03, 9.85212907e-01, 1.48157799e-02, 9.38684905e-01, 1.49264854e-02, 3.26705150e+00, 6.79831795e+01
1.54303847e-02, 6.65015464e-03, 9.84804094e-01, 1.52262156e-02, 9.38274470e-01, 1.53431678e-02, 3.26663482e+00, 6.80038817e+01
1.58635653e-02, 6.83538432e-03, 9.84384158e-01, 1.56478658e-02, 9.37852819e-01, 1.57714156e-02, 3.26620657e+00, 6.80251562e+01
1.63089068e-02, 7.02573168e-03, 9.83952805e-01, 1.60810284e-02, 9.37419657e-01, 1.62115461e-02, 3.26576644e+00, 6.80470185e+01
1.67667503e-02, 7.22133576e-03, 9.83509738e-01, 1.65260084e-02, 9.36974677e-01, 1.66638851e-02, 3.26531410e+00, 6.80694847e+01
1.72374471e-02, 7.42233928e-03, 9.83054648e-01, 1.69831186e-02, 9.36517567e-01, 1.71287671e-02, 3.26484922e+00, 6.80925712e+01
1.77213578e-02, 7.62888867e-03, 9.82587220e-01, 1.74526795e-02, 9.36048006e-01, 1.76065357e-02, 3.26437145e+00, 6.81162948e+01
1.82188534e-02, 7.84113421e-03, 9.82107134e-01, 1.79350195e-02, 9.35565666e-01, 1.80975433e-02, 3.26388045e+00, 6.81406728e+01
1.87303154e-02, 8.05923009e-03, 9.81614059e-01, 1.84304750e-02, 9.35070210e-01, 1.86021521e-02, 3.26337584e+00, 6.81657230e+01
1.92561357e-02, 8.28333450e-03, 9.81107658e-01, 1.89393906e-02, 9.34561295e-01, 1.91207336e-02, 3.26285726e+00, 6.81914636e+01
1.97967175e-02, 8.51360975e-03, 9.80587585e-01, 1.94621194e-02, 9.34038566e-01, 1.96536694e-02, 3.26232432e+00, 6.82179133e+01
2.03524752e-02, 8.75022235e-03, 9.80053486e-01, 1.99990230e-02, 9.33501662e-01, 2.02013512e-02, 3.26177664e+00, 6.82450912e+01
2.09238348e-02, 8.99334311e-03, 9.79504999e-01, 2.05504718e-02, 9.32950214e-01, 2.07641808e-02, 3.26121381e+00, 6.82730171e+01
2.15112343e-02, 9.24314725e-03, 9.78941755e-01, 2.11168450e-02, 9.32383840e-01, 2.13425710e-02, 3.26063542e+00, 6.83017111e+01
2.21151240e-02, 9.49981449e-03, 9.78363373e-01, 2.16985309e-02, 9.31802154e-01, 2.19369453e-02, 3.26004104e+00, 6.83311939e+01
2.27359668e-02, 9.76352916e-03, 9.77769466e-01, 2.22959270e-02, 9.31204758e-01, 2.25477384e-02, 3.25943025e+00, 6.83614869e+01
2.33742387e-02, 1.00344803e-02, 9.77159637e-01, 2.29094404e-02, 9.30591245e-01, 2.31753964e-02, 3.25880259e+00, 6.83926119e+01
2.40304289e-02, 1.03128618e-02, 9.76533482e-01, 2.35394876e-02, 9.29961198e-01, 2.38203771e-02, 3.25815761e+00, 6.84245912e+01
2.47050406e-02, 1.05988725e-02, 9.75890584e-01, 2.41864949e-02, 9.29314190e-01, 2.44831505e-02, 3.25749484e+00, 6.84574477e+01
2.53985907e-02, 1.08927162e-02, 9.75230519e-01, 2.48508986e-02, 9.28649787e-01, 2.51641986e-02, 3.25681379e+00, 6.84912051e+01
2.61116110e-02, 1.11946019e-02, 9.74552855e-01, 2.55331449e-02, 9.27967540e-01, 2.58640162e-02, 3.25611397e+00, 6.85258874e+01
2.68446481e-02, 1.15047439e-02, 9.73857148e-01, 2.62336905e-02, 9.27266995e-01, 2.65831109e-02, 3.25539488e+00, 6.85615196e+01
2.75982639e-02, 1.18233619e-02, 9.73142944e-01, 2.69530025e-02, 9.26547683e-01, 2.73220035e-02, 3.25465599e+00, 6.85981269e+01
2.83730362e-02, 1.21506810e-02, 9.72409782e-01, 2.76915585e-02, 9.25809127e-01, 2.80812285e-02, 3.25389676e+00, 6.86357355e+01
2.91695588e-02, 1.24869320e-02, 9.71657189e-01, 2.84498471e-02, 9.25050838e-01, 2.88613339e-02, 3.25311665e+00, 6.86743721e+01
2.99884423e-02, 1.28323514e-02, 9.70884681e-01, 2.92283675e-02, 9.24272318e-01, 2.96628821e-02, 3.25231511e+00, 6.87140641e+01
3.08303146e-02, 1.31871818e-02, 9.70091766e-01, 3.00276304e-02, 9.23473055e-01, 3.04864500e-02, 3.25149154e+00, 6.87548396e+01
3.16958209e-02, 1.35516713e-02, 9.69277940e-01, 3.08481576e-02, 9.22652528e-01, 3.13326293e-02, 3.25064536e+00, 6.87967276e+01
3.25856248e-02, 1.39260747e-02, 9.68442690e-01, 3.16904823e-02, 9.21810203e-01, 3.22020269e-02, 3.24977596e+00, 6.88397575e+01
3.35004083e-02, 1.43106525e-02, 9.67585491e-01, 3.25551495e-02, 9.20945536e-01, 3.30952651e-02, 3.24888272e+00, 6.88839597e+01
3.44408728e-02, 1.47056720e-02, 9.66705808e-01, 3.34427156e-02, 9.20057970e-01, 3.40129823e-02, 3.24796501e+00, 6.89293653e+01
3.54077391e-02, 1.51114068e-02, 9.65803096e-01, 3.43537492e-02, 9.19146936e-01, 3.49558331e-02, 3.24702216e+00, 6.89760062e+01
3.64017485e-02, 1.55281370e-02, 9.64876798e-01, 3.52888310e-02, 9.18211854e-01, 3.59244886e-02, 3.24605350e+00, 6.90239151e+01
3.74236629e-02, 1.59561497e-02, 9.63926345e-01, 3.62485536e-02, 9.17252132e-01, 3.69196370e-02, 3.24505835e+00, 6.90731254e+01
3.84742658e-02, 1.63957388e-02, 9.62951161e-01, 3.72335221e-02, 9.16267163e-01, 3.79419839e-02, 3.24403600e+00, 6.91236716e+01
3.95543624e-02, 1.68472053e-02, 9.61950655e-01, 3.82443542e-02, 9.15256331e-01, 3.89922527e-02, 3.24298574e+00, 6.91755889e+01
4.06647809e-02, 1.73108570e-02, 9.60924227e-01, 3.92816799e-02, 9.14219005e-01, 4.00711849e-02, 3.24190680e+00, 6.92289134e+01
4.18063724e-02, 1.77870096e-02, 9.59871264e-01, 4.03461420e-02, 9.13154543e-01, 4.11795406e-02, 3.24079845e+00, 6.92836822e+01
4.29800121e-02, 1.82759856e-02, 9.58791145e-01, 4.14383963e-02, 9.12062289e-01, 4.23180988e-02, 3.23965989e+00, 6.93399332e+01
4.41865996e-02, 1.87781154e-02, 9.57683234e-01, 4.25591113e-02, 9.10941574e-01, 4.34876581e-02, 3.23849033e+00, 6.93977052e+01
4.54270599e-02, 1.92937372e-02, 9.56546887e-01, 4.37089686e-02, 9.09791717e-01, 4.46890365e-02, 3.23728895e+00, 6.94570383e+01
4.67023439e-02, 1.98231967e-02, 9.55381447e-01, 4.48886627e-02, 9.08612023e-01, 4.59230727e-02, 3.23605492e+00, 6.95179733e+01
4.80134292e-02, 2.03668477e-02, 9.54186246e-01, 4.60989017e-02, 9.07401784e-01, 4.71906257e-02, 3.23478736e+00, 6.95805521e+01
4.93613210e-02, 2.09250522e-02, 9.52960606e-01, 4.73404065e-02, 9.06160279e-01, 4.84925758e-02, 3.23348541e+00, 6.96448178e+01
5.07470524e-02, 2.14981804e-02, 9.51703836e-01, 4.86139114e-02, 9.04886774e-01, 4.98298246e-02, 3.23214816e+00, 6.97108142e+01
5.21716858e-02, 2.20866106e-02, 9.50415235e-01, 4.99201641e-02, 9.03580521e-01, 5.12032960e-02, 3.23077469e+00, 6.97785867e+01
5.36363132e-02, 2.26907300e-02, 9.49094092e-01, 5.12599257e-02, 9.02240760e-01, 5.26139359e-02, 3.22936405e+00, 6.98481814e+01
5.51420574e-02, 2.33109341e-02, 9.47739684e-01, 5.26339704e-02, 9.00866715e-01, 5.40627133e-02, 3.22791528e+00, 6.99196459e+01
5.66900727e-02, 2.39476274e-02, 9.46351277e-01, 5.40430860e-02, 8.99457599e-01, 5.55506207e-02, 3.22642737e+00, 6.99930287e+01
5.82815458e-02, 2.46012230e-02, 9.44928128e-01, 5.54880735e-02, 8.98012612e-01, 5.70786740e-02, 3.22489931e+00, 7.00683797e+01
5.99176967e-02, 2.52721433e-02, 9.43469482e-01, 5.69697473e-02, 8.96530938e-01, 5.86479136e-02, 3.22333008e+00, 7.01457501e+01
6.15997796e-02, 2.59608197e-02, 9.41974574e-01, 5.84889350e-02, 8.95011750e-01, 6.02594046e-02, 3.22171858e+00, 7.02251923e+01
6.33290840e-02, 2.66676928e-02, 9.40442630e-01, 6.00464772e-02, 8.93454208e-01, 6.19142372e-02, 3.22006375e+00, 7.03067599e+01
6.51069356e-02, 2.73932126e-02, 9.38872865e-01, 6.16432278e-02, 8.91857457e-01, 6.36135273e-02, 3.21836446e+00, 7.03905082e+01
6.69346971e-02, 2.81378388e-02, 9.37264486e-01, 6.32800536e-02, 8.90220632e-01, 6.53584169e-02, 3.21661957e+00, 7.04764935e+01
6.88137699e-02, 2.89020403e-02, 9.35616689e-01, 6.49578342e-02, 8.88542851e-01, 6.71500748e-02, 3.21482791e+00, 7.05647738e+01
7.07455942e-02, 2.96862961e-02, 9.33928662e-01, 6.66774619e-02, 8.86823223e-01, 6.89896967e-02, 3.21298829e+00, 7.06554086e+01
7.27316511e-02, 3.04910947e-02, 9.32199585e-01, 6.84398414e-02, 8.85060844e-01, 7.08785059e-02, 3.21109948e+00, 7.07484587e+01
7.47734631e-02, 3.13169348e-02, 9.30428629e-01, 7.02458897e-02, 8.83254796e-01, 7.28177539e-02, 3.20916023e+00, 7.08439868e+01
7.68725952e-02, 3.21643250e-02, 9.28614958e-01, 7.20965359e-02, 8.81404149e-01, 7.48087206e-02, 3.20716927e+00, 7.09420568e+01
7.90306568e-02, 3.30337838e-02, 9.26757728e-01, 7.39927207e-02, 8.79507965e-01, 7.68527150e-02, 3.20512527e+00, 7.10427347e+01
8.12493021e-02, 3.39258402e-02, 9.24856088e-01, 7.59353966e-02, 8.77565289e-01, 7.89510756e-02, 3.20302691e+00, 7.11460880e+01
8.35302320e-02, 3.48410332e-02, 9.22909182e-01, 7.79255268e-02, 8.75575158e-01, 8.11051709e-02, 3.20087282e+00, 7.12521860e+01
8.58751948e-02, 3.57799125e-02, 9.20916146e-01, 7.99640857e-02, 8.73536600e-01, 8.33163997e-02, 3.19866159e+00, 7.13610998e+01
8.82859884e-02, 3.67430377e-02, 9.18876114e-01, 8.20520577e-02, 8.71448628e-01, 8.55861920e-02, 3.19639180e+00, 7.14729024e+01
9.07644607e-02, 3.77309793e-02, 9.16788212e-01, 8.41904376e-02, 8.69310248e-01, 8.79160091e-02, 3.19406198e+00, 7.15876691e+01
9.33125118e-02, 3.87443182e-02, 9.14651565e-01, 8.63802292e-02, 8.67120456e-01, 9.03073440e-02, 3.19167064e+00, 7.17054767e+01
9.59320948e-02, 3.97836456e-02, 9.12465293e-01, 8.86224458e-02, 8.64878239e-01, 9.27617223e-02, 3.18921627e+00, 7.18264046e+01
9.86252179e-02, 4.08495636e-02, 9.10228514e-01, 9.09181088e-02, 8.62582576e-01, 9.52807022e-02, 3.18669729e+00, 7.19505340e+01
1.01393946e-01, 4.19426849e-02, 9.07940346e-01, 9.32682476e-02, 8.60232438e-01, 9.78658751e-02, 3.18411211e+00, 7.20779487e+01
1.04240401e-01, 4.30636326e-02, 9.05599903e-01, 9.56738989e-02, 8.57826786e-01, 1.00518866e-01, 3.18145912e+00, 7.22087348e+01
1.07166765e-01, 4.42130406e-02, 9.03206303e-01, 9.81361058e-02, 8.55364580e-01, 1.03241334e-01, 3.17873665e+00, 7.23429807e+01
1.10175281e-01, 4.53915533e-02, 9.00758661e-01, 1.00655917e-01, 8.52844768e-01, 1.06034974e-01, 3.17594302e+00, 7.24807775e+01
1.13268257e-01, 4.65998259e-02, 8.98256098e-01, 1.03234388e-01, 8.50266297e-01, 1.08901512e-01, 3.17307648e+00, 7.26222191e+01
1.16448062e-01, 4.78385241e-02, 8.95697735e-01, 1.05872576e-01, 8.47628110e-01, 1.11842714e-01, 3.17013527e+00, 7.27674020e+01
1.19717134e-01, 4.91083240e-02, 8.93082699e-01, 1.08571543e-01, 8.44929142e-01, 1.14860378e-01, 3.16711761e+00, 7.29164258e+01
1.23077980e-01, 5.04099123e-02, 8.90410121e-01, 1.11332353e-01, 8.42168332e-01, 1.17956341e-01, 3.16402165e+00, 7.30693929e+01
1.26533176e-01, 5.17439860e-02, 8.87679139e-01, 1.14156074e-01, 8.39344612e-01, 1.21132473e-01, 3.16084552e+00, 7.32264092e+01
1.30085370e-01, 5.31112527e-02, 8.84888900e-01, 1.17043770e-01, 8.36456916e-01, 1.24390682e-01, 3.15758731e+00, 7.33875838e+01
1.33737286e-01, 5.45124297e-02, 8.82038557e-01, 1.19996507e-01, 8.33504178e-01, 1.27732915e-01, 3.15424507e+00, 7.35530294e+01
1.37491723e-01, 5.59482450e-02, 8.79127276e-01, 1.23015351e-01, 8.30485334e-01, 1.31161152e-01, 3.15081684e+00, 7.37228624e+01
1.41351558e-01, 5.74194362e-02, 8.76154234e-01, 1.26101362e-01, 8.27399323e-01, 1.34677414e-01, 3.14730057e+00, 7.38972029e+01
1.45319752e-01, 5.89267507e-02, 8.73118619e-01, 1.29255597e-01, 8.24245088e-01, 1.38283758e-01, 3.14369423e+00, 7.40761753e+01
1.49399346e-01, 6.04709458e-02, 8.70019635e-01, 1.32479109e-01, 8.21021577e-01, 1.41982277e-01, 3.13999571e+00, 7.42599083e+01
1.53593468e-01, 6.20527881e-02, 8.66856504e-01, 1.35772940e-01, 8.17727745e-01, 1.45775106e-01, 3.13620288e+00, 7.44485350e+01
1.57905331e-01, 6.36730536e-02, 8.63628462e-01, 1.39138129e-01, 8.14362557e-01, 1.49664413e-01, 3.13231358e+00, 7.46421935e+01
1.62338243e-01, 6.53325272e-02, 8.60334766e-01, 1.42575700e-01, 8.10924985e-01, 1.53652406e-01, 3.12832558e+00, 7.48410266e+01
1.66895601e-01, 6.70320026e-02, 8.56974693e-01, 1.46086671e-01, 8.07414015e-01, 1.57741333e-01, 3.12423666e+00, 7.50451829e+01
1.71580899e-01, 6.87722823e-02, 8.53547545e-01, 1.49672041e-01, 8.03828644e-01, 1.61933475e-01, 3.12004451e+00, 7.52548163e+01
1.76397728e-01, 7.05541769e-02, 8.50052645e-01, 1.53332799e-01, 8.00167887e-01, 1.66231156e-01, 3.11574683e+00, 7.54700868e+01
1.81349780e-01, 7.23785049e-02, 8.46489343e-01, 1.57069914e-01, 7.96430771e-01, 1.70636732e-01, 3.11134126e+00, 7.56911607e+01
1.86440853e-01, 7.42460926e-02, 8.42857018e-01, 1.60884339e-01, 7.92616347e-01, 1.75152599e-01, 3.10682539e+00, 7.59182111e+01
1.91674849e-01, 7.61577735e-02, 8.39155077e-01, 1.64777004e-01, 7.88723682e-01, 1.79781190e-01, 3.10219680e+00, 7.61514180e+01
1.97055780e-01, 7.81143880e-02, 8.35382959e-01, 1.68748818e-01, 7.84751868e-01, 1.84524974e-01, 3.09745302e+00, 7.63909691e+01
2.02587771e-01, 8.01167833e-02, 8.31540137e-01, 1.72800665e-01, 7.80700021e-01, 1.89386453e-01, 3.09259154e+00, 7.66370600e+01
2.08275063e-01, 8.21658124e-02, 8.27626118e-01, 1.76933402e-01, 7.76567284e-01, 1.94368169e-01, 3.08760982e+00, 7.68898949e+01
2.14122015e-01, 8.42623342e-02, 8.23640447e-01, 1.81147856e-01, 7.72352829e-01, 1.99472693e-01, 3.08250530e+00, 7.71496869e+01
2.20133111e-01, 8.64072127e-02, 8.19582709e-01, 1.85444825e-01, 7.68055861e-01, 2.04702634e-01, 3.07727536e+00, 7.74166588e+01
2.26312957e-01, 8.86013169e-02, 8.15452527e-01, 1.89825069e-01, 7.63675616e-01, 2.10060630e-01, 3.07191736e+00, 7.76910434e+01
2.32666291e-01, 9.08455198e-02, 8.11249571e-01, 1.94289315e-01, 7.59211370e-01, 2.15549353e-01, 3.06642864e+00, 7.79730845e+01
2.39197984e-01, 9.31406982e-02, 8.06973553e-01, 1.98838249e-01, 7.54662437e-01, 2.21171504e-01, 3.06080648e+00, 7.82630371e+01
2.45913043e-01, 9.54877322e-02, 8.02624233e-01, 2.03472515e-01, 7.50028171e-01, 2.26929813e-01, 3.05504818e+00, 7.85611688e+01
2.52816614e-01, 9.78875042e-02, 7.98201419e-01, 2.08192713e-01, 7.45307973e-01, 2.32827037e-01, 3.04915095e+00, 7.88677599e+01
2.59913992e-01, 1.00340899e-01, 7.93704972e-01, 2.12999395e-01, 7.40501290e-01, 2.38865959e-01, 3.04311203e+00, 7.91831045e+01
2.67210616e-01, 1.02848802e-01, 7.89134803e-01, 2.17893063e-01, 7.35607622e-01, 2.45049384e-01, 3.03692860e+00, 7.95075117e+01
2.74712079e-01, 1.05412101e-01, 7.84490880e-01, 2.22874165e-01, 7.30626520e-01, 2.51380141e-01, 3.03059785e+00, 7.98413057e+01
2.82424133e-01, 1.08031682e-01, 7.79773224e-01, 2.27943092e-01, 7.25557593e-01, 2.57861076e-01, 3.02411691e+00, 8.01848275e+01
2.90352688e-01, 1.10708431e-01, 7.74981917e-01, 2.33100176e-01, 7.20400509e-01, 2.64495053e-01, 3.01748294e+00, 8.05384359e+01
2.98503825e-01, 1.13443233e-01, 7.70117100e-01, 2.38345685e-01, 7.15155000e-01, 2.71284949e-01, 3.01069304e+00, 8.09025081e+01
3.06883789e-01, 1.16236971e-01, 7.65178976e-01, 2.43679821e-01, 7.09820865e-01, 2.78233653e-01, 3.00374434e+00, 8.12774412e+01
3.15499006e-01, 1.19090524e-01, 7.60167811e-01, 2.49102714e-01, 7.04397971e-01, 2.85344061e-01, 2.99663393e+00, 8.16636535e+01
3.24356081e-01, 1.22004770e-01, 7.55083934e-01, 2.54614424e-01, 6.98886261e-01, 2.92619071e-01, 2.98935892e+00, 8.20615854e+01
3.33461802e-01, 1.24980579e-01, 7.49927744e-01, 2.60214931e-01, 6.93285754e-01, 3.00061584e-01, 2.98191640e+00, 8.24717014e+01
3.42823149e-01, 1.28018820e-01, 7.44699703e-01, 2.65904135e-01, 6.87596550e-01, 3.07674497e-01, 2.97430349e+00, 8.28944907e+01
3.52447300e-01, 1.31120351e-01, 7.39400345e-01, 2.71681853e-01, 6.81818832e-01, 3.15460696e-01, 2.96651729e+00, 8.33304692e+01
3.62341632e-01, 1.34286029e-01, 7.34030273e-01, 2.77547813e-01, 6.75952873e-01, 3.23423055e-01, 2.95855493e+00, 8.37801812e+01
3.72513730e-01, 1.37516698e-01, 7.28590161e-01, 2.83501649e-01, 6.69999036e-01, 3.31564431e-01, 2.95041356e+00, 8.42442005e+01
3.82971391e-01, 1.40813196e-01, 7.23080757e-01, 2.89542903e-01, 6.63957782e-01, 3.39887654e-01, 2.94209034e+00, 8.47231327e+01
3.93722633e-01, 1.44176353e-01, 7.17502878e-01, 2.95671016e-01, 6.57829670e-01, 3.48395526e-01, 2.93358246e+00, 8.52176162e+01
4.04775697e-01, 1.47606985e-01, 7.11857418e-01, 3.01885324e-01, 6.51615361e-01, 3.57090812e-01, 2.92488718e+00, 8.57283250e+01
4.16139055e-01, 1.51105900e-01, 7.06145344e-01, 3.08185059e-01, 6.45315626e-01, 3.65976236e-01, 2.91600175e+00, 8.62559699e+01
4.27821420e-01, 1.54673893e-01, 7.00367697e-01, 3.14569341e-01, 6.38931344e-01, 3.75054468e-01, 2.90692352e+00, 8.68013008e+01
4.39831747e-01, 1.58311745e-01, 6.94525595e-01, 3.21037175e-01, 6.32463510e-01, 3.84328124e-01, 2.89764986e+00, 8.73651087e+01
4.52179242e-01, 1.62020224e-01, 6.88620228e-01, 3.27587449e-01, 6.25913236e-01, 3.93799754e-01, 2.88817824e+00, 8.79482276e+01
4.64873371e-01, 1.65800084e-01, 6.82652863e-01, 3.34218928e-01, 6.19281757e-01, 4.03471831e-01, 2.87850616e+00, 8.85515372e+01
4.77923865e-01, 1.69652062e-01, 6.76624841e-01, 3.40930254e-01, 6.12570431e-01, 4.13346751e-01, 2.86863124e+00, 8.91759648e+01
4.91340729e-01, 1.73576879e-01, 6.70537578e-01, 3.47719939e-01, 6.05780746e-01, 4.23426813e-01, 2.85855118e+00, 8.98224875e+01
5.05134247e-01, 1.77575238e-01, 6.64392563e-01, 3.54586365e-01, 5.98914320e-01, 4.33714219e-01, 2.84826377e+00, 9.04921349e+01
5.19314994e-01, 1.81647824e-01, 6.58191359e-01, 3.61527779e-01, 5.91972906e-01, 4.44211057e-01, 2.83776693e+00, 9.11859914e+01
5.33893840e-01, 1.85795303e-01, 6.51935600e-01, 3.68542292e-01, 5.84958393e-01, 4.54919295e-01, 2.82705869e+00, 9.19051984e+01
5.48881961e-01, 1.90018322e-01, 6.45626991e-01, 3.75627875e-01, 5.77872810e-01, 4.65840770e-01, 2.81613722e+00, 9.26509573e+01
5.64290847e-01, 1.94317504e-01, 6.39267309e-01, 3.82782359e-01, 5.70718326e-01, 4.76977175e-01, 2.80500081e+00, 9.34245316e+01
5.80132310e-01, 1.98693454e-01, 6.32858396e-01, 3.90003432e-01, 5.63497254e-01, 4.88330050e-01, 2.79364794e+00, 9.42272496e+01
5.96418495e-01, 2.03146750e-01, 6.26402164e-01, 3.97288636e-01, 5.56212050e-01, 4.99900772e-01, 2.78207722e+00, 9.50605072e+01
6.13161884e-01, 2.07677952e-01, 6.19900588e-01, 4.04635370e-01, 5.48865315e-01, 5.11690540e-01, 2.77028745e+00, 9.59257700e+01
6.30375315e-01, 2.12287591e-01, 6.13355704e-01, 4.12040888e-01, 5.41459797e-01, 5.23700364e-01, 2.75827762e+00, 9.68245764e+01
6.48071983e-01, 2.16976176e-01, 6.06769614e-01, 4.19502298e-01, 5.33998387e-01, 5.35931059e-01, 2.74604693e+00, 9.77585399e+01
6.66265452e-01, 2.21744190e-01, 6.00144472e-01, 4.27016563e-01, 5.26484122e-01, 5.48383227e-01, 2.73359476e+00, 9.87293520e+01
6.84969672e-01, 2.26592088e-01, 5.93482492e-01, 4.34580505e-01, 5.18920180e-01, 5.61057250e-01, 2.72092074e+00, 9.97387844e+01
7.04198979e-01, 2.31520301e-01, 5.86785940e-01, 4.42190803e-01, 5.11309883e-01, 5.73953275e-01, 2.70802471e+00, 1.00788692e+02
7.23968114e-01, 2.36529229e-01, 5.80057132e-01, 4.49843998e-01, 5.03656688e-01, 5.87071209e-01, 2.69490678e+00, 1.01881014e+02
7.44292233e-01, 2.41619247e-01, 5.73298431e-01, 4.57536496e-01, 4.95964189e-01, 6.00410705e-01, 2.68156728e+00, 1.03017780e+02
7.65186915e-01, 2.46790700e-01, 5.66512244e-01, 4.65264573e-01, 4.88236112e-01, 6.13971154e-01, 2.66800683e+00, 1.04201108e+02
7.86668179e-01, 2.52043903e-01, 5.59701019e-01, 4.73024378e-01, 4.80476307e-01, 6.27751674e-01, 2.65422632e+00, 1.05433210e+02
8.08752491e-01, 2.57379142e-01, 5.52867241e-01, 4.80811939e-01, 4.72688746e-01, 6.41751104e-01, 2.64022688e+00, 1.06716392e+02
8.31456781e-01, 2.62796674e-01, 5.46013431e-01, 4.88623172e-01, 4.64877513e-01, 6.55967997e-01, 2.62600999e+00, 1.08053059e+02
8.54798453e-01, 2.68296725e-01, 5.39142136e-01, 4.96453885e-01, 4.57046800e-01, 6.70400612e-01, 2.61157738e+00, 1.09445715e+02
8.78795401e-01, 2.73879488e-01, 5.32255933e-01, 5.04299787e-01, 4.49200898e-01, 6.85046909e-01, 2.59693108e+00, 1.10896969e+02
9.03466021e-01, 2.79545129e-01, 5.25357421e-01, 5.12156498e-01, 4.41344187e-01, 6.99904548e-01, 2.58207344e+00, 1.12409531e+02
9.28829225e-01, 2.85293778e-01, 5.18449216e-01, 5.20019559e-01, 4.33481127e-01, 7.14970881e-01, 2.56700711e+00, 1.13986221e+02
9.54904456e-01, 2.91125536e-01, 5.11533951e-01, 5.27884438e-01, 4.25616247e-01, 7.30242956e-01, 2.55173503e+00, 1.15629966e+02
9.81711702e-01, 2.97040474e-01, 5.04614268e-01, 5.35746549e-01, 4.17754137e-01, 7.45717513e-01, 2.53626048e+00, 1.17343806e+02
1.00927151e+00, 3.03038627e-01, 4.97692817e-01, 5.43601253e-01, 4.09899432e-01, 7.61390989e-01, 2.52058700e+00, 1.19130895e+02
1.03760502e+00, 3.09120002e-01, 4.90772250e-01, 5.51443882e-01, 4.02056803e-01, 7.77259517e-01, 2.50471847e+00, 1.20994504e+02
1.06673394e+00, 3.15284571e-01, 4.83855218e-01, 5.59269741e-01, 3.94230944e-01, 7.93318934e-01, 2.48865905e+00, 1.22938021e+02
1.09668060e+00, 3.21532276e-01, 4.76944367e-01, 5.67074130e-01, 3.86426556e-01, 8.09564788e-01, 2.47241320e+00, 1.24964958e+02
1.12746796e+00, 3.27863028e-01, 4.70042332e-01, 5.74852349e-01, 3.78648336e-01, 8.25992340e-01, 2.45598565e+00, 1.27078950e+02
1.15911962e+00, 3.34276704e-01, 4.63151736e-01, 5.82599721e-01, 3.70900964e-01, 8.42596580e-01, 2.43938141e+00, 1.29283760e+02
1.19165984e+00, 3.40773150e-01, 4.56275185e-01, 5.90311597e-01, 3.63189089e-01, 8.59372233e-01, 2.42260576e+00, 1.31583281e+02
1.22511358e+00, 3.47352184e-01, 4.49415262e-01, 5.97983374e-01, 3.55517311e-01, 8.76313775e-01, 2.40566421e+00, 1.33981540e+02
1.25950646e+00, 3.54013588e-01, 4.42574525e-01, 6.05610512e-01, 3.47890173e-01, 8.93415442e-01, 2.38856255e+00, 1.36482702e+02
1.29486487e+00, 3.60757118e-01, 4.35755505e-01, 6.13188539e-01, 3.40312146e-01, 9.10671248e-01, 2.37130674e+00, 1.39091074e+02
1.33121590e+00, 3.67582497e-01, 4.28960698e-01, 6.20713073e-01, 3.32787612e-01, 9.28074999e-01, 2.35390299e+00, 1.41811106e+02
1.36858742e+00, 3.74489419e-01, 4.22192565e-01, 6.28179829e-01, 3.25320857e-01, 9.45620310e-01, 2.33635768e+00, 1.44647400e+02
1.40700809e+00, 3.81477549e-01, 4.15453528e-01, 6.35584633e-01, 3.17916052e-01, 9.63300625e-01, 2.31867736e+00, 1.47604715e+02
1.44650734e+00, 3.88546523e-01, 4.08745964e-01, 6.42923437e-01, 3.10577249e-01, 9.81109230e-01, 2.30086876e+00, 1.50687968e+02
1.48711546e+00, 3.95695948e-01, 4.02072206e-01, 6.50192323e-01, 3.03308363e-01, 9.99039277e-01, 2.28293871e+00, 1.53902242e+02
1.52886359e+00, 4.02925403e-01, 3.95434536e-01, 6.57387519e-01, 2.96113166e-01, 1.01708380e+00, 2.26489419e+00, 1.57252795e+02
1.57178372e+00, 4.10234442e-01, 3.88835186e-01, 6.64505408e-01, 2.88995277e-01, 1.03523573e+00, 2.24674226e+00, 1.60745064e+02
1.61590875e+00, 4.17622591e-01, 3.82276331e-01, 6.71542533e-01, 2.81958152e-01, 1.05348793e+00, 2.22849006e+00, 1.64384672e+02
1.66127252e+00, 4.25089350e-01, 3.75760089e-01, 6.78495608e-01, 2.75005078e-01, 1.07183320e+00, 2.21014479e+00, 1.68177438e+02
1.70790980e+00, 4.32634194e-01, 3.69288519e-01, 6.85361522e-01, 2.68139164e-01, 1.09026429e+00, 2.19171370e+00, 1.72129384e+02
1.75585633e+00, 4.40256573e-01, 3.62863618e-01, 6.92137346e-01, 2.61363339e-01, 1.10877393e+00, 2.17320406e+00, 1.76246744e+02
1.80514888e+00, 4.47955916e-01, 3.56487318e-01, 6.98820339e-01, 2.54680346e-01, 1.12735487e+00, 2.15462312e+00, 1.80535975e+02
1.85582523e+00, 4.55731626e-01, 3.50161484e-01, 7.05407949e-01, 2.48092736e-01, 1.14599983e+00, 2.13597816e+00, 1.85003767e+02
1.90792422e+00, 4.63583085e-01, 3.43887915e-01, 7.11897815e-01, 2.41602870e-01, 1.16470160e+00, 2.11727639e+00, 1.89657050e+02
1.96148581e+00, 4.71509656e-01, 3.37668341e-01, 7.18287772e-01, 2.35212913e-01, 1.18345300e+00, 2.09852499e+00, 1.94503013e+02
2.01655104e+00, 4.79510678e-01, 3.31504419e-01, 7.24575848e-01, 2.28924837e-01, 1.20224691e+00, 2.07973108e+00, 1.99549111e+02
2.07316213e+00, 4.87585472e-01, 3.25397736e-01, 7.30760267e-01, 2.22740418e-01, 1.22107627e+00, 2.06090172e+00, 2.04803077e+02
2.13136247e+00, 4.95733342e-01, 3.19349807e-01, 7.36839445e-01, 2.16661241e-01, 1.23993415e+00, 2.04204384e+00, 2.10272940e+02
2.19119669e+00, 5.03953573e-01, 3.13362070e-01, 7.42811989e-01, 2.10688697e-01, 1.25881367e+00, 2.02316432e+00, 2.15967037e+02
2.25271064e+00, 5.12245431e-01, 3.07435893e-01, 7.48676695e-01, 2.04823990e-01, 1.27770809e+00, 2.00426990e+00, 2.21894026e+02
2.31595149e+00, 5.20608169e-01, 3.01572566e-01, 7.54432545e-01, 1.99068141e-01, 1.29661079e+00, 1.98536720e+00, 2.28062906e+02
2.38096772e+00, 5.29041024e-01, 2.95773306e-01, 7.60078700e-01, 1.93421985e-01, 1.31551527e+00, 1.96646272e+00, 2.34483029e+02
2.44780916e+00, 5.37543219e-01, 2.90039255e-01, 7.65614499e-01, 1.87886186e-01, 1.33441517e+00, 1.94756282e+00, 2.41164119e+02
2.51652705e+00, 5.46113963e-01, 2.84371479e-01, 7.71039452e-01, 1.82461233e-01, 1.35330427e+00, 1.92867371e+00, 2.48116292e+02
2.58717408e+00, 5.54752453e-01, 2.78770971e-01, 7.76353235e-01, 1.77147450e-01, 1.37217652e+00, 1.90980147e+00, 2.55350071e+02
2.65980440e+00, 5.63457874e-01, 2.73238647e-01, 7.81555683e-01, 1.71945002e-01, 1.39102599e+00, 1.89095200e+00, 2.62876405e+02
2.73447368e+00, 5.72229403e-01, 2.67775351e-01, 7.86646786e-01, 1.66853899e-01, 1.40984693e+00, 1.87213106e+00, 2.70706696e+02
2.81123917e+00, 5.81066203e-01, 2.62381854e-01, 7.91626680e-01, 1.61874006e-01, 1.42863376e+00, 1.85334423e+00, 2.78852810e+02
2.89015972e+00, 5.89967432e-01, 2.57058854e-01, 7.96495641e-01, 1.57005044e-01, 1.44738105e+00, 1.83459694e+00, 2.87327106e+02
2.97129582e+00, 5.98932239e-01, 2.51806978e-01, 8.01254081e-01, 1.52246605e-01, 1.46608355e+00, 1.81589444e+00, 2.96142456e+02
3.05470967e+00, 6.07959763e-01, 2.46626782e-01, 8.05902536e-01, 1.47598150e-01, 1.48473615e+00, 1.79724184e+00, 3.05312269e+02
3.14046522e+00, 6.17049141e-01, 2.41518754e-01, 8.10441664e-01, 1.43059022e-01, 1.50333395e+00, 1.77864404e+00, 3.14850515e+02
3.22862820e+00, 6.26199502e-01, 2.36483311e-01, 8.14872234e-01, 1.38628451e-01, 1.52187218e+00, 1.76010581e+00, 3.24771751e+02
3.31926620e+00, 6.35409971e-01, 2.31520808e-01, 8.19195123e-01, 1.34305563e-01, 1.54034627e+00, 1.74163172e+00, 3.35091147e+02
3.41244871e+00, 6.44679670e-01, 2.26631530e-01, 8.23411304e-01, 1.30089381e-01, 1.55875178e+00, 1.72322621e+00, 3.45824512e+02
3.50824714e+00, 6.54007716e-01, 2.21815701e-01, 8.27521845e-01, 1.25978840e-01, 1.57708448e+00, 1.70489351e+00, 3.56988325e+02
3.60673495e+00, 6.63393226e-01, 2.17073483e-01, 8.31527898e-01, 1.21972787e-01, 1.59534027e+00, 1.68663772e+00, 3.68599763e+02
3.70798763e+00, 6.72835313e-01, 2.12404976e-01, 8.35430694e-01, 1.18069991e-01, 1.61351522e+00, 1.66846277e+00, 3.80676730e+02
3.81208280e+00, 6.82333091e-01, 2.07810223e-01, 8.39231536e-01, 1.14269149e-01, 1.63160557e+00, 1.65037242e+00, 3.93237892e+02
3.91910025e+00, 6.91885673e-01, 2.03289209e-01, 8.42931795e-01, 1.10568890e-01, 1.64960771e+00, 1.63237028e+00, 4.06302709e+02
4.02912203e+00, 7.01492174e-01, 1.98841864e-01, 8.46532900e-01, 1.06967785e-01, 1.66751819e+00, 1.61445979e+00, 4.19891467e+02
4.14223247e+00, 7.11151707e-01, 1.94468065e-01, 8.50036336e-01, 1.03464349e-01, 1.68533371e+00, 1.59664427e+00, 4.34025317e+02
4.25851829e+00, 7.20863389e-01, 1.90167637e-01, 8.53443638e-01, 1.00057048e-01, 1.70305112e+00, 1.57892687e+00, 4.48726309e+02
4.37806863e+00, 7.30626340e-01, 1.85940357e-01, 8.56756380e-01, 9.67443052e-02, 1.72066741e+00, 1.56131058e+00, 4.64017434e+02
4.50097513e+00, 7.40439681e-01, 1.81785952e-01, 8.59976179e-01, 9.35245058e-02, 1.73817972e+00, 1.54379827e+00, 4.79922659e+02
4.62733201e+00, 7.50302539e-01, 1.77704105e-01, 8.63104684e-01, 9.03960012e-02, 1.75558534e+00, 1.52639265e+00, 4.96466976e+02
4.75723614e+00, 7.60214043e-01, 1.73694456e-01, 8.66143571e-01, 8.73571143e-02, 1.77288167e+00, 1.50909632e+00, 5.13676439e+02
4.89078709e+00, 7.70173327e-01, 1.69756602e-01, 8.69094542e-01, 8.44061437e-02, 1.79006628e+00, 1.49191171e+00, 5.31578209e+02
5.02808725e+00, 7.80179530e-01, 1.65890100e-01, 8.71959317e-01, 8.15413685e-02, 1.80713685e+00, 1.47484114e+00, 5.50200609e+02
5.16924187e+00, 7.90231798e-01, 1.62094471e-01, 8.74739634e-01, 7.87610518e-02, 1.82409118e+00, 1.45788681e+00, 5.69573162e+02
5.31435916e+00, 8.00329281e-01, 1.58369199e-01, 8.77437241e-01, 7.60634448e-02, 1.84092721e+00, 1.44105078e+00, 5.89726651e+02
5.46355035e+00, 8.10471136e-01, 1.54713732e-01, 8.80053895e-01, 7.34467904e-02, 1.85764300e+00, 1.42433499e+00, 6.10693165e+02
5.61692982e+00, 8.20656529e-01, 1.51127491e-01, 8.82591359e-01, 7.09093265e-02, 1.87423672e+00, 1.40774127e+00, 6.32506160e+02
5.77461515e+00, 8.30884629e-01, 1.47609861e-01, 8.85051396e-01, 6.84492893e-02, 1.89070667e+00, 1.39127132e+00, 6.55200512e+02
5.93672722e+00, 8.41154616e-01, 1.44160202e-01, 8.87435769e-01, 6.60649163e-02, 1.90705125e+00, 1.37492674e+00, 6.78812582e+02
6.10339029e+00, 8.51465677e-01, 1.40777848e-01, 8.89746236e-01, 6.37544490e-02, 1.92326896e+00, 1.35870903e+00, 7.03380272e+02
6.27473213e+00, 8.61817006e-01, 1.37462106e-01, 8.91984550e-01, 6.15161356e-02, 1.93935843e+00, 1.34261956e+00, 7.28943095e+02
6.45088409e+00, 8.72207807e-01, 1.34212261e-01, 8.94152452e-01, 5.93482334e-02, 1.95531838e+00, 1.32665961e+00, 7.55542241e+02
6.63198120e+00, 8.82637292e-01, 1.31027576e-01, 8.96251674e-01, 5.72490112e-02, 1.97114762e+00, 1.31083037e+00, 7.83220649e+02
6.81816229e+00, 8.93104682e-01, 1.27907296e-01, 8.98283934e-01, 5.52167511e-02, 1.98684508e+00, 1.29513291e+00, 8.12023077e+02
7.00957009e+00, 9.03609206e-01, 1.24850646e-01, 9.00250935e-01, 5.32497506e-02, 2.00240976e+00, 1.27956823e+00, 8.41996182e+02
7.20635132e+00, 9.14150106e-01, 1.21856835e-01, 9.02154361e-01, 5.13463244e-02, 2.01784077e+00, 1.26413722e+00, 8.73188601e+02
7.40865683e+00, 9.24726629e-01, 1.18925058e-01, 9.03995879e-01, 4.95048059e-02, 2.03313730e+00, 1.24884069e+00, 9.05651030e+02
7.61664172e+00, 9.35338035e-01, 1.16054495e-01, 9.05777136e-01, 4.77235488e-02, 2.04829863e+00, 1.23367935e+00, 9.39436314e+02
7.83046540e+00, 9.45983593e-01, 1.13244314e-01, 9.07499757e-01, 4.60009284e-02, 2.06332413e+00, 1.21865386e+00, 9.74599539e+02
8.05029181e+00, 9.56662583e-01, 1.10493675e-01, 9.09165343e-01, 4.43353427e-02, 2.07821322e+00, 1.20376477e+00, 1.01119812e+03
8.27628946e+00, 9.67374292e-01, 1.07801724e-01, 9.10775472e-01, 4.27252136e-02, 2.09296543e+00, 1.18901256e+00, 1.04929191e+03
8.50863158e+00, 9.78118021e-01, 1.05167604e-01, 9.12331698e-01, 4.11689878e-02, 2.10758036e+00, 1.17439763e+00, 1.08894328e+03
8.74749630e+00, 9.88893079e-01, 1.02590447e-01, 9.13835548e-01, 3.96651378e-02, 2.12205766e+00, 1.15992033e+00, 1.13021727e+03
8.99306672e+00, 9.99698787e-01, 1.00069381e-01, 9.15288523e-01, 3.82121623e-02, 2.13639709e+00, 1.14558090e+00, 1.17318165e+03
9.24553110e+00, 1.01053448e+00, 9.76035298e-02, 9.16692098e-01, 3.68085875e-02, 2.15059844e+00, 1.13137955e+00, 1.21790707e+03
9.50508296e+00, 1.02139949e+00, 9.51920136e-02, 9.18047719e-01, 3.54529667e-02, 2.16466159e+00, 1.11731640e+00, 1.26446716e+03
9.77192128e+00, 1.03229317e+00, 9.28339498e-02, 9.19356804e-01, 3.41438817e-02, 2.17858647e+00, 1.10339152e+00, 1.31293867e+03
1.00462506e+01, 1.04321489e+00, 9.05284548e-02, 9.20620743e-01, 3.28799427e-02, 2.19237307e+00, 1.08960492e+00, 1.36340160e+03
1.03282813e+01, 1.05416402e+00, 8.82746444e-02, 9.21840897e-01, 3.16597885e-02, 2.20602146e+00, 1.07595653e+00, 1.41593933e+03
1.06182294e+01, 1.06513995e+00, 8.60716349e-02, 9.23018598e-01, 3.04820871e-02, 2.21953173e+00, 1.06244626e+00, 1.47063878e+03
1.09163173e+01, 1.07614206e+00, 8.39185439e-02, 9.24155150e-01, 2.93455355e-02, 2.23290405e+00, 1.04907394e+00, 1.52759054e+03
1.12227736e+01, 1.08716977e+00, 8.18144912e-02, 9.25251825e-01, 2.82488602e-02, 2.24613865e+00, 1.03583934e+00, 1.58688903e+03
1.15378330e+01, 1.09822248e+00, 7.97585995e-02, 9.26309869e-01, 2.71908167e-02, 2.25923578e+00, 1.02274221e+00, 1.64863265e+03
1.18617372e+01, 1.10929963e+00, 7.77499950e-02, 9.27330495e-01, 2.61701901e-02, 2.27219576e+00, 1.00978223e+00, 1.71292401e+03
1.21947344e+01, 1.12040065e+00, 7.57878084e-02, 9.28314891e-01, 2.51857943e-02, 2.28501896e+00, 9.96959033e-01, 1.77987000e+03
1.25370799e+01, 1.13152499e+00, 7.38711753e-02, 9.29264213e-01, 2.42364725e-02, 2.29770577e+00, 9.84272221e-01, 1.84958208e+03
1.28890361e+01, 1.14267211e+00, 7.19992367e-02, 9.30179588e-01, 2.33210970e-02, 2.31025664e+00, 9.71721345e-01, 1.92217639e+03
1.32508729e+01, 1.15384147e+00, 7.01711401e-02, 9.31062117e-01, 2.24385683e-02, 2.32267207e+00, 9.59305918e-01, 1.99777402e+03
1.36228676e+01, 1.16503255e+00, 6.83860392e-02, 9.31912869e-01, 2.15878158e-02, 2.33495258e+00, 9.47025414e-01, 2.07650116e+03
1.40053055e+01, 1.17624484e+00, 6.66430952e-02, 9.32732888e-01, 2.07677969e-02, 2.34709872e+00, 9.34879269e-01, 2.15848933e+03
1.43984795e+01, 1.18747784e+00, 6.49414767e-02, 9.33523188e-01, 1.99774968e-02, 2.35911110e+00, 9.22866886e-01, 2.24387563e+03
1.48026913e+01, 1.19873106e+00, 6.32803605e-02, 9.34284757e-01, 1.92159283e-02, 2.37099035e+00, 9.10987634e-01, 2.33280296e+03
1.52182505e+01, 1.21000400e+00, 6.16589316e-02, 9.35018554e-01, 1.84821315e-02, 2.38273714e+00, 8.99240849e-01, 2.42542026e+03
1.56454759e+01, 1.22129622e+00, 6.00763839e-02, 9.35725512e-01, 1.77751729e-02, 2.39435215e+00, 8.87625839e-01, 2.52188278e+03
1.60846948e+01, 1.23260723e+00, 5.85319205e-02, 9.36406540e-01, 1.70941458e-02, 2.40583611e+00, 8.76141881e-01, 2.62235233e+03
1.65362441e+01, 1.24393658e+00, 5.70247538e-02, 9.37062516e-01, 1.64381691e-02, 2.41718976e+00, 8.64788226e-01, 2.72699757e+03
1.70004698e+01, 1.25528384e+00, 5.55541057e-02, 9.37694298e-01, 1.58063873e-02, 2.42841389e+00, 8.53564099e-01, 2.83599430e+03
1.74777277e+01, 1.26664856e+00, 5.41192085e-02, 9.38302715e-01, 1.51979702e-02, 2.43950929e+00, 8.42468702e-01, 2.94952575e+03
1.79683839e+01, 1.27803033e+00, 5.27193041e-02, 9.38888573e-01, 1.46121118e-02, 2.45047678e+00, 8.31501213e-01, 3.06778292e+03
1.84728144e+01, 1.28942872e+00, 5.13536452e-02, 9.39452655e-01, 1.40480305e-02, 2.46131720e+00, 8.20660787e-01, 3.19096487e+03
1.89914058e+01, 1.30084334e+00, 5.00214947e-02, 9.39995717e-01, 1.35049681e-02, 2.47203143e+00, 8.09946561e-01, 3.31927912e+03
1.95245558e+01, 1.31227377e+00, 4.87221263e-02, 9.40518496e-01, 1.29821896e-02, 2.48262034e+00, 7.99357653e-01, 3.45294193e+03
2.00726730e+01, 1.32371963e+00, 4.74548245e-02, 9.41021703e-01, 1.24789827e-02, 2.49308483e+00, 7.88893162e-01, 3.59217876e+03
2.06361777e+01, 1.33518054e+00, 4.62188846e-02, 9.41506028e-01, 1.19946572e-02, 2.50342582e+00, 7.78552170e-01, 3.73722456e+03
2.12155017e+01, 1.34665613e+00, 4.50136131e-02, 9.41972141e-01, 1.15285446e-02, 2.51364424e+00, 7.68333746e-01, 3.88832427e+03
2.18110892e+01, 1.35814602e+00, 4.38383275e-02, 9.42420688e-01, 1.10799974e-02, 2.52374105e+00, 7.58236941e-01, 4.04573319e+03
2.24233968e+01, 1.36964988e+00, 4.26923562e-02, 9.42852297e-01, 1.06483887e-02, 2.53371719e+00, 7.48260797e-01, 4.20971740e+03
2.30528939e+01, 1.38116734e+00, 4.15750390e-02, 9.43267573e-01, 1.02331118e-02, 2.54357365e+00, 7.38404339e-01, 4.38055428e+03
2.37000629e+01, 1.39269806e+00, 4.04857268e-02, 9.43667106e-01, 9.83357980e-03, 2.55331140e+00, 7.28666585e-01, 4.55853293e+03
2.43654001e+01, 1.40424172e+00, 3.94237819e-02, 9.44051461e-01, 9.44922459e-03, 2.56293145e+00, 7.19046541e-01, 4.74395469e+03
2.50494154e+01, 1.41579798e+00, 3.83885774e-02, 9.44421188e-01, 9.07949689e-03, 2.57243479e+00, 7.09543202e-01, 4.93713368e+03
2.57526333e+01, 1.42736654e+00, 3.73794979e-02, 9.44776820e-01, 8.72386549e-03, 2.58182243e+00, 7.00155556e-01, 5.13839730e+03
2.64755927e+01, 1.43894707e+00, 3.63959391e-02, 9.45118868e-01, 8.38181686e-03, 2.59109540e+00, 6.90882585e-01, 5.34808682e+03
2.72188479e+01, 1.45053928e+00, 3.54373078e-02, 9.45447831e-01, 8.05285464e-03, 2.60025473e+00, 6.81723261e-01, 5.56655795e+03
2.79829688e+01, 1.46214287e+00, 3.45030217e-02, 9.45764186e-01, 7.73649913e-03, 2.60930144e+00, 6.72676552e-01, 5.79418148e+03
2.87685409e+01, 1.47375755e+00, 3.35925097e-02, 9.46068398e-01, 7.43228691e-03, 2.61823657e+00, 6.63741419e-01, 6.03134389e+03
2.95761666e+01, 1.48538304e+00, 3.27052117e-02, 9.46360915e-01, 7.13977029e-03, 2.62706117e+00, 6.54916822e-01, 6.27844803e+03
3.04064649e+01, 1.49701906e+00, 3.18405781e-02, 9.46642168e-01, 6.85851691e-03, 2.63577628e+00, 6.46201713e-01, 6.53591382e+03
3.12600724e+01, 1.50866534e+00, 3.09980705e-02, 9.46912576e-01, 6.58810926e-03, 2.64438295e+00, 6.37595043e-01, 6.80417894e+03
3.21376434e+01, 1.52032162e+00, 3.01771610e-02, 9.47172541e-01, 6.32814427e-03, 2.65288223e+00, 6.29095760e-01, 7.08369964e+03
3.30398507e+01, 1.53198765e+00, 2.93773321e-02, 9.47422452e-01, 6.07823288e-03, 2.66127518e+00, 6.20702812e-01, 7.37495145e+03
3.39673858e+01, 1.54366317e+00, 2.85980772e-02, 9.47662686e-01, 5.83799958e-03, 2.66956285e+00, 6.12415141e-01, 7.67843010e+03
3.49209598e+01, 1.55534793e+00, 2.78388997e-02, 9.47893603e-01, 5.60708203e-03, 2.67774629e+00, 6.04231694e-01, 7.99465226e+03
3.59013038e+01, 1.56704171e+00, 2.70993135e-02, 9.48115555e-01, 5.38513066e-03, 2.68582657e+00, 5.96151414e-01, 8.32415651e+03
3.69091691e+01, 1.57874427e+00, 2.63788425e-02, 9.48328877e-01, 5.17180824e-03, 2.69380474e+00, 5.88173245e-01, 8.66750426e+03
3.79453285e+01, 1.59045537e+00, 2.56770206e-02, 9.48533896e-01, 4.96678953e-03, 2.70168186e+00, 5.80296134e-01, 9.02528067e+03
3.90105762e+01, 1.60217481e+00, 2.49933916e-02, 9.48730924e-01, 4.76976087e-03, 2.70945896e+00, 5.72519026e-01, 9.39809571e+03
4.01057288e+01, 1.61390235e+00, 2.43275093e-02, 9.48920265e-01, 4.58041983e-03, 2.71713712e+00, 5.64840870e-01, 9.78658517e+03
4.12316259e+01, 1.62563780e+00, 2.36789368e-02, 9.49102210e-01, 4.39847485e-03, 2.72471737e+00, 5.57260616e-01, 1.01914118e+04
4.23891306e+01, 1.63738095e+00, 2.30472468e-02, 9.49277040e-01, 4.22364487e-03, 2.73220077e+00, 5.49777218e-01, 1.06132664e+04
4.35791301e+01, 1.64913159e+00, 2.24320214e-02, 9.49445026e-01, 4.05565900e-03, 2.73958836e+00, 5.42389633e-01, 1.10528691e+04
4.48025368e+01, 1.66088953e+00, 2.18328518e-02, 9.49606429e-01, 3.89425620e-03, 2.74688117e+00, 5.35096819e-01, 1.15109704e+04
4.60602884e+01, 1.67265458e+00, 2.12493385e-02, 9.49761500e-01, 3.73918490e-03, 2.75408025e+00, 5.27897741e-01, 1.19883528e+04
4.73533492e+01, 1.68442656e+00, 2.06810907e-02, 9.49910483e-01, 3.59020276e-03, 2.76118662e+00, 5.20791365e-01, 1.24858317e+04
4.86827104e+01, 1.69620528e+00, 2.01277264e-02, 9.50053609e-01, 3.44707632e-03, 2.76820133e+00, 5.13776663e-01, 1.30042573e+04
5.00493910e+01, 1.70799057e+00, 1.95888723e-02, 9.50191105e-01, 3.30958067e-03, 2.77512538e+00, 5.06852613e-01, 1.35445157e+04
5.14544388e+01, 1.71978224e+00, 1.90641636e-02, 9.50323186e-01, 3.17749922e-03, 2.78195979e+00, 5.00018194e-01, 1.41075305e+04
5.28989308e+01, 1.73158015e+00, 1.85532437e-02, 9.50450062e-01, 3.05062339e-03, 2.78870559e+00, 4.93272395e-01, 1.46942646e+04
5.43839743e+01, 1.74338412e+00, 1.80557646e-02, 9.50571933e-01, 2.92875231e-03, 2.79536378e+00, 4.86614208e-01, 1.53057215e+04
5.59107078e+01, 1.75519399e+00, 1.75713858e-02, 9.50688993e-01, 2.81169261e-03, 2.80193536e+00, 4.80042629e-01, 1.59429473e+04
5.74803016e+01, 1.76700960e+00, 1.70997750e-02, 9.50801427e-01, 2.69925811e-03, 2.80842132e+00, 4.73556664e-01, 1.66070324e+04
5.90939590e+01, 1.77883082e+00, 1.66406078e-02, 9.50909416e-01, 2.59126958e-03, 2.81482267e+00, 4.67155322e-01, 1.72991137e+04
6.07529169e+01, 1.79065748e+00, 1.61935670e-02, 9.51013131e-01, 2.48755451e-03, 2.82114037e+00, 4.60837620e-01, 1.80203757e+04
6.24584471e+01, 1.80248944e+00, 1.57583434e-02, 9.51112738e-01, 2.38794687e-03, 2.82737541e+00, 4.54602580e-01, 1.87720537e+04
6.42118571e+01, 1.81432657e+00, 1.53346346e-02, 9.51208398e-01, 2.29228688e-03, 2.83352876e+00, 4.48449232e-01, 1.95554349e+04
6.60144909e+01, 1.82616872e+00, 1.49221457e-02, 9.51300265e-01, 2.20042077e-03, 2.83960138e+00, 4.42376613e-01, 2.03718613e+04
6.78677305e+01, 1.83801577e+00, 1.45205889e-02, 9.51388485e-01, 2.11220061e-03, 2.84559422e+00, 4.36383766e-01, 2.12227317e+04
6.97729965e+01, 1.84986758e+00, 1.41296829e-02, 9.51473201e-01, 2.02748404e-03, 2.85150825e+00, 4.30469742e-01, 2.21095041e+04
7.17317494e+01, 1.86172403e+00, 1.37491537e-02, 9.51554551e-01, 1.94613413e-03, 2.85734439e+00, 4.24633599e-01, 2.30336984e+04
7.37454909e+01, 1.87358500e+00, 1.33787335e-02, 9.51632666e-01, 1.86801915e-03, 2.86310359e+00, 4.18874403e-01, 2.39968990e+04
7.58157646e+01, 1.88545036e+00, 1.30181611e-02, 9.51707673e-01, 1.79301237e-03, 2.86878676e+00, 4.13191226e-01, 2.50007572e+04
7.79441575e+01, 1.89731999e+00, 1.26671819e-02, 9.51779693e-01, 1.72099191e-03, 2.87439484e+00, 4.07583149e-01, 2.60469944e+04
8.01323013e+01, 1.90919379e+00, 1.23255471e-02, 9.51848845e-01, 1.65184057e-03, 2.87992873e+00, 4.02049260e-01, 2.71374051e+04
8.23818733e+01, 1.92107165e+00, 1.19930143e-02, 9.51915240e-01, 1.58544561e-03, 2.88538933e+00, 3.96588655e-01, 2.82738596e+04
8.46945981e+01, 1.93295345e+00, 1.16693470e-02, 9.51978987e-01, 1.52169864e-03, 2.89077755e+00, 3.91200438e-01, 2.94583077e+04
8.70722485e+01, 1.94483908e+00, 1.13543144e-02, 9.52040190e-01, 1.46049541e-03, 2.89609427e+00, 3.85883721e-01, 3.06927817e+04
8.95166472e+01, 1.95672846e+00, 1.10476916e-02, 9.52098950e-01, 1.40173569e-03, 2.90134036e+00, 3.80637625e-01, 3.19794002e+04
9.20296681e+01, 1.96862147e+00, 1.07492590e-02, 9.52155362e-01, 1.34532315e-03, 2.90651671e+00, 3.75461276e-01, 3.33203713e+04
9.46132376e+01, 1.98051802e+00, 1.04588028e-02, 9.52209520e-01, 1.29116512e-03, 2.91162418e+00, 3.70353810e-01, 3.47179970e+04
9.72693362e+01, 1.99241802e+00, 1.01761143e-02, 9.52261513e-01, 1.23917256e-03, 2.91666362e+00, 3.65314373e-01, 3.61746767e+04
1.00000000e+02, 2.00432137e+00, 9.90099010e-03, 9.52311425e-01, 1.18925986e-03, 2.92163587e+00, 3.60342116e-01, 3.76929115e+04
