 --- Cosmological Parameters --- 
	 H0: 2.2027e-18 (1/s) = 67.9700 (km/s/Mpc) 
	 OmegaM: 3.1500e-01 
	 OmegaR: 0.0000e+00 
	 OmegaL: 6.8500e-01 
	 OmegaK: 0.0000e+00 
		 w0: -1.0000e+00 
		 wa: 0.0000e+00 
	 rho_crit: 8.6799e-30 (g/cm^3) 
z, log10(1+z), a, H0*t_look, H0*t_age, H0*t_conf, H0*t_conf_age, H(z) 
1.00000000e-04, 4.34272769e-05, 9.99900010e-01, 9.99926379e-05, 9.50885497e-01, 9.99976375e-05, 3.24007918e+00, 6.79732118e+01
1.02807322e-04, 4.46463579e-05, 9.99897203e-01, 1.02799541e-04, 9.50882690e-01, 1.02804825e-04, 3.24007637e+00, 6.79733020e+01
1.05693455e-04, 4.58996588e-05, 9.99894318e-01, 1.05685231e-04, 9.50879805e-01, 1.05690816e-04, 3.24007349e+00, 6.79733947e+01
1.08660611e-04, 4.71881402e-05, 9.99891351e-01, 1.08651919e-04, 9.50876838e-01, 1.08657822e-04, 3.24007052e+00, 6.79734900e+01
1.11711065e-04, 4.85127895e-05, 9.99888301e-01, 1.11701878e-04, 9.50873788e-01, 1.11708117e-04, 3.24006747e+00, 6.79735880e+01
1.14847155e-04, 4.98746217e-05, 9.99885166e-01, 1.14837444e-04, 9.50870653e-01, 1.14844039e-04, 3.24006433e+00, 6.79736887e+01
1.18071285e-04, 5.12746804e-05, 9.99881943e-01, 1.18061021e-04, 9.50867429e-01, 1.18067991e-04, 3.24006111e+00, 6.79737923e+01
1.21385926e-04, 5.27140387e-05, 9.99878629e-01, 1.21375079e-04, 9.50864115e-01, 1.21382445e-04, 3.24005780e+00, 6.79738988e+01
1.24793621e-04, 5.41937993e-05, 9.99875222e-01, 1.24782155e-04, 9.50860708e-01, 1.24789941e-04, 3.24005439e+00, 6.79740082e+01
1.28296980e-04, 5.57150964e-05, 9.99871719e-01, 1.28284862e-04, 9.50857205e-01, 1.28293091e-04, 3.24005088e+00, 6.79741208e+01
1.31898690e-04, 5.72790956e-05, 9.99868119e-01, 1.31885882e-04, 9.50853604e-01, 1.31894579e-04, 3.24004728e+00, 6.79742365e+01
1.35601511e-04, 5.88869955e-05, 9.99864417e-01, 1.35587974e-04, 9.50849902e-01, 1.35597167e-04, 3.24004358e+00, 6.79743554e+01
1.39408283e-04, 6.05400281e-05, 9.99860611e-01, 1.39393975e-04, 9.50846096e-01, 1.39403691e-04, 3.24003977e+00, 6.79744777e+01
1.43321923e-04, 6.22394601e-05, 9.99856699e-01, 1.43306800e-04, 9.50842183e-01, 1.43317070e-04, 3.24003586e+00, 6.79746034e+01
1.47345431e-04, 6.39865937e-05, 9.99852676e-01, 1.47329448e-04, 9.50838161e-01, 1.47340302e-04, 3.24003184e+00, 6.79747327e+01
1.51481892e-04, 6.57827676e-05, 9.99848541e-01, 1.51464999e-04, 9.50834025e-01, 1.51476471e-04, 3.24002770e+00, 6.79748655e+01
1.55734477e-04, 6.76293582e-05, 9.99844290e-01, 1.55716623e-04, 9.50829773e-01, 1.55728747e-04, 3.24002345e+00, 6.79750021e+01
1.60106446e-04, 6.95277803e-05, 9.99839919e-01, 1.60087575e-04, 9.50825402e-01, 1.60100390e-04, 3.24001908e+00, 6.79751426e+01
1.64601150e-04, 7.14794886e-05, 9.99835426e-01, 1.64581205e-04, 9.50820909e-01, 1.64594749e-04, 3.24001458e+00, 6.79752870e+01
1.69222035e-04, 7.34859785e-05, 9.99830807e-01, 1.69200954e-04, 9.50816289e-01, 1.69215270e-04, 0.00000000e+00, 6.79754354e+01
1.73972643e-04, 7.55487874e-05, 9.99826058e-01, 1.73950362e-04, 9.50811540e-01, 1.73965493e-04, 3.24000521e+00, 6.79755880e+01
1.78856616e-04, 7.76694958e-05, 9.99821175e-01, 1.78833066e-04, 9.50806657e-01, 1.78849058e-04, 3.24000033e+00, 6.79757449e+01
1.83877698e-04, 7.98497285e-05, 9.99816156e-01, 1.83852807e-04, 9.50801637e-01, 1.83869710e-04, 3.23999531e+00, 6.79759062e+01
1.89039738e-04, 8.20911560e-05, 9.99810996e-01, 1.89013430e-04, 9.50796477e-01, 1.89031295e-04, 3.23999015e+00, 6.79760720e+01
1.94346693e-04, 8.43954955e-05, 9.99805691e-01, 1.94318887e-04, 9.50791171e-01, 1.94337769e-04, 3.23998484e+00, 6.79762425e+01
1.99802631e-04, 8.67645125e-05, 9.99800237e-01, 1.99773243e-04, 9.50785717e-01, 1.99793199e-04, 3.23997938e+00, 6.79764178e+01
2.05411735e-04, 8.92000219e-05, 9.99794630e-01, 2.05380673e-04, 9.50780109e-01, 2.05401766e-04, 3.23997378e+00, 6.79765980e+01
2.11178304e-04, 9.17038897e-05, 9.99788866e-01, 2.11145475e-04, 9.50774344e-01, 2.11167768e-04, 3.23996801e+00, 6.79767833e+01
2.17106760e-04, 9.42780341e-05, 9.99782940e-01, 2.17072061e-04, 9.50768418e-01, 2.17095624e-04, 3.23996208e+00, 6.79769737e+01
2.23201647e-04, 9.69244272e-05, 9.99776848e-01, 2.23164973e-04, 9.50762325e-01, 2.23189877e-04, 3.23995599e+00, 6.79771695e+01
2.29467637e-04, 9.96450962e-05, 9.99770585e-01, 2.29428875e-04, 9.50756061e-01, 2.29455196e-04, 3.23994972e+00, 6.79773708e+01
2.35909533e-04, 1.02442125e-04, 9.99764146e-01, 2.35868564e-04, 9.50749621e-01, 2.35896384e-04, 3.23994328e+00, 6.79775778e+01
2.42532274e-04, 1.05317657e-04, 9.99757527e-01, 2.42488973e-04, 9.50743001e-01, 2.42518377e-04, 3.23993666e+00, 6.79777906e+01
2.49340937e-04, 1.08273895e-04, 9.99750721e-01, 2.49295171e-04, 9.50736195e-01, 2.49326248e-04, 3.23992985e+00, 6.79780093e+01
2.56340741e-04, 1.11313103e-04, 9.99743725e-01, 2.56292369e-04, 9.50729198e-01, 2.56325216e-04, 3.23992285e+00, 6.79782342e+01
2.63537052e-04, 1.14437609e-04, 9.99736532e-01, 2.63485926e-04, 9.50722004e-01, 2.63520643e-04, 3.23991566e+00, 6.79784654e+01
2.70935387e-04, 1.17649806e-04, 9.99729138e-01, 2.70881350e-04, 9.50714609e-01, 2.70918043e-04, 3.23990826e+00, 6.79787031e+01
2.78541416e-04, 1.20952156e-04, 9.99721536e-01, 2.78484304e-04, 9.50707006e-01, 2.78523086e-04, 3.23990065e+00, 6.79789475e+01
2.86360972e-04, 1.24347187e-04, 9.99713721e-01, 2.86300608e-04, 9.50699189e-01, 2.86341598e-04, 3.23989284e+00, 6.79791987e+01
2.94400048e-04, 1.27837499e-04, 9.99705687e-01, 2.94336247e-04, 9.50691154e-01, 2.94379570e-04, 3.23988480e+00, 6.79794570e+01
3.02664806e-04, 1.31425767e-04, 9.99697427e-01, 3.02597373e-04, 9.50682893e-01, 3.02643163e-04, 3.23987653e+00, 6.79797226e+01
3.11161583e-04, 1.35114738e-04, 9.99688935e-01, 3.11090311e-04, 9.50674400e-01, 3.11138707e-04, 3.23986804e+00, 6.79799956e+01
3.19896892e-04, 1.38907238e-04, 9.99680205e-01, 3.19821563e-04, 9.50665668e-01, 3.19872714e-04, 3.23985931e+00, 6.79802763e+01
3.28877429e-04, 1.42806171e-04, 9.99671231e-01, 3.28797811e-04, 9.50656692e-01, 3.28851874e-04, 3.23985033e+00, 6.79805648e+01
3.38110078e-04, 1.46814523e-04, 9.99662004e-01, 3.38025929e-04, 9.50647464e-01, 3.38083069e-04, 3.23984109e+00, 6.79808615e+01
3.47601918e-04, 1.50935364e-04, 9.99652519e-01, 3.47512978e-04, 9.50637977e-01, 3.47573371e-04, 3.23983160e+00, 6.79811665e+01
3.57360225e-04, 1.55171849e-04, 9.99642767e-01, 3.57266221e-04, 9.50628224e-01, 3.57330052e-04, 3.23982185e+00, 6.79814801e+01
3.67392478e-04, 1.59527223e-04, 9.99632742e-01, 3.67293123e-04, 9.50618197e-01, 3.67360588e-04, 3.23981182e+00, 6.79818024e+01
3.77706369e-04, 1.64004821e-04, 9.99622436e-01, 3.77601358e-04, 9.50607889e-01, 3.77672663e-04, 3.23980151e+00, 6.79821339e+01
3.88309805e-04, 1.68608072e-04, 9.99611841e-01, 3.88198816e-04, 9.50597291e-01, 3.88274179e-04, 3.23979090e+00, 6.79824746e+01
3.99210913e-04, 1.73340499e-04, 9.99600948e-01, 3.99093606e-04, 9.50586396e-01, 3.99173259e-04, 3.23978000e+00, 6.79828249e+01
4.10418050e-04, 1.78205728e-04, 9.99589750e-01, 4.10294065e-04, 9.50575196e-01, 4.10378252e-04, 3.23976880e+00, 6.79831850e+01
4.21939808e-04, 1.83207482e-04, 9.99578238e-01, 4.21808765e-04, 9.50563681e-01, 4.21897744e-04, 3.23975728e+00, 6.79835553e+01
4.33785019e-04, 1.88349591e-04, 9.99566403e-01, 4.33646515e-04, 9.50551843e-01, 4.33740560e-04, 3.23974544e+00, 6.79839360e+01
4.45962763e-04, 1.93635993e-04, 9.99554236e-01, 4.45816375e-04, 9.50539674e-01, 4.45915773e-04, 3.23973326e+00, 6.79843273e+01
4.58482375e-04, 1.99070734e-04, 9.99541728e-01, 4.58327654e-04, 9.50527162e-01, 4.58432710e-04, 3.23972075e+00, 6.79847297e+01
4.71353453e-04, 2.04657975e-04, 9.99528869e-01, 4.71189924e-04, 9.50514300e-01, 4.71300960e-04, 3.23970788e+00, 6.79851434e+01
4.84585864e-04, 2.10401992e-04, 9.99515649e-01, 4.84413026e-04, 9.50501077e-01, 4.84530382e-04, 3.23969465e+00, 6.79855686e+01
4.98189752e-04, 2.16307184e-04, 9.99502058e-01, 4.98007075e-04, 9.50487483e-01, 4.98131111e-04, 3.23968105e+00, 6.79860059e+01
5.12175544e-04, 2.22378069e-04, 9.99488087e-01, 5.11982468e-04, 9.50473507e-01, 5.12113564e-04, 3.23966706e+00, 6.79864554e+01
5.26553963e-04, 2.28619296e-04, 9.99473723e-01, 5.26349896e-04, 9.50459140e-01, 5.26488454e-04, 3.23965269e+00, 6.79869175e+01
5.41336030e-04, 2.35035640e-04, 9.99458957e-01, 5.41120347e-04, 9.50444370e-01, 5.41266791e-04, 3.23963791e+00, 6.79873926e+01
5.56533078e-04, 2.41632013e-04, 9.99443776e-01, 5.56305116e-04, 9.50429185e-01, 5.56459896e-04, 3.23962272e+00, 6.79878811e+01
5.72156756e-04, 2.48413463e-04, 9.99428170e-01, 5.71915818e-04, 9.50413574e-01, 5.72079407e-04, 3.23960710e+00, 6.79883833e+01
5.88219040e-04, 2.55385179e-04, 9.99412127e-01, 5.87964387e-04, 9.50397526e-01, 5.88137288e-04, 3.23959104e+00, 6.79888996e+01
6.04732245e-04, 2.62552498e-04, 9.99395633e-01, 6.04463096e-04, 9.50381027e-01, 6.04645838e-04, 3.23957453e+00, 6.79894304e+01
6.21709029e-04, 2.69920903e-04, 9.99378677e-01, 6.21424559e-04, 9.50364065e-01, 6.21617702e-04, 3.23955756e+00, 6.79899762e+01
6.39162405e-04, 2.77496033e-04, 9.99361246e-01, 6.38861742e-04, 9.50346628e-01, 6.39065878e-04, 3.23954011e+00, 6.79905372e+01
6.57105755e-04, 2.85283683e-04, 9.99343326e-01, 6.56787977e-04, 9.50328702e-01, 6.57003732e-04, 3.23952217e+00, 6.79911141e+01
6.75552832e-04, 2.93289812e-04, 9.99324903e-01, 6.75216965e-04, 9.50310273e-01, 6.75445000e-04, 3.23950373e+00, 6.79917071e+01
6.94517777e-04, 3.01520545e-04, 9.99305964e-01, 6.94162793e-04, 9.50291327e-01, 6.94403806e-04, 3.23948477e+00, 6.79923168e+01
7.14015130e-04, 3.09982178e-04, 9.99286494e-01, 7.13639939e-04, 9.50271850e-01, 7.13894669e-04, 3.23946528e+00, 6.79929437e+01
7.34059837e-04, 3.18681185e-04, 9.99266479e-01, 7.33663289e-04, 9.50251827e-01, 7.33932517e-04, 3.23944525e+00, 6.79935882e+01
7.54667263e-04, 3.27624220e-04, 9.99245902e-01, 7.54248143e-04, 9.50231242e-01, 7.54532694e-04, 3.23942465e+00, 6.79942507e+01
7.75853206e-04, 3.36818122e-04, 9.99224748e-01, 7.75410229e-04, 9.50210080e-01, 7.75710974e-04, 3.23940347e+00, 6.79949319e+01
7.97633907e-04, 3.46269924e-04, 9.99203002e-01, 7.97165716e-04, 9.50188324e-01, 7.97483577e-04, 3.23938169e+00, 6.79956323e+01
8.20026062e-04, 3.55986854e-04, 9.99180646e-01, 8.19531221e-04, 9.50165959e-01, 8.19867172e-04, 3.23935931e+00, 6.79963523e+01
8.43046837e-04, 3.65976343e-04, 9.99157663e-01, 8.42523830e-04, 9.50142966e-01, 8.42878900e-04, 3.23933630e+00, 6.79970926e+01
8.66713880e-04, 3.76246030e-04, 9.99134037e-01, 8.66161103e-04, 9.50119329e-01, 8.66536381e-04, 3.23931264e+00, 6.79978537e+01
8.91045332e-04, 3.86803767e-04, 9.99109748e-01, 8.90461093e-04, 9.50095029e-01, 8.90857727e-04, 3.23928832e+00, 6.79986361e+01
9.16059848e-04, 3.97657626e-04, 9.99084779e-01, 9.15442354e-04, 9.50070048e-01, 9.15861559e-04, 3.23926332e+00, 6.79994406e+01
9.41776601e-04, 4.08815904e-04, 9.99059110e-01, 9.41123960e-04, 9.50044366e-01, 9.41567022e-04, 3.23923761e+00, 6.80002677e+01
9.68215306e-04, 4.20287133e-04, 9.99032721e-01, 9.67525519e-04, 9.50017964e-01, 9.67993794e-04, 3.23921118e+00, 6.80011180e+01
9.95396231e-04, 4.32080081e-04, 9.99005594e-01, 9.94667183e-04, 9.49990823e-01, 9.95162106e-04, 3.23918402e+00, 6.80019923e+01
1.02334021e-03, 4.44203760e-04, 9.98977706e-01, 1.02256967e-03, 9.49962920e-01, 1.02309276e-03, 3.23915609e+00, 6.80028911e+01
1.05206867e-03, 4.56667438e-04, 9.98949037e-01, 1.05125427e-03, 9.49934236e-01, 1.05180712e-03, 3.23912737e+00, 6.80038152e+01
1.08160363e-03, 4.69480638e-04, 9.98919565e-01, 1.08074288e-03, 9.49904747e-01, 1.08132719e-03, 3.23909785e+00, 6.80047653e+01
1.11196773e-03, 4.82653152e-04, 9.98889267e-01, 1.11105799e-03, 9.49874432e-01, 1.11167555e-03, 3.23906750e+00, 6.80057421e+01
1.14318425e-03, 4.96195044e-04, 9.98858121e-01, 1.14222273e-03, 9.49843267e-01, 1.14287543e-03, 3.23903630e+00, 6.80067464e+01
1.17527712e-03, 5.10116661e-04, 9.98826103e-01, 1.17426087e-03, 9.49811229e-01, 1.17495072e-03, 3.23900423e+00, 6.80077789e+01
1.20827094e-03, 5.24428638e-04, 9.98793187e-01, 1.20719685e-03, 9.49778293e-01, 1.20792595e-03, 3.23897125e+00, 6.80088404e+01
1.24219100e-03, 5.39141905e-04, 9.98759350e-01, 1.24105579e-03, 9.49744434e-01, 1.24182636e-03, 3.23893735e+00, 6.80099318e+01
1.27706330e-03, 5.54267703e-04, 9.98724566e-01, 1.27586348e-03, 9.49709626e-01, 1.27667791e-03, 3.23890250e+00, 6.80110539e+01
1.31291459e-03, 5.69817580e-04, 9.98688807e-01, 1.31164648e-03, 9.49673843e-01, 1.31250725e-03, 3.23886667e+00, 6.80122076e+01
1.34977233e-03, 5.85803413e-04, 9.98652047e-01, 1.34843206e-03, 9.49637058e-01, 1.34934180e-03, 3.23882984e+00, 6.80133937e+01
1.38766479e-03, 6.02237406e-04, 9.98614258e-01, 1.38624825e-03, 9.49599242e-01, 1.38720974e-03, 3.23879197e+00, 6.80146132e+01
1.42662102e-03, 6.19132106e-04, 9.98575411e-01, 1.42512386e-03, 9.49560366e-01, 1.42614006e-03, 3.23875304e+00, 6.80158670e+01
1.46667087e-03, 6.36500410e-04, 9.98535477e-01, 1.46508850e-03, 9.49520401e-01, 1.46616252e-03, 3.23871302e+00, 6.80171561e+01
1.50784505e-03, 6.54355573e-04, 9.98494425e-01, 1.50617263e-03, 9.49479317e-01, 1.50730775e-03, 3.23867187e+00, 6.80184815e+01
1.55017512e-03, 6.72711224e-04, 9.98452224e-01, 1.54840753e-03, 9.49437082e-01, 1.54960723e-03, 3.23862957e+00, 6.80198441e+01
1.59369353e-03, 6.91581368e-04, 9.98408842e-01, 1.59182536e-03, 9.49393665e-01, 1.59309330e-03, 3.23858608e+00, 6.80212451e+01
1.63843365e-03, 7.10980403e-04, 9.98364246e-01, 1.63645916e-03, 9.49349031e-01, 1.63779924e-03, 3.23854138e+00, 6.80226855e+01
1.68442976e-03, 7.30923128e-04, 9.98318403e-01, 1.68234292e-03, 9.49303147e-01, 1.68375923e-03, 3.23849542e+00, 6.80241664e+01
1.73171713e-03, 7.51424755e-04, 9.98271277e-01, 1.72951154e-03, 9.49255978e-01, 1.73100842e-03, 3.23844817e+00, 6.80256891e+01
1.78033202e-03, 7.72500920e-04, 9.98222832e-01, 1.77800092e-03, 9.49207489e-01, 1.77958294e-03, 3.23839959e+00, 6.80272546e+01
1.83031168e-03, 7.94167695e-04, 9.98173032e-01, 1.82784793e-03, 9.49157642e-01, 1.82951995e-03, 3.23834966e+00, 6.80288641e+01
1.88169442e-03, 8.16441599e-04, 9.98121840e-01, 1.87909049e-03, 9.49106399e-01, 1.88085761e-03, 3.23829832e+00, 6.80305190e+01
1.93451965e-03, 8.39339613e-04, 9.98069215e-01, 1.93176755e-03, 9.49053722e-01, 1.93363519e-03, 3.23824554e+00, 6.80322205e+01
1.98882786e-03, 8.62879189e-04, 9.98015120e-01, 1.98591916e-03, 9.48999571e-01, 1.98789303e-03, 3.23819128e+00, 6.80339699e+01
2.04466067e-03, 8.87078267e-04, 9.97959511e-01, 2.04158647e-03, 9.48943903e-01, 2.04367260e-03, 3.23813551e+00, 6.80357685e+01
2.10206088e-03, 9.11955285e-04, 9.97902349e-01, 2.09881177e-03, 9.48886678e-01, 2.10101655e-03, 3.23807816e+00, 6.80376178e+01
2.16107251e-03, 9.37529196e-04, 9.97843588e-01, 2.15763853e-03, 9.48827851e-01, 2.15996870e-03, 3.23801921e+00, 6.80395192e+01
2.22174078e-03, 9.63819479e-04, 9.97783184e-01, 2.21811143e-03, 9.48767379e-01, 2.22057412e-03, 3.23795860e+00, 6.80414741e+01
2.28411221e-03, 9.90846156e-04, 9.97721093e-01, 2.28027636e-03, 9.48705214e-01, 2.28287911e-03, 3.23789630e+00, 6.80434841e+01
2.34823460e-03, 1.01862981e-03, 9.97657267e-01, 2.34418052e-03, 9.48641309e-01, 2.34693128e-03, 3.23783225e+00, 6.80455507e+01
2.41415712e-03, 1.04719158e-03, 9.97591657e-01, 2.40987239e-03, 9.48575618e-01, 2.41277957e-03, 3.23776640e+00, 6.80476756e+01
2.48193029e-03, 1.07655322e-03, 9.97524214e-01, 2.47740180e-03, 9.48508088e-01, 2.48047430e-03, 3.23769870e+00, 6.80498603e+01
2.55160607e-03, 1.10673706e-03, 9.97454888e-01, 2.54681996e-03, 9.48438670e-01, 2.55006716e-03, 3.23762911e+00, 6.80521066e+01
2.62323788e-03, 1.13776607e-03, 9.97383625e-01, 2.61817949e-03, 9.48367310e-01, 2.62161133e-03, 3.23755757e+00, 6.80544162e+01
2.69688063e-03, 1.16966386e-03, 9.97310373e-01, 2.69153447e-03, 9.48293955e-01, 2.69516144e-03, 3.23748402e+00, 6.80567909e+01
2.77259076e-03, 1.20245468e-03, 9.97235075e-01, 2.76694048e-03, 9.48218549e-01, 2.77077367e-03, 3.23740840e+00, 6.80592326e+01
2.85042632e-03, 1.23616346e-03, 9.97157676e-01, 2.84445463e-03, 9.48141035e-01, 2.84850575e-03, 3.23733067e+00, 6.80617431e+01
2.93044698e-03, 1.27081583e-03, 9.97078115e-01, 2.92413559e-03, 9.48061354e-01, 2.92841703e-03, 3.23725076e+00, 6.80643243e+01
3.01271407e-03, 1.30643812e-03, 9.96996335e-01, 3.00604368e-03, 9.47979446e-01, 3.01056851e-03, 3.23716861e+00, 6.80669784e+01
3.09729067e-03, 1.34305740e-03, 9.96912273e-01, 3.09024086e-03, 9.47895249e-01, 3.09502291e-03, 3.23708415e+00, 6.80697073e+01
3.18424160e-03, 1.38070148e-03, 9.96825866e-01, 3.17679081e-03, 9.47808699e-01, 3.18184469e-03, 3.23699733e+00, 6.80725132e+01
3.27363353e-03, 1.41939895e-03, 9.96737048e-01, 3.26575895e-03, 9.47719731e-01, 3.27110011e-03, 3.23690808e+00, 6.80753983e+01
3.36553498e-03, 1.45917918e-03, 9.96645754e-01, 3.35721253e-03, 9.47628277e-01, 3.36285727e-03, 3.23681632e+00, 6.80783647e+01
3.46001639e-03, 1.50007238e-03, 9.96551914e-01, 3.45122061e-03, 9.47534269e-01, 3.45718618e-03, 3.23672199e+00, 6.80814149e+01
3.55715021e-03, 1.54210957e-03, 9.96455458e-01, 3.54785419e-03, 9.47437636e-01, 3.55415881e-03, 3.23662502e+00, 6.80845511e+01
3.65701088e-03, 1.58532264e-03, 9.96356314e-01, 3.64718619e-03, 9.47338304e-01, 3.65384911e-03, 3.23652533e+00, 6.80877759e+01
3.75967497e-03, 1.62974435e-03, 9.96254407e-01, 3.74929155e-03, 9.47236198e-01, 3.75633311e-03, 3.23642284e+00, 6.80910917e+01
3.86522116e-03, 1.67540839e-03, 9.96149661e-01, 3.85424727e-03, 9.47131243e-01, 3.86168897e-03, 3.23631749e+00, 6.80945012e+01
3.97373038e-03, 1.72234936e-03, 9.96041998e-01, 3.96213245e-03, 9.47023357e-01, 3.96999701e-03, 3.23620918e+00, 6.80980069e+01
4.08528580e-03, 1.77060283e-03, 9.95931336e-01, 4.07302838e-03, 9.46912462e-01, 4.08133979e-03, 3.23609784e+00, 6.81016116e+01
4.19997295e-03, 1.82020534e-03, 9.95817593e-01, 4.18701855e-03, 9.46798471e-01, 4.19580217e-03, 3.23598338e+00, 6.81053182e+01
4.31787973e-03, 1.87119444e-03, 9.95700684e-01, 4.30418875e-03, 9.46681301e-01, 4.31347139e-03, 3.23586571e+00, 6.81091295e+01
4.43909653e-03, 1.92360874e-03, 9.95580522e-01, 4.42462712e-03, 9.46560863e-01, 4.43443710e-03, 3.23574474e+00, 6.81130485e+01
4.56371628e-03, 1.97748788e-03, 9.95457017e-01, 4.54842421e-03, 9.46437066e-01, 4.55879145e-03, 3.23562039e+00, 6.81170783e+01
4.69183451e-03, 2.03287261e-03, 9.95330076e-01, 4.67567304e-03, 9.46309817e-01, 4.68662916e-03, 3.23549255e+00, 6.81212220e+01
4.82354943e-03, 2.08980480e-03, 9.95199606e-01, 4.80646917e-03, 9.46179021e-01, 4.81804758e-03, 3.23536113e+00, 6.81254829e+01
4.95896201e-03, 2.14832749e-03, 9.95065508e-01, 4.94091076e-03, 9.46044579e-01, 4.95314676e-03, 3.23522603e+00, 6.81298642e+01
5.09817606e-03, 2.20848488e-03, 9.94927683e-01, 5.07909868e-03, 9.45906391e-01, 5.09202956e-03, 3.23508715e+00, 6.81343695e+01
5.24129830e-03, 2.27032240e-03, 9.94786030e-01, 5.22113649e-03, 9.45764353e-01, 5.23480167e-03, 3.23494438e+00, 6.81390023e+01
5.38843844e-03, 2.33388671e-03, 9.94640441e-01, 5.36713061e-03, 9.45618359e-01, 5.38157174e-03, 3.23479761e+00, 6.81437662e+01
5.53970928e-03, 2.39922578e-03, 9.94490810e-01, 5.51719035e-03, 9.45468300e-01, 5.53245141e-03, 3.23464673e+00, 6.81486649e+01
5.69522678e-03, 2.46638889e-03, 9.94337025e-01, 5.67142798e-03, 9.45314062e-01, 5.68755546e-03, 3.23449162e+00, 6.81537023e+01
5.85511016e-03, 2.53542665e-03, 9.94178973e-01, 5.82995880e-03, 9.45155531e-01, 5.84700182e-03, 3.23433218e+00, 6.81588824e+01
6.01948197e-03, 2.60639109e-03, 9.94016535e-01, 5.99290127e-03, 9.44992589e-01, 6.01091173e-03, 3.23416827e+00, 6.81642092e+01
6.18846824e-03, 2.67933564e-03, 9.93849593e-01, 6.16037703e-03, 9.44825113e-01, 6.17940976e-03, 3.23399977e+00, 6.81696869e+01
6.36219849e-03, 2.75431521e-03, 9.93678023e-01, 6.33251103e-03, 9.44652979e-01, 6.35262396e-03, 3.23382655e+00, 6.81753199e+01
6.54080591e-03, 2.83138620e-03, 9.93501698e-01, 6.50943158e-03, 9.44476058e-01, 6.53068591e-03, 3.23364849e+00, 6.81811125e+01
6.72442742e-03, 2.91060657e-03, 9.93320488e-01, 6.69127047e-03, 9.44294219e-01, 6.71373087e-03, 3.23346545e+00, 6.81870694e+01
6.91320378e-03, 2.99203585e-03, 9.93134260e-01, 6.87816303e-03, 9.44107327e-01, 6.90189781e-03, 3.23327728e+00, 6.81931952e+01
7.10727970e-03, 3.07573520e-03, 9.92942877e-01, 7.07024825e-03, 9.43915242e-01, 7.09532959e-03, 3.23308385e+00, 6.81994948e+01
7.30680395e-03, 3.16176744e-03, 9.92746198e-01, 7.26766883e-03, 9.43717821e-01, 7.29417299e-03, 3.23288500e+00, 6.82059732e+01
7.51192949e-03, 3.25019713e-03, 9.92544079e-01, 7.47057134e-03, 9.43514919e-01, 7.49857888e-03, 3.23268060e+00, 6.82126355e+01
7.72281357e-03, 3.34109055e-03, 9.92336371e-01, 7.67910625e-03, 9.43306384e-01, 7.70870228e-03, 3.23247048e+00, 6.82194870e+01
7.93961785e-03, 3.43451582e-03, 9.92122923e-01, 7.89342809e-03, 9.43092062e-01, 7.92470252e-03, 3.23225448e+00, 6.82265331e+01
8.16250851e-03, 3.53054289e-03, 9.91903579e-01, 8.11369551e-03, 9.42871794e-01, 8.14674332e-03, 3.23203243e+00, 6.82337794e+01
8.39165644e-03, 3.62924361e-03, 9.91678177e-01, 8.34007140e-03, 9.42645419e-01, 8.37499294e-03, 3.23180418e+00, 6.82412317e+01
8.62723729e-03, 3.73069181e-03, 9.91446555e-01, 8.57272300e-03, 9.42412767e-01, 8.60962428e-03, 3.23156955e+00, 6.82488959e+01
8.86943166e-03, 3.83496328e-03, 9.91208544e-01, 8.81182201e-03, 9.42173668e-01, 8.85081500e-03, 3.23132836e+00, 6.82567780e+01
9.11842520e-03, 3.94213590e-03, 9.90963969e-01, 9.05754468e-03, 9.41927945e-01, 9.09874768e-03, 3.23108043e+00, 6.82648845e+01
9.37440879e-03, 4.05228964e-03, 9.90712655e-01, 9.31007196e-03, 9.41675418e-01, 9.35360994e-03, 3.23082557e+00, 6.82732217e+01
9.63757866e-03, 4.16550662e-03, 9.90454418e-01, 9.56958960e-03, 9.41415900e-01, 9.61559455e-03, 3.23056358e+00, 6.82817962e+01
9.90813657e-03, 4.28187121e-03, 9.90189071e-01, 9.83628826e-03, 9.41149202e-01, 9.88489961e-03, 3.23029428e+00, 6.82906151e+01
1.01862899e-02, 4.40147004e-03, 9.89916424e-01, 1.01103636e-02, 9.40875126e-01, 1.01617287e-02, 3.23001745e+00, 6.82996852e+01
1.04722519e-02, 4.52439206e-03, 9.89636280e-01, 1.03920166e-02, 9.40593473e-01, 1.04462909e-02, 3.22973289e+00, 6.83090139e+01
1.07662418e-02, 4.65072864e-03, 9.89348436e-01, 1.06814533e-02, 9.40304037e-01, 1.07388012e-02, 3.22944038e+00, 6.83186087e+01
1.10684849e-02, 4.78057359e-03, 9.89052685e-01, 1.09788852e-02, 9.40006605e-01, 1.10394803e-02, 3.22913970e+00, 6.83284773e+01
1.13792129e-02, 4.91402325e-03, 9.88748817e-01, 1.12845296e-02, 9.39700960e-01, 1.13485552e-02, 3.22883062e+00, 6.83386275e+01
1.16986641e-02, 5.05117654e-03, 9.88436612e-01, 1.15986093e-02, 9.39386881e-01, 1.16662590e-02, 3.22851292e+00, 6.83490677e+01
1.20270833e-02, 5.19213502e-03, 9.88115848e-01, 1.19213527e-02, 9.39064137e-01, 1.19928311e-02, 3.22818635e+00, 6.83598061e+01
1.23647224e-02, 5.33700299e-03, 9.87786297e-01, 1.22529946e-02, 9.38732495e-01, 1.23285177e-02, 3.22785066e+00, 6.83708516e+01
1.27118400e-02, 5.48588750e-03, 9.87447723e-01, 1.25937757e-02, 9.38391714e-01, 1.26735715e-02, 3.22750561e+00, 6.83822129e+01
1.30687023e-02, 5.63889849e-03, 9.87099885e-01, 1.29439428e-02, 9.38041547e-01, 1.30282524e-02, 3.22715093e+00, 6.83938993e+01
1.34355829e-02, 5.79614881e-03, 9.86742539e-01, 1.33037492e-02, 9.37681741e-01, 1.33928270e-02, 3.22678635e+00, 6.84059203e+01
1.38127630e-02, 5.95775431e-03, 9.86375430e-01, 1.36734550e-02, 9.37312035e-01, 1.37675697e-02, 3.22641161e+00, 6.84182856e+01
1.42005318e-02, 6.12383394e-03, 9.85998300e-01, 1.40533265e-02, 9.36932163e-01, 1.41527620e-02, 3.22602642e+00, 6.84310054e+01
1.45991865e-02, 6.29450978e-03, 9.85610883e-01, 1.44436373e-02, 9.36541853e-01, 1.45486932e-02, 3.22563048e+00, 6.84440899e+01
1.50090328e-02, 6.46990713e-03, 9.85212907e-01, 1.48446678e-02, 9.36140822e-01, 1.49556605e-02, 3.22522352e+00, 6.84575498e+01
1.54303847e-02, 6.65015464e-03, 9.84804094e-01, 1.52567055e-02, 9.35728784e-01, 1.53739693e-02, 3.22480521e+00, 6.84713962e+01
1.58635653e-02, 6.83538432e-03, 9.84384158e-01, 1.56800454e-02, 9.35305445e-01, 1.58039332e-02, 3.22437524e+00, 6.84856404e+01
1.63089068e-02, 7.02573168e-03, 9.83952805e-01, 1.61149899e-02, 9.34870500e-01, 1.62458743e-02, 3.22393330e+00, 6.85002940e+01
1.67667503e-02, 7.22133576e-03, 9.83509738e-01, 1.65618490e-02, 9.34423641e-01, 1.67001235e-02, 3.22347905e+00, 6.85153691e+01
1.72374471e-02, 7.42233928e-03, 9.83054648e-01, 1.70209408e-02, 9.33964549e-01, 1.71670208e-02, 3.22301216e+00, 6.85308781e+01
1.77213578e-02, 7.62888867e-03, 9.82587220e-01, 1.74925910e-02, 9.33492899e-01, 1.76469151e-02, 3.22253226e+00, 6.85468338e+01
1.82188534e-02, 7.84113421e-03, 9.82107134e-01, 1.79771338e-02, 9.33008356e-01, 1.81401652e-02, 3.22203901e+00, 6.85632494e+01
1.87303154e-02, 8.05923009e-03, 9.81614059e-01, 1.84749116e-02, 9.32510578e-01, 1.86471393e-02, 3.22153204e+00, 6.85801384e+01
1.92561357e-02, 8.28333450e-03, 9.81107658e-01, 1.89862754e-02, 9.31999215e-01, 1.91682155e-02, 3.22101096e+00, 6.85975149e+01
1.97967175e-02, 8.51360975e-03, 9.80587585e-01, 1.95115849e-02, 9.31473905e-01, 1.97037824e-02, 3.22047540e+00, 6.86153934e+01
2.03524752e-02, 8.75022235e-03, 9.80053486e-01, 2.00512087e-02, 9.30934281e-01, 2.02542389e-02, 3.21992494e+00, 6.86337887e+01
2.09238348e-02, 8.99334311e-03, 9.79504999e-01, 2.06055244e-02, 9.30379966e-01, 2.08199946e-02, 3.21935918e+00, 6.86527161e+01
2.15112343e-02, 9.24314725e-03, 9.78941755e-01, 2.11749189e-02, 9.29810571e-01, 2.14014703e-02, 3.21877771e+00, 6.86721915e+01
2.21151240e-02, 9.49981449e-03, 9.78363373e-01, 2.17597887e-02, 9.29225701e-01, 2.19990978e-02, 3.21818008e+00, 6.86922313e+01
2.27359668e-02, 9.76352916e-03, 9.77769466e-01, 2.23605396e-02, 9.28624950e-01, 2.26133209e-02, 3.21756586e+00, 6.87128522e+01
2.33742387e-02, 1.00344803e-02, 9.77159637e-01, 2.29775876e-02, 9.28007902e-01, 2.32445950e-02, 3.21693458e+00, 6.87340717e+01
2.40304289e-02, 1.03128618e-02, 9.76533482e-01, 2.36113586e-02, 9.27374131e-01, 2.38933878e-02, 3.21628579e+00, 6.87559077e+01
2.47050406e-02, 1.05988725e-02, 9.75890584e-01, 2.42622885e-02, 9.26723201e-01, 2.45601794e-02, 3.21561900e+00, 6.87783786e+01
2.53985907e-02, 1.08927162e-02, 9.75230519e-01, 2.49308239e-02, 9.26054666e-01, 2.52454628e-02, 3.21493371e+00, 6.88015036e+01
2.61116110e-02, 1.11946019e-02, 9.74552855e-01, 2.56174219e-02, 9.25368068e-01, 2.59497441e-02, 3.21422943e+00, 6.88253023e+01
2.68446481e-02, 1.15047439e-02, 9.73857148e-01, 2.63225502e-02, 9.24662940e-01, 2.66735429e-02, 3.21350563e+00, 6.88497949e+01
2.75982639e-02, 1.18233619e-02, 9.73142944e-01, 2.70466878e-02, 9.23938802e-01, 2.74173925e-02, 3.21276179e+00, 6.88750026e+01
2.83730362e-02, 1.21506810e-02, 9.72409782e-01, 2.77903247e-02, 9.23195165e-01, 2.81818405e-02, 3.21199734e+00, 6.89009468e+01
2.91695588e-02, 1.24869320e-02, 9.71657189e-01, 2.85539622e-02, 9.22431528e-01, 2.89674487e-02, 3.21121173e+00, 6.89276500e+01
2.99884423e-02, 1.28323514e-02, 9.70884681e-01, 2.93381133e-02, 9.21647377e-01, 2.97747942e-02, 3.21040438e+00, 6.89551351e+01
3.08303146e-02, 1.31871818e-02, 9.70091766e-01, 3.01433026e-02, 9.20842187e-01, 3.06044688e-02, 3.20957471e+00, 6.89834260e+01
3.16958209e-02, 1.35516713e-02, 9.69277940e-01, 3.09700669e-02, 9.20015423e-01, 3.14570801e-02, 3.20872210e+00, 6.90125472e+01
3.25856248e-02, 1.39260747e-02, 9.68442690e-01, 3.18189548e-02, 9.19166535e-01, 3.23332518e-02, 3.20784593e+00, 6.90425241e+01
3.35004083e-02, 1.43106525e-02, 9.67585491e-01, 3.26905274e-02, 9.18294963e-01, 3.32336237e-02, 3.20694555e+00, 6.90733828e+01
3.44408728e-02, 1.47056720e-02, 9.66705808e-01, 3.35853582e-02, 9.17400132e-01, 3.41588525e-02, 3.20602033e+00, 6.91051504e+01
3.54077391e-02, 1.51114068e-02, 9.65803096e-01, 3.45040335e-02, 9.16481456e-01, 3.51096117e-02, 3.20506957e+00, 6.91378548e+01
3.64017485e-02, 1.55281370e-02, 9.64876798e-01, 3.54471523e-02, 9.15538338e-01, 3.60865928e-02, 3.20409258e+00, 6.91715250e+01
3.74236629e-02, 1.59561497e-02, 9.63926345e-01, 3.64153265e-02, 9.14570163e-01, 3.70905049e-02, 3.20308867e+00, 6.92061906e+01
3.84742658e-02, 1.63957388e-02, 9.62951161e-01, 3.74091815e-02, 9.13576308e-01, 3.81220755e-02, 3.20205710e+00, 6.92418825e+01
3.95543624e-02, 1.68472053e-02, 9.61950655e-01, 3.84293558e-02, 9.12556134e-01, 3.91820510e-02, 3.20099713e+00, 6.92786326e+01
4.06647809e-02, 1.73108570e-02, 9.60924227e-01, 3.94765014e-02, 9.11508989e-01, 4.02711970e-02, 3.19990798e+00, 6.93164737e+01
4.18063724e-02, 1.77870096e-02, 9.59871264e-01, 4.05512839e-02, 9.10434206e-01, 4.13902986e-02, 3.19878888e+00, 6.93554397e+01
4.29800121e-02, 1.82759856e-02, 9.58791145e-01, 4.16543828e-02, 9.09331107e-01, 4.25401612e-02, 3.19763902e+00, 6.93955659e+01
4.41865996e-02, 1.87781154e-02, 9.57683234e-01, 4.27864914e-02, 9.08198999e-01, 4.37216106e-02, 3.19645757e+00, 6.94368886e+01
4.54270599e-02, 1.92937372e-02, 9.56546887e-01, 4.39483170e-02, 9.07037173e-01, 4.49354938e-02, 3.19524368e+00, 6.94794453e+01
4.67023439e-02, 1.98231967e-02, 9.55381447e-01, 4.51405811e-02, 9.05844909e-01, 4.61826789e-02, 3.19399650e+00, 6.95232749e+01
4.80134292e-02, 2.03668477e-02, 9.54186246e-01, 4.63640194e-02, 9.04621471e-01, 4.74640565e-02, 3.19271512e+00, 6.95684175e+01
4.93613210e-02, 2.09250522e-02, 9.52960606e-01, 4.76193820e-02, 9.03366108e-01, 4.87805390e-02, 3.19139864e+00, 6.96149146e+01
5.07470524e-02, 2.14981804e-02, 9.51703836e-01, 4.89074331e-02, 9.02078057e-01, 5.01330623e-02, 3.19004612e+00, 6.96628093e+01
5.21716858e-02, 2.20866106e-02, 9.50415235e-01, 5.02289518e-02, 9.00756538e-01, 5.15225851e-02, 3.18865659e+00, 6.97121460e+01
5.36363132e-02, 2.26907300e-02, 9.49094092e-01, 5.15847314e-02, 8.99400759e-01, 5.29500906e-02, 3.18722909e+00, 6.97629706e+01
5.51420574e-02, 2.33109341e-02, 9.47739684e-01, 5.29755799e-02, 8.98009910e-01, 5.44165857e-02, 3.18576259e+00, 6.98153308e+01
5.66900727e-02, 2.39476274e-02, 9.46351277e-01, 5.44023197e-02, 8.96583170e-01, 5.59231028e-02, 3.18425607e+00, 6.98692759e+01
5.82815458e-02, 2.46012230e-02, 9.44928128e-01, 5.58657878e-02, 8.95119702e-01, 5.74706992e-02, 3.18270848e+00, 6.99248569e+01
5.99176967e-02, 2.52721433e-02, 9.43469482e-01, 5.73668360e-02, 8.93618654e-01, 5.90604583e-02, 3.18111872e+00, 6.99821265e+01
6.15997796e-02, 2.59608197e-02, 9.41974574e-01, 5.89063303e-02, 8.92079160e-01, 6.06934898e-02, 3.17948569e+00, 7.00411393e+01
6.33290840e-02, 2.66676928e-02, 9.40442630e-01, 6.04851512e-02, 8.90500339e-01, 6.23709302e-02, 3.17780825e+00, 7.01019521e+01
6.51069356e-02, 2.73932126e-02, 9.38872865e-01, 6.21041936e-02, 8.88881296e-01, 6.40939437e-02, 3.17608523e+00, 7.01646235e+01
6.69346971e-02, 2.81378388e-02, 9.37264486e-01, 6.37643667e-02, 8.87221123e-01, 6.58637221e-02, 3.17431546e+00, 7.02292141e+01
6.88137699e-02, 2.89020403e-02, 9.35616689e-01, 6.54665935e-02, 8.85518896e-01, 6.76814856e-02, 3.17249769e+00, 7.02957869e+01
7.07455942e-02, 2.96862961e-02, 9.33928662e-01, 6.72118114e-02, 8.83773679e-01, 6.95484834e-02, 3.17063069e+00, 7.03644070e+01
7.27316511e-02, 3.04910947e-02, 9.32199585e-01, 6.90009712e-02, 8.81984519e-01, 7.14659943e-02, 3.16871318e+00, 7.04351420e+01
7.47734631e-02, 3.13169348e-02, 9.30428629e-01, 7.08350374e-02, 8.80150453e-01, 7.34353266e-02, 3.16674385e+00, 7.05080620e+01
7.68725952e-02, 3.21643250e-02, 9.28614958e-01, 7.27149876e-02, 8.78270502e-01, 7.54578192e-02, 3.16472136e+00, 7.05832395e+01
7.90306568e-02, 3.30337838e-02, 9.26757728e-01, 7.46418124e-02, 8.76343678e-01, 7.75348421e-02, 3.16264434e+00, 7.06607497e+01
8.12493021e-02, 3.39258402e-02, 9.24856088e-01, 7.66165152e-02, 8.74368975e-01, 7.96677964e-02, 3.16051138e+00, 7.07406706e+01
8.35302320e-02, 3.48410332e-02, 9.22909182e-01, 7.86401114e-02, 8.72345379e-01, 8.18581150e-02, 3.15832106e+00, 7.08230833e+01
8.58751948e-02, 3.57799125e-02, 9.20916146e-01, 8.07136286e-02, 8.70271861e-01, 8.41072634e-02, 3.15607191e+00, 7.09080715e+01
8.82859884e-02, 3.67430377e-02, 9.18876114e-01, 8.28381055e-02, 8.68147384e-01, 8.64167395e-02, 3.15376244e+00, 7.09957223e+01
9.07644607e-02, 3.77309793e-02, 9.16788212e-01, 8.50145919e-02, 8.65970898e-01, 8.87880747e-02, 3.15139110e+00, 7.10861261e+01
9.33125118e-02, 3.87443182e-02, 9.14651565e-01, 8.72441478e-02, 8.63741342e-01, 9.12228339e-02, 3.14895634e+00, 7.11793765e+01
9.59320948e-02, 3.97836456e-02, 9.12465293e-01, 8.95278431e-02, 8.61457647e-01, 9.37226158e-02, 3.14645656e+00, 7.12755709e+01
9.86252179e-02, 4.08495636e-02, 9.10228514e-01, 9.18667569e-02, 8.59118733e-01, 9.62890539e-02, 3.14389012e+00, 7.13748102e+01
1.01393946e-01, 4.19426849e-02, 9.07940346e-01, 9.42619764e-02, 8.56723514e-01, 9.89238162e-02, 3.14125536e+00, 7.14771993e+01
1.04240401e-01, 4.30636326e-02, 9.05599903e-01, 9.67145969e-02, 8.54270893e-01, 1.01628606e-01, 3.13855057e+00, 7.15828468e+01
1.07166765e-01, 4.42130406e-02, 9.03206303e-01, 9.92257203e-02, 8.51759770e-01, 1.04405161e-01, 3.13577402e+00, 7.16918660e+01
1.10175281e-01, 4.53915533e-02, 9.00758661e-01, 1.01796455e-01, 8.49189035e-01, 1.07255257e-01, 3.13292392e+00, 7.18043741e+01
1.13268257e-01, 4.65998259e-02, 8.98256098e-01, 1.04427913e-01, 8.46557577e-01, 1.10180704e-01, 3.12999847e+00, 7.19204932e+01
1.16448062e-01, 4.78385241e-02, 8.95697735e-01, 1.07121212e-01, 8.43864278e-01, 1.13183347e-01, 3.12699583e+00, 7.20403498e+01
1.19717134e-01, 4.91083240e-02, 8.93082699e-01, 1.09877472e-01, 8.41108018e-01, 1.16265070e-01, 3.12391411e+00, 7.21640756e+01
1.23077980e-01, 5.04099123e-02, 8.90410121e-01, 1.12697815e-01, 8.38287675e-01, 1.19427792e-01, 3.12075139e+00, 7.22918075e+01
1.26533176e-01, 5.17439860e-02, 8.87679139e-01, 1.15583363e-01, 8.35402127e-01, 1.22673469e-01, 3.11750571e+00, 7.24236876e+01
1.30085370e-01, 5.31112527e-02, 8.84888900e-01, 1.18535239e-01, 8.32450251e-01, 1.26004093e-01, 3.11417508e+00, 7.25598637e+01
1.33737286e-01, 5.45124297e-02, 8.82038557e-01, 1.21554562e-01, 8.29430928e-01, 1.29421694e-01, 3.11075748e+00, 7.27004896e+01
1.37491723e-01, 5.59482450e-02, 8.79127276e-01, 1.24642448e-01, 8.26343042e-01, 1.32928338e-01, 3.10725084e+00, 7.28457250e+01
1.41351558e-01, 5.74194362e-02, 8.76154234e-01, 1.27800010e-01, 8.23185480e-01, 1.36526126e-01, 3.10365305e+00, 7.29957361e+01
1.45319752e-01, 5.89267507e-02, 8.73118619e-01, 1.31028351e-01, 8.19957139e-01, 1.40217198e-01, 3.09996198e+00, 7.31506959e+01
1.49399346e-01, 6.04709458e-02, 8.70019635e-01, 1.34328568e-01, 8.16656921e-01, 1.44003727e-01, 3.09617545e+00, 7.33107841e+01
1.53593468e-01, 6.20527881e-02, 8.66856504e-01, 1.37701749e-01, 8.13283741e-01, 1.47887925e-01, 3.09229125e+00, 7.34761879e+01
1.57905331e-01, 6.36730536e-02, 8.63628462e-01, 1.41148966e-01, 8.09836524e-01, 1.51872036e-01, 3.08830714e+00, 7.36471020e+01
1.62338243e-01, 6.53325272e-02, 8.60334766e-01, 1.44671280e-01, 8.06314210e-01, 1.55958342e-01, 3.08422084e+00, 7.38237289e+01
1.66895601e-01, 6.70320026e-02, 8.56974693e-01, 1.48269737e-01, 8.02715753e-01, 1.60149157e-01, 3.08003002e+00, 7.40062797e+01
1.71580899e-01, 6.87722823e-02, 8.53547545e-01, 1.51945363e-01, 7.99040127e-01, 1.64446830e-01, 3.07573235e+00, 7.41949737e+01
1.76397728e-01, 7.05541769e-02, 8.50052645e-01, 1.55699163e-01, 7.95286327e-01, 1.68853741e-01, 3.07132544e+00, 7.43900397e+01
1.81349780e-01, 7.23785049e-02, 8.46489343e-01, 1.59532120e-01, 7.91453370e-01, 1.73372303e-01, 3.06680687e+00, 7.45917155e+01
1.86440853e-01, 7.42460926e-02, 8.42857018e-01, 1.63445194e-01, 7.87540296e-01, 1.78004961e-01, 3.06217422e+00, 7.48002489e+01
1.91674849e-01, 7.61577735e-02, 8.39155077e-01, 1.67439314e-01, 7.83546176e-01, 1.82754188e-01, 3.05742499e+00, 7.50158981e+01
1.97055780e-01, 7.81143880e-02, 8.35382959e-01, 1.71515380e-01, 7.79470110e-01, 1.87622486e-01, 3.05255669e+00, 7.52389317e+01
2.02587771e-01, 8.01167833e-02, 8.31540137e-01, 1.75674260e-01, 7.75311230e-01, 1.92612386e-01, 3.04756679e+00, 7.54696299e+01
2.08275063e-01, 8.21658124e-02, 8.27626118e-01, 1.79916784e-01, 7.71068706e-01, 1.97726443e-01, 3.04245274e+00, 7.57082842e+01
2.14122015e-01, 8.42623342e-02, 8.23640447e-01, 1.84243746e-01, 7.66741744e-01, 2.02967235e-01, 3.03721194e+00, 7.59551986e+01
2.20133111e-01, 8.64072127e-02, 8.19582709e-01, 1.88655895e-01, 7.62329595e-01, 2.08337365e-01, 3.03184181e+00, 7.62106897e+01
2.26312957e-01, 8.86013169e-02, 8.15452527e-01, 1.93153937e-01, 7.57831553e-01, 2.13839453e-01, 3.02633972e+00, 7.64750874e+01
2.32666291e-01, 9.08455198e-02, 8.11249571e-01, 1.97738530e-01, 7.53246960e-01, 2.19476142e-01, 3.02070304e+00, 7.67487355e+01
2.39197984e-01, 9.31406982e-02, 8.06973553e-01, 2.02410280e-01, 7.48575210e-01, 2.25250085e-01, 3.01492909e+00, 7.70319924e+01
2.45913043e-01, 9.54877322e-02, 8.02624233e-01, 2.07169739e-01, 7.43815751e-01, 2.31163953e-01, 3.00901523e+00, 7.73252315e+01
2.52816614e-01, 9.78875042e-02, 7.98201419e-01, 2.12017401e-01, 7.38968089e-01, 2.37220424e-01, 3.00295875e+00, 7.76288420e+01
2.59913992e-01, 1.00340899e-01, 7.93704972e-01, 2.16953697e-01, 7.34031793e-01, 2.43422187e-01, 2.99675699e+00, 7.79432298e+01
2.67210616e-01, 1.02848802e-01, 7.89134803e-01, 2.21978995e-01, 7.29006495e-01, 2.49771935e-01, 2.99040724e+00, 7.82688177e+01
2.74712079e-01, 1.05412101e-01, 7.84490880e-01, 2.27093594e-01, 7.23891896e-01, 2.56272359e-01, 2.98390682e+00, 7.86060467e+01
2.82424133e-01, 1.08031682e-01, 7.79773224e-01, 2.32297720e-01, 7.18687770e-01, 2.62926153e-01, 2.97725302e+00, 7.89553765e+01
2.90352688e-01, 1.10708431e-01, 7.74981917e-01, 2.37591522e-01, 7.13393967e-01, 2.69736002e-01, 2.97044318e+00, 7.93172861e+01
2.98503825e-01, 1.13443233e-01, 7.70117100e-01, 2.42975074e-01, 7.08010416e-01, 2.76704583e-01, 2.96347459e+00, 7.96922752e+01
3.06883789e-01, 1.16236971e-01, 7.65178976e-01, 2.48448361e-01, 7.02537129e-01, 2.83834557e-01, 2.95634462e+00, 8.00808646e+01
3.15499006e-01, 1.19090524e-01, 7.60167811e-01, 2.54011285e-01, 6.96974205e-01, 2.91128569e-01, 2.94905061e+00, 8.04835973e+01
3.24356081e-01, 1.22004770e-01, 7.55083934e-01, 2.59663656e-01, 6.91321834e-01, 2.98589239e-01, 2.94158994e+00, 8.09010394e+01
3.33461802e-01, 1.24980579e-01, 7.49927744e-01, 2.65405190e-01, 6.85580300e-01, 3.06219163e-01, 2.93396002e+00, 8.13337811e+01
3.42823149e-01, 1.28018820e-01, 7.44699703e-01, 2.71235506e-01, 6.79749984e-01, 3.14020899e-01, 2.92615828e+00, 8.17824377e+01
3.52447300e-01, 1.31120351e-01, 7.39400345e-01, 2.77154121e-01, 6.73831369e-01, 3.21996972e-01, 2.91818221e+00, 8.22476507e+01
3.62341632e-01, 1.34286029e-01, 7.34030273e-01, 2.83160446e-01, 6.67825044e-01, 3.30149860e-01, 2.91002932e+00, 8.27300888e+01
3.72513730e-01, 1.37516698e-01, 7.28590161e-01, 2.89253787e-01, 6.61731703e-01, 3.38481993e-01, 2.90169718e+00, 8.32304490e+01
3.82971391e-01, 1.40813196e-01, 7.23080757e-01, 2.95433336e-01, 6.55552154e-01, 3.46995746e-01, 2.89318343e+00, 8.37494580e+01
3.93722633e-01, 1.44176353e-01, 7.17502878e-01, 3.01698171e-01, 6.49287319e-01, 3.55693432e-01, 2.88448575e+00, 8.42878734e+01
4.04775697e-01, 1.47606985e-01, 7.11857418e-01, 3.08047253e-01, 6.42938237e-01, 3.64577295e-01, 2.87560188e+00, 8.48464845e+01
4.16139055e-01, 1.51105900e-01, 7.06145344e-01, 3.14479424e-01, 6.36506066e-01, 3.73649507e-01, 2.86652967e+00, 8.54261141e+01
4.27821420e-01, 1.54673893e-01, 7.00367697e-01, 3.20993401e-01, 6.29992089e-01, 3.82912157e-01, 2.85726702e+00, 8.60276198e+01
4.39831747e-01, 1.58311745e-01, 6.94525595e-01, 3.27587777e-01, 6.23397712e-01, 3.92367247e-01, 2.84781193e+00, 8.66518951e+01
4.52179242e-01, 1.62020224e-01, 6.88620228e-01, 3.34261020e-01, 6.16724470e-01, 4.02016682e-01, 2.83816250e+00, 8.72998710e+01
4.64873371e-01, 1.65800084e-01, 6.82652863e-01, 3.41011465e-01, 6.09974025e-01, 4.11862266e-01, 2.82831691e+00, 8.79725177e+01
4.77923865e-01, 1.69652062e-01, 6.76624841e-01, 3.47837319e-01, 6.03148171e-01, 4.21905694e-01, 2.81827348e+00, 8.86708458e+01
4.91340729e-01, 1.73576879e-01, 6.70537578e-01, 3.54736658e-01, 5.96248832e-01, 4.32148543e-01, 2.80803063e+00, 8.93959080e+01
5.05134247e-01, 1.77575238e-01, 6.64392563e-01, 3.61707424e-01, 5.89278066e-01, 4.42592265e-01, 2.79758691e+00, 9.01488009e+01
5.19314994e-01, 1.81647824e-01, 6.58191359e-01, 3.68747426e-01, 5.82238064e-01, 4.53238181e-01, 2.78694100e+00, 9.09306664e+01
5.33893840e-01, 1.85795303e-01, 6.51935600e-01, 3.75854343e-01, 5.75131147e-01, 4.64087471e-01, 2.77609171e+00, 9.17426936e+01
5.48881961e-01, 1.90018322e-01, 6.45626991e-01, 3.83025717e-01, 5.67959773e-01, 4.75141171e-01, 2.76503801e+00, 9.25861209e+01
5.64290847e-01, 1.94317504e-01, 6.39267309e-01, 3.90258961e-01, 5.60726529e-01, 4.86400161e-01, 2.75377902e+00, 9.34622372e+01
5.80132310e-01, 1.98693454e-01, 6.32858396e-01, 3.97551356e-01, 5.53434134e-01, 4.97865159e-01, 2.74231402e+00, 9.43723844e+01
5.96418495e-01, 2.03146750e-01, 6.26402164e-01, 4.04900055e-01, 5.46085435e-01, 5.09536716e-01, 2.73064246e+00, 9.53179592e+01
6.13161884e-01, 2.07677952e-01, 6.19900588e-01, 4.12302085e-01, 5.38683405e-01, 5.21415206e-01, 2.71876397e+00, 9.63004151e+01
6.30375315e-01, 2.12287591e-01, 6.13355704e-01, 4.19754346e-01, 5.31231144e-01, 5.33500823e-01, 2.70667835e+00, 9.73212644e+01
6.48071983e-01, 2.16976176e-01, 6.06769614e-01, 4.27253620e-01, 5.23731870e-01, 5.45793571e-01, 2.69438561e+00, 9.83820808e+01
6.66265452e-01, 2.21744190e-01, 6.00144472e-01, 4.34796570e-01, 5.16188920e-01, 5.58293260e-01, 2.68188592e+00, 9.94845013e+01
6.84969672e-01, 2.26592088e-01, 5.93482492e-01, 4.42379749e-01, 5.08605741e-01, 5.70999499e-01, 2.66917968e+00, 1.00630228e+02
7.04198979e-01, 2.31520301e-01, 5.86785940e-01, 4.49999598e-01, 5.00985892e-01, 5.83911694e-01, 2.65626748e+00, 1.01821033e+02
7.23968114e-01, 2.36529229e-01, 5.80057132e-01, 4.57652458e-01, 4.93333032e-01, 5.97029038e-01, 2.64315014e+00, 1.03058757e+02
7.44292233e-01, 2.41619247e-01, 5.73298431e-01, 4.65334573e-01, 4.85650917e-01, 6.10350511e-01, 2.62982867e+00, 1.04345314e+02
7.65186915e-01, 2.46790700e-01, 5.66512244e-01, 4.73042094e-01, 4.77943396e-01, 6.23874873e-01, 2.61630430e+00, 1.05682696e+02
7.86668179e-01, 2.52043903e-01, 5.59701019e-01, 4.80771092e-01, 4.70214398e-01, 6.37600665e-01, 2.60257851e+00, 1.07072971e+02
8.08752491e-01, 2.57379142e-01, 5.52867241e-01, 4.88517558e-01, 4.62467932e-01, 6.51526200e-01, 2.58865298e+00, 1.08518291e+02
8.31456781e-01, 2.62796674e-01, 5.46013431e-01, 4.96277416e-01, 4.54708074e-01, 6.65649569e-01, 2.57452961e+00, 1.10020891e+02
8.54798453e-01, 2.68296725e-01, 5.39142136e-01, 5.04046529e-01, 4.46938961e-01, 6.79968632e-01, 2.56021055e+00, 1.11583093e+02
8.78795401e-01, 2.73879488e-01, 5.32255933e-01, 5.11820709e-01, 4.39164781e-01, 6.94481022e-01, 2.54569816e+00, 1.13207313e+02
9.03466021e-01, 2.79545129e-01, 5.25357421e-01, 5.19595723e-01, 4.31389767e-01, 7.09184146e-01, 2.53099503e+00, 1.14896057e+02
9.28829225e-01, 2.85293778e-01, 5.18449216e-01, 5.27367307e-01, 4.23618183e-01, 7.24075181e-01, 2.51610400e+00, 1.16651933e+02
9.54904456e-01, 2.91125536e-01, 5.11533951e-01, 5.35131171e-01, 4.15854319e-01, 7.39151081e-01, 2.50102810e+00, 1.18477646e+02
9.81711702e-01, 2.97040474e-01, 5.04614268e-01, 5.42883009e-01, 4.08102481e-01, 7.54408577e-01, 2.48577060e+00, 1.20376011e+02
1.00927151e+00, 3.03038627e-01, 4.97692817e-01, 5.50618514e-01, 4.00366976e-01, 7.69844178e-01, 2.47033500e+00, 1.22349947e+02
1.03760502e+00, 3.09120002e-01, 4.90772250e-01, 5.58333383e-01, 3.92652107e-01, 7.85454181e-01, 2.45472500e+00, 1.24402490e+02
1.06673394e+00, 3.15284571e-01, 4.83855218e-01, 5.66023329e-01, 3.84962161e-01, 8.01234670e-01, 2.43894451e+00, 1.26536791e+02
1.09668060e+00, 3.21532276e-01, 4.76944367e-01, 5.73684089e-01, 3.77301401e-01, 8.17181523e-01, 2.42299765e+00, 1.28756126e+02
1.12746796e+00, 3.27863028e-01, 4.70042332e-01, 5.81311440e-01, 3.69674050e-01, 8.33290422e-01, 2.40688876e+00, 1.31063894e+02
1.15911962e+00, 3.34276704e-01, 4.63151736e-01, 5.88901202e-01, 3.62084288e-01, 8.49556853e-01, 2.39062232e+00, 1.33463629e+02
1.19165984e+00, 3.40773150e-01, 4.56275185e-01, 5.96449254e-01, 3.54536236e-01, 8.65976122e-01, 2.37420306e+00, 1.35959000e+02
1.22511358e+00, 3.47352184e-01, 4.49415262e-01, 6.03951538e-01, 3.47033952e-01, 8.82543354e-01, 2.35763582e+00, 1.38553818e+02
1.25950646e+00, 3.54013588e-01, 4.42574525e-01, 6.11404074e-01, 3.39581416e-01, 8.99253510e-01, 2.34092567e+00, 1.41252042e+02
1.29486487e+00, 3.60757118e-01, 4.35755505e-01, 6.18802965e-01, 3.32182525e-01, 9.16101393e-01, 2.32407778e+00, 1.44057785e+02
1.33121590e+00, 3.67582497e-01, 4.28960698e-01, 6.26144410e-01, 3.24841080e-01, 9.33081656e-01, 2.30709752e+00, 1.46975320e+02
1.36858742e+00, 3.74489419e-01, 4.22192565e-01, 6.33424708e-01, 3.17560782e-01, 9.50188816e-01, 2.28999036e+00, 1.50009086e+02
1.40700809e+00, 3.81477549e-01, 4.15453528e-01, 6.40640269e-01, 3.10345221e-01, 9.67417263e-01, 2.27276191e+00, 1.53163694e+02
1.44650734e+00, 3.88546523e-01, 4.08745964e-01, 6.47787620e-01, 3.03197870e-01, 9.84761271e-01, 2.25541791e+00, 1.56443937e+02
1.48711546e+00, 3.95695948e-01, 4.02072206e-01, 6.54863413e-01, 2.96122077e-01, 1.00221501e+00, 2.23796417e+00, 1.59854794e+02
1.52886359e+00, 4.02925403e-01, 3.95434536e-01, 6.61864433e-01, 2.89121057e-01, 1.01977255e+00, 2.22040662e+00, 1.63401440e+02
1.57178372e+00, 4.10234442e-01, 3.88835186e-01, 6.68787600e-01, 2.82197890e-01, 1.03742790e+00, 2.20275128e+00, 1.67089254e+02
1.61590875e+00, 4.17622591e-01, 3.82276331e-01, 6.75629977e-01, 2.75355513e-01, 1.05517497e+00, 2.18500420e+00, 1.70923825e+02
1.66127252e+00, 4.25089350e-01, 3.75760089e-01, 6.82388774e-01, 2.68596716e-01, 1.07300765e+00, 2.16717153e+00, 1.74910966e+02
1.70790980e+00, 4.32634194e-01, 3.69288519e-01, 6.89061354e-01, 2.61924136e-01, 1.09091974e+00, 2.14925944e+00, 1.79056716e+02
1.75585633e+00, 4.40256573e-01, 3.62863618e-01, 6.95645233e-01, 2.55340257e-01, 1.10890504e+00, 2.13127414e+00, 1.83367357e+02
1.80514888e+00, 4.47955916e-01, 3.56487318e-01, 7.02138084e-01, 2.48847406e-01, 1.12695731e+00, 2.11322187e+00, 1.87849421e+02
1.85582523e+00, 4.55731626e-01, 3.50161484e-01, 7.08537743e-01, 2.42447747e-01, 1.14507031e+00, 2.09510886e+00, 1.92509698e+02
1.90792422e+00, 4.63583085e-01, 3.43887915e-01, 7.14842204e-01, 2.36143286e-01, 1.16323781e+00, 2.07694137e+00, 1.97355254e+02
1.96148581e+00, 4.71509656e-01, 3.37668341e-01, 7.21049625e-01, 2.29935865e-01, 1.18145355e+00, 2.05872563e+00, 2.02393433e+02
2.01655104e+00, 4.79510678e-01, 3.31504419e-01, 7.27158326e-01, 2.23827164e-01, 1.19971134e+00, 2.04046784e+00, 2.07631881e+02
2.07316213e+00, 4.87585472e-01, 3.25397736e-01, 7.33166789e-01, 2.17818701e-01, 1.21800499e+00, 2.02217419e+00, 2.13078547e+02
2.13136247e+00, 4.95733342e-01, 3.19349807e-01, 7.39073660e-01, 2.11911830e-01, 1.23632836e+00, 2.00385082e+00, 2.18741705e+02
2.19119669e+00, 5.03953573e-01, 3.13362070e-01, 7.44877742e-01, 2.06107748e-01, 1.25467537e+00, 1.98550381e+00, 2.24629963e+02
2.25271064e+00, 5.12245431e-01, 3.07435893e-01, 7.50578000e-01, 2.00407490e-01, 1.27303999e+00, 1.96713919e+00, 2.30752278e+02
2.31595149e+00, 5.20608169e-01, 3.01572566e-01, 7.56173552e-01, 1.94811938e-01, 1.29141627e+00, 1.94876291e+00, 2.37117974e+02
2.38096772e+00, 5.29041024e-01, 2.95773306e-01, 7.61663670e-01, 1.89321820e-01, 1.30979831e+00, 1.93038087e+00, 2.43736754e+02
2.44780916e+00, 5.37543219e-01, 2.90039255e-01, 7.67047779e-01, 1.83937711e-01, 1.32818033e+00, 1.91199885e+00, 2.50618720e+02
2.51652705e+00, 5.46113963e-01, 2.84371479e-01, 7.72325448e-01, 1.78660042e-01, 1.34655661e+00, 1.89362257e+00, 2.57774387e+02
2.58717408e+00, 5.54752453e-01, 2.78770971e-01, 7.77496390e-01, 1.73489100e-01, 1.36492155e+00, 1.87525763e+00, 2.65214701e+02
2.65980440e+00, 5.63457874e-01, 2.73238647e-01, 7.82560455e-01, 1.68425035e-01, 1.38326964e+00, 1.85690954e+00, 2.72951062e+02
2.73447368e+00, 5.72229403e-01, 2.67775351e-01, 7.87517629e-01, 1.63467861e-01, 1.40159548e+00, 1.83858369e+00, 2.80995337e+02
2.81123917e+00, 5.81066203e-01, 2.62381854e-01, 7.92368027e-01, 1.58617463e-01, 1.41989380e+00, 1.82028538e+00, 2.89359886e+02
2.89015972e+00, 5.89967432e-01, 2.57058854e-01, 7.97111888e-01, 1.53873602e-01, 1.43815942e+00, 1.80201976e+00, 2.98057578e+02
2.97129582e+00, 5.98932239e-01, 2.51806978e-01, 8.01749571e-01, 1.49235919e-01, 1.45638730e+00, 1.78379187e+00, 3.07101817e+02
3.05470967e+00, 6.07959763e-01, 2.46626782e-01, 8.06281549e-01, 1.44703941e-01, 1.47457254e+00, 1.76560664e+00, 3.16506565e+02
3.14046522e+00, 6.17049141e-01, 2.41518754e-01, 8.10708403e-01, 1.40277087e-01, 1.49271033e+00, 1.74746885e+00, 3.26286361e+02
3.22862820e+00, 6.26199502e-01, 2.36483311e-01, 8.15030817e-01, 1.35954673e-01, 1.51079603e+00, 1.72938314e+00, 3.36456352e+02
3.31926620e+00, 6.35409971e-01, 2.31520808e-01, 8.19249576e-01, 1.31735914e-01, 1.52882512e+00, 1.71135405e+00, 3.47032315e+02
3.41244871e+00, 6.44679670e-01, 2.26631530e-01, 8.23365553e-01, 1.27619937e-01, 1.54679321e+00, 1.69338596e+00, 3.58030687e+02
3.50824714e+00, 6.54007716e-01, 2.21815701e-01, 8.27379710e-01, 1.23605779e-01, 1.56469606e+00, 1.67548312e+00, 3.69468589e+02
3.60673495e+00, 6.63393226e-01, 2.17073483e-01, 8.31293091e-01, 1.19692399e-01, 1.58252954e+00, 1.65764963e+00, 3.81363860e+02
3.70798763e+00, 6.72835313e-01, 2.12404976e-01, 8.35106815e-01, 1.15878675e-01, 1.60028970e+00, 1.63988947e+00, 3.93735084e+02
3.81208280e+00, 6.82333091e-01, 2.07810223e-01, 8.38822069e-01, 1.12163421e-01, 1.61797271e+00, 1.62220647e+00, 4.06601625e+02
3.91910025e+00, 6.91885673e-01, 2.03289209e-01, 8.42440110e-01, 1.08545380e-01, 1.63557486e+00, 1.60460432e+00, 4.19983658e+02
4.02912203e+00, 7.01492174e-01, 1.98841864e-01, 8.45962250e-01, 1.05023240e-01, 1.65309261e+00, 1.58708657e+00, 4.33902204e+02
4.14223247e+00, 7.11151707e-01, 1.94468065e-01, 8.49389858e-01, 1.01595632e-01, 1.67052254e+00, 1.56965664e+00, 4.48379166e+02
4.25851829e+00, 7.20863389e-01, 1.90167637e-01, 8.52724354e-01, 9.82611359e-02, 1.68786138e+00, 1.55231780e+00, 4.63437368e+02
4.37806863e+00, 7.30626340e-01, 1.85940357e-01, 8.55967200e-01, 9.50182899e-02, 1.70510599e+00, 1.53507319e+00, 4.79100593e+02
4.50097513e+00, 7.40439681e-01, 1.81785952e-01, 8.59119900e-01, 9.18655899e-02, 1.72225336e+00, 1.51792582e+00, 4.95393624e+02
4.62733201e+00, 7.50302539e-01, 1.77704105e-01, 8.62183993e-01, 8.88014969e-02, 1.73930062e+00, 1.50087856e+00, 5.12342285e+02
4.75723614e+00, 7.60214043e-01, 1.73694456e-01, 8.65161049e-01, 8.58244408e-02, 1.75624505e+00, 1.48393413e+00, 5.29973489e+02
4.89078709e+00, 7.70173327e-01, 1.69756602e-01, 8.68052666e-01, 8.29328243e-02, 1.77308402e+00, 1.46709516e+00, 5.48315280e+02
5.02808725e+00, 7.80179530e-01, 1.65890100e-01, 8.70860462e-01, 8.01250275e-02, 1.78981507e+00, 1.45036411e+00, 5.67396887e+02
5.16924187e+00, 7.90231798e-01, 1.62094471e-01, 8.73586079e-01, 7.73994113e-02, 1.80643584e+00, 1.43374333e+00, 5.87248765e+02
5.31435916e+00, 8.00329281e-01, 1.58369199e-01, 8.76231168e-01, 7.47543216e-02, 1.82294412e+00, 1.41723506e+00, 6.07902656e+02
5.46355035e+00, 8.10471136e-01, 1.54713732e-01, 8.78797398e-01, 7.21880924e-02, 1.83933779e+00, 1.40084139e+00, 6.29391640e+02
5.61692982e+00, 8.20656529e-01, 1.51127491e-01, 8.81286440e-01, 6.96990495e-02, 1.85561487e+00, 1.38456431e+00, 6.51750192e+02
5.77461515e+00, 8.30884629e-01, 1.47609861e-01, 8.83699977e-01, 6.72855134e-02, 1.87177350e+00, 1.36840568e+00, 6.75014238e+02
5.93672722e+00, 8.41154616e-01, 1.44160202e-01, 8.86039687e-01, 6.49458027e-02, 1.88781192e+00, 1.35236725e+00, 6.99221225e+02
6.10339029e+00, 8.51465677e-01, 1.40777848e-01, 8.88307253e-01, 6.26782365e-02, 1.90372851e+00, 1.33645067e+00, 7.24410175e+02
6.27473213e+00, 8.61817006e-01, 1.37462106e-01, 8.90504352e-01, 6.04811375e-02, 1.91952173e+00, 1.32065745e+00, 7.50621759e+02
6.45088409e+00, 8.72207807e-01, 1.34212261e-01, 8.92632656e-01, 5.83528341e-02, 1.93519015e+00, 1.30498903e+00, 7.77898366e+02
6.63198120e+00, 8.82637292e-01, 1.31027576e-01, 8.94693827e-01, 5.62916631e-02, 1.95073247e+00, 1.28944670e+00, 8.06284173e+02
6.81816229e+00, 8.93104682e-01, 1.27907296e-01, 8.96689518e-01, 5.42959715e-02, 1.96614747e+00, 1.27403170e+00, 8.35825221e+02
7.00957009e+00, 9.03609206e-01, 1.24850646e-01, 8.98621371e-01, 5.23641191e-02, 1.98143404e+00, 1.25874514e+00, 8.66569498e+02
7.20635132e+00, 9.14150106e-01, 1.21856835e-01, 9.00491010e-01, 5.04944796e-02, 1.99659114e+00, 1.24358803e+00, 8.98567017e+02
7.40865683e+00, 9.24726629e-01, 1.18925058e-01, 9.02300047e-01, 4.86854431e-02, 2.01161787e+00, 1.22856131e+00, 9.31869905e+02
7.61664172e+00, 9.35338035e-01, 1.16054495e-01, 9.04050073e-01, 4.69354170e-02, 2.02651338e+00, 1.21366580e+00, 9.66532488e+02
7.83046540e+00, 9.45983593e-01, 1.13244314e-01, 9.05742662e-01, 4.52428282e-02, 2.04127692e+00, 1.19890225e+00, 1.00261139e+03
8.05029181e+00, 9.56662583e-01, 1.10493675e-01, 9.07379366e-01, 4.36061236e-02, 2.05590784e+00, 1.18427133e+00, 1.04016563e+03
8.27628946e+00, 9.67374292e-01, 1.07801724e-01, 9.08961718e-01, 4.20237719e-02, 2.07040556e+00, 1.16977362e+00, 1.07925671e+03
8.50863158e+00, 9.78118021e-01, 1.05167604e-01, 9.10491225e-01, 4.04942645e-02, 2.08476957e+00, 1.15540961e+00, 1.11994874e+03
8.74749630e+00, 9.88893079e-01, 1.02590447e-01, 9.11969374e-01, 3.90161163e-02, 2.09899945e+00, 1.14117973e+00, 1.16230855e+03
8.99306672e+00, 9.99698787e-01, 1.00069381e-01, 9.13397623e-01, 3.75878667e-02, 2.11309486e+00, 1.12708432e+00, 1.20640577e+03
9.24553110e+00, 1.01053448e+00, 9.76035298e-02, 9.14777409e-01, 3.62080806e-02, 2.12705552e+00, 1.11312366e+00, 1.25231299e+03
9.50508296e+00, 1.02139949e+00, 9.51920136e-02, 9.16110142e-01, 3.48753483e-02, 2.14088122e+00, 1.09929795e+00, 1.30010586e+03
9.77192128e+00, 1.03229317e+00, 9.28339498e-02, 9.17397203e-01, 3.35882871e-02, 2.15457184e+00, 1.08560734e+00, 1.34986324e+03
1.00462506e+01, 1.04321489e+00, 9.05284548e-02, 9.18639949e-01, 3.23455406e-02, 2.16812728e+00, 1.07205190e+00, 1.40166730e+03
1.03282813e+01, 1.05416402e+00, 8.82746444e-02, 9.19839710e-01, 3.11457803e-02, 2.18154754e+00, 1.05863164e+00, 1.45560373e+03
1.06182294e+01, 1.06513995e+00, 8.60716349e-02, 9.20997785e-01, 2.99877047e-02, 2.19483267e+00, 1.04534651e+00, 1.51176178e+03
1.09163173e+01, 1.07614206e+00, 8.39185439e-02, 9.22115449e-01, 2.88700406e-02, 2.20798277e+00, 1.03219640e+00, 1.57023454e+03
1.12227736e+01, 1.08716977e+00, 8.18144912e-02, 9.23193947e-01, 2.77915426e-02, 2.22099801e+00, 1.01918117e+00, 1.63111898e+03
1.15378330e+01, 1.09822248e+00, 7.97585995e-02, 9.24234497e-01, 2.67509933e-02, 2.23387859e+00, 1.00630059e+00, 1.69451620e+03
1.18617372e+01, 1.10929963e+00, 7.77499950e-02, 9.25238286e-01, 2.57472035e-02, 2.24662478e+00, 9.93554403e-01, 1.76053158e+03
1.21947344e+01, 1.12040065e+00, 7.57878084e-02, 9.26206478e-01, 2.47790123e-02, 2.25923688e+00, 9.80942295e-01, 1.82927494e+03
1.25370799e+01, 1.13152499e+00, 7.38711753e-02, 9.27140203e-01, 2.38452866e-02, 2.27171527e+00, 9.68463908e-01, 1.90086075e+03
1.28890361e+01, 1.14267211e+00, 7.19992367e-02, 9.28040569e-01, 2.29449213e-02, 2.28406034e+00, 9.56118840e-01, 1.97540834e+03
1.32508729e+01, 1.15384147e+00, 7.01711401e-02, 9.28908651e-01, 2.20768391e-02, 2.29627253e+00, 9.43906645e-01, 2.05304205e+03
1.36228676e+01, 1.16503255e+00, 6.83860392e-02, 9.29745500e-01, 2.12399903e-02, 2.30835234e+00, 9.31826838e-01, 2.13389153e+03
1.40053055e+01, 1.17624484e+00, 6.66430952e-02, 9.30552138e-01, 2.04333524e-02, 2.32030028e+00, 9.19878894e-01, 2.21809186e+03
1.43984795e+01, 1.18747784e+00, 6.49414767e-02, 9.31329560e-01, 1.96559303e-02, 2.33211693e+00, 9.08062253e-01, 2.30578388e+03
1.48026913e+01, 1.19873106e+00, 6.32803605e-02, 9.32078735e-01, 1.89067553e-02, 2.34380286e+00, 8.96376318e-01, 2.39711437e+03
1.52182505e+01, 1.21000400e+00, 6.16589316e-02, 9.32800605e-01, 1.81848853e-02, 2.35535872e+00, 8.84820461e-01, 2.49223631e+03
1.56454759e+01, 1.22129622e+00, 6.00763839e-02, 9.33496086e-01, 1.74894043e-02, 2.36678516e+00, 8.73394021e-01, 2.59130918e+03
1.60846948e+01, 1.23260723e+00, 5.85319205e-02, 9.34166068e-01, 1.68194220e-02, 2.37808287e+00, 8.62096309e-01, 2.69449919e+03
1.65362441e+01, 1.24393658e+00, 5.70247538e-02, 9.34811417e-01, 1.61740734e-02, 2.38925257e+00, 8.50926604e-01, 2.80197957e+03
1.70004698e+01, 1.25528384e+00, 5.55541057e-02, 9.35432972e-01, 1.55525183e-02, 2.40029501e+00, 8.39884163e-01, 2.91393092e+03
1.74777277e+01, 1.26664856e+00, 5.41192085e-02, 9.36031549e-01, 1.49539413e-02, 2.41121096e+00, 8.28968215e-01, 3.03054145e+03
1.79683839e+01, 1.27803033e+00, 5.27193041e-02, 9.36607939e-01, 1.43775507e-02, 2.42200121e+00, 8.18177964e-01, 3.15200735e+03
1.84728144e+01, 1.28942872e+00, 5.13536452e-02, 9.37162911e-01, 1.38225785e-02, 2.43266658e+00, 8.07512596e-01, 3.27853311e+03
1.89914058e+01, 1.30084334e+00, 5.00214947e-02, 9.37697210e-01, 1.32882797e-02, 2.44320791e+00, 7.96971272e-01, 3.41033187e+03
1.95245558e+01, 1.31227377e+00, 4.87221263e-02, 9.38211558e-01, 1.27739323e-02, 2.45362604e+00, 7.86553135e-01, 3.54762581e+03
2.00726730e+01, 1.32371963e+00, 4.74548245e-02, 9.38706654e-01, 1.22788361e-02, 2.46392187e+00, 7.76257309e-01, 3.69064648e+03
2.06361777e+01, 1.33518054e+00, 4.62188846e-02, 9.39183177e-01, 1.18023127e-02, 2.47409628e+00, 7.66082901e-01, 3.83963527e+03
2.12155017e+01, 1.34665613e+00, 4.50136131e-02, 9.39641785e-01, 1.13437049e-02, 2.48415017e+00, 7.56029003e-01, 3.99484378e+03
2.18110892e+01, 1.35814602e+00, 4.38383275e-02, 9.40083114e-01, 1.09023763e-02, 2.49408449e+00, 7.46094691e-01, 4.15653423e+03
2.24233968e+01, 1.36964988e+00, 4.26923562e-02, 9.40507779e-01, 1.04777107e-02, 2.50390015e+00, 7.36279027e-01, 4.32497998e+03
2.30528939e+01, 1.38116734e+00, 4.15750390e-02, 9.40916378e-01, 1.00691115e-02, 2.51359812e+00, 7.26581062e-01, 4.50046595e+03
2.37000629e+01, 1.39269806e+00, 4.04857268e-02, 9.41309488e-01, 9.67600157e-03, 2.52317935e+00, 7.16999833e-01, 4.68328912e+03
2.43654001e+01, 1.40424172e+00, 3.94237819e-02, 9.41687668e-01, 9.29782236e-03, 2.53264481e+00, 7.07534367e-01, 4.87375905e+03
2.50494154e+01, 1.41579798e+00, 3.83885774e-02, 9.42051456e-01, 8.93403372e-03, 2.54199549e+00, 6.98183684e-01, 5.07219839e+03
2.57526333e+01, 1.42736654e+00, 3.73794979e-02, 9.42401377e-01, 8.58411326e-03, 2.55123239e+00, 6.88946791e-01, 5.27894348e+03
2.64755927e+01, 1.43894707e+00, 3.63959391e-02, 9.42737934e-01, 8.24755596e-03, 2.56035649e+00, 6.79822689e-01, 5.49434488e+03
2.72188479e+01, 1.45053928e+00, 3.54373078e-02, 9.43061616e-01, 7.92387362e-03, 2.56936880e+00, 6.70810374e-01, 5.71876801e+03
2.79829688e+01, 1.46214287e+00, 3.45030217e-02, 9.43372895e-01, 7.61259449e-03, 2.57827035e+00, 6.61908831e-01, 5.95259376e+03
2.87685409e+01, 1.47375755e+00, 3.35925097e-02, 9.43672227e-01, 7.31326272e-03, 2.58706213e+00, 6.53117045e-01, 6.19621914e+03
2.95761666e+01, 1.48538304e+00, 3.27052117e-02, 9.43960052e-01, 7.02543798e-03, 2.59574519e+00, 6.44433991e-01, 6.45005799e+03
3.04064649e+01, 1.49701906e+00, 3.18405781e-02, 9.44236795e-01, 6.74869498e-03, 2.60432053e+00, 6.35858644e-01, 6.71454166e+03
3.12600724e+01, 1.50866534e+00, 3.09980705e-02, 9.44502867e-01, 6.48262304e-03, 2.61278920e+00, 6.27389973e-01, 6.99011979e+03
3.21376434e+01, 1.52032162e+00, 3.01771610e-02, 9.44758664e-01, 6.22682568e-03, 2.62115223e+00, 6.19026947e-01, 7.27726105e+03
3.30398507e+01, 1.53198765e+00, 2.93773321e-02, 9.45004570e-01, 5.98092014e-03, 2.62941065e+00, 6.10768529e-01, 7.57645396e+03
3.39673858e+01, 1.54366317e+00, 2.85980772e-02, 9.45240953e-01, 5.74453704e-03, 2.63756549e+00, 6.02613685e-01, 7.88820774e+03
3.49209598e+01, 1.55534793e+00, 2.78388997e-02, 9.45468170e-01, 5.51731994e-03, 2.64561780e+00, 5.94561377e-01, 8.21305316e+03
3.59013038e+01, 1.56704171e+00, 2.70993135e-02, 9.45686565e-01, 5.29892492e-03, 2.65356861e+00, 5.86610568e-01, 8.55154351e+03
3.69091691e+01, 1.57874427e+00, 2.63788425e-02, 9.45896470e-01, 5.08902022e-03, 2.66141896e+00, 5.78760221e-01, 8.90425549e+03
3.79453285e+01, 1.59045537e+00, 2.56770206e-02, 9.46098204e-01, 4.88728587e-03, 2.66916988e+00, 5.71009299e-01, 9.27179023e+03
3.90105762e+01, 1.60217481e+00, 2.49933916e-02, 9.46292077e-01, 4.69341329e-03, 2.67682241e+00, 5.63356767e-01, 9.65477434e+03
4.01057288e+01, 1.61390235e+00, 2.43275093e-02, 9.46478385e-01, 4.50710493e-03, 2.68437759e+00, 5.55801592e-01, 1.00538610e+04
4.12316259e+01, 1.62563780e+00, 2.36789368e-02, 9.46657416e-01, 4.32807394e-03, 2.69183644e+00, 5.48342743e-01, 1.04697309e+04
4.23891306e+01, 1.63738095e+00, 2.30472468e-02, 9.46829446e-01, 4.15604379e-03, 2.69919999e+00, 5.40979189e-01, 1.09030938e+04
4.35791301e+01, 1.64913159e+00, 2.24320214e-02, 9.46994742e-01, 3.99074798e-03, 2.70646927e+00, 5.33709905e-01, 1.13546895e+04
4.48025368e+01, 1.66088953e+00, 2.18328518e-02, 9.47153560e-01, 3.83192965e-03, 2.71364531e+00, 5.26533868e-01, 1.18252889e+04
4.60602884e+01, 1.67265458e+00, 2.12493385e-02, 9.47306149e-01, 3.67934131e-03, 2.72072912e+00, 5.19450059e-01, 1.23156958e+04
4.73533492e+01, 1.68442656e+00, 2.06810907e-02, 9.47452745e-01, 3.53274451e-03, 2.72772172e+00, 5.12457462e-01, 1.28267481e+04
4.86827104e+01, 1.69620528e+00, 2.01277264e-02, 9.47593580e-01, 3.39190953e-03, 2.73462411e+00, 5.05555067e-01, 1.33593189e+04
5.00493910e+01, 1.70799057e+00, 1.95888723e-02, 9.47728875e-01, 3.25661510e-03, 2.74143731e+00, 4.98741866e-01, 1.39143186e+04
5.14544388e+01, 1.71978224e+00, 1.90641636e-02, 9.47858842e-01, 3.12664811e-03, 2.74816232e+00, 4.92016858e-01, 1.44926961e+04
5.28989308e+01, 1.73158015e+00, 1.85532437e-02, 9.47983687e-01, 3.00180332e-03, 2.75480013e+00, 4.85379047e-01, 1.50954404e+04
5.43839743e+01, 1.74338412e+00, 1.80557646e-02, 9.48103607e-01, 2.88188311e-03, 2.76135174e+00, 4.78827441e-01, 1.57235824e+04
5.59107078e+01, 1.75519399e+00, 1.75713858e-02, 9.48218793e-01, 2.76669720e-03, 2.76781812e+00, 4.72361054e-01, 1.63781969e+04
5.74803016e+01, 1.76700960e+00, 1.70997750e-02, 9.48329428e-01, 2.65606239e-03, 2.77420027e+00, 4.65978907e-01, 1.70604041e+04
5.90939590e+01, 1.77883082e+00, 1.66406078e-02, 9.48435688e-01, 2.54980234e-03, 2.78049915e+00, 4.59680026e-01, 1.77713715e+04
6.07529169e+01, 1.79065748e+00, 1.61935670e-02, 9.48537743e-01, 2.44774731e-03, 2.78671573e+00, 4.53463443e-01, 1.85123165e+04
6.24584471e+01, 1.80248944e+00, 1.57583434e-02, 9.48635756e-01, 2.34973393e-03, 2.79285098e+00, 4.47328198e-01, 1.92845076e+04
6.42118571e+01, 1.81432657e+00, 1.53346346e-02, 9.48729885e-01, 2.25560498e-03, 2.79890584e+00, 4.41273334e-01, 2.00892675e+04
6.60144909e+01, 1.82616872e+00, 1.49221457e-02, 9.48820281e-01, 2.16520917e-03, 2.80488127e+00, 4.35297906e-01, 2.09279746e+04
6.78677305e+01, 1.83801577e+00, 1.45205889e-02, 9.48907089e-01, 2.07840092e-03, 2.81077821e+00, 4.29400971e-01, 2.18020660e+04
6.97729965e+01, 1.84986758e+00, 1.41296829e-02, 9.48990450e-01, 1.99504017e-03, 2.81659758e+00, 4.23581597e-01, 2.27130394e+04
7.17317494e+01, 1.86172403e+00, 1.37491537e-02, 9.49070498e-01, 1.91499218e-03, 2.82234032e+00, 4.17838855e-01, 2.36624563e+04
7.37454909e+01, 1.87358500e+00, 1.33787335e-02, 9.49147363e-01, 1.83812732e-03, 2.82800735e+00, 4.12171827e-01, 2.46519442e+04
7.58157646e+01, 1.88545036e+00, 1.30181611e-02, 9.49221169e-01, 1.76432091e-03, 2.83359958e+00, 4.06579600e-01, 2.56831995e+04
7.79441575e+01, 1.89731999e+00, 1.26671819e-02, 9.49292037e-01, 1.69345302e-03, 2.83911791e+00, 4.01061271e-01, 2.67579907e+04
8.01323013e+01, 1.90919379e+00, 1.23255471e-02, 9.49360082e-01, 1.62540832e-03, 2.84456324e+00, 3.95615941e-01, 2.78781611e+04
8.23818733e+01, 1.92107165e+00, 1.19930143e-02, 9.49425414e-01, 1.56007587e-03, 2.84993646e+00, 3.90242722e-01, 2.90456322e+04
8.46945981e+01, 1.93295345e+00, 1.16693470e-02, 9.49488141e-01, 1.49734903e-03, 2.85523845e+00, 3.84940732e-01, 3.02624069e+04
8.70722485e+01, 1.94483908e+00, 1.13543144e-02, 9.49548365e-01, 1.43712521e-03, 2.86047008e+00, 3.79709097e-01, 3.15305731e+04
8.95166472e+01, 1.95672846e+00, 1.10476916e-02, 9.49606184e-01, 1.37930580e-03, 2.86563223e+00, 3.74546951e-01, 3.28523070e+04
9.20296681e+01, 1.96862147e+00, 1.07492590e-02, 9.49661694e-01, 1.32379599e-03, 2.87072574e+00, 3.69453436e-01, 3.42298772e+04
9.46132376e+01, 1.98051802e+00, 1.04588028e-02, 9.49714985e-01, 1.27050462e-03, 2.87575148e+00, 3.64427702e-01, 3.56656483e+04
9.72693362e+01, 1.99241802e+00, 1.01761143e-02, 9.49766146e-01, 1.21934405e-03, 2.88071027e+00, 3.59468907e-01, 3.71620855e+04
1.00000000e+02, 2.00432137e+00, 9.90099010e-03, 9.49815260e-01, 1.17023006e-03, 2.88560296e+00, 3.54576217e-01, 3.87217579e+04
