z, log10(1+z), a, H0*t_look, H0*t_age, H0*t_conf, H(z) 
1.00000000e-06, 4.34294265e-07, 9.99999000e-01, 9.99998500e-07, 4.99999000e-01, 9.99989000e-01, 6.76601353e+01
2.00400901e+00, 4.77701232e-01, 3.32888482e-01, 4.44592629e-01, 5.54073706e-02, 3.32878482e-01, 6.10568587e+02
4.00801703e+00, 6.99665797e-01, 1.99679832e-01, 4.80063982e-01, 1.99360177e-02, 1.99669832e-01, 1.69692867e+03
6.01202504e+00, 8.45843458e-01, 1.42612155e-01, 4.89830887e-01, 1.01691133e-02, 1.42602155e-01, 3.32674038e+03
8.01603306e+00, 9.55015495e-01, 1.10913524e-01, 4.93849095e-01, 6.15090487e-03, 1.10903524e-01, 5.50000373e+03
1.00200411e+01, 1.04218321e+00, 9.07437634e-02, 4.95882785e-01, 4.11721525e-03, 9.07337635e-02, 8.21671871e+03
1.20240491e+01, 1.11474602e+00, 7.67810374e-02, 4.97052336e-01, 2.94766380e-03, 7.67710375e-02, 1.14768853e+04
1.40280571e+01, 1.17690284e+00, 6.65422013e-02, 4.97786068e-01, 2.21393222e-03, 6.65322014e-02, 1.52805036e+04
1.60320651e+01, 1.23126731e+00, 5.87127863e-02, 4.98276404e-01, 1.72359559e-03, 5.87027864e-02, 1.96275734e+04
1.80360731e+01, 1.27957736e+00, 5.25318427e-02, 4.98620203e-01, 1.37979720e-03, 5.25218428e-02, 2.45180949e+04
2.00400811e+01, 1.32304741e+00, 4.75283338e-02, 4.98870529e-01, 1.12947121e-03, 4.75183339e-02, 2.99520681e+04
2.20440892e+01, 1.36255955e+00, 4.33950760e-02, 4.99058434e-01, 9.41566260e-04, 4.33850761e-02, 3.59294928e+04
2.40480972e+01, 1.39877474e+00, 3.99231923e-02, 4.99203069e-01, 7.96930592e-04, 3.99131924e-02, 4.24503692e+04
2.60521052e+01, 1.43220107e+00, 3.69656998e-02, 4.99316769e-01, 6.83231432e-04, 3.69556999e-02, 4.95146973e+04
2.80561132e+01, 1.46323752e+00, 3.44161655e-02, 4.99407764e-01, 5.92236173e-04, 3.44061656e-02, 5.71224769e+04
3.00601212e+01, 1.49220315e+00, 3.21956245e-02, 4.99481721e-01, 5.18279069e-04, 3.21856246e-02, 6.52737082e+04
3.20641292e+01, 1.51935709e+00, 3.02442563e-02, 4.99542642e-01, 4.57357471e-04, 3.02342564e-02, 7.39683912e+04
3.40681372e+01, 1.54491270e+00, 2.85159144e-02, 4.99593421e-01, 4.06578637e-04, 2.85059145e-02, 8.32065257e+04
3.60721453e+01, 1.56904772e+00, 2.69744303e-02, 4.99636190e-01, 3.63809896e-04, 2.69644304e-02, 9.29881119e+04
3.80761533e+01, 1.59191180e+00, 2.55910553e-02, 4.99672549e-01, 3.27451006e-04, 2.55810554e-02, 1.03313150e+05
4.00801613e+01, 1.61363214e+00, 2.43426503e-02, 4.99703718e-01, 2.96282262e-04, 2.43326504e-02, 1.14181639e+05
4.20841693e+01, 1.63431772e+00, 2.32103814e-02, 4.99730639e-01, 2.69360851e-04, 2.32003815e-02, 1.25593580e+05
4.40881773e+01, 1.65406268e+00, 2.21787630e-02, 4.99754051e-01, 2.45948715e-04, 2.21687631e-02, 1.37548973e+05
4.60921853e+01, 1.67294884e+00, 2.12349457e-02, 4.99774539e-01, 2.25461410e-04, 2.12249458e-02, 1.50047817e+05
4.80961933e+01, 1.69104782e+00, 2.03681779e-02, 4.99792569e-01, 2.07431285e-04, 2.03581780e-02, 1.63090113e+05
5.01002014e+01, 1.70842261e+00, 1.95693945e-02, 4.99808519e-01, 1.91480551e-04, 1.95593946e-02, 1.76675861e+05
5.21042094e+01, 1.72512895e+00, 1.88308989e-02, 4.99822699e-01, 1.77301328e-04, 1.88208990e-02, 1.90805060e+05
5.41082174e+01, 1.74121636e+00, 1.81461141e-02, 4.99835359e-01, 1.64640678e-04, 1.81361142e-02, 2.05477711e+05
5.61122254e+01, 1.75672908e+00, 1.75093860e-02, 4.99846711e-01, 1.53289249e-04, 1.74993861e-02, 2.20693814e+05
5.81162334e+01, 1.77170676e+00, 1.69158274e-02, 4.99856927e-01, 1.43072558e-04, 1.69058275e-02, 2.36453368e+05
6.01202414e+01, 1.78618506e+00, 1.63611919e-02, 4.99866156e-01, 1.33844251e-04, 1.63511920e-02, 2.52756373e+05
6.21242494e+01, 1.80019623e+00, 1.58417725e-02, 4.99874519e-01, 1.25480828e-04, 1.58317726e-02, 2.69602831e+05
6.41282574e+01, 1.81376946e+00, 1.53543184e-02, 4.99882122e-01, 1.17877496e-04, 1.53443185e-02, 2.86992740e+05
6.61322655e+01, 1.82693130e+00, 1.48959668e-02, 4.99889055e-01, 1.10944864e-04, 1.48859669e-02, 3.04926101e+05
6.81362735e+01, 1.83970597e+00, 1.44641872e-02, 4.99895394e-01, 1.04606305e-04, 1.44541873e-02, 3.23402913e+05
7.01402815e+01, 1.85211558e+00, 1.40567338e-02, 4.99901204e-01, 9.87958327e-05, 1.40467339e-02, 3.42423177e+05
7.21442895e+01, 1.86418043e+00, 1.36716073e-02, 4.99906544e-01, 9.34563726e-05, 1.36616074e-02, 3.61986892e+05
7.41482975e+01, 1.87591915e+00, 1.33070214e-02, 4.99911462e-01, 8.85383587e-05, 1.32970215e-02, 3.82094060e+05
7.61523055e+01, 1.88734891e+00, 1.29613755e-02, 4.99916001e-01, 8.39985770e-05, 1.29513756e-02, 4.02744678e+05
7.81563135e+01, 1.89848556e+00, 1.26332311e-02, 4.99920201e-01, 7.97992137e-05, 1.26232312e-02, 4.23938749e+05
8.01603216e+01, 1.90934376e+00, 1.23212917e-02, 4.99924093e-01, 7.59070651e-05, 1.23112918e-02, 4.45676271e+05
8.21643296e+01, 1.91993709e+00, 1.20243860e-02, 4.99927707e-01, 7.22928793e-05, 1.20143861e-02, 4.67957245e+05
8.41683376e+01, 1.93027817e+00, 1.17414526e-02, 4.99931069e-01, 6.89308047e-05, 1.17314527e-02, 4.90781670e+05
8.61723456e+01, 1.94037873e+00, 1.14715280e-02, 4.99934202e-01, 6.57979269e-05, 1.14615281e-02, 5.14149547e+05
8.81763536e+01, 1.95024971e+00, 1.12137350e-02, 4.99937126e-01, 6.28738766e-05, 1.12037351e-02, 5.38060876e+05
9.01803616e+01, 1.95990131e+00, 1.09672739e-02, 4.99939859e-01, 6.01404984e-05, 1.09572740e-02, 5.62515656e+05
9.21843696e+01, 1.96934307e+00, 1.07314135e-02, 4.99942418e-01, 5.75815676e-05, 1.07214136e-02, 5.87513888e+05
9.41883777e+01, 1.97858392e+00, 1.05054842e-02, 4.99944817e-01, 5.51825494e-05, 1.04954843e-02, 6.13055571e+05
9.61923857e+01, 1.98763224e+00, 1.02888718e-02, 4.99947070e-01, 5.29303919e-05, 1.02788719e-02, 6.39140706e+05
9.81963937e+01, 1.99649588e+00, 1.00810116e-02, 4.99949187e-01, 5.08133479e-05, 1.00710117e-02, 6.65769293e+05
1.00200402e+02, 2.00518224e+00, 9.88138370e-03, 4.99951179e-01, 4.88208219e-05, 9.87138380e-03, 6.92941331e+05
1.02204410e+02, 2.01369825e+00, 9.68950845e-03, 4.99953057e-01, 4.69432370e-05, 9.67950855e-03, 7.20656821e+05
1.04208418e+02, 2.02205049e+00, 9.50494287e-03, 4.99954828e-01, 4.51719195e-05, 9.49494297e-03, 7.48915763e+05
1.06212426e+02, 2.03024512e+00, 9.32727707e-03, 4.99956501e-01, 4.34989987e-05, 9.31727717e-03, 7.77718156e+05
1.08216434e+02, 2.03828799e+00, 9.15613123e-03, 4.99958083e-01, 4.19173196e-05, 9.14613133e-03, 8.07064001e+05
1.10220442e+02, 2.04618462e+00, 8.99115292e-03, 4.99959580e-01, 4.04203654e-05, 8.98115302e-03, 8.36953298e+05
1.12224450e+02, 2.05394022e+00, 8.83201466e-03, 4.99960998e-01, 3.90021914e-05, 8.82201476e-03, 8.67386046e+05
1.14228458e+02, 2.06155975e+00, 8.67841173e-03, 4.99962343e-01, 3.76573651e-05, 8.66841183e-03, 8.98362246e+05
1.16232466e+02, 2.06904790e+00, 8.53006028e-03, 4.99963620e-01, 3.63809142e-05, 8.52006038e-03, 9.29881897e+05
1.18236474e+02, 2.07640912e+00, 8.38669551e-03, 4.99964833e-01, 3.51682808e-05, 8.37669561e-03, 9.61945001e+05
1.20240482e+02, 2.08364765e+00, 8.24807016e-03, 4.99965986e-01, 3.40152807e-05, 8.23807026e-03, 9.94551555e+05
1.22244490e+02, 2.09076751e+00, 8.11395301e-03, 4.99967083e-01, 3.29180668e-05, 8.10395311e-03, 1.02770156e+06
1.24248498e+02, 2.09777253e+00, 7.98412769e-03, 4.99968128e-01, 3.18730975e-05, 7.97412779e-03, 1.06139502e+06
1.26252506e+02, 2.10466634e+00, 7.85839142e-03, 4.99969124e-01, 3.08771078e-05, 7.84839152e-03, 1.09563193e+06
1.28256514e+02, 2.11145244e+00, 7.73655400e-03, 4.99970074e-01, 2.99270839e-05, 7.72655410e-03, 1.13041229e+06
1.30260522e+02, 2.11813413e+00, 7.61843687e-03, 4.99970981e-01, 2.90202402e-05, 7.60843697e-03, 1.16573610e+06
1.32264530e+02, 2.12471457e+00, 7.50387219e-03, 4.99971847e-01, 2.81539989e-05, 7.49387229e-03, 1.20160337e+06
1.34268538e+02, 2.13119680e+00, 7.39270207e-03, 4.99972675e-01, 2.73259719e-05, 7.38270217e-03, 1.23801408e+06
1.36272546e+02, 2.13758369e+00, 7.28477783e-03, 4.99973468e-01, 2.65339440e-05, 7.27477793e-03, 1.27496825e+06
1.38276554e+02, 2.14387801e+00, 7.17995938e-03, 4.99974226e-01, 2.57758583e-05, 7.16995948e-03, 1.31246587e+06
1.40280562e+02, 2.15008241e+00, 7.07811454e-03, 4.99974952e-01, 2.50498027e-05, 7.06811464e-03, 1.35050694e+06
1.42284570e+02, 2.15619942e+00, 6.97911855e-03, 4.99975648e-01, 2.43539978e-05, 6.96911865e-03, 1.38909146e+06
1.44288578e+02, 2.16223147e+00, 6.88285352e-03, 4.99976315e-01, 2.36867863e-05, 6.87285362e-03, 1.42821944e+06
1.46292586e+02, 2.16818089e+00, 6.78920798e-03, 4.99976955e-01, 2.30466225e-05, 6.77920808e-03, 1.46789087e+06
1.48296594e+02, 2.17404990e+00, 6.69807645e-03, 4.99977570e-01, 2.24320640e-05, 6.68807655e-03, 1.50810574e+06
1.50300602e+02, 2.17984066e+00, 6.60935903e-03, 4.99978161e-01, 2.18417634e-05, 6.59935913e-03, 1.54886407e+06
1.52304610e+02, 2.18555521e+00, 6.52296105e-03, 4.99978728e-01, 2.12744604e-05, 6.51296115e-03, 1.59016585e+06
1.54308618e+02, 2.19119556e+00, 6.43879272e-03, 4.99979274e-01, 2.07289759e-05, 6.42879282e-03, 1.63201109e+06
1.56312626e+02, 2.19676358e+00, 6.35676884e-03, 4.99979799e-01, 2.02042051e-05, 6.34676894e-03, 1.67439977e+06
1.58316634e+02, 2.20226112e+00, 6.27680848e-03, 4.99980304e-01, 1.96991123e-05, 6.26680858e-03, 1.71733190e+06
1.60320642e+02, 2.20768994e+00, 6.19883474e-03, 4.99980790e-01, 1.92127260e-05, 6.18883484e-03, 1.76080749e+06
1.62324650e+02, 2.21305174e+00, 6.12277448e-03, 4.99981259e-01, 1.87441337e-05, 6.11277458e-03, 1.80482653e+06
1.64328658e+02, 2.21834814e+00, 6.04855813e-03, 4.99981711e-01, 1.82924777e-05, 6.03855823e-03, 1.84938902e+06
1.66332666e+02, 2.22358073e+00, 5.97611944e-03, 4.99982147e-01, 1.78569518e-05, 5.96611954e-03, 1.89449496e+06
1.68336674e+02, 2.22875103e+00, 5.90539530e-03, 4.99982567e-01, 1.74367968e-05, 5.89539540e-03, 1.94014436e+06
1.70340682e+02, 2.23386049e+00, 5.83632554e-03, 4.99982973e-01, 1.70312979e-05, 5.82632564e-03, 1.98633720e+06
1.72344690e+02, 2.23891054e+00, 5.76885279e-03, 4.99983364e-01, 1.66397813e-05, 5.75885289e-03, 2.03307350e+06
1.74348698e+02, 2.24390255e+00, 5.70292229e-03, 4.99983743e-01, 1.62616113e-05, 5.69292239e-03, 2.08035325e+06
1.76352706e+02, 2.24883782e+00, 5.63848176e-03, 4.99984108e-01, 1.58961883e-05, 5.62848186e-03, 2.12817645e+06
1.78356714e+02, 2.25371764e+00, 5.57548126e-03, 4.99984462e-01, 1.55429457e-05, 5.56548136e-03, 2.17654310e+06
1.80360722e+02, 2.25854324e+00, 5.51387306e-03, 4.99984803e-01, 1.52013480e-05, 5.50387316e-03, 2.22545321e+06
1.82364730e+02, 2.26331580e+00, 5.45361149e-03, 4.99985134e-01, 1.48708891e-05, 5.44361159e-03, 2.27490676e+06
1.84368738e+02, 2.26803649e+00, 5.39465289e-03, 4.99985454e-01, 1.45510899e-05, 5.38465299e-03, 2.32490377e+06
1.86372746e+02, 2.27270642e+00, 5.33695545e-03, 4.99985764e-01, 1.42414968e-05, 5.32695555e-03, 2.37544423e+06
1.88376754e+02, 2.27732667e+00, 5.28047914e-03, 4.99986064e-01, 1.39416800e-05, 5.27047924e-03, 2.42652814e+06
1.90380762e+02, 2.28189828e+00, 5.22518558e-03, 4.99986355e-01, 1.36512322e-05, 5.21518568e-03, 2.47815550e+06
1.92384770e+02, 2.28642227e+00, 5.17103802e-03, 4.99986637e-01, 1.33697671e-05, 5.16103812e-03, 2.53032631e+06
1.94388778e+02, 2.29089962e+00, 5.11800119e-03, 4.99986910e-01, 1.30969181e-05, 5.10800129e-03, 2.58304058e+06
1.96392786e+02, 2.29533128e+00, 5.06604126e-03, 4.99987174e-01, 1.28323370e-05, 5.05604136e-03, 2.63629829e+06
1.98396794e+02, 2.29971817e+00, 5.01512576e-03, 4.99987431e-01, 1.25756932e-05, 5.00512586e-03, 2.69009946e+06
2.00400802e+02, 2.30406120e+00, 4.96522351e-03, 4.99987681e-01, 1.23266723e-05, 4.95522361e-03, 2.74444408e+06
2.02404810e+02, 2.30836122e+00, 4.91630457e-03, 4.99987923e-01, 1.20849753e-05, 4.90630467e-03, 2.79933215e+06
2.04408818e+02, 2.31261908e+00, 4.86834016e-03, 4.99988158e-01, 1.18503180e-05, 4.85834026e-03, 2.85476368e+06
2.06412826e+02, 2.31683561e+00, 4.82130260e-03, 4.99988386e-01, 1.16224294e-05, 4.81130270e-03, 2.91073865e+06
2.08416834e+02, 2.32101159e+00, 4.77516529e-03, 4.99988608e-01, 1.14010518e-05, 4.76516539e-03, 2.96725708e+06
2.10420842e+02, 2.32514780e+00, 4.72990264e-03, 4.99988823e-01, 1.11859395e-05, 4.71990274e-03, 3.02431896e+06
2.12424850e+02, 2.32924499e+00, 4.68548999e-03, 4.99989033e-01, 1.09768582e-05, 4.67549009e-03, 3.08192429e+06
2.14428859e+02, 2.33330388e+00, 4.64190363e-03, 4.99989236e-01, 1.07735847e-05, 4.63190373e-03, 3.14007307e+06
2.16432867e+02, 2.33732519e+00, 4.59912071e-03, 4.99989434e-01, 1.05759057e-05, 4.58912081e-03, 3.19876530e+06
2.18436875e+02, 2.34130961e+00, 4.55711923e-03, 4.99989627e-01, 1.03836178e-05, 4.54711933e-03, 3.25800099e+06
2.20440883e+02, 2.34525780e+00, 4.51587796e-03, 4.99989814e-01, 1.01965269e-05, 4.50587806e-03, 3.31778012e+06
2.22444891e+02, 2.34917043e+00, 4.47537645e-03, 4.99989997e-01, 1.00144472e-05, 4.46537655e-03, 3.37810271e+06
2.24448899e+02, 2.35304812e+00, 4.43559497e-03, 4.99990174e-01, 9.83720136e-06, 4.42559507e-03, 3.43896875e+06
2.26452907e+02, 2.35689149e+00, 4.39651449e-03, 4.99990347e-01, 9.66461984e-06, 4.38651459e-03, 3.50037824e+06
2.28456915e+02, 2.36070115e+00, 4.35811665e-03, 4.99990516e-01, 9.49654037e-06, 4.34811675e-03, 3.56233118e+06
2.30460923e+02, 2.36447768e+00, 4.32038371e-03, 4.99990680e-01, 9.33280771e-06, 4.31038381e-03, 3.62482758e+06
2.32464931e+02, 2.36822165e+00, 4.28329856e-03, 4.99990840e-01, 9.17327326e-06, 4.27329866e-03, 3.68786742e+06
2.34468939e+02, 2.37193363e+00, 4.24684464e-03, 4.99990996e-01, 9.01779470e-06, 4.23684474e-03, 3.75145072e+06
2.36472947e+02, 2.37561414e+00, 4.21100599e-03, 4.99991148e-01, 8.86623571e-06, 4.20100609e-03, 3.81557747e+06
2.38476955e+02, 2.37926373e+00, 4.17576715e-03, 4.99991296e-01, 8.71846564e-06, 4.16576725e-03, 3.88024767e+06
2.40480963e+02, 2.38288290e+00, 4.14111319e-03, 4.99991441e-01, 8.57435923e-06, 4.13111329e-03, 3.94546132e+06
2.42484971e+02, 2.38647216e+00, 4.10702967e-03, 4.99991582e-01, 8.43379638e-06, 4.09702977e-03, 4.01121843e+06
2.44488979e+02, 2.39003200e+00, 4.07350263e-03, 4.99991720e-01, 8.29666183e-06, 4.06350273e-03, 4.07751898e+06
2.46492987e+02, 2.39356290e+00, 4.04051853e-03, 4.99991854e-01, 8.16284501e-06, 4.03051863e-03, 4.14436299e+06
2.48496995e+02, 2.39706532e+00, 4.00806431e-03, 4.99991985e-01, 8.03223976e-06, 3.99806441e-03, 4.21175045e+06
2.50501003e+02, 2.40053972e+00, 3.97612729e-03, 4.99992113e-01, 7.90474411e-06, 3.96612739e-03, 4.27968136e+06
2.52505011e+02, 2.40398655e+00, 3.94469520e-03, 4.99992238e-01, 7.78026012e-06, 3.93469530e-03, 4.34815572e+06
2.54509019e+02, 2.40740623e+00, 3.91375617e-03, 4.99992361e-01, 7.65869370e-06, 3.90375627e-03, 4.41717354e+06
2.56513027e+02, 2.41079920e+00, 3.88329869e-03, 4.99992480e-01, 7.53995436e-06, 3.87329879e-03, 4.48673480e+06
2.58517035e+02, 2.41416587e+00, 3.85331160e-03, 4.99992597e-01, 7.42395514e-06, 3.84331170e-03, 4.55683952e+06
2.60521043e+02, 2.41750664e+00, 3.82378408e-03, 4.99992711e-01, 7.31061234e-06, 3.81378418e-03, 4.62748769e+06
2.62525051e+02, 2.42082191e+00, 3.79470565e-03, 4.99992822e-01, 7.19984550e-06, 3.78470575e-03, 4.69867931e+06
2.64529059e+02, 2.42411206e+00, 3.76606615e-03, 4.99992931e-01, 7.09157712e-06, 3.75606625e-03, 4.77041438e+06
2.66533067e+02, 2.42737747e+00, 3.73785570e-03, 4.99993038e-01, 6.98573263e-06, 3.72785580e-03, 4.84269291e+06
2.68537075e+02, 2.43061851e+00, 3.71006475e-03, 4.99993142e-01, 6.88224022e-06, 3.70006485e-03, 4.91551488e+06
2.70541083e+02, 2.43383555e+00, 3.68268400e-03, 4.99993244e-01, 6.78103071e-06, 3.67268410e-03, 4.98888031e+06
2.72545091e+02, 2.43702893e+00, 3.65570443e-03, 4.99993343e-01, 6.68203743e-06, 3.64570453e-03, 5.06278919e+06
2.74549099e+02, 2.44019900e+00, 3.62911729e-03, 4.99993441e-01, 6.58519616e-06, 3.61911739e-03, 5.13724152e+06
2.76553107e+02, 2.44334609e+00, 3.60291409e-03, 4.99993537e-01, 6.49044497e-06, 3.59291419e-03, 5.21223730e+06
2.78557115e+02, 2.44647055e+00, 3.57708656e-03, 4.99993630e-01, 6.39772415e-06, 3.56708666e-03, 5.28777653e+06
2.80561123e+02, 2.44957269e+00, 3.55162669e-03, 4.99993722e-01, 6.30697608e-06, 3.54162679e-03, 5.36385922e+06
2.82565131e+02, 2.45265283e+00, 3.52652668e-03, 4.99993811e-01, 6.21814521e-06, 3.51652678e-03, 5.44048536e+06
2.84569139e+02, 2.45571127e+00, 3.50177895e-03, 4.99993899e-01, 6.13117791e-06, 3.49177905e-03, 5.51765494e+06
2.86573147e+02, 2.45874833e+00, 3.47737614e-03, 4.99993985e-01, 6.04602241e-06, 3.46737624e-03, 5.59536798e+06
2.88577155e+02, 2.46176430e+00, 3.45331109e-03, 4.99994069e-01, 5.96262873e-06, 3.44331119e-03, 5.67362448e+06
2.90581163e+02, 2.46475946e+00, 3.42957683e-03, 4.99994152e-01, 5.88094861e-06, 3.41957693e-03, 5.75242442e+06
2.92585171e+02, 2.46773412e+00, 3.40616659e-03, 4.99994233e-01, 5.80093541e-06, 3.39616669e-03, 5.83176781e+06
2.94589179e+02, 2.47068853e+00, 3.38307378e-03, 4.99994312e-01, 5.72254409e-06, 3.37307388e-03, 5.91165466e+06
2.96593187e+02, 2.47362298e+00, 3.36029198e-03, 4.99994390e-01, 5.64573110e-06, 3.35029208e-03, 5.99208496e+06
2.98597195e+02, 2.47653774e+00, 3.33781496e-03, 4.99994466e-01, 5.57045436e-06, 3.32781506e-03, 6.07305871e+06
3.00601203e+02, 2.47943307e+00, 3.31563664e-03, 4.99994541e-01, 5.49667317e-06, 3.30563674e-03, 6.15457591e+06
3.02605211e+02, 2.48230922e+00, 3.29375111e-03, 4.99994614e-01, 5.42434818e-06, 3.28375121e-03, 6.23663656e+06
3.04609219e+02, 2.48516645e+00, 3.27215260e-03, 4.99994686e-01, 5.35344131e-06, 3.26215270e-03, 6.31924067e+06
3.06613227e+02, 2.48800501e+00, 3.25083550e-03, 4.99994757e-01, 5.28391573e-06, 3.24083560e-03, 6.40238823e+06
3.08617235e+02, 2.49082513e+00, 3.22979436e-03, 4.99994826e-01, 5.21573581e-06, 3.21979446e-03, 6.48607923e+06
3.10621243e+02, 2.49362706e+00, 3.20902385e-03, 4.99994894e-01, 5.14886702e-06, 3.19902395e-03, 6.57031369e+06
3.12625251e+02, 2.49641102e+00, 3.18851877e-03, 4.99994961e-01, 5.08327597e-06, 3.17851887e-03, 6.65509161e+06
3.14629259e+02, 2.49917726e+00, 3.16827408e-03, 4.99995026e-01, 5.01893032e-06, 3.15827418e-03, 6.74041297e+06
3.16633267e+02, 2.50192598e+00, 3.14828484e-03, 4.99995091e-01, 4.95579872e-06, 3.13828494e-03, 6.82627778e+06
3.18637275e+02, 2.50465742e+00, 3.12854625e-03, 4.99995154e-01, 4.89385083e-06, 3.11854635e-03, 6.91268605e+06
3.20641283e+02, 2.50737179e+00, 3.10905363e-03, 4.99995216e-01, 4.83305725e-06, 3.09905373e-03, 6.99963777e+06
3.22645291e+02, 2.51006929e+00, 3.08980241e-03, 4.99995277e-01, 4.77338946e-06, 3.07980251e-03, 7.08713294e+06
3.24649299e+02, 2.51275015e+00, 3.07078812e-03, 4.99995336e-01, 4.71481984e-06, 3.06078822e-03, 7.17517156e+06
3.26653307e+02, 2.51541456e+00, 3.05200643e-03, 4.99995395e-01, 4.65732162e-06, 3.04200653e-03, 7.26375363e+06
3.28657315e+02, 2.51806272e+00, 3.03345308e-03, 4.99995453e-01, 4.60086881e-06, 3.02345318e-03, 7.35287915e+06
3.30661323e+02, 2.52069483e+00, 3.01512395e-03, 4.99995510e-01, 4.54543623e-06, 3.00512405e-03, 7.44254813e+06
3.32665331e+02, 2.52331108e+00, 2.99701499e-03, 4.99995565e-01, 4.49099943e-06, 2.98701509e-03, 7.53276056e+06
3.34669339e+02, 2.52591167e+00, 2.97912226e-03, 4.99995620e-01, 4.43753471e-06, 2.96912236e-03, 7.62351644e+06
3.36673347e+02, 2.52849678e+00, 2.96144190e-03, 4.99995674e-01, 4.38501907e-06, 2.95144200e-03, 7.71481577e+06
3.38677355e+02, 2.53106660e+00, 2.94397017e-03, 4.99995727e-01, 4.33343017e-06, 2.93397027e-03, 7.80665855e+06
3.40681363e+02, 2.53362129e+00, 2.92670338e-03, 4.99995779e-01, 4.28274633e-06, 2.91670348e-03, 7.89904479e+06
3.42685371e+02, 2.53616105e+00, 2.90963795e-03, 4.99995831e-01, 4.23294651e-06, 2.89963805e-03, 7.99197447e+06
3.44689379e+02, 2.53868604e+00, 2.89277039e-03, 4.99995881e-01, 4.18401026e-06, 2.88277049e-03, 8.08544761e+06
3.46693387e+02, 2.54119643e+00, 2.87609726e-03, 4.99995931e-01, 4.13591773e-06, 2.86609736e-03, 8.17946420e+06
3.48697395e+02, 2.54369240e+00, 2.85961524e-03, 4.99995980e-01, 4.08864965e-06, 2.84961534e-03, 8.27402424e+06
3.50701403e+02, 2.54617410e+00, 2.84332104e-03, 4.99996028e-01, 4.04218727e-06, 2.83332114e-03, 8.36912773e+06
3.52705411e+02, 2.54864170e+00, 2.82721148e-03, 4.99996075e-01, 3.99651238e-06, 2.81721158e-03, 8.46477467e+06
3.54709419e+02, 2.55109537e+00, 2.81128344e-03, 4.99996121e-01, 3.95160729e-06, 2.80128354e-03, 8.56096507e+06
3.56713427e+02, 2.55353524e+00, 2.79553386e-03, 4.99996167e-01, 3.90745479e-06, 2.78553396e-03, 8.65769892e+06
3.58717436e+02, 2.55596149e+00, 2.77995977e-03, 4.99996212e-01, 3.86403817e-06, 2.76995987e-03, 8.75497622e+06
3.60721444e+02, 2.55837426e+00, 2.76455825e-03, 4.99996257e-01, 3.82134115e-06, 2.75455835e-03, 8.85279697e+06
3.62725452e+02, 2.56077369e+00, 2.74932644e-03, 4.99996300e-01, 3.77934793e-06, 2.73932654e-03, 8.95116117e+06
3.64729460e+02, 2.56315994e+00, 2.73426155e-03, 4.99996344e-01, 3.73804312e-06, 2.72426165e-03, 9.05006882e+06
3.66733468e+02, 2.56553316e+00, 2.71936086e-03, 4.99996386e-01, 3.69741175e-06, 2.70936096e-03, 9.14951993e+06
3.68737476e+02, 2.56789347e+00, 2.70462170e-03, 4.99996428e-01, 3.65743927e-06, 2.69462180e-03, 9.24951449e+06
3.70741484e+02, 2.57024103e+00, 2.69004145e-03, 4.99996469e-01, 3.61811151e-06, 2.68004155e-03, 9.35005249e+06
3.72745492e+02, 2.57257596e+00, 2.67561756e-03, 4.99996510e-01, 3.57941466e-06, 2.66561766e-03, 9.45113395e+06
3.74749500e+02, 2.57489841e+00, 2.66134752e-03, 4.99996550e-01, 3.54133532e-06, 2.65134762e-03, 9.55275887e+06
3.76753508e+02, 2.57720851e+00, 2.64722889e-03, 4.99996589e-01, 3.50386041e-06, 2.63722899e-03, 9.65492723e+06
3.78757516e+02, 2.57950638e+00, 2.63325927e-03, 4.99996628e-01, 3.46697720e-06, 2.62325937e-03, 9.75763905e+06
3.80761524e+02, 2.58179216e+00, 2.61943632e-03, 4.99996666e-01, 3.43067331e-06, 2.60943642e-03, 9.86089431e+06
3.82765532e+02, 2.58406597e+00, 2.60575773e-03, 4.99996704e-01, 3.39493667e-06, 2.59575783e-03, 9.96469303e+06
3.84769540e+02, 2.58632793e+00, 2.59222125e-03, 4.99996741e-01, 3.35975552e-06, 2.58222135e-03, 1.00690352e+07
3.86773548e+02, 2.58857818e+00, 2.57882469e-03, 4.99996778e-01, 3.32511840e-06, 2.56882479e-03, 1.01739208e+07
3.88777556e+02, 2.59081683e+00, 2.56556589e-03, 4.99996814e-01, 3.29101416e-06, 2.55556599e-03, 1.02793499e+07
3.90781564e+02, 2.59304400e+00, 2.55244272e-03, 4.99996850e-01, 3.25743192e-06, 2.54244282e-03, 1.03853224e+07
3.92785572e+02, 2.59525980e+00, 2.53945312e-03, 4.99996885e-01, 3.22436108e-06, 2.52945322e-03, 1.04918384e+07
3.94789580e+02, 2.59746436e+00, 2.52659507e-03, 4.99996920e-01, 3.19179132e-06, 2.51659517e-03, 1.05988978e+07
3.96793588e+02, 2.59965778e+00, 2.51386656e-03, 4.99996955e-01, 3.15971255e-06, 2.50386666e-03, 1.07065007e+07
3.98797596e+02, 2.60184018e+00, 2.50126567e-03, 4.99996988e-01, 3.12811497e-06, 2.49126577e-03, 1.08146470e+07
4.00801604e+02, 2.60401167e+00, 2.48879046e-03, 4.99997022e-01, 3.09698899e-06, 2.47879056e-03, 1.09233368e+07
4.02805612e+02, 2.60617235e+00, 2.47643909e-03, 4.99997055e-01, 3.06632527e-06, 2.46643919e-03, 1.10325701e+07
4.04809620e+02, 2.60832234e+00, 2.46420970e-03, 4.99997088e-01, 3.03611471e-06, 2.45420980e-03, 1.11423467e+07
4.06813628e+02, 2.61046173e+00, 2.45210050e-03, 4.99997120e-01, 3.00634843e-06, 2.44210060e-03, 1.12526669e+07
4.08817636e+02, 2.61259064e+00, 2.44010973e-03, 4.99997152e-01, 2.97701774e-06, 2.43010983e-03, 1.13635305e+07
4.10821644e+02, 2.61470917e+00, 2.42823566e-03, 4.99997183e-01, 2.94811420e-06, 2.41823576e-03, 1.14749375e+07
4.12825652e+02, 2.61681741e+00, 2.41647659e-03, 4.99997214e-01, 2.91962956e-06, 2.40647669e-03, 1.15868880e+07
4.14829660e+02, 2.61891546e+00, 2.40483086e-03, 4.99997245e-01, 2.89155574e-06, 2.39483096e-03, 1.16993819e+07
4.16833668e+02, 2.62100343e+00, 2.39329685e-03, 4.99997275e-01, 2.86388490e-06, 2.38329695e-03, 1.18124193e+07
4.18837676e+02, 2.62308141e+00, 2.38187294e-03, 4.99997305e-01, 2.83660936e-06, 2.37187304e-03, 1.19260002e+07
4.20841684e+02, 2.62514949e+00, 2.37055758e-03, 4.99997335e-01, 2.80972161e-06, 2.36055768e-03, 1.20401245e+07
4.22845692e+02, 2.62720777e+00, 2.35934921e-03, 4.99997364e-01, 2.78321436e-06, 2.34934931e-03, 1.21547922e+07
4.24849700e+02, 2.62925635e+00, 2.34824634e-03, 4.99997393e-01, 2.75708044e-06, 2.33824644e-03, 1.22700034e+07
4.26853708e+02, 2.63129530e+00, 2.33724748e-03, 4.99997422e-01, 2.73131289e-06, 2.32724758e-03, 1.23857581e+07
4.28857716e+02, 2.63332473e+00, 2.32635117e-03, 4.99997450e-01, 2.70590488e-06, 2.31635127e-03, 1.25020562e+07
4.30861724e+02, 2.63534471e+00, 2.31555599e-03, 4.99997478e-01, 2.68084976e-06, 2.30555609e-03, 1.26188978e+07
4.32865732e+02, 2.63735535e+00, 2.30486053e-03, 4.99997506e-01, 2.65614103e-06, 2.29486063e-03, 1.27362828e+07
4.34869740e+02, 2.63935672e+00, 2.29426342e-03, 4.99997533e-01, 2.63177232e-06, 2.28426352e-03, 1.28542112e+07
4.36873748e+02, 2.64134891e+00, 2.28376331e-03, 4.99997560e-01, 2.60773743e-06, 2.27376341e-03, 1.29726831e+07
4.38877756e+02, 2.64333200e+00, 2.27335887e-03, 4.99997587e-01, 2.58403028e-06, 2.26335897e-03, 1.30916985e+07
4.40881764e+02, 2.64530608e+00, 2.26304881e-03, 4.99997613e-01, 2.56064496e-06, 2.25304891e-03, 1.32112573e+07
4.42885772e+02, 2.64727122e+00, 2.25283184e-03, 4.99997640e-01, 2.53757565e-06, 2.24283194e-03, 1.33313596e+07
4.44889780e+02, 2.64922752e+00, 2.24270671e-03, 4.99997666e-01, 2.51481669e-06, 2.23270681e-03, 1.34520053e+07
4.46893788e+02, 2.65117504e+00, 2.23267218e-03, 4.99997691e-01, 2.49236253e-06, 2.22267228e-03, 1.35731945e+07
4.48897796e+02, 2.65311387e+00, 2.22272705e-03, 4.99997717e-01, 2.47020776e-06, 2.21272715e-03, 1.36949271e+07
4.50901804e+02, 2.65504408e+00, 2.21287012e-03, 4.99997742e-01, 2.44834709e-06, 2.20287022e-03, 1.38172032e+07
4.52905812e+02, 2.65696574e+00, 2.20310023e-03, 4.99997767e-01, 2.42677532e-06, 2.19310033e-03, 1.39400227e+07
4.54909820e+02, 2.65887895e+00, 2.19341623e-03, 4.99997792e-01, 2.40548738e-06, 2.18341633e-03, 1.40633857e+07
4.56913828e+02, 2.66078376e+00, 2.18381699e-03, 4.99997816e-01, 2.38447833e-06, 2.17381709e-03, 1.41872921e+07
4.58917836e+02, 2.66268025e+00, 2.17430141e-03, 4.99997841e-01, 2.36374331e-06, 2.16430151e-03, 1.43117420e+07
4.60921844e+02, 2.66456850e+00, 2.16486839e-03, 4.99997865e-01, 2.34327758e-06, 2.15486849e-03, 1.44367353e+07
4.62925852e+02, 2.66644857e+00, 2.15551687e-03, 4.99997888e-01, 2.32307649e-06, 2.14551697e-03, 1.45622721e+07
4.64929860e+02, 2.66832054e+00, 2.14624579e-03, 4.99997912e-01, 2.30313549e-06, 2.13624589e-03, 1.46883523e+07
4.66933868e+02, 2.67018448e+00, 2.13705412e-03, 4.99997936e-01, 2.28345015e-06, 2.12705422e-03, 1.48149760e+07
4.68937876e+02, 2.67204045e+00, 2.12794084e-03, 4.99997959e-01, 2.26401611e-06, 2.11794094e-03, 1.49421432e+07
4.70941884e+02, 2.67388852e+00, 2.11890496e-03, 4.99997982e-01, 2.24482912e-06, 2.10890506e-03, 1.50698538e+07
4.72945892e+02, 2.67572876e+00, 2.10994549e-03, 4.99998005e-01, 2.22588500e-06, 2.09994559e-03, 1.51981078e+07
4.74949900e+02, 2.67756124e+00, 2.10106148e-03, 4.99998027e-01, 2.20717966e-06, 2.09106158e-03, 1.53269053e+07
4.76953908e+02, 2.67938602e+00, 2.09225196e-03, 4.99998050e-01, 2.18870913e-06, 2.08225206e-03, 1.54562462e+07
4.78957916e+02, 2.68120316e+00, 2.08351600e-03, 4.99998072e-01, 2.17046947e-06, 2.07351610e-03, 1.55861306e+07
4.80961924e+02, 2.68301273e+00, 2.07485270e-03, 4.99998094e-01, 2.15245686e-06, 2.06485280e-03, 1.57165585e+07
4.82965932e+02, 2.68481479e+00, 2.06626114e-03, 4.99998116e-01, 2.13466755e-06, 2.05626124e-03, 1.58475298e+07
4.84969940e+02, 2.68660941e+00, 2.05774044e-03, 4.99998138e-01, 2.11709786e-06, 2.04774054e-03, 1.59790445e+07
4.86973948e+02, 2.68839664e+00, 2.04928973e-03, 4.99998159e-01, 2.09974420e-06, 2.03928983e-03, 1.61111027e+07
4.88977956e+02, 2.69017654e+00, 2.04090814e-03, 4.99998181e-01, 2.08260302e-06, 2.03090824e-03, 1.62437044e+07
4.90981964e+02, 2.69194918e+00, 2.03259484e-03, 4.99998202e-01, 2.06567088e-06, 2.02259494e-03, 1.63768495e+07
4.92985972e+02, 2.69371462e+00, 2.02434898e-03, 4.99998223e-01, 2.04894440e-06, 2.01434908e-03, 1.65105381e+07
4.94989980e+02, 2.69547290e+00, 2.01616976e-03, 4.99998244e-01, 2.03242025e-06, 2.00616986e-03, 1.66447701e+07
4.96993988e+02, 2.69722410e+00, 2.00805637e-03, 4.99998265e-01, 2.01609519e-06, 1.99805647e-03, 1.67795455e+07
4.98997996e+02, 2.69896826e+00, 2.00000801e-03, 4.99998285e-01, 1.99996603e-06, 1.99000811e-03, 1.69148644e+07
5.01002005e+02, 2.70070545e+00, 1.99202392e-03, 4.99998306e-01, 1.98402965e-06, 1.98202402e-03, 1.70507268e+07
5.03006013e+02, 2.70243572e+00, 1.98410331e-03, 4.99998326e-01, 1.96828298e-06, 1.97410341e-03, 1.71871326e+07
5.05010021e+02, 2.70415912e+00, 1.97624545e-03, 4.99998347e-01, 1.95272304e-06, 1.96624555e-03, 1.73240819e+07
5.07014029e+02, 2.70587571e+00, 1.96844958e-03, 4.99998367e-01, 1.93734687e-06, 1.95844968e-03, 1.74615746e+07
5.09018037e+02, 2.70758554e+00, 1.96071497e-03, 4.99998387e-01, 1.92215160e-06, 1.95071507e-03, 1.75996108e+07
5.11022045e+02, 2.70928866e+00, 1.95304091e-03, 4.99998407e-01, 1.90713440e-06, 1.94304101e-03, 1.77381904e+07
5.13026053e+02, 2.71098513e+00, 1.94542669e-03, 4.99998427e-01, 1.89229250e-06, 1.93542679e-03, 1.78773135e+07
5.15030061e+02, 2.71267500e+00, 1.93787160e-03, 4.99998446e-01, 1.87762317e-06, 1.92787170e-03, 1.80169800e+07
5.17034069e+02, 2.71435832e+00, 1.93037497e-03, 4.99998466e-01, 1.86312376e-06, 1.92037507e-03, 1.81571900e+07
5.19038077e+02, 2.71603514e+00, 1.92293612e-03, 4.99998485e-01, 1.84879166e-06, 1.91293622e-03, 1.82979434e+07
5.21042085e+02, 2.71770552e+00, 1.91555438e-03, 4.99998505e-01, 1.83462429e-06, 1.90555448e-03, 1.84392403e+07
5.23046093e+02, 2.71936949e+00, 1.90822909e-03, 4.99998524e-01, 1.82061914e-06, 1.89822919e-03, 1.85810806e+07
5.25050101e+02, 2.72102711e+00, 1.90095962e-03, 4.99998543e-01, 1.80677374e-06, 1.89095972e-03, 1.87234644e+07
5.27054109e+02, 2.72267843e+00, 1.89374533e-03, 4.99998562e-01, 1.79308568e-06, 1.88374543e-03, 1.88663916e+07
5.29058117e+02, 2.72432349e+00, 1.88658558e-03, 4.99998581e-01, 1.77955258e-06, 1.87658568e-03, 1.90098623e+07
5.31062125e+02, 2.72596234e+00, 1.87947977e-03, 4.99998600e-01, 1.76617210e-06, 1.86947987e-03, 1.91538765e+07
5.33066133e+02, 2.72759504e+00, 1.87242729e-03, 4.99998619e-01, 1.75294197e-06, 1.86242739e-03, 1.92984341e+07
5.35070141e+02, 2.72922162e+00, 1.86542753e-03, 4.99998637e-01, 1.73985994e-06, 1.85542763e-03, 1.94435351e+07
5.37074149e+02, 2.73084213e+00, 1.85847992e-03, 4.99998656e-01, 1.72692380e-06, 1.84848002e-03, 1.95891796e+07
5.39078157e+02, 2.73245661e+00, 1.85158386e-03, 4.99998674e-01, 1.71413140e-06, 1.84158396e-03, 1.97353675e+07
5.41082165e+02, 2.73406512e+00, 1.84473880e-03, 4.99998693e-01, 1.70148061e-06, 1.83473890e-03, 1.98820989e+07
5.43086173e+02, 2.73566769e+00, 1.83794415e-03, 4.99998711e-01, 1.68896936e-06, 1.82794425e-03, 2.00293738e+07
5.45090181e+02, 2.73726437e+00, 1.83119938e-03, 4.99998730e-01, 1.67659558e-06, 1.82119948e-03, 2.01771921e+07
5.47094189e+02, 2.73885520e+00, 1.82450393e-03, 4.99998748e-01, 1.66435729e-06, 1.81450403e-03, 2.03255538e+07
5.49098197e+02, 2.74044022e+00, 1.81785726e-03, 4.99998766e-01, 1.65225251e-06, 1.80785736e-03, 2.04744591e+07
5.51102205e+02, 2.74201948e+00, 1.81125884e-03, 4.99998784e-01, 1.64027930e-06, 1.80125894e-03, 2.06239077e+07
5.53106213e+02, 2.74359302e+00, 1.80470815e-03, 4.99998802e-01, 1.62843576e-06, 1.79470825e-03, 2.07738998e+07
5.55110221e+02, 2.74516088e+00, 1.79820468e-03, 4.99998820e-01, 1.61672003e-06, 1.78820478e-03, 2.09244354e+07
5.57114229e+02, 2.74672309e+00, 1.79174790e-03, 4.99998838e-01, 1.60513028e-06, 1.78174800e-03, 2.10755144e+07
5.59118237e+02, 2.74827971e+00, 1.78533733e-03, 4.99998856e-01, 1.59366470e-06, 1.77533743e-03, 2.12271368e+07
5.61122245e+02, 2.74983077e+00, 1.77897247e-03, 4.99998874e-01, 1.58232153e-06, 1.76897257e-03, 2.13793028e+07
5.63126253e+02, 2.75137631e+00, 1.77265283e-03, 4.99998891e-01, 1.57109903e-06, 1.76265293e-03, 2.15320121e+07
5.65130261e+02, 2.75291637e+00, 1.76637793e-03, 4.99998909e-01, 1.55999550e-06, 1.75637803e-03, 2.16852649e+07
5.67134269e+02, 2.75445099e+00, 1.76014730e-03, 4.99998927e-01, 1.54900926e-06, 1.75014740e-03, 2.18390612e+07
5.69138277e+02, 2.75598020e+00, 1.75396047e-03, 4.99998944e-01, 1.53813867e-06, 1.74396057e-03, 2.19934009e+07
5.71142285e+02, 2.75750405e+00, 1.74781698e-03, 4.99998962e-01, 1.52738210e-06, 1.73781708e-03, 2.21482841e+07
5.73146293e+02, 2.75902257e+00, 1.74171637e-03, 4.99998979e-01, 1.51673797e-06, 1.73171647e-03, 2.23037107e+07
5.75150301e+02, 2.76053579e+00, 1.73565821e-03, 4.99998997e-01, 1.50620471e-06, 1.72565831e-03, 2.24596808e+07
5.77154309e+02, 2.76204377e+00, 1.72964204e-03, 4.99999014e-01, 1.49578080e-06, 1.71964214e-03, 2.26161943e+07
5.79158317e+02, 2.76354652e+00, 1.72366744e-03, 4.99999032e-01, 1.48546472e-06, 1.71366754e-03, 2.27732513e+07
5.81162325e+02, 2.76504410e+00, 1.71773397e-03, 4.99999049e-01, 1.47525499e-06, 1.70773407e-03, 2.29308517e+07
5.83166333e+02, 2.76653652e+00, 1.71184121e-03, 4.99999066e-01, 1.46515016e-06, 1.70184131e-03, 2.30889956e+07
5.85170341e+02, 2.76802384e+00, 1.70598874e-03, 4.99999084e-01, 1.45514879e-06, 1.69598884e-03, 2.32476829e+07
5.87174349e+02, 2.76950608e+00, 1.70017615e-03, 4.99999101e-01, 1.44524947e-06, 1.69017625e-03, 2.34069137e+07
5.89178357e+02, 2.77098328e+00, 1.69440304e-03, 4.99999118e-01, 1.43545082e-06, 1.68440314e-03, 2.35666880e+07
5.91182365e+02, 2.77245547e+00, 1.68866900e-03, 4.99999136e-01, 1.42575149e-06, 1.67866910e-03, 2.37270057e+07
5.93186373e+02, 2.77392269e+00, 1.68297363e-03, 4.99999153e-01, 1.41615013e-06, 1.67297373e-03, 2.38878668e+07
5.95190381e+02, 2.77538496e+00, 1.67731656e-03, 4.99999170e-01, 1.40664542e-06, 1.66731666e-03, 2.40492714e+07
5.97194389e+02, 2.77684234e+00, 1.67169739e-03, 4.99999187e-01, 1.39723609e-06, 1.66169749e-03, 2.42112194e+07
5.99198397e+02, 2.77829483e+00, 1.66611575e-03, 4.99999204e-01, 1.38792084e-06, 1.65611585e-03, 2.43737109e+07
6.01202405e+02, 2.77974249e+00, 1.66057125e-03, 4.99999222e-01, 1.37869844e-06, 1.65057135e-03, 2.45367459e+07
6.03206413e+02, 2.78118533e+00, 1.65506353e-03, 4.99999239e-01, 1.36956765e-06, 1.64506363e-03, 2.47003243e+07
6.05210421e+02, 2.78262340e+00, 1.64959223e-03, 4.99999256e-01, 1.36052726e-06, 1.63959233e-03, 2.48644461e+07
6.07214429e+02, 2.78405672e+00, 1.64415698e-03, 4.99999273e-01, 1.35157609e-06, 1.63415708e-03, 2.50291114e+07
6.09218437e+02, 2.78548533e+00, 1.63875743e-03, 4.99999290e-01, 1.34271296e-06, 1.62875753e-03, 2.51943202e+07
6.11222445e+02, 2.78690925e+00, 1.63339323e-03, 4.99999307e-01, 1.33393673e-06, 1.62339333e-03, 2.53600724e+07
6.13226453e+02, 2.78832852e+00, 1.62806404e-03, 4.99999324e-01, 1.32524626e-06, 1.61806414e-03, 2.55263680e+07
6.15230461e+02, 2.78974316e+00, 1.62276950e-03, 4.99999341e-01, 1.31664043e-06, 1.61276960e-03, 2.56932071e+07
6.17234469e+02, 2.79115322e+00, 1.61750929e-03, 4.99999359e-01, 1.30811816e-06, 1.60750939e-03, 2.58605897e+07
6.19238477e+02, 2.79255870e+00, 1.61228308e-03, 4.99999376e-01, 1.29967836e-06, 1.60228318e-03, 2.60285157e+07
6.21242485e+02, 2.79395966e+00, 1.60709052e-03, 4.99999393e-01, 1.29131997e-06, 1.59709062e-03, 2.61969852e+07
6.23246493e+02, 2.79535611e+00, 1.60193131e-03, 4.99999410e-01, 1.28304195e-06, 1.59193141e-03, 2.63659981e+07
6.25250501e+02, 2.79674809e+00, 1.59680511e-03, 4.99999427e-01, 1.27484328e-06, 1.58680521e-03, 2.65355545e+07
6.27254509e+02, 2.79813561e+00, 1.59171162e-03, 4.99999444e-01, 1.26672293e-06, 1.58171172e-03, 2.67056543e+07
6.29258517e+02, 2.79951872e+00, 1.58665051e-03, 4.99999461e-01, 1.25867993e-06, 1.57665061e-03, 2.68762975e+07
6.31262525e+02, 2.80089744e+00, 1.58162149e-03, 4.99999478e-01, 1.25071328e-06, 1.57162159e-03, 2.70474843e+07
6.33266533e+02, 2.80227180e+00, 1.57662425e-03, 4.99999496e-01, 1.24282202e-06, 1.56662435e-03, 2.72192144e+07
6.35270541e+02, 2.80364182e+00, 1.57165849e-03, 4.99999513e-01, 1.23500521e-06, 1.56165859e-03, 2.73914881e+07
6.37274549e+02, 2.80500753e+00, 1.56672391e-03, 4.99999530e-01, 1.22726191e-06, 1.55672401e-03, 2.75643051e+07
6.39278557e+02, 2.80636896e+00, 1.56182022e-03, 4.99999547e-01, 1.21959121e-06, 1.55182032e-03, 2.77376657e+07
6.41282565e+02, 2.80772613e+00, 1.55694713e-03, 4.99999564e-01, 1.21199219e-06, 1.54694723e-03, 2.79115696e+07
6.43286574e+02, 2.80907908e+00, 1.55210436e-03, 4.99999582e-01, 1.20446397e-06, 1.54210446e-03, 2.80860171e+07
6.45290582e+02, 2.81042783e+00, 1.54729162e-03, 4.99999599e-01, 1.19700568e-06, 1.53729172e-03, 2.82610080e+07
6.47294590e+02, 2.81177240e+00, 1.54250863e-03, 4.99999616e-01, 1.18961644e-06, 1.53250873e-03, 2.84365423e+07
6.49298598e+02, 2.81311282e+00, 1.53775512e-03, 4.99999633e-01, 1.18229541e-06, 1.52775522e-03, 2.86126201e+07
6.51302606e+02, 2.81444911e+00, 1.53303082e-03, 4.99999651e-01, 1.17504175e-06, 1.52303092e-03, 2.87892413e+07
6.53306614e+02, 2.81578131e+00, 1.52833546e-03, 4.99999668e-01, 1.16785464e-06, 1.51833556e-03, 2.89664060e+07
6.55310622e+02, 2.81710943e+00, 1.52366877e-03, 4.99999686e-01, 1.16073327e-06, 1.51366887e-03, 2.91441141e+07
6.57314630e+02, 2.81843351e+00, 1.51903050e-03, 4.99999703e-01, 1.15367683e-06, 1.50903060e-03, 2.93223657e+07
6.59318638e+02, 2.81975356e+00, 1.51442038e-03, 4.99999720e-01, 1.14668454e-06, 1.50442048e-03, 2.95011608e+07
6.61322646e+02, 2.82106960e+00, 1.50983815e-03, 4.99999738e-01, 1.13975563e-06, 1.49983825e-03, 2.96804993e+07
6.63326654e+02, 2.82238168e+00, 1.50528357e-03, 4.99999755e-01, 1.13288932e-06, 1.49528367e-03, 2.98603812e+07
6.65330662e+02, 2.82368980e+00, 1.50075639e-03, 4.99999773e-01, 1.12608488e-06, 1.49075649e-03, 3.00408066e+07
6.67334670e+02, 2.82499399e+00, 1.49625636e-03, 4.99999791e-01, 1.11934155e-06, 1.48625646e-03, 3.02217755e+07
6.69338678e+02, 2.82629428e+00, 1.49178323e-03, 4.99999808e-01, 1.11265861e-06, 1.48178333e-03, 3.04032878e+07
6.71342686e+02, 2.82759068e+00, 1.48733677e-03, 4.99999826e-01, 1.10603534e-06, 1.47733687e-03, 3.05853435e+07
6.73346694e+02, 2.82888323e+00, 1.48291674e-03, 4.99999843e-01, 1.09947103e-06, 1.47291684e-03, 3.07679427e+07
6.75350702e+02, 2.83017194e+00, 1.47852290e-03, 4.99999861e-01, 1.09296498e-06, 1.46852300e-03, 3.09510854e+07
6.77354710e+02, 2.83145684e+00, 1.47415502e-03, 4.99999879e-01, 1.08651651e-06, 1.46415512e-03, 3.11347715e+07
6.79358718e+02, 2.83273795e+00, 1.46981287e-03, 4.99999897e-01, 1.08012494e-06, 1.45981297e-03, 3.13190011e+07
6.81362726e+02, 2.83401530e+00, 1.46549623e-03, 4.99999915e-01, 1.07378960e-06, 1.45549633e-03, 3.15037741e+07
6.83366734e+02, 2.83528889e+00, 1.46120486e-03, 4.99999933e-01, 1.06750983e-06, 1.45120496e-03, 3.16890905e+07
6.85370742e+02, 2.83655876e+00, 1.45693856e-03, 4.99999951e-01, 1.06128498e-06, 1.44693866e-03, 3.18749504e+07
6.87374750e+02, 2.83782493e+00, 1.45269710e-03, 4.99999969e-01, 1.05511443e-06, 1.44269720e-03, 3.20613538e+07
6.89378758e+02, 2.83908742e+00, 1.44848026e-03, 4.99999987e-01, 1.04899753e-06, 1.43848036e-03, 3.22483006e+07
6.91382766e+02, 2.84034625e+00, 1.44428783e-03, 5.00000005e-01, 1.04293366e-06, 1.43428793e-03, 3.24357909e+07
6.93386774e+02, 2.84160144e+00, 1.44011960e-03, 5.00000023e-01, 1.03692223e-06, 1.43011970e-03, 3.26238246e+07
6.95390782e+02, 2.84285301e+00, 1.43597535e-03, 5.00000041e-01, 1.03096261e-06, 1.42597545e-03, 3.28124018e+07
6.97394790e+02, 2.84410099e+00, 1.43185490e-03, 5.00000059e-01, 1.02505422e-06, 1.42185500e-03, 3.30015224e+07
6.99398798e+02, 2.84534539e+00, 1.42775802e-03, 5.00000078e-01, 1.01919648e-06, 1.41775812e-03, 3.31911865e+07
7.01402806e+02, 2.84658624e+00, 1.42368452e-03, 5.00000096e-01, 1.01338880e-06, 1.41368462e-03, 3.33813940e+07
7.03406814e+02, 2.84782355e+00, 1.41963419e-03, 5.00000114e-01, 1.00763062e-06, 1.40963429e-03, 3.35721450e+07
7.05410822e+02, 2.84905734e+00, 1.41560685e-03, 5.00000133e-01, 1.00192138e-06, 1.40560695e-03, 3.37634394e+07
7.07414830e+02, 2.85028764e+00, 1.41160230e-03, 5.00000152e-01, 9.96260521e-07, 1.40160240e-03, 3.39552773e+07
7.09418838e+02, 2.85151447e+00, 1.40762033e-03, 5.00000170e-01, 9.90647499e-07, 1.39762043e-03, 3.41476586e+07
7.11422846e+02, 2.85273784e+00, 1.40366077e-03, 5.00000189e-01, 9.85081779e-07, 1.39366087e-03, 3.43405834e+07
7.13426854e+02, 2.85395777e+00, 1.39972342e-03, 5.00000208e-01, 9.79562828e-07, 1.38972352e-03, 3.45340517e+07
7.15430862e+02, 2.85517429e+00, 1.39580810e-03, 5.00000226e-01, 9.74090126e-07, 1.38580820e-03, 3.47280634e+07
7.17434870e+02, 2.85638740e+00, 1.39191462e-03, 5.00000245e-01, 9.68663157e-07, 1.38191472e-03, 3.49226185e+07
7.19438878e+02, 2.85759714e+00, 1.38804280e-03, 5.00000264e-01, 9.63281413e-07, 1.37804290e-03, 3.51177171e+07
7.21442886e+02, 2.85880352e+00, 1.38419247e-03, 5.00000283e-01, 9.57944392e-07, 1.37419257e-03, 3.53133591e+07
7.23446894e+02, 2.86000655e+00, 1.38036343e-03, 5.00000302e-01, 9.52651601e-07, 1.37036353e-03, 3.55095446e+07
7.25450902e+02, 2.86120627e+00, 1.37655552e-03, 5.00000321e-01, 9.47402552e-07, 1.36655562e-03, 3.57062736e+07
7.27454910e+02, 2.86240267e+00, 1.37276856e-03, 5.00000341e-01, 9.42196765e-07, 1.36276866e-03, 3.59035460e+07
7.29458918e+02, 2.86359580e+00, 1.36900238e-03, 5.00000360e-01, 9.37033764e-07, 1.35900248e-03, 3.61013618e+07
7.31462926e+02, 2.86478565e+00, 1.36525681e-03, 5.00000379e-01, 9.31913083e-07, 1.35525691e-03, 3.62997211e+07
7.33466934e+02, 2.86597225e+00, 1.36153168e-03, 5.00000399e-01, 9.26834261e-07, 1.35153178e-03, 3.64986239e+07
7.35470942e+02, 2.86715562e+00, 1.35782682e-03, 5.00000418e-01, 9.21796842e-07, 1.34782692e-03, 3.66980701e+07
7.37474950e+02, 2.86833577e+00, 1.35414207e-03, 5.00000438e-01, 9.16800378e-07, 1.34414217e-03, 3.68980598e+07
7.39478958e+02, 2.86951272e+00, 1.35047727e-03, 5.00000457e-01, 9.11844426e-07, 1.34047737e-03, 3.70985929e+07
7.41482966e+02, 2.87068649e+00, 1.34683224e-03, 5.00000477e-01, 9.06928549e-07, 1.33683234e-03, 3.72996694e+07
7.43486974e+02, 2.87185710e+00, 1.34320685e-03, 5.00000497e-01, 9.02052316e-07, 1.33320695e-03, 3.75012894e+07
7.45490982e+02, 2.87302457e+00, 1.33960091e-03, 5.00000517e-01, 8.97215302e-07, 1.32960101e-03, 3.77034529e+07
7.47494990e+02, 2.87418890e+00, 1.33601429e-03, 5.00000537e-01, 8.92417087e-07, 1.32601439e-03, 3.79061598e+07
7.49498998e+02, 2.87535012e+00, 1.33244682e-03, 5.00000557e-01, 8.87657259e-07, 1.32244692e-03, 3.81094102e+07
7.51503006e+02, 2.87650824e+00, 1.32889835e-03, 5.00000577e-01, 8.82935407e-07, 1.31889845e-03, 3.83132040e+07
7.53507014e+02, 2.87766328e+00, 1.32536873e-03, 5.00000597e-01, 8.78251130e-07, 1.31536883e-03, 3.85175413e+07
7.55511022e+02, 2.87881526e+00, 1.32185781e-03, 5.00000618e-01, 8.73604030e-07, 1.31185791e-03, 3.87224220e+07
7.57515030e+02, 2.87996419e+00, 1.31836544e-03, 5.00000638e-01, 8.68993715e-07, 1.30836554e-03, 3.89278462e+07
7.59519038e+02, 2.88111009e+00, 1.31489147e-03, 5.00000659e-01, 8.64419796e-07, 1.30489157e-03, 3.91338138e+07
7.61523046e+02, 2.88225297e+00, 1.31143577e-03, 5.00000679e-01, 8.59881893e-07, 1.30143587e-03, 3.93403249e+07
7.63527054e+02, 2.88339286e+00, 1.30799819e-03, 5.00000700e-01, 8.55379628e-07, 1.29799829e-03, 3.95473794e+07
7.65531062e+02, 2.88452976e+00, 1.30457857e-03, 5.00000721e-01, 8.50912628e-07, 1.29457867e-03, 3.97549774e+07
7.67535070e+02, 2.88566369e+00, 1.30117680e-03, 5.00000742e-01, 8.46480527e-07, 1.29117690e-03, 3.99631188e+07
7.69539078e+02, 2.88679467e+00, 1.29779271e-03, 5.00000763e-01, 8.42082962e-07, 1.28779281e-03, 4.01718037e+07
7.71543086e+02, 2.88792271e+00, 1.29442618e-03, 5.00000784e-01, 8.37719575e-07, 1.28442628e-03, 4.03810320e+07
7.73547094e+02, 2.88904783e+00, 1.29107708e-03, 5.00000805e-01, 8.33390013e-07, 1.28107718e-03, 4.05908038e+07
7.75551102e+02, 2.89017004e+00, 1.28774526e-03, 5.00000826e-01, 8.29093926e-07, 1.27774536e-03, 4.08011190e+07
7.77555110e+02, 2.89128936e+00, 1.28443059e-03, 5.00000847e-01, 8.24830972e-07, 1.27443069e-03, 4.10119777e+07
7.79559118e+02, 2.89240580e+00, 1.28113294e-03, 5.00000869e-01, 8.20600809e-07, 1.27113304e-03, 4.12233799e+07
7.81563126e+02, 2.89351938e+00, 1.27785218e-03, 5.00000890e-01, 8.16403103e-07, 1.26785228e-03, 4.14353255e+07
7.83567134e+02, 2.89463011e+00, 1.27458819e-03, 5.00000912e-01, 8.12237522e-07, 1.26458829e-03, 4.16478145e+07
7.85571142e+02, 2.89573801e+00, 1.27134082e-03, 5.00000934e-01, 8.08103739e-07, 1.26134092e-03, 4.18608470e+07
7.87575151e+02, 2.89684309e+00, 1.26810996e-03, 5.00000956e-01, 8.04001432e-07, 1.25811006e-03, 4.20744230e+07
7.89579159e+02, 2.89794536e+00, 1.26489547e-03, 5.00000977e-01, 7.99930282e-07, 1.25489557e-03, 4.22885424e+07
7.91583167e+02, 2.89904484e+00, 1.26169725e-03, 5.00001000e-01, 7.95889974e-07, 1.25169735e-03, 4.25032052e+07
7.93587175e+02, 2.90014155e+00, 1.25851515e-03, 5.00001022e-01, 7.91880197e-07, 1.24851525e-03, 4.27184115e+07
7.95591183e+02, 2.90123549e+00, 1.25534907e-03, 5.00001044e-01, 7.87900644e-07, 1.24534917e-03, 4.29341613e+07
7.97595191e+02, 2.90232669e+00, 1.25219888e-03, 5.00001066e-01, 7.83951013e-07, 1.24219898e-03, 4.31504545e+07
7.99599199e+02, 2.90341515e+00, 1.24906445e-03, 5.00001089e-01, 7.80031005e-07, 1.23906455e-03, 4.33672911e+07
8.01603207e+02, 2.90450089e+00, 1.24594568e-03, 5.00001111e-01, 7.76140323e-07, 1.23594578e-03, 4.35846712e+07
8.03607215e+02, 2.90558392e+00, 1.24284245e-03, 5.00001134e-01, 7.72278676e-07, 1.23284255e-03, 4.38025948e+07
8.05611223e+02, 2.90666426e+00, 1.23975463e-03, 5.00001157e-01, 7.68445776e-07, 1.22975473e-03, 4.40210618e+07
8.07615231e+02, 2.90774192e+00, 1.23668212e-03, 5.00001180e-01, 7.64641337e-07, 1.22668222e-03, 4.42400723e+07
8.09619239e+02, 2.90881691e+00, 1.23362480e-03, 5.00001203e-01, 7.60865080e-07, 1.22362490e-03, 4.44596262e+07
8.11623247e+02, 2.90988924e+00, 1.23058257e-03, 5.00001226e-01, 7.57116727e-07, 1.22058267e-03, 4.46797236e+07
8.13627255e+02, 2.91095894e+00, 1.22755530e-03, 5.00001249e-01, 7.53396002e-07, 1.21755540e-03, 4.49003644e+07
8.15631263e+02, 2.91202600e+00, 1.22454288e-03, 5.00001273e-01, 7.49702636e-07, 1.21454298e-03, 4.51215487e+07
8.17635271e+02, 2.91309045e+00, 1.22154522e-03, 5.00001296e-01, 7.46036360e-07, 1.21154532e-03, 4.53432764e+07
8.19639279e+02, 2.91415230e+00, 1.21856219e-03, 5.00001320e-01, 7.42396911e-07, 1.20856229e-03, 4.55655476e+07
8.21643287e+02, 2.91521156e+00, 1.21559370e-03, 5.00001343e-01, 7.38784028e-07, 1.20559380e-03, 4.57883622e+07
8.23647295e+02, 2.91626824e+00, 1.21263964e-03, 5.00001367e-01, 7.35197451e-07, 1.20263974e-03, 4.60117203e+07
8.25651303e+02, 2.91732235e+00, 1.20969990e-03, 5.00001391e-01, 7.31636928e-07, 1.19970000e-03, 4.62356218e+07
8.27655311e+02, 2.91837392e+00, 1.20677438e-03, 5.00001415e-01, 7.28102205e-07, 1.19677448e-03, 4.64600668e+07
8.29659319e+02, 2.91942294e+00, 1.20386298e-03, 5.00001440e-01, 7.24593034e-07, 1.19386308e-03, 4.66850552e+07
8.31663327e+02, 2.92046944e+00, 1.20096559e-03, 5.00001464e-01, 7.21109170e-07, 1.19096569e-03, 4.69105871e+07
8.33667335e+02, 2.92151342e+00, 1.19808211e-03, 5.00001488e-01, 7.17650370e-07, 1.18808221e-03, 4.71366624e+07
8.35671343e+02, 2.92255489e+00, 1.19521244e-03, 5.00001513e-01, 7.14216393e-07, 1.18521254e-03, 4.73632812e+07
8.37675351e+02, 2.92359388e+00, 1.19235649e-03, 5.00001538e-01, 7.10807004e-07, 1.18235659e-03, 4.75904434e+07
8.39679359e+02, 2.92463038e+00, 1.18951416e-03, 5.00001563e-01, 7.07421967e-07, 1.17951426e-03, 4.78181491e+07
8.41683367e+02, 2.92566442e+00, 1.18668534e-03, 5.00001587e-01, 7.04061052e-07, 1.17668544e-03, 4.80463983e+07
8.43687375e+02, 2.92669600e+00, 1.18386995e-03, 5.00001613e-01, 7.00724030e-07, 1.17387005e-03, 4.82751909e+07
8.45691383e+02, 2.92772514e+00, 1.18106788e-03, 5.00001638e-01, 6.97410674e-07, 1.17106798e-03, 4.85045269e+07
8.47695391e+02, 2.92875184e+00, 1.17827905e-03, 5.00001663e-01, 6.94120762e-07, 1.16827915e-03, 4.87344064e+07
8.49699399e+02, 2.92977613e+00, 1.17550336e-03, 5.00001689e-01, 6.90854073e-07, 1.16550346e-03, 4.89648294e+07
8.51703407e+02, 2.93079800e+00, 1.17274071e-03, 5.00001714e-01, 6.87610389e-07, 1.16274081e-03, 4.91957958e+07
8.53707415e+02, 2.93181747e+00, 1.16999102e-03, 5.00001740e-01, 6.84389494e-07, 1.15999112e-03, 4.94273056e+07
8.55711423e+02, 2.93283456e+00, 1.16725419e-03, 5.00001766e-01, 6.81191176e-07, 1.15725429e-03, 4.96593589e+07
8.57715431e+02, 2.93384927e+00, 1.16453014e-03, 5.00001792e-01, 6.78015223e-07, 1.15453024e-03, 4.98919557e+07
8.59719439e+02, 2.93486161e+00, 1.16181877e-03, 5.00001818e-01, 6.74861428e-07, 1.15181887e-03, 5.01250959e+07
8.61723447e+02, 2.93587160e+00, 1.15912000e-03, 5.00001844e-01, 6.71729586e-07, 1.14912010e-03, 5.03587795e+07
8.63727455e+02, 2.93687925e+00, 1.15643373e-03, 5.00001871e-01, 6.68619492e-07, 1.14643383e-03, 5.05930066e+07
8.65731463e+02, 2.93788456e+00, 1.15375989e-03, 5.00001897e-01, 6.65530946e-07, 1.14375999e-03, 5.08277772e+07
8.67735471e+02, 2.93888755e+00, 1.15109839e-03, 5.00001924e-01, 6.62463750e-07, 1.14109849e-03, 5.10630912e+07
8.69739479e+02, 2.93988824e+00, 1.14844913e-03, 5.00001951e-01, 6.59417707e-07, 1.13844923e-03, 5.12989487e+07
8.71743487e+02, 2.94088662e+00, 1.14581205e-03, 5.00001978e-01, 6.56392623e-07, 1.13581215e-03, 5.15353496e+07
8.73747495e+02, 2.94188271e+00, 1.14318704e-03, 5.00002005e-01, 6.53388306e-07, 1.13318714e-03, 5.17722940e+07
8.75751503e+02, 2.94287652e+00, 1.14057404e-03, 5.00002032e-01, 6.50404566e-07, 1.13057414e-03, 5.20097818e+07
8.77755511e+02, 2.94386806e+00, 1.13797295e-03, 5.00002060e-01, 6.47441217e-07, 1.12797305e-03, 5.22478131e+07
8.79759519e+02, 2.94485735e+00, 1.13538370e-03, 5.00002087e-01, 6.44498072e-07, 1.12538380e-03, 5.24863878e+07
8.81763527e+02, 2.94584438e+00, 1.13280620e-03, 5.00002115e-01, 6.41574949e-07, 1.12280630e-03, 5.27255060e+07
8.83767535e+02, 2.94682918e+00, 1.13024039e-03, 5.00002143e-01, 6.38671665e-07, 1.12024049e-03, 5.29651676e+07
8.85771543e+02, 2.94781175e+00, 1.12768616e-03, 5.00002171e-01, 6.35788043e-07, 1.11768626e-03, 5.32053727e+07
8.87775551e+02, 2.94879210e+00, 1.12514346e-03, 5.00002199e-01, 6.32923905e-07, 1.11514356e-03, 5.34461212e+07
8.89779559e+02, 2.94977024e+00, 1.12261220e-03, 5.00002228e-01, 6.30079076e-07, 1.11261230e-03, 5.36874132e+07
8.91783567e+02, 2.95074619e+00, 1.12009230e-03, 5.00002256e-01, 6.27253382e-07, 1.11009240e-03, 5.39292486e+07
8.93787575e+02, 2.95171994e+00, 1.11758369e-03, 5.00002285e-01, 6.24446653e-07, 1.10758379e-03, 5.41716275e+07
8.95791583e+02, 2.95269152e+00, 1.11508629e-03, 5.00002313e-01, 6.21658719e-07, 1.10508639e-03, 5.44145498e+07
8.97795591e+02, 2.95366093e+00, 1.11260003e-03, 5.00002342e-01, 6.18889412e-07, 1.10260013e-03, 5.46580156e+07
8.99799599e+02, 2.95462818e+00, 1.11012483e-03, 5.00002371e-01, 6.16138568e-07, 1.10012493e-03, 5.49020249e+07
9.01803607e+02, 2.95559329e+00, 1.10766062e-03, 5.00002401e-01, 6.13406021e-07, 1.09766072e-03, 5.51465775e+07
9.03807615e+02, 2.95655625e+00, 1.10520732e-03, 5.00002430e-01, 6.10691612e-07, 1.09520742e-03, 5.53916737e+07
9.05811623e+02, 2.95751708e+00, 1.10276487e-03, 5.00002460e-01, 6.07995178e-07, 1.09276497e-03, 5.56373133e+07
9.07815631e+02, 2.95847579e+00, 1.10033319e-03, 5.00002489e-01, 6.05316562e-07, 1.09033329e-03, 5.58834963e+07
9.09819639e+02, 2.95943239e+00, 1.09791221e-03, 5.00002519e-01, 6.02655608e-07, 1.08791231e-03, 5.61302228e+07
9.11823647e+02, 2.96038688e+00, 1.09550186e-03, 5.00002549e-01, 6.00012159e-07, 1.08550196e-03, 5.63774928e+07
9.13827655e+02, 2.96133928e+00, 1.09310207e-03, 5.00002579e-01, 5.97386064e-07, 1.08310217e-03, 5.66253062e+07
9.15831663e+02, 2.96228960e+00, 1.09071277e-03, 5.00002610e-01, 5.94777170e-07, 1.08071287e-03, 5.68736630e+07
9.17835671e+02, 2.96323785e+00, 1.08833389e-03, 5.00002640e-01, 5.92185328e-07, 1.07833399e-03, 5.71225633e+07
9.19839679e+02, 2.96418402e+00, 1.08596537e-03, 5.00002671e-01, 5.89610390e-07, 1.07596547e-03, 5.73720071e+07
9.21843687e+02, 2.96512815e+00, 1.08360713e-03, 5.00002702e-01, 5.87052208e-07, 1.07360723e-03, 5.76219943e+07
9.23847695e+02, 2.96607022e+00, 1.08125911e-03, 5.00002733e-01, 5.84510637e-07, 1.07125921e-03, 5.78725250e+07
9.25851703e+02, 2.96701025e+00, 1.07892125e-03, 5.00002764e-01, 5.81985535e-07, 1.06892135e-03, 5.81235991e+07
9.27855711e+02, 2.96794826e+00, 1.07659348e-03, 5.00002795e-01, 5.79476758e-07, 1.06659358e-03, 5.83752166e+07
9.29859720e+02, 2.96888424e+00, 1.07427572e-03, 5.00002827e-01, 5.76984168e-07, 1.06427582e-03, 5.86273776e+07
9.31863728e+02, 2.96981821e+00, 1.07196793e-03, 5.00002859e-01, 5.74507624e-07, 1.06196803e-03, 5.88800821e+07
9.33867736e+02, 2.97075017e+00, 1.06967003e-03, 5.00002890e-01, 5.72046989e-07, 1.05967013e-03, 5.91333300e+07
9.35871744e+02, 2.97168014e+00, 1.06738196e-03, 5.00002922e-01, 5.69602128e-07, 1.05738206e-03, 5.93871214e+07
9.37875752e+02, 2.97260812e+00, 1.06510366e-03, 5.00002955e-01, 5.67172905e-07, 1.05510376e-03, 5.96414562e+07
9.39879760e+02, 2.97353413e+00, 1.06283506e-03, 5.00002987e-01, 5.64759188e-07, 1.05283516e-03, 5.98963345e+07
9.41883768e+02, 2.97445816e+00, 1.06057611e-03, 5.00003020e-01, 5.62360845e-07, 1.05057621e-03, 6.01517562e+07
9.43887776e+02, 2.97538023e+00, 1.05832674e-03, 5.00003052e-01, 5.59977746e-07, 1.04832684e-03, 6.04077214e+07
9.45891784e+02, 2.97630035e+00, 1.05608689e-03, 5.00003085e-01, 5.57609762e-07, 1.04608699e-03, 6.06642300e+07
9.47895792e+02, 2.97721852e+00, 1.05385650e-03, 5.00003118e-01, 5.55256765e-07, 1.04385660e-03, 6.09212821e+07
9.49899800e+02, 2.97813476e+00, 1.05163551e-03, 5.00003152e-01, 5.52918629e-07, 1.04163561e-03, 6.11788776e+07
9.51903808e+02, 2.97904906e+00, 1.04942387e-03, 5.00003185e-01, 5.50595229e-07, 1.03942397e-03, 6.14370166e+07
9.53907816e+02, 2.97996145e+00, 1.04722151e-03, 5.00003219e-01, 5.48286441e-07, 1.03722161e-03, 6.16956990e+07
9.55911824e+02, 2.98087192e+00, 1.04502837e-03, 5.00003252e-01, 5.45992144e-07, 1.03502847e-03, 6.19549249e+07
9.57915832e+02, 2.98178049e+00, 1.04284439e-03, 5.00003286e-01, 5.43712217e-07, 1.03284449e-03, 6.22146943e+07
9.59919840e+02, 2.98268716e+00, 1.04066953e-03, 5.00003320e-01, 5.41446539e-07, 1.03066963e-03, 6.24750070e+07
9.61923848e+02, 2.98359194e+00, 1.03850372e-03, 5.00003355e-01, 5.39194991e-07, 1.02850382e-03, 6.27358633e+07
9.63927856e+02, 2.98449484e+00, 1.03634691e-03, 5.00003389e-01, 5.36957458e-07, 1.02634701e-03, 6.29972630e+07
9.65931864e+02, 2.98539587e+00, 1.03419903e-03, 5.00003424e-01, 5.34733823e-07, 1.02419913e-03, 6.32592061e+07
9.67935872e+02, 2.98629503e+00, 1.03206005e-03, 5.00003459e-01, 5.32523970e-07, 1.02206015e-03, 6.35216927e+07
9.69939880e+02, 2.98719234e+00, 1.02992989e-03, 5.00003494e-01, 5.30327786e-07, 1.01992999e-03, 6.37847228e+07
9.71943888e+02, 2.98808779e+00, 1.02780850e-03, 5.00003529e-01, 5.28145160e-07, 1.01780860e-03, 6.40482963e+07
9.73947896e+02, 2.98898141e+00, 1.02569584e-03, 5.00003565e-01, 5.25975978e-07, 1.01569594e-03, 6.43124132e+07
9.75951904e+02, 2.98987318e+00, 1.02359184e-03, 5.00003600e-01, 5.23820132e-07, 1.01359194e-03, 6.45770736e+07
9.77955912e+02, 2.99076313e+00, 1.02149646e-03, 5.00003636e-01, 5.21677512e-07, 1.01149656e-03, 6.48422775e+07
9.79959920e+02, 2.99165126e+00, 1.01940964e-03, 5.00003672e-01, 5.19548009e-07, 1.00940974e-03, 6.51080248e+07
9.81963928e+02, 2.99253758e+00, 1.01733133e-03, 5.00003708e-01, 5.17431518e-07, 1.00733143e-03, 6.53743155e+07
9.83967936e+02, 2.99342209e+00, 1.01526148e-03, 5.00003745e-01, 5.15327933e-07, 1.00526158e-03, 6.56411497e+07
9.85971944e+02, 2.99430481e+00, 1.01320003e-03, 5.00003781e-01, 5.13237148e-07, 1.00320013e-03, 6.59085274e+07
9.87975952e+02, 2.99518573e+00, 1.01114693e-03, 5.00003818e-01, 5.11159060e-07, 1.00114703e-03, 6.61764485e+07
9.89979960e+02, 2.99606487e+00, 1.00910214e-03, 5.00003855e-01, 5.09093567e-07, 9.99102242e-04, 6.64449131e+07
9.91983968e+02, 2.99694224e+00, 1.00706560e-03, 5.00003892e-01, 5.07040567e-07, 9.97065705e-04, 6.67139211e+07
9.93987976e+02, 2.99781783e+00, 1.00503727e-03, 5.00003930e-01, 5.04999959e-07, 9.95037371e-04, 6.69834726e+07
9.95991984e+02, 2.99869167e+00, 1.00301709e-03, 5.00003967e-01, 5.02971644e-07, 9.93017191e-04, 6.72535675e+07
9.97995992e+02, 2.99956375e+00, 1.00100502e-03, 5.00004005e-01, 5.00955523e-07, 9.91005117e-04, 6.75242058e+07
1.00000000e+03, 3.00043408e+00, 9.99000999e-04, 5.00004043e-01, 4.98951499e-07, 9.89001099e-04, 6.77953877e+07
