z, log10(1+z), a, H0*t_look, H0*t_age, H0*t_conf, H(z) 
1.00000000e-06, 4.34294265e-07, 9.99999000e-01, 9.99999500e-07, 1.15129345e+01, 1.00000000e+05, 6.76600000e+01
2.00400901e+00, 4.77701232e-01, 3.32888482e-01, 1.09994773e+00, 1.04129877e+01, 9.99979960e+04, 6.76600000e+01
4.00801703e+00, 6.99665797e-01, 1.99679832e-01, 1.61104003e+00, 9.90189543e+00, 9.99959920e+04, 6.76600000e+01
6.01202504e+00, 8.45843458e-01, 1.42612155e-01, 1.94762654e+00, 9.56530893e+00, 9.99939880e+04, 6.76600000e+01
8.01603306e+00, 9.55015495e-01, 1.10913524e-01, 2.19900444e+00, 9.31393102e+00, 9.99919840e+04, 6.76600000e+01
1.00200411e+01, 1.04218321e+00, 9.07437634e-02, 2.39971553e+00, 9.11321993e+00, 9.99899800e+04, 6.76600000e+01
1.20240491e+01, 1.11474602e+00, 7.67810374e-02, 2.56679758e+00, 8.94613789e+00, 9.99879760e+04, 6.76600000e+01
1.40280571e+01, 1.17690284e+00, 6.65422013e-02, 2.70991893e+00, 8.80301654e+00, 9.99859719e+04, 6.76600000e+01
1.60320651e+01, 1.23126731e+00, 5.87127863e-02, 2.83509775e+00, 8.67783771e+00, 9.99839679e+04, 6.76600000e+01
1.80360731e+01, 1.27957736e+00, 5.25318427e-02, 2.94633576e+00, 8.56659970e+00, 9.99819639e+04, 6.76600000e+01
2.00400811e+01, 1.32304741e+00, 4.75283338e-02, 3.04642924e+00, 8.46650622e+00, 9.99799599e+04, 6.76600000e+01
2.20440892e+01, 1.36255955e+00, 4.33950760e-02, 3.13740930e+00, 8.37552616e+00, 9.99779559e+04, 6.76600000e+01
2.40480972e+01, 1.39877474e+00, 3.99231923e-02, 3.22079786e+00, 8.29213760e+00, 9.99759519e+04, 6.76600000e+01
2.60521052e+01, 1.43220107e+00, 3.69656998e-02, 3.29776483e+00, 8.21517064e+00, 9.99739479e+04, 6.76600000e+01
2.80561132e+01, 1.46323752e+00, 3.44161655e-02, 3.36922890e+00, 8.14370657e+00, 9.99719439e+04, 6.76600000e+01
3.00601212e+01, 1.49220315e+00, 3.21956245e-02, 3.43592472e+00, 8.07701074e+00, 9.99699399e+04, 6.76600000e+01
3.20641292e+01, 1.51935709e+00, 3.02442563e-02, 3.49844899e+00, 8.01448648e+00, 9.99679359e+04, 6.76600000e+01
3.40681372e+01, 1.54491270e+00, 2.85159144e-02, 3.55729295e+00, 7.95564252e+00, 9.99659319e+04, 6.76600000e+01
3.60721453e+01, 1.56904772e+00, 2.69744303e-02, 3.61286589e+00, 7.90006958e+00, 9.99639279e+04, 6.76600000e+01
3.80761533e+01, 1.59191180e+00, 2.55910553e-02, 3.66551239e+00, 7.84742307e+00, 9.99619238e+04, 6.76600000e+01
4.00801613e+01, 1.61363214e+00, 2.43426503e-02, 3.71552531e+00, 7.79741015e+00, 9.99599198e+04, 6.76600000e+01
4.20841693e+01, 1.63431772e+00, 2.32103814e-02, 3.76315563e+00, 7.74977984e+00, 9.99579158e+04, 6.76600000e+01
4.40881773e+01, 1.65406268e+00, 2.21787630e-02, 3.80862007e+00, 7.70431540e+00, 9.99559118e+04, 6.76600000e+01
4.60921853e+01, 1.67294884e+00, 2.12349457e-02, 3.85210707e+00, 7.66082839e+00, 9.99539078e+04, 6.76600000e+01
4.80961933e+01, 1.69104782e+00, 2.03681779e-02, 3.89378150e+00, 7.61915396e+00, 9.99519038e+04, 6.76600000e+01
5.01002014e+01, 1.70842261e+00, 1.95693945e-02, 3.93378844e+00, 7.57914703e+00, 9.99498998e+04, 6.76600000e+01
5.21042094e+01, 1.72512895e+00, 1.88308989e-02, 3.97225620e+00, 7.54067927e+00, 9.99478958e+04, 6.76600000e+01
5.41082174e+01, 1.74121636e+00, 1.81461141e-02, 4.00929884e+00, 7.50363662e+00, 9.99458918e+04, 6.76600000e+01
5.61122254e+01, 1.75672908e+00, 1.75093860e-02, 4.04501820e+00, 7.46791727e+00, 9.99438878e+04, 6.76600000e+01
5.81162334e+01, 1.77170676e+00, 1.69158274e-02, 4.07950556e+00, 7.43342990e+00, 9.99418838e+04, 6.76600000e+01
6.01202414e+01, 1.78618506e+00, 1.63611919e-02, 4.11284309e+00, 7.40009237e+00, 9.99398798e+04, 6.76600000e+01
6.21242494e+01, 1.80019623e+00, 1.58417725e-02, 4.14510500e+00, 7.36783047e+00, 9.99378758e+04, 6.76600000e+01
6.41282574e+01, 1.81376946e+00, 1.53543184e-02, 4.17635852e+00, 7.33657695e+00, 9.99358717e+04, 6.76600000e+01
6.61322655e+01, 1.82693130e+00, 1.48959668e-02, 4.20666478e+00, 7.30627068e+00, 9.99338677e+04, 6.76600000e+01
6.81362735e+01, 1.83970597e+00, 1.44641872e-02, 4.23607953e+00, 7.27685593e+00, 9.99318637e+04, 6.76600000e+01
7.01402815e+01, 1.85211558e+00, 1.40567338e-02, 4.26465372e+00, 7.24828174e+00, 9.99298597e+04, 6.76600000e+01
7.21442895e+01, 1.86418043e+00, 1.36716073e-02, 4.29243406e+00, 7.22050141e+00, 9.99278557e+04, 6.76600000e+01
7.41482975e+01, 1.87591915e+00, 1.33070214e-02, 4.31946346e+00, 7.19347200e+00, 9.99258517e+04, 6.76600000e+01
7.61523055e+01, 1.88734891e+00, 1.29613755e-02, 4.34578146e+00, 7.16715400e+00, 9.99238477e+04, 6.76600000e+01
7.81563135e+01, 1.89848556e+00, 1.26332311e-02, 4.37142455e+00, 7.14151091e+00, 9.99218437e+04, 6.76600000e+01
8.01603216e+01, 1.90934376e+00, 1.23212917e-02, 4.39642648e+00, 7.11650899e+00, 9.99198397e+04, 6.76600000e+01
8.21643296e+01, 1.91993709e+00, 1.20243860e-02, 4.42081852e+00, 7.09211694e+00, 9.99178357e+04, 6.76600000e+01
8.41683376e+01, 1.93027817e+00, 1.17414526e-02, 4.44462974e+00, 7.06830572e+00, 9.99158317e+04, 6.76600000e+01
8.61723456e+01, 1.94037873e+00, 1.14715280e-02, 4.46788714e+00, 7.04504832e+00, 9.99138277e+04, 6.76600000e+01
8.81763536e+01, 1.95024971e+00, 1.12137350e-02, 4.49061591e+00, 7.02231955e+00, 9.99118236e+04, 6.76600000e+01
9.01803616e+01, 1.95990131e+00, 1.09672739e-02, 4.51283954e+00, 7.00009592e+00, 9.99098196e+04, 6.76600000e+01
9.21843696e+01, 1.96934307e+00, 1.07314135e-02, 4.53458000e+00, 6.97835546e+00, 9.99078156e+04, 6.76600000e+01
9.41883777e+01, 1.97858392e+00, 1.05054842e-02, 4.55585785e+00, 6.95707761e+00, 9.99058116e+04, 6.76600000e+01
9.61923857e+01, 1.98763224e+00, 1.02888718e-02, 4.57669237e+00, 6.93624309e+00, 9.99038076e+04, 6.76600000e+01
9.81963937e+01, 1.99649588e+00, 1.00810116e-02, 4.59710166e+00, 6.91583381e+00, 9.99018036e+04, 6.76600000e+01
1.00200402e+02, 2.00518224e+00, 9.88138370e-03, 4.61710273e+00, 6.89583274e+00, 9.98997996e+04, 6.76600000e+01
1.02204410e+02, 2.01369825e+00, 9.68950845e-03, 4.63671158e+00, 6.87622388e+00, 9.98977956e+04, 6.76600000e+01
1.04208418e+02, 2.02205049e+00, 9.50494287e-03, 4.65594331e+00, 6.85699215e+00, 9.98957916e+04, 6.76600000e+01
1.06212426e+02, 2.03024512e+00, 9.32727707e-03, 4.67481215e+00, 6.83812331e+00, 9.98937876e+04, 6.76600000e+01
1.08216434e+02, 2.03828799e+00, 9.15613123e-03, 4.69333154e+00, 6.81960392e+00, 9.98917836e+04, 6.76600000e+01
1.10220442e+02, 2.04618462e+00, 8.99115292e-03, 4.71151419e+00, 6.80142127e+00, 9.98897796e+04, 6.76600000e+01
1.12224450e+02, 2.05394022e+00, 8.83201466e-03, 4.72937213e+00, 6.78356333e+00, 9.98877756e+04, 6.76600000e+01
1.14228458e+02, 2.06155975e+00, 8.67841173e-03, 4.74691675e+00, 6.76601872e+00, 9.98857715e+04, 6.76600000e+01
1.16232466e+02, 2.06904790e+00, 8.53006028e-03, 4.76415885e+00, 6.74877661e+00, 9.98837675e+04, 6.76600000e+01
1.18236474e+02, 2.07640912e+00, 8.38669551e-03, 4.78110870e+00, 6.73182677e+00, 9.98817635e+04, 6.76600000e+01
1.20240482e+02, 2.08364765e+00, 8.24807016e-03, 4.79777603e+00, 6.71515944e+00, 9.98797595e+04, 6.76600000e+01
1.22244490e+02, 2.09076751e+00, 8.11395301e-03, 4.81417010e+00, 6.69876536e+00, 9.98777555e+04, 6.76600000e+01
1.24248498e+02, 2.09777253e+00, 7.98412769e-03, 4.83029975e+00, 6.68263572e+00, 9.98757515e+04, 6.76600000e+01
1.26252506e+02, 2.10466634e+00, 7.85839142e-03, 4.84617335e+00, 6.66676212e+00, 9.98737475e+04, 6.76600000e+01
1.28256514e+02, 2.11145244e+00, 7.73655400e-03, 4.86179891e+00, 6.65113656e+00, 9.98717435e+04, 6.76600000e+01
1.30260522e+02, 2.11813413e+00, 7.61843687e-03, 4.87718407e+00, 6.63575140e+00, 9.98697395e+04, 6.76600000e+01
1.32264530e+02, 2.12471457e+00, 7.50387219e-03, 4.89233610e+00, 6.62059937e+00, 9.98677355e+04, 6.76600000e+01
1.34268538e+02, 2.13119680e+00, 7.39270207e-03, 4.90726197e+00, 6.60567349e+00, 9.98657315e+04, 6.76600000e+01
1.36272546e+02, 2.13758369e+00, 7.28477783e-03, 4.92196834e+00, 6.59096713e+00, 9.98637275e+04, 6.76600000e+01
1.38276554e+02, 2.14387801e+00, 7.17995938e-03, 4.93646155e+00, 6.57647391e+00, 9.98617234e+04, 6.76600000e+01
1.40280562e+02, 2.15008241e+00, 7.07811454e-03, 4.95074771e+00, 6.56218775e+00, 9.98597194e+04, 6.76600000e+01
1.42284570e+02, 2.15619942e+00, 6.97911855e-03, 4.96483265e+00, 6.54810281e+00, 9.98577154e+04, 6.76600000e+01
1.44288578e+02, 2.16223147e+00, 6.88285352e-03, 4.97872196e+00, 6.53421351e+00, 9.98557114e+04, 6.76600000e+01
1.46292586e+02, 2.16818089e+00, 6.78920798e-03, 4.99242099e+00, 6.52051448e+00, 9.98537074e+04, 6.76600000e+01
1.48296594e+02, 2.17404990e+00, 6.69807645e-03, 5.00593489e+00, 6.50700057e+00, 9.98517034e+04, 6.76600000e+01
1.50300602e+02, 2.17984066e+00, 6.60935903e-03, 5.01926860e+00, 6.49366686e+00, 9.98496994e+04, 6.76600000e+01
1.52304610e+02, 2.18555521e+00, 6.52296105e-03, 5.03242686e+00, 6.48050861e+00, 9.98476954e+04, 6.76600000e+01
1.54308618e+02, 2.19119556e+00, 6.43879272e-03, 5.04541422e+00, 6.46752124e+00, 9.98456914e+04, 6.76600000e+01
1.56312626e+02, 2.19676358e+00, 6.35676884e-03, 5.05823507e+00, 6.45470039e+00, 9.98436874e+04, 6.76600000e+01
1.58316634e+02, 2.20226112e+00, 6.27680848e-03, 5.07089363e+00, 6.44204183e+00, 9.98416834e+04, 6.76600000e+01
1.60320642e+02, 2.20768994e+00, 6.19883474e-03, 5.08339395e+00, 6.42954151e+00, 9.98396794e+04, 6.76600000e+01
1.62324650e+02, 2.21305174e+00, 6.12277448e-03, 5.09573994e+00, 6.41719553e+00, 9.98376753e+04, 6.76600000e+01
1.64328658e+02, 2.21834814e+00, 6.04855813e-03, 5.10793536e+00, 6.40500010e+00, 9.98356713e+04, 6.76600000e+01
1.66332666e+02, 2.22358073e+00, 5.97611944e-03, 5.11998384e+00, 6.39295162e+00, 9.98336673e+04, 6.76600000e+01
1.68336674e+02, 2.22875103e+00, 5.90539530e-03, 5.13188889e+00, 6.38104658e+00, 9.98316633e+04, 6.76600000e+01
1.70340682e+02, 2.23386049e+00, 5.83632554e-03, 5.14365387e+00, 6.36928160e+00, 9.98296593e+04, 6.76600000e+01
1.72344690e+02, 2.23891054e+00, 5.76885279e-03, 5.15528204e+00, 6.35765342e+00, 9.98276553e+04, 6.76600000e+01
1.74348698e+02, 2.24390255e+00, 5.70292229e-03, 5.16677655e+00, 6.34615891e+00, 9.98256513e+04, 6.76600000e+01
1.76352706e+02, 2.24883782e+00, 5.63848176e-03, 5.17814044e+00, 6.33479502e+00, 9.98236473e+04, 6.76600000e+01
1.78356714e+02, 2.25371764e+00, 5.57548126e-03, 5.18937664e+00, 6.32355883e+00, 9.98216433e+04, 6.76600000e+01
1.80360722e+02, 2.25854324e+00, 5.51387306e-03, 5.20048799e+00, 6.31244748e+00, 9.98196393e+04, 6.76600000e+01
1.82364730e+02, 2.26331580e+00, 5.45361149e-03, 5.21147723e+00, 6.30145823e+00, 9.98176353e+04, 6.76600000e+01
1.84368738e+02, 2.26803649e+00, 5.39465289e-03, 5.22234702e+00, 6.29058844e+00, 9.98156313e+04, 6.76600000e+01
1.86372746e+02, 2.27270642e+00, 5.33695545e-03, 5.23309993e+00, 6.27983554e+00, 9.98136273e+04, 6.76600000e+01
1.88376754e+02, 2.27732667e+00, 5.28047914e-03, 5.24373844e+00, 6.26919702e+00, 9.98116232e+04, 6.76600000e+01
1.90380762e+02, 2.28189828e+00, 5.22518558e-03, 5.25426496e+00, 6.25867050e+00, 9.98096192e+04, 6.76600000e+01
1.92384770e+02, 2.28642227e+00, 5.17103802e-03, 5.26468183e+00, 6.24825363e+00, 9.98076152e+04, 6.76600000e+01
1.94388778e+02, 2.29089962e+00, 5.11800119e-03, 5.27499131e+00, 6.23794416e+00, 9.98056112e+04, 6.76600000e+01
1.96392786e+02, 2.29533128e+00, 5.06604126e-03, 5.28519558e+00, 6.22773988e+00, 9.98036072e+04, 6.76600000e+01
1.98396794e+02, 2.29971817e+00, 5.01512576e-03, 5.29529678e+00, 6.21763868e+00, 9.98016032e+04, 6.76600000e+01
2.00400802e+02, 2.30406120e+00, 4.96522351e-03, 5.30529697e+00, 6.20763850e+00, 9.97995992e+04, 6.76600000e+01
2.02404810e+02, 2.30836122e+00, 4.91630457e-03, 5.31519813e+00, 6.19773733e+00, 9.97975952e+04, 6.76600000e+01
2.04408818e+02, 2.31261908e+00, 4.86834016e-03, 5.32500223e+00, 6.18793324e+00, 9.97955912e+04, 6.76600000e+01
2.06412826e+02, 2.31683561e+00, 4.82130260e-03, 5.33471114e+00, 6.17822433e+00, 9.97935872e+04, 6.76600000e+01
2.08416834e+02, 2.32101159e+00, 4.77516529e-03, 5.34432669e+00, 6.16860878e+00, 9.97915832e+04, 6.76600000e+01
2.10420842e+02, 2.32514780e+00, 4.72990264e-03, 5.35385066e+00, 6.15908480e+00, 9.97895792e+04, 6.76600000e+01
2.12424850e+02, 2.32924499e+00, 4.68548999e-03, 5.36328478e+00, 6.14965068e+00, 9.97875751e+04, 6.76600000e+01
2.14428859e+02, 2.33330388e+00, 4.64190363e-03, 5.37263073e+00, 6.14030473e+00, 9.97855711e+04, 6.76600000e+01
2.16432867e+02, 2.33732519e+00, 4.59912071e-03, 5.38189014e+00, 6.13104532e+00, 9.97835671e+04, 6.76600000e+01
2.18436875e+02, 2.34130961e+00, 4.55711923e-03, 5.39106460e+00, 6.12187086e+00, 9.97815631e+04, 6.76600000e+01
2.20440883e+02, 2.34525780e+00, 4.51587796e-03, 5.40015566e+00, 6.11277981e+00, 9.97795591e+04, 6.76600000e+01
2.22444891e+02, 2.34917043e+00, 4.47537645e-03, 5.40916481e+00, 6.10377066e+00, 9.97775551e+04, 6.76600000e+01
2.24448899e+02, 2.35304812e+00, 4.43559497e-03, 5.41809352e+00, 6.09484195e+00, 9.97755511e+04, 6.76600000e+01
2.26452907e+02, 2.35689149e+00, 4.39651449e-03, 5.42694321e+00, 6.08599225e+00, 9.97735471e+04, 6.76600000e+01
2.28456915e+02, 2.36070115e+00, 4.35811665e-03, 5.43571528e+00, 6.07722019e+00, 9.97715431e+04, 6.76600000e+01
2.30460923e+02, 2.36447768e+00, 4.32038371e-03, 5.44441106e+00, 6.06852441e+00, 9.97695391e+04, 6.76600000e+01
2.32464931e+02, 2.36822165e+00, 4.28329856e-03, 5.45303188e+00, 6.05990359e+00, 9.97675351e+04, 6.76600000e+01
2.34468939e+02, 2.37193363e+00, 4.24684464e-03, 5.46157901e+00, 6.05135646e+00, 9.97655311e+04, 6.76600000e+01
2.36472947e+02, 2.37561414e+00, 4.21100599e-03, 5.47005371e+00, 6.04288176e+00, 9.97635271e+04, 6.76600000e+01
2.38476955e+02, 2.37926373e+00, 4.17576715e-03, 5.47845719e+00, 6.03447828e+00, 9.97615230e+04, 6.76600000e+01
2.40480963e+02, 2.38288290e+00, 4.14111319e-03, 5.48679064e+00, 6.02614482e+00, 9.97595190e+04, 6.76600000e+01
2.42484971e+02, 2.38647216e+00, 4.10702967e-03, 5.49505522e+00, 6.01788025e+00, 9.97575150e+04, 6.76600000e+01
2.44488979e+02, 2.39003200e+00, 4.07350263e-03, 5.50325205e+00, 6.00968341e+00, 9.97555110e+04, 6.76600000e+01
2.46492987e+02, 2.39356290e+00, 4.04051853e-03, 5.51138225e+00, 6.00155322e+00, 9.97535070e+04, 6.76600000e+01
2.48496995e+02, 2.39706532e+00, 4.00806431e-03, 5.51944687e+00, 5.99348859e+00, 9.97515030e+04, 6.76600000e+01
2.50501003e+02, 2.40053972e+00, 3.97612729e-03, 5.52744698e+00, 5.98548849e+00, 9.97494990e+04, 6.76600000e+01
2.52505011e+02, 2.40398655e+00, 3.94469520e-03, 5.53538359e+00, 5.97755188e+00, 9.97474950e+04, 6.76600000e+01
2.54509019e+02, 2.40740623e+00, 3.91375617e-03, 5.54325771e+00, 5.96967776e+00, 9.97454910e+04, 6.76600000e+01
2.56513027e+02, 2.41079920e+00, 3.88329869e-03, 5.55107031e+00, 5.96186516e+00, 9.97434870e+04, 6.76600000e+01
2.58517035e+02, 2.41416587e+00, 3.85331160e-03, 5.55882235e+00, 5.95411312e+00, 9.97414830e+04, 6.76600000e+01
2.60521043e+02, 2.41750664e+00, 3.82378408e-03, 5.56651475e+00, 5.94642071e+00, 9.97394790e+04, 6.76600000e+01
2.62525051e+02, 2.42082191e+00, 3.79470565e-03, 5.57414844e+00, 5.93878703e+00, 9.97374749e+04, 6.76600000e+01
2.64529059e+02, 2.42411206e+00, 3.76606615e-03, 5.58172429e+00, 5.93121118e+00, 9.97354709e+04, 6.76600000e+01
2.66533067e+02, 2.42737747e+00, 3.73785570e-03, 5.58924318e+00, 5.92369229e+00, 9.97334669e+04, 6.76600000e+01
2.68537075e+02, 2.43061851e+00, 3.71006475e-03, 5.59670595e+00, 5.91622951e+00, 9.97314629e+04, 6.76600000e+01
2.70541083e+02, 2.43383555e+00, 3.68268400e-03, 5.60411345e+00, 5.90882202e+00, 9.97294589e+04, 6.76600000e+01
2.72545091e+02, 2.43702893e+00, 3.65570443e-03, 5.61146648e+00, 5.90146899e+00, 9.97274549e+04, 6.76600000e+01
2.74549099e+02, 2.44019900e+00, 3.62911729e-03, 5.61876583e+00, 5.89416963e+00, 9.97254509e+04, 6.76600000e+01
2.76553107e+02, 2.44334609e+00, 3.60291409e-03, 5.62601229e+00, 5.88692317e+00, 9.97234469e+04, 6.76600000e+01
2.78557115e+02, 2.44647055e+00, 3.57708656e-03, 5.63320662e+00, 5.87972885e+00, 9.97214429e+04, 6.76600000e+01
2.80561123e+02, 2.44957269e+00, 3.55162669e-03, 5.64034956e+00, 5.87258591e+00, 9.97194389e+04, 6.76600000e+01
2.82565131e+02, 2.45265283e+00, 3.52652668e-03, 5.64744184e+00, 5.86549363e+00, 9.97174349e+04, 6.76600000e+01
2.84569139e+02, 2.45571127e+00, 3.50177895e-03, 5.65448417e+00, 5.85845130e+00, 9.97154309e+04, 6.76600000e+01
2.86573147e+02, 2.45874833e+00, 3.47737614e-03, 5.66147726e+00, 5.85145821e+00, 9.97134269e+04, 6.76600000e+01
2.88577155e+02, 2.46176430e+00, 3.45331109e-03, 5.66842178e+00, 5.84451369e+00, 9.97114228e+04, 6.76600000e+01
2.90581163e+02, 2.46475946e+00, 3.42957683e-03, 5.67531840e+00, 5.83761707e+00, 9.97094188e+04, 6.76600000e+01
2.92585171e+02, 2.46773412e+00, 3.40616659e-03, 5.68216779e+00, 5.83076768e+00, 9.97074148e+04, 6.76600000e+01
2.94589179e+02, 2.47068853e+00, 3.38307378e-03, 5.68897059e+00, 5.82396488e+00, 9.97054108e+04, 6.76600000e+01
2.96593187e+02, 2.47362298e+00, 3.36029198e-03, 5.69572741e+00, 5.81720806e+00, 9.97034068e+04, 6.76600000e+01
2.98597195e+02, 2.47653774e+00, 3.33781496e-03, 5.70243889e+00, 5.81049658e+00, 9.97014028e+04, 6.76600000e+01
3.00601203e+02, 2.47943307e+00, 3.31563664e-03, 5.70910563e+00, 5.80382984e+00, 9.96993988e+04, 6.76600000e+01
3.02605211e+02, 2.48230922e+00, 3.29375111e-03, 5.71572821e+00, 5.79720726e+00, 9.96973948e+04, 6.76600000e+01
3.04609219e+02, 2.48516645e+00, 3.27215260e-03, 5.72230723e+00, 5.79062824e+00, 9.96953908e+04, 6.76600000e+01
3.06613227e+02, 2.48800501e+00, 3.25083550e-03, 5.72884324e+00, 5.78409223e+00, 9.96933868e+04, 6.76600000e+01
3.08617235e+02, 2.49082513e+00, 3.22979436e-03, 5.73533681e+00, 5.77759866e+00, 9.96913828e+04, 6.76600000e+01
3.10621243e+02, 2.49362706e+00, 3.20902385e-03, 5.74178849e+00, 5.77114698e+00, 9.96893788e+04, 6.76600000e+01
3.12625251e+02, 2.49641102e+00, 3.18851877e-03, 5.74819881e+00, 5.76473666e+00, 9.96873747e+04, 6.76600000e+01
3.14629259e+02, 2.49917726e+00, 3.16827408e-03, 5.75456830e+00, 5.75836717e+00, 9.96853707e+04, 6.76600000e+01
3.16633267e+02, 2.50192598e+00, 3.14828484e-03, 5.76089747e+00, 5.75203800e+00, 9.96833667e+04, 6.76600000e+01
3.18637275e+02, 2.50465742e+00, 3.12854625e-03, 5.76718684e+00, 5.74574863e+00, 9.96813627e+04, 6.76600000e+01
3.20641283e+02, 2.50737179e+00, 3.10905363e-03, 5.77343690e+00, 5.73949857e+00, 9.96793587e+04, 6.76600000e+01
3.22645291e+02, 2.51006929e+00, 3.08980241e-03, 5.77964814e+00, 5.73328733e+00, 9.96773547e+04, 6.76600000e+01
3.24649299e+02, 2.51275015e+00, 3.07078812e-03, 5.78582104e+00, 5.72711443e+00, 9.96753507e+04, 6.76600000e+01
3.26653307e+02, 2.51541456e+00, 3.05200643e-03, 5.79195606e+00, 5.72097941e+00, 9.96733467e+04, 6.76600000e+01
3.28657315e+02, 2.51806272e+00, 3.03345308e-03, 5.79805368e+00, 5.71488179e+00, 9.96713427e+04, 6.76600000e+01
3.30661323e+02, 2.52069483e+00, 3.01512395e-03, 5.80411434e+00, 5.70882113e+00, 9.96693387e+04, 6.76600000e+01
3.32665331e+02, 2.52331108e+00, 2.99701499e-03, 5.81013849e+00, 5.70279698e+00, 9.96673347e+04, 6.76600000e+01
3.34669339e+02, 2.52591167e+00, 2.97912226e-03, 5.81612657e+00, 5.69680890e+00, 9.96653307e+04, 6.76600000e+01
3.36673347e+02, 2.52849678e+00, 2.96144190e-03, 5.82207901e+00, 5.69085646e+00, 9.96633267e+04, 6.76600000e+01
3.38677355e+02, 2.53106660e+00, 2.94397017e-03, 5.82799622e+00, 5.68493925e+00, 9.96613226e+04, 6.76600000e+01
3.40681363e+02, 2.53362129e+00, 2.92670338e-03, 5.83387862e+00, 5.67905685e+00, 9.96593186e+04, 6.76600000e+01
3.42685371e+02, 2.53616105e+00, 2.90963795e-03, 5.83972663e+00, 5.67320884e+00, 9.96573146e+04, 6.76600000e+01
3.44689379e+02, 2.53868604e+00, 2.89277039e-03, 5.84554063e+00, 5.66739484e+00, 9.96553106e+04, 6.76600000e+01
3.46693387e+02, 2.54119643e+00, 2.87609726e-03, 5.85132103e+00, 5.66161444e+00, 9.96533066e+04, 6.76600000e+01
3.48697395e+02, 2.54369240e+00, 2.85961524e-03, 5.85706820e+00, 5.65586727e+00, 9.96513026e+04, 6.76600000e+01
3.50701403e+02, 2.54617410e+00, 2.84332104e-03, 5.86278254e+00, 5.65015293e+00, 9.96492986e+04, 6.76600000e+01
3.52705411e+02, 2.54864170e+00, 2.82721148e-03, 5.86846440e+00, 5.64447107e+00, 9.96472946e+04, 6.76600000e+01
3.54709419e+02, 2.55109537e+00, 2.81128344e-03, 5.87411417e+00, 5.63882130e+00, 9.96452906e+04, 6.76600000e+01
3.56713427e+02, 2.55353524e+00, 2.79553386e-03, 5.87973219e+00, 5.63320328e+00, 9.96432866e+04, 6.76600000e+01
3.58717436e+02, 2.55596149e+00, 2.77995977e-03, 5.88531883e+00, 5.62761664e+00, 9.96412826e+04, 6.76600000e+01
3.60721444e+02, 2.55837426e+00, 2.76455825e-03, 5.89087443e+00, 5.62206104e+00, 9.96392786e+04, 6.76600000e+01
3.62725452e+02, 2.56077369e+00, 2.74932644e-03, 5.89639934e+00, 5.61653614e+00, 9.96372745e+04, 6.76600000e+01
3.64729460e+02, 2.56315994e+00, 2.73426155e-03, 5.90189389e+00, 5.61104159e+00, 9.96352705e+04, 6.76600000e+01
3.66733468e+02, 2.56553316e+00, 2.71936086e-03, 5.90735841e+00, 5.60557706e+00, 9.96332665e+04, 6.76600000e+01
3.68737476e+02, 2.56789347e+00, 2.70462170e-03, 5.91279324e+00, 5.60014224e+00, 9.96312625e+04, 6.76600000e+01
3.70741484e+02, 2.57024103e+00, 2.69004145e-03, 5.91819868e+00, 5.59473679e+00, 9.96292585e+04, 6.76600000e+01
3.72745492e+02, 2.57257596e+00, 2.67561756e-03, 5.92357507e+00, 5.58936040e+00, 9.96272545e+04, 6.76600000e+01
3.74749500e+02, 2.57489841e+00, 2.66134752e-03, 5.92892271e+00, 5.58401277e+00, 9.96252505e+04, 6.76600000e+01
3.76753508e+02, 2.57720851e+00, 2.64722889e-03, 5.93424190e+00, 5.57869358e+00, 9.96232465e+04, 6.76600000e+01
3.78757516e+02, 2.57950638e+00, 2.63325927e-03, 5.93953294e+00, 5.57340253e+00, 9.96212425e+04, 6.76600000e+01
3.80761524e+02, 2.58179216e+00, 2.61943632e-03, 5.94479614e+00, 5.56813933e+00, 9.96192385e+04, 6.76600000e+01
3.82765532e+02, 2.58406597e+00, 2.60575773e-03, 5.95003178e+00, 5.56290369e+00, 9.96172345e+04, 6.76600000e+01
3.84769540e+02, 2.58632793e+00, 2.59222125e-03, 5.95524015e+00, 5.55769532e+00, 9.96152305e+04, 6.76600000e+01
3.86773548e+02, 2.58857818e+00, 2.57882469e-03, 5.96042154e+00, 5.55251394e+00, 9.96132265e+04, 6.76600000e+01
3.88777556e+02, 2.59081683e+00, 2.56556589e-03, 5.96557622e+00, 5.54735926e+00, 9.96112224e+04, 6.76600000e+01
3.90781564e+02, 2.59304400e+00, 2.55244272e-03, 5.97070446e+00, 5.54223102e+00, 9.96092184e+04, 6.76600000e+01
3.92785572e+02, 2.59525980e+00, 2.53945312e-03, 5.97580654e+00, 5.53712894e+00, 9.96072144e+04, 6.76600000e+01
3.94789580e+02, 2.59746436e+00, 2.52659507e-03, 5.98088272e+00, 5.53205276e+00, 9.96052104e+04, 6.76600000e+01
3.96793588e+02, 2.59965778e+00, 2.51386656e-03, 5.98593326e+00, 5.52700222e+00, 9.96032064e+04, 6.76600000e+01
3.98797596e+02, 2.60184018e+00, 2.50126567e-03, 5.99095842e+00, 5.52197706e+00, 9.96012024e+04, 6.76600000e+01
4.00801604e+02, 2.60401167e+00, 2.48879046e-03, 5.99595846e+00, 5.51697702e+00, 9.95991984e+04, 6.76600000e+01
4.02805612e+02, 2.60617235e+00, 2.47643909e-03, 6.00093362e+00, 5.51200186e+00, 9.95971944e+04, 6.76600000e+01
4.04809620e+02, 2.60832234e+00, 2.46420970e-03, 6.00588415e+00, 5.50705133e+00, 9.95951904e+04, 6.76600000e+01
4.06813628e+02, 2.61046173e+00, 2.45210050e-03, 6.01081029e+00, 5.50212519e+00, 9.95931864e+04, 6.76600000e+01
4.08817636e+02, 2.61259064e+00, 2.44010973e-03, 6.01571228e+00, 5.49722319e+00, 9.95911824e+04, 6.76600000e+01
4.10821644e+02, 2.61470917e+00, 2.42823566e-03, 6.02059037e+00, 5.49234511e+00, 9.95891784e+04, 6.76600000e+01
4.12825652e+02, 2.61681741e+00, 2.41647659e-03, 6.02544477e+00, 5.48749071e+00, 9.95871743e+04, 6.76600000e+01
4.14829660e+02, 2.61891546e+00, 2.40483086e-03, 6.03027572e+00, 5.48265976e+00, 9.95851703e+04, 6.76600000e+01
4.16833668e+02, 2.62100343e+00, 2.39329685e-03, 6.03508344e+00, 5.47785204e+00, 9.95831663e+04, 6.76600000e+01
4.18837676e+02, 2.62308141e+00, 2.38187294e-03, 6.03986816e+00, 5.47306731e+00, 9.95811623e+04, 6.76600000e+01
4.20841684e+02, 2.62514949e+00, 2.37055758e-03, 6.04463010e+00, 5.46830538e+00, 9.95791583e+04, 6.76600000e+01
4.22845692e+02, 2.62720777e+00, 2.35934921e-03, 6.04936947e+00, 5.46356601e+00, 9.95771543e+04, 6.76600000e+01
4.24849700e+02, 2.62925635e+00, 2.34824634e-03, 6.05408648e+00, 5.45884900e+00, 9.95751503e+04, 6.76600000e+01
4.26853708e+02, 2.63129530e+00, 2.33724748e-03, 6.05878135e+00, 5.45415413e+00, 9.95731463e+04, 6.76600000e+01
4.28857716e+02, 2.63332473e+00, 2.32635117e-03, 6.06345428e+00, 5.44948120e+00, 9.95711423e+04, 6.76600000e+01
4.30861724e+02, 2.63534471e+00, 2.31555599e-03, 6.06810547e+00, 5.44483001e+00, 9.95691383e+04, 6.76600000e+01
4.32865732e+02, 2.63735535e+00, 2.30486053e-03, 6.07273513e+00, 5.44020035e+00, 9.95671343e+04, 6.76600000e+01
4.34869740e+02, 2.63935672e+00, 2.29426342e-03, 6.07734345e+00, 5.43559203e+00, 9.95651303e+04, 6.76600000e+01
4.36873748e+02, 2.64134891e+00, 2.28376331e-03, 6.08193064e+00, 5.43100484e+00, 9.95631263e+04, 6.76600000e+01
4.38877756e+02, 2.64333200e+00, 2.27335887e-03, 6.08649688e+00, 5.42643860e+00, 9.95611222e+04, 6.76600000e+01
4.40881764e+02, 2.64530608e+00, 2.26304881e-03, 6.09104236e+00, 5.42189312e+00, 9.95591182e+04, 6.76600000e+01
4.42885772e+02, 2.64727122e+00, 2.25283184e-03, 6.09556728e+00, 5.41736821e+00, 9.95571142e+04, 6.76600000e+01
4.44889780e+02, 2.64922752e+00, 2.24270671e-03, 6.10007181e+00, 5.41286367e+00, 9.95551102e+04, 6.76600000e+01
4.46893788e+02, 2.65117504e+00, 2.23267218e-03, 6.10455614e+00, 5.40837934e+00, 9.95531062e+04, 6.76600000e+01
4.48897796e+02, 2.65311387e+00, 2.22272705e-03, 6.10902046e+00, 5.40391503e+00, 9.95511022e+04, 6.76600000e+01
4.50901804e+02, 2.65504408e+00, 2.21287012e-03, 6.11346493e+00, 5.39947056e+00, 9.95490982e+04, 6.76600000e+01
4.52905812e+02, 2.65696574e+00, 2.20310023e-03, 6.11788973e+00, 5.39504575e+00, 9.95470942e+04, 6.76600000e+01
4.54909820e+02, 2.65887895e+00, 2.19341623e-03, 6.12229505e+00, 5.39064044e+00, 9.95450902e+04, 6.76600000e+01
4.56913828e+02, 2.66078376e+00, 2.18381699e-03, 6.12668104e+00, 5.38625445e+00, 9.95430862e+04, 6.76600000e+01
4.58917836e+02, 2.66268025e+00, 2.17430141e-03, 6.13104788e+00, 5.38188761e+00, 9.95410822e+04, 6.76600000e+01
4.60921844e+02, 2.66456850e+00, 2.16486839e-03, 6.13539573e+00, 5.37753976e+00, 9.95390782e+04, 6.76600000e+01
4.62925852e+02, 2.66644857e+00, 2.15551687e-03, 6.13972476e+00, 5.37321073e+00, 9.95370741e+04, 6.76600000e+01
4.64929860e+02, 2.66832054e+00, 2.14624579e-03, 6.14403513e+00, 5.36890036e+00, 9.95350701e+04, 6.76600000e+01
4.66933868e+02, 2.67018448e+00, 2.13705412e-03, 6.14832700e+00, 5.36460849e+00, 9.95330661e+04, 6.76600000e+01
4.68937876e+02, 2.67204045e+00, 2.12794084e-03, 6.15260053e+00, 5.36033496e+00, 9.95310621e+04, 6.76600000e+01
4.70941884e+02, 2.67388852e+00, 2.11890496e-03, 6.15685587e+00, 5.35607961e+00, 9.95290581e+04, 6.76600000e+01
4.72945892e+02, 2.67572876e+00, 2.10994549e-03, 6.16109319e+00, 5.35184230e+00, 9.95270541e+04, 6.76600000e+01
4.74949900e+02, 2.67756124e+00, 2.10106148e-03, 6.16531262e+00, 5.34762287e+00, 9.95250501e+04, 6.76600000e+01
4.76953908e+02, 2.67938602e+00, 2.09225196e-03, 6.16951433e+00, 5.34342116e+00, 9.95230461e+04, 6.76600000e+01
4.78957916e+02, 2.68120316e+00, 2.08351600e-03, 6.17369845e+00, 5.33923704e+00, 9.95210421e+04, 6.76600000e+01
4.80961924e+02, 2.68301273e+00, 2.07485270e-03, 6.17786514e+00, 5.33507035e+00, 9.95190381e+04, 6.76600000e+01
4.82965932e+02, 2.68481479e+00, 2.06626114e-03, 6.18201454e+00, 5.33092095e+00, 9.95170341e+04, 6.76600000e+01
4.84969940e+02, 2.68660941e+00, 2.05774044e-03, 6.18614680e+00, 5.32678869e+00, 9.95150301e+04, 6.76600000e+01
4.86973948e+02, 2.68839664e+00, 2.04928973e-03, 6.19026205e+00, 5.32267344e+00, 9.95130261e+04, 6.76600000e+01
4.88977956e+02, 2.69017654e+00, 2.04090814e-03, 6.19436043e+00, 5.31857506e+00, 9.95110220e+04, 6.76600000e+01
4.90981964e+02, 2.69194918e+00, 2.03259484e-03, 6.19844208e+00, 5.31449341e+00, 9.95090180e+04, 6.76600000e+01
4.92985972e+02, 2.69371462e+00, 2.02434898e-03, 6.20250715e+00, 5.31042834e+00, 9.95070140e+04, 6.76600000e+01
4.94989980e+02, 2.69547290e+00, 2.01616976e-03, 6.20655575e+00, 5.30637974e+00, 9.95050100e+04, 6.76600000e+01
4.96993988e+02, 2.69722410e+00, 2.00805637e-03, 6.21058803e+00, 5.30234746e+00, 9.95030060e+04, 6.76600000e+01
4.98997996e+02, 2.69896826e+00, 2.00000801e-03, 6.21460412e+00, 5.29833137e+00, 9.95010020e+04, 6.76600000e+01
5.01002005e+02, 2.70070545e+00, 1.99202392e-03, 6.21860414e+00, 5.29433135e+00, 9.94989980e+04, 6.76600000e+01
5.03006013e+02, 2.70243572e+00, 1.98410331e-03, 6.22258823e+00, 5.29034727e+00, 9.94969940e+04, 6.76600000e+01
5.05010021e+02, 2.70415912e+00, 1.97624545e-03, 6.22655650e+00, 5.28637899e+00, 9.94949900e+04, 6.76600000e+01
5.07014029e+02, 2.70587571e+00, 1.96844958e-03, 6.23050909e+00, 5.28242640e+00, 9.94929860e+04, 6.76600000e+01
5.09018037e+02, 2.70758554e+00, 1.96071497e-03, 6.23444612e+00, 5.27848937e+00, 9.94909820e+04, 6.76600000e+01
5.11022045e+02, 2.70928866e+00, 1.95304091e-03, 6.23836771e+00, 5.27456778e+00, 9.94889780e+04, 6.76600000e+01
5.13026053e+02, 2.71098513e+00, 1.94542669e-03, 6.24227398e+00, 5.27066151e+00, 9.94869739e+04, 6.76600000e+01
5.15030061e+02, 2.71267500e+00, 1.93787160e-03, 6.24616505e+00, 5.26677044e+00, 9.94849699e+04, 6.76600000e+01
5.17034069e+02, 2.71435832e+00, 1.93037497e-03, 6.25004104e+00, 5.26289446e+00, 9.94829659e+04, 6.76600000e+01
5.19038077e+02, 2.71603514e+00, 1.92293612e-03, 6.25390207e+00, 5.25903343e+00, 9.94809619e+04, 6.76600000e+01
5.21042085e+02, 2.71770552e+00, 1.91555438e-03, 6.25774824e+00, 5.25518726e+00, 9.94789579e+04, 6.76600000e+01
5.23046093e+02, 2.71936949e+00, 1.90822909e-03, 6.26157968e+00, 5.25135582e+00, 9.94769539e+04, 6.76600000e+01
5.25050101e+02, 2.72102711e+00, 1.90095962e-03, 6.26539649e+00, 5.24753901e+00, 9.94749499e+04, 6.76600000e+01
5.27054109e+02, 2.72267843e+00, 1.89374533e-03, 6.26919879e+00, 5.24373671e+00, 9.94729459e+04, 6.76600000e+01
5.29058117e+02, 2.72432349e+00, 1.88658558e-03, 6.27298669e+00, 5.23994881e+00, 9.94709419e+04, 6.76600000e+01
5.31062125e+02, 2.72596234e+00, 1.87947977e-03, 6.27676030e+00, 5.23617521e+00, 9.94689379e+04, 6.76600000e+01
5.33066133e+02, 2.72759504e+00, 1.87242729e-03, 6.28051971e+00, 5.23241579e+00, 9.94669339e+04, 6.76600000e+01
5.35070141e+02, 2.72922162e+00, 1.86542753e-03, 6.28426505e+00, 5.22867045e+00, 9.94649299e+04, 6.76600000e+01
5.37074149e+02, 2.73084213e+00, 1.85847992e-03, 6.28799641e+00, 5.22493909e+00, 9.94629259e+04, 6.76600000e+01
5.39078157e+02, 2.73245661e+00, 1.85158386e-03, 6.29171390e+00, 5.22122160e+00, 9.94609218e+04, 6.76600000e+01
5.41082165e+02, 2.73406512e+00, 1.84473880e-03, 6.29541763e+00, 5.21751788e+00, 9.94589178e+04, 6.76600000e+01
5.43086173e+02, 2.73566769e+00, 1.83794415e-03, 6.29910768e+00, 5.21382782e+00, 9.94569138e+04, 6.76600000e+01
5.45090181e+02, 2.73726437e+00, 1.83119938e-03, 6.30278417e+00, 5.21015134e+00, 9.94549098e+04, 6.76600000e+01
5.47094189e+02, 2.73885520e+00, 1.82450393e-03, 6.30644719e+00, 5.20648832e+00, 9.94529058e+04, 6.76600000e+01
5.49098197e+02, 2.74044022e+00, 1.81785726e-03, 6.31009684e+00, 5.20283866e+00, 9.94509018e+04, 6.76600000e+01
5.51102205e+02, 2.74201948e+00, 1.81125884e-03, 6.31373323e+00, 5.19920228e+00, 9.94488978e+04, 6.76600000e+01
5.53106213e+02, 2.74359302e+00, 1.80470815e-03, 6.31735643e+00, 5.19557908e+00, 9.94468938e+04, 6.76600000e+01
5.55110221e+02, 2.74516088e+00, 1.79820468e-03, 6.32096656e+00, 5.19196895e+00, 9.94448898e+04, 6.76600000e+01
5.57114229e+02, 2.74672309e+00, 1.79174790e-03, 6.32456370e+00, 5.18837181e+00, 9.94428858e+04, 6.76600000e+01
5.59118237e+02, 2.74827971e+00, 1.78533733e-03, 6.32814794e+00, 5.18478757e+00, 9.94408818e+04, 6.76600000e+01
5.61122245e+02, 2.74983077e+00, 1.77897247e-03, 6.33171939e+00, 5.18121612e+00, 9.94388778e+04, 6.76600000e+01
5.63126253e+02, 2.75137631e+00, 1.77265283e-03, 6.33527813e+00, 5.17765739e+00, 9.94368737e+04, 6.76600000e+01
5.65130261e+02, 2.75291637e+00, 1.76637793e-03, 6.33882424e+00, 5.17411127e+00, 9.94348697e+04, 6.76600000e+01
5.67134269e+02, 2.75445099e+00, 1.76014730e-03, 6.34235783e+00, 5.17057769e+00, 9.94328657e+04, 6.76600000e+01
5.69138277e+02, 2.75598020e+00, 1.75396047e-03, 6.34587897e+00, 5.16705654e+00, 9.94308617e+04, 6.76600000e+01
5.71142285e+02, 2.75750405e+00, 1.74781698e-03, 6.34938776e+00, 5.16354775e+00, 9.94288577e+04, 6.76600000e+01
5.73146293e+02, 2.75902257e+00, 1.74171637e-03, 6.35288428e+00, 5.16005124e+00, 9.94268537e+04, 6.76600000e+01
5.75150301e+02, 2.76053579e+00, 1.73565821e-03, 6.35636862e+00, 5.15656690e+00, 9.94248497e+04, 6.76600000e+01
5.77154309e+02, 2.76204377e+00, 1.72964204e-03, 6.35984085e+00, 5.15309466e+00, 9.94228457e+04, 6.76600000e+01
5.79158317e+02, 2.76354652e+00, 1.72366744e-03, 6.36330108e+00, 5.14963444e+00, 9.94208417e+04, 6.76600000e+01
5.81162325e+02, 2.76504410e+00, 1.71773397e-03, 6.36674937e+00, 5.14618615e+00, 9.94188377e+04, 6.76600000e+01
5.83166333e+02, 2.76653652e+00, 1.71184121e-03, 6.37018581e+00, 5.14274971e+00, 9.94168337e+04, 6.76600000e+01
5.85170341e+02, 2.76802384e+00, 1.70598874e-03, 6.37361049e+00, 5.13932503e+00, 9.94148297e+04, 6.76600000e+01
5.87174349e+02, 2.76950608e+00, 1.70017615e-03, 6.37702347e+00, 5.13591205e+00, 9.94128257e+04, 6.76600000e+01
5.89178357e+02, 2.77098328e+00, 1.69440304e-03, 6.38042485e+00, 5.13251067e+00, 9.94108216e+04, 6.76600000e+01
5.91182365e+02, 2.77245547e+00, 1.68866900e-03, 6.38381469e+00, 5.12912083e+00, 9.94088176e+04, 6.76600000e+01
5.93186373e+02, 2.77392269e+00, 1.68297363e-03, 6.38719309e+00, 5.12574244e+00, 9.94068136e+04, 6.76600000e+01
5.95190381e+02, 2.77538496e+00, 1.67731656e-03, 6.39056011e+00, 5.12237542e+00, 9.94048096e+04, 6.76600000e+01
5.97194389e+02, 2.77684234e+00, 1.67169739e-03, 6.39391583e+00, 5.11901970e+00, 9.94028056e+04, 6.76600000e+01
5.99198397e+02, 2.77829483e+00, 1.66611575e-03, 6.39726032e+00, 5.11567520e+00, 9.94008016e+04, 6.76600000e+01
6.01202405e+02, 2.77974249e+00, 1.66057125e-03, 6.40059367e+00, 5.11234185e+00, 9.93987976e+04, 6.76600000e+01
6.03206413e+02, 2.78118533e+00, 1.65506353e-03, 6.40391594e+00, 5.10901958e+00, 9.93967936e+04, 6.76600000e+01
6.05210421e+02, 2.78262340e+00, 1.64959223e-03, 6.40722722e+00, 5.10570831e+00, 9.93947896e+04, 6.76600000e+01
6.07214429e+02, 2.78405672e+00, 1.64415698e-03, 6.41052756e+00, 5.10240797e+00, 9.93927856e+04, 6.76600000e+01
6.09218437e+02, 2.78548533e+00, 1.63875743e-03, 6.41381705e+00, 5.09911848e+00, 9.93907816e+04, 6.76600000e+01
6.11222445e+02, 2.78690925e+00, 1.63339323e-03, 6.41709575e+00, 5.09583978e+00, 9.93887776e+04, 6.76600000e+01
6.13226453e+02, 2.78832852e+00, 1.62806404e-03, 6.42036374e+00, 5.09257179e+00, 9.93867735e+04, 6.76600000e+01
6.15230461e+02, 2.78974316e+00, 1.62276950e-03, 6.42362109e+00, 5.08931445e+00, 9.93847695e+04, 6.76600000e+01
6.17234469e+02, 2.79115322e+00, 1.61750929e-03, 6.42686785e+00, 5.08606768e+00, 9.93827655e+04, 6.76600000e+01
6.19238477e+02, 2.79255870e+00, 1.61228308e-03, 6.43010411e+00, 5.08283142e+00, 9.93807615e+04, 6.76600000e+01
6.21242485e+02, 2.79395966e+00, 1.60709052e-03, 6.43332993e+00, 5.07960560e+00, 9.93787575e+04, 6.76600000e+01
6.23246493e+02, 2.79535611e+00, 1.60193131e-03, 6.43654538e+00, 5.07639015e+00, 9.93767535e+04, 6.76600000e+01
6.25250501e+02, 2.79674809e+00, 1.59680511e-03, 6.43975052e+00, 5.07318501e+00, 9.93747495e+04, 6.76600000e+01
6.27254509e+02, 2.79813561e+00, 1.59171162e-03, 6.44294543e+00, 5.06999011e+00, 9.93727455e+04, 6.76600000e+01
6.29258517e+02, 2.79951872e+00, 1.58665051e-03, 6.44613015e+00, 5.06680538e+00, 9.93707415e+04, 6.76600000e+01
6.31262525e+02, 2.80089744e+00, 1.58162149e-03, 6.44930477e+00, 5.06363077e+00, 9.93687375e+04, 6.76600000e+01
6.33266533e+02, 2.80227180e+00, 1.57662425e-03, 6.45246934e+00, 5.06046620e+00, 9.93667335e+04, 6.76600000e+01
6.35270541e+02, 2.80364182e+00, 1.57165849e-03, 6.45562393e+00, 5.05731161e+00, 9.93647295e+04, 6.76600000e+01
6.37274549e+02, 2.80500753e+00, 1.56672391e-03, 6.45876860e+00, 5.05416695e+00, 9.93627255e+04, 6.76600000e+01
6.39278557e+02, 2.80636896e+00, 1.56182022e-03, 6.46190340e+00, 5.05103214e+00, 9.93607214e+04, 6.76600000e+01
6.41282565e+02, 2.80772613e+00, 1.55694713e-03, 6.46502842e+00, 5.04790712e+00, 9.93587174e+04, 6.76600000e+01
6.43286574e+02, 2.80907908e+00, 1.55210436e-03, 6.46814370e+00, 5.04479185e+00, 9.93567134e+04, 6.76600000e+01
6.45290582e+02, 2.81042783e+00, 1.54729162e-03, 6.47124930e+00, 5.04168625e+00, 9.93547094e+04, 6.76600000e+01
6.47294590e+02, 2.81177240e+00, 1.54250863e-03, 6.47434529e+00, 5.03859026e+00, 9.93527054e+04, 6.76600000e+01
6.49298598e+02, 2.81311282e+00, 1.53775512e-03, 6.47743172e+00, 5.03550383e+00, 9.93507014e+04, 6.76600000e+01
6.51302606e+02, 2.81444911e+00, 1.53303082e-03, 6.48050866e+00, 5.03242689e+00, 9.93486974e+04, 6.76600000e+01
6.53306614e+02, 2.81578131e+00, 1.52833546e-03, 6.48357615e+00, 5.02935940e+00, 9.93466934e+04, 6.76600000e+01
6.55310622e+02, 2.81710943e+00, 1.52366877e-03, 6.48663427e+00, 5.02630128e+00, 9.93446894e+04, 6.76600000e+01
6.57314630e+02, 2.81843351e+00, 1.51903050e-03, 6.48968306e+00, 5.02325249e+00, 9.93426854e+04, 6.76600000e+01
6.59318638e+02, 2.81975356e+00, 1.51442038e-03, 6.49272259e+00, 5.02021296e+00, 9.93406814e+04, 6.76600000e+01
6.61322646e+02, 2.82106960e+00, 1.50983815e-03, 6.49575291e+00, 5.01718265e+00, 9.93386774e+04, 6.76600000e+01
6.63326654e+02, 2.82238168e+00, 1.50528357e-03, 6.49877407e+00, 5.01416149e+00, 9.93366733e+04, 6.76600000e+01
6.65330662e+02, 2.82368980e+00, 1.50075639e-03, 6.50178613e+00, 5.01114943e+00, 9.93346693e+04, 6.76600000e+01
6.67334670e+02, 2.82499399e+00, 1.49625636e-03, 6.50478914e+00, 5.00814641e+00, 9.93326653e+04, 6.76600000e+01
6.69338678e+02, 2.82629428e+00, 1.49178323e-03, 6.50778317e+00, 5.00515239e+00, 9.93306613e+04, 6.76600000e+01
6.71342686e+02, 2.82759068e+00, 1.48733677e-03, 6.51076825e+00, 5.00216731e+00, 9.93286573e+04, 6.76600000e+01
6.73346694e+02, 2.82888323e+00, 1.48291674e-03, 6.51374446e+00, 4.99919110e+00, 9.93266533e+04, 6.76600000e+01
6.75350702e+02, 2.83017194e+00, 1.47852290e-03, 6.51671183e+00, 4.99622373e+00, 9.93246493e+04, 6.76600000e+01
6.77354710e+02, 2.83145684e+00, 1.47415502e-03, 6.51967042e+00, 4.99326514e+00, 9.93226453e+04, 6.76600000e+01
6.79358718e+02, 2.83273795e+00, 1.46981287e-03, 6.52262028e+00, 4.99031528e+00, 9.93206413e+04, 6.76600000e+01
6.81362726e+02, 2.83401530e+00, 1.46549623e-03, 6.52556147e+00, 4.98737409e+00, 9.93186373e+04, 6.76600000e+01
6.83366734e+02, 2.83528889e+00, 1.46120486e-03, 6.52849403e+00, 4.98444153e+00, 9.93166333e+04, 6.76600000e+01
6.85370742e+02, 2.83655876e+00, 1.45693856e-03, 6.53141802e+00, 4.98151754e+00, 9.93146293e+04, 6.76600000e+01
6.87374750e+02, 2.83782493e+00, 1.45269710e-03, 6.53433349e+00, 4.97860208e+00, 9.93126253e+04, 6.76600000e+01
6.89378758e+02, 2.83908742e+00, 1.44848026e-03, 6.53724048e+00, 4.97569509e+00, 9.93106212e+04, 6.76600000e+01
6.91382766e+02, 2.84034625e+00, 1.44428783e-03, 6.54013904e+00, 4.97279653e+00, 9.93086172e+04, 6.76600000e+01
6.93386774e+02, 2.84160144e+00, 1.44011960e-03, 6.54302922e+00, 4.96990635e+00, 9.93066132e+04, 6.76600000e+01
6.95390782e+02, 2.84285301e+00, 1.43597535e-03, 6.54591108e+00, 4.96702449e+00, 9.93046092e+04, 6.76600000e+01
6.97394790e+02, 2.84410099e+00, 1.43185490e-03, 6.54878465e+00, 4.96415092e+00, 9.93026052e+04, 6.76600000e+01
6.99398798e+02, 2.84534539e+00, 1.42775802e-03, 6.55164999e+00, 4.96128558e+00, 9.93006012e+04, 6.76600000e+01
7.01402806e+02, 2.84658624e+00, 1.42368452e-03, 6.55450715e+00, 4.95842843e+00, 9.92985972e+04, 6.76600000e+01
7.03406814e+02, 2.84782355e+00, 1.41963419e-03, 6.55735616e+00, 4.95557941e+00, 9.92965932e+04, 6.76600000e+01
7.05410822e+02, 2.84905734e+00, 1.41560685e-03, 6.56019708e+00, 4.95273850e+00, 9.92945892e+04, 6.76600000e+01
7.07414830e+02, 2.85028764e+00, 1.41160230e-03, 6.56302996e+00, 4.94990562e+00, 9.92925852e+04, 6.76600000e+01
7.09418838e+02, 2.85151447e+00, 1.40762033e-03, 6.56585483e+00, 4.94708076e+00, 9.92905812e+04, 6.76600000e+01
7.11422846e+02, 2.85273784e+00, 1.40366077e-03, 6.56867174e+00, 4.94426384e+00, 9.92885772e+04, 6.76600000e+01
7.13426854e+02, 2.85395777e+00, 1.39972342e-03, 6.57148074e+00, 4.94145485e+00, 9.92865731e+04, 6.76600000e+01
7.15430862e+02, 2.85517429e+00, 1.39580810e-03, 6.57428187e+00, 4.93865372e+00, 9.92845691e+04, 6.76600000e+01
7.17434870e+02, 2.85638740e+00, 1.39191462e-03, 6.57707518e+00, 4.93586041e+00, 9.92825651e+04, 6.76600000e+01
7.19438878e+02, 2.85759714e+00, 1.38804280e-03, 6.57986070e+00, 4.93307489e+00, 9.92805611e+04, 6.76600000e+01
7.21442886e+02, 2.85880352e+00, 1.38419247e-03, 6.58263849e+00, 4.93029710e+00, 9.92785571e+04, 6.76600000e+01
7.23446894e+02, 2.86000655e+00, 1.38036343e-03, 6.58540859e+00, 4.92752701e+00, 9.92765531e+04, 6.76600000e+01
7.25450902e+02, 2.86120627e+00, 1.37655552e-03, 6.58817103e+00, 4.92476457e+00, 9.92745491e+04, 6.76600000e+01
7.27454910e+02, 2.86240267e+00, 1.37276856e-03, 6.59092586e+00, 4.92200974e+00, 9.92725451e+04, 6.76600000e+01
7.29458918e+02, 2.86359580e+00, 1.36900238e-03, 6.59367312e+00, 4.91926247e+00, 9.92705411e+04, 6.76600000e+01
7.31462926e+02, 2.86478565e+00, 1.36525681e-03, 6.59641286e+00, 4.91652274e+00, 9.92685371e+04, 6.76600000e+01
7.33466934e+02, 2.86597225e+00, 1.36153168e-03, 6.59914511e+00, 4.91379049e+00, 9.92665331e+04, 6.76600000e+01
7.35470942e+02, 2.86715562e+00, 1.35782682e-03, 6.60186992e+00, 4.91106568e+00, 9.92645291e+04, 6.76600000e+01
7.37474950e+02, 2.86833577e+00, 1.35414207e-03, 6.60458732e+00, 4.90834828e+00, 9.92625250e+04, 6.76600000e+01
7.39478958e+02, 2.86951272e+00, 1.35047727e-03, 6.60729736e+00, 4.90563825e+00, 9.92605210e+04, 6.76600000e+01
7.41482966e+02, 2.87068649e+00, 1.34683224e-03, 6.61000007e+00, 4.90293554e+00, 9.92585170e+04, 6.76600000e+01
7.43486974e+02, 2.87185710e+00, 1.34320685e-03, 6.61269550e+00, 4.90024011e+00, 9.92565130e+04, 6.76600000e+01
7.45490982e+02, 2.87302457e+00, 1.33960091e-03, 6.61538368e+00, 4.89755193e+00, 9.92545090e+04, 6.76600000e+01
7.47494990e+02, 2.87418890e+00, 1.33601429e-03, 6.61806465e+00, 4.89487095e+00, 9.92525050e+04, 6.76600000e+01
7.49498998e+02, 2.87535012e+00, 1.33244682e-03, 6.62073846e+00, 4.89219715e+00, 9.92505010e+04, 6.76600000e+01
7.51503006e+02, 2.87650824e+00, 1.32889835e-03, 6.62340514e+00, 4.88953047e+00, 9.92484970e+04, 6.76600000e+01
7.53507014e+02, 2.87766328e+00, 1.32536873e-03, 6.62606472e+00, 4.88687089e+00, 9.92464930e+04, 6.76600000e+01
7.55511022e+02, 2.87881526e+00, 1.32185781e-03, 6.62871725e+00, 4.88421836e+00, 9.92444890e+04, 6.76600000e+01
7.57515030e+02, 2.87996419e+00, 1.31836544e-03, 6.63136277e+00, 4.88157285e+00, 9.92424850e+04, 6.76600000e+01
7.59519038e+02, 2.88111009e+00, 1.31489147e-03, 6.63400130e+00, 4.87893432e+00, 9.92404810e+04, 6.76600000e+01
7.61523046e+02, 2.88225297e+00, 1.31143577e-03, 6.63663289e+00, 4.87630273e+00, 9.92384770e+04, 6.76600000e+01
7.63527054e+02, 2.88339286e+00, 1.30799819e-03, 6.63925757e+00, 4.87367805e+00, 9.92364729e+04, 6.76600000e+01
7.65531062e+02, 2.88452976e+00, 1.30457857e-03, 6.64187538e+00, 4.87106024e+00, 9.92344689e+04, 6.76600000e+01
7.67535070e+02, 2.88566369e+00, 1.30117680e-03, 6.64448636e+00, 4.86844927e+00, 9.92324649e+04, 6.76600000e+01
7.69539078e+02, 2.88679467e+00, 1.29779271e-03, 6.64709053e+00, 4.86584509e+00, 9.92304609e+04, 6.76600000e+01
7.71543086e+02, 2.88792271e+00, 1.29442618e-03, 6.64968795e+00, 4.86324768e+00, 9.92284569e+04, 6.76600000e+01
7.73547094e+02, 2.88904783e+00, 1.29107708e-03, 6.65227863e+00, 4.86065700e+00, 9.92264529e+04, 6.76600000e+01
7.75551102e+02, 2.89017004e+00, 1.28774526e-03, 6.65486262e+00, 4.85807301e+00, 9.92244489e+04, 6.76600000e+01
7.77555110e+02, 2.89128936e+00, 1.28443059e-03, 6.65743995e+00, 4.85549569e+00, 9.92224449e+04, 6.76600000e+01
7.79559118e+02, 2.89240580e+00, 1.28113294e-03, 6.66001065e+00, 4.85292498e+00, 9.92204409e+04, 6.76600000e+01
7.81563126e+02, 2.89351938e+00, 1.27785218e-03, 6.66257476e+00, 4.85036087e+00, 9.92184369e+04, 6.76600000e+01
7.83567134e+02, 2.89463011e+00, 1.27458819e-03, 6.66513232e+00, 4.84780332e+00, 9.92164329e+04, 6.76600000e+01
7.85571142e+02, 2.89573801e+00, 1.27134082e-03, 6.66768335e+00, 4.84525229e+00, 9.92144289e+04, 6.76600000e+01
7.87575151e+02, 2.89684309e+00, 1.26810996e-03, 6.67022789e+00, 4.84270775e+00, 9.92124248e+04, 6.76600000e+01
7.89579159e+02, 2.89794536e+00, 1.26489547e-03, 6.67276597e+00, 4.84016968e+00, 9.92104208e+04, 6.76600000e+01
7.91583167e+02, 2.89904484e+00, 1.26169725e-03, 6.67529762e+00, 4.83763802e+00, 9.92084168e+04, 6.76600000e+01
7.93587175e+02, 2.90014155e+00, 1.25851515e-03, 6.67782288e+00, 4.83511276e+00, 9.92064128e+04, 6.76600000e+01
7.95591183e+02, 2.90123549e+00, 1.25534907e-03, 6.68034179e+00, 4.83259386e+00, 9.92044088e+04, 6.76600000e+01
7.97595191e+02, 2.90232669e+00, 1.25219888e-03, 6.68285436e+00, 4.83008129e+00, 9.92024048e+04, 6.76600000e+01
7.99599199e+02, 2.90341515e+00, 1.24906445e-03, 6.68536063e+00, 4.82757502e+00, 9.92004008e+04, 6.76600000e+01
8.01603207e+02, 2.90450089e+00, 1.24594568e-03, 6.68786064e+00, 4.82507501e+00, 9.91983968e+04, 6.76600000e+01
8.03607215e+02, 2.90558392e+00, 1.24284245e-03, 6.69035442e+00, 4.82258124e+00, 9.91963928e+04, 6.76600000e+01
8.05611223e+02, 2.90666426e+00, 1.23975463e-03, 6.69284199e+00, 4.82009367e+00, 9.91943888e+04, 6.76600000e+01
8.07615231e+02, 2.90774192e+00, 1.23668212e-03, 6.69532339e+00, 4.81761227e+00, 9.91923848e+04, 6.76600000e+01
8.09619239e+02, 2.90881691e+00, 1.23362480e-03, 6.69779865e+00, 4.81513702e+00, 9.91903808e+04, 6.76600000e+01
8.11623247e+02, 2.90988924e+00, 1.23058257e-03, 6.70026779e+00, 4.81266787e+00, 9.91883768e+04, 6.76600000e+01
8.13627255e+02, 2.91095894e+00, 1.22755530e-03, 6.70273085e+00, 4.81020481e+00, 9.91863727e+04, 6.76600000e+01
8.15631263e+02, 2.91202600e+00, 1.22454288e-03, 6.70518787e+00, 4.80774780e+00, 9.91843687e+04, 6.76600000e+01
8.17635271e+02, 2.91309045e+00, 1.22154522e-03, 6.70763886e+00, 4.80529682e+00, 9.91823647e+04, 6.76600000e+01
8.19639279e+02, 2.91415230e+00, 1.21856219e-03, 6.71008385e+00, 4.80285182e+00, 9.91803607e+04, 6.76600000e+01
8.21643287e+02, 2.91521156e+00, 1.21559370e-03, 6.71252289e+00, 4.80041279e+00, 9.91783567e+04, 6.76600000e+01
8.23647295e+02, 2.91626824e+00, 1.21263964e-03, 6.71495599e+00, 4.79797969e+00, 9.91763527e+04, 6.76600000e+01
8.25651303e+02, 2.91732235e+00, 1.20969990e-03, 6.71738318e+00, 4.79555250e+00, 9.91743487e+04, 6.76600000e+01
8.27655311e+02, 2.91837392e+00, 1.20677438e-03, 6.71980450e+00, 4.79313119e+00, 9.91723447e+04, 6.76600000e+01
8.29659319e+02, 2.91942294e+00, 1.20386298e-03, 6.72221996e+00, 4.79071572e+00, 9.91703407e+04, 6.76600000e+01
8.31663327e+02, 2.92046944e+00, 1.20096559e-03, 6.72462961e+00, 4.78830607e+00, 9.91683367e+04, 6.76600000e+01
8.33667335e+02, 2.92151342e+00, 1.19808211e-03, 6.72703347e+00, 4.78590222e+00, 9.91663327e+04, 6.76600000e+01
8.35671343e+02, 2.92255489e+00, 1.19521244e-03, 6.72943156e+00, 4.78350413e+00, 9.91643287e+04, 6.76600000e+01
8.37675351e+02, 2.92359388e+00, 1.19235649e-03, 6.73182391e+00, 4.78111178e+00, 9.91623246e+04, 6.76600000e+01
8.39679359e+02, 2.92463038e+00, 1.18951416e-03, 6.73421055e+00, 4.77872514e+00, 9.91603206e+04, 6.76600000e+01
8.41683367e+02, 2.92566442e+00, 1.18668534e-03, 6.73659152e+00, 4.77634418e+00, 9.91583166e+04, 6.76600000e+01
8.43687375e+02, 2.92669600e+00, 1.18386995e-03, 6.73896682e+00, 4.77396888e+00, 9.91563126e+04, 6.76600000e+01
8.45691383e+02, 2.92772514e+00, 1.18106788e-03, 6.74133650e+00, 4.77159920e+00, 9.91543086e+04, 6.76600000e+01
8.47695391e+02, 2.92875184e+00, 1.17827905e-03, 6.74370057e+00, 4.76923513e+00, 9.91523046e+04, 6.76600000e+01
8.49699399e+02, 2.92977613e+00, 1.17550336e-03, 6.74605907e+00, 4.76687663e+00, 9.91503006e+04, 6.76600000e+01
8.51703407e+02, 2.93079800e+00, 1.17274071e-03, 6.74841202e+00, 4.76452368e+00, 9.91482966e+04, 6.76600000e+01
8.53707415e+02, 2.93181747e+00, 1.16999102e-03, 6.75075945e+00, 4.76217626e+00, 9.91462926e+04, 6.76600000e+01
8.55711423e+02, 2.93283456e+00, 1.16725419e-03, 6.75310138e+00, 4.75983433e+00, 9.91442886e+04, 6.76600000e+01
8.57715431e+02, 2.93384927e+00, 1.16453014e-03, 6.75543784e+00, 4.75749788e+00, 9.91422846e+04, 6.76600000e+01
8.59719439e+02, 2.93486161e+00, 1.16181877e-03, 6.75776885e+00, 4.75516687e+00, 9.91402806e+04, 6.76600000e+01
8.61723447e+02, 2.93587160e+00, 1.15912000e-03, 6.76009444e+00, 4.75284128e+00, 9.91382766e+04, 6.76600000e+01
8.63727455e+02, 2.93687925e+00, 1.15643373e-03, 6.76241463e+00, 4.75052109e+00, 9.91362725e+04, 6.76600000e+01
8.65731463e+02, 2.93788456e+00, 1.15375989e-03, 6.76472946e+00, 4.74820627e+00, 9.91342685e+04, 6.76600000e+01
8.67735471e+02, 2.93888755e+00, 1.15109839e-03, 6.76703893e+00, 4.74589679e+00, 9.91322645e+04, 6.76600000e+01
8.69739479e+02, 2.93988824e+00, 1.14844913e-03, 6.76934309e+00, 4.74359264e+00, 9.91302605e+04, 6.76600000e+01
8.71743487e+02, 2.94088662e+00, 1.14581205e-03, 6.77164195e+00, 4.74129378e+00, 9.91282565e+04, 6.76600000e+01
8.73747495e+02, 2.94188271e+00, 1.14318704e-03, 6.77393554e+00, 4.73900020e+00, 9.91262525e+04, 6.76600000e+01
8.75751503e+02, 2.94287652e+00, 1.14057404e-03, 6.77622387e+00, 4.73671186e+00, 9.91242485e+04, 6.76600000e+01
8.77755511e+02, 2.94386806e+00, 1.13797295e-03, 6.77850699e+00, 4.73442875e+00, 9.91222445e+04, 6.76600000e+01
8.79759519e+02, 2.94485735e+00, 1.13538370e-03, 6.78078490e+00, 4.73215084e+00, 9.91202405e+04, 6.76600000e+01
8.81763527e+02, 2.94584438e+00, 1.13280620e-03, 6.78305764e+00, 4.72987811e+00, 9.91182365e+04, 6.76600000e+01
8.83767535e+02, 2.94682918e+00, 1.13024039e-03, 6.78532522e+00, 4.72761053e+00, 9.91162325e+04, 6.76600000e+01
8.85771543e+02, 2.94781175e+00, 1.12768616e-03, 6.78758767e+00, 4.72534808e+00, 9.91142285e+04, 6.76600000e+01
8.87775551e+02, 2.94879210e+00, 1.12514346e-03, 6.78984502e+00, 4.72309073e+00, 9.91122244e+04, 6.76600000e+01
8.89779559e+02, 2.94977024e+00, 1.12261220e-03, 6.79209728e+00, 4.72083848e+00, 9.91102204e+04, 6.76600000e+01
8.91783567e+02, 2.95074619e+00, 1.12009230e-03, 6.79434448e+00, 4.71859128e+00, 9.91082164e+04, 6.76600000e+01
8.93787575e+02, 2.95171994e+00, 1.11758369e-03, 6.79658664e+00, 4.71634912e+00, 9.91062124e+04, 6.76600000e+01
8.95791583e+02, 2.95269152e+00, 1.11508629e-03, 6.79882378e+00, 4.71411198e+00, 9.91042084e+04, 6.76600000e+01
8.97795591e+02, 2.95366093e+00, 1.11260003e-03, 6.80105593e+00, 4.71187983e+00, 9.91022044e+04, 6.76600000e+01
8.99799599e+02, 2.95462818e+00, 1.11012483e-03, 6.80328311e+00, 4.70965265e+00, 9.91002004e+04, 6.76600000e+01
9.01803607e+02, 2.95559329e+00, 1.10766062e-03, 6.80550534e+00, 4.70743042e+00, 9.90981964e+04, 6.76600000e+01
9.03807615e+02, 2.95655625e+00, 1.10520732e-03, 6.80772265e+00, 4.70521312e+00, 9.90961924e+04, 6.76600000e+01
9.05811623e+02, 2.95751708e+00, 1.10276487e-03, 6.80993505e+00, 4.70300073e+00, 9.90941884e+04, 6.76600000e+01
9.07815631e+02, 2.95847579e+00, 1.10033319e-03, 6.81214256e+00, 4.70079322e+00, 9.90921844e+04, 6.76600000e+01
9.09819639e+02, 2.95943239e+00, 1.09791221e-03, 6.81434521e+00, 4.69859057e+00, 9.90901804e+04, 6.76600000e+01
9.11823647e+02, 2.96038688e+00, 1.09550186e-03, 6.81654302e+00, 4.69639276e+00, 9.90881764e+04, 6.76600000e+01
9.13827655e+02, 2.96133928e+00, 1.09310207e-03, 6.81873601e+00, 4.69419977e+00, 9.90861723e+04, 6.76600000e+01
9.15831663e+02, 2.96228960e+00, 1.09071277e-03, 6.82092421e+00, 4.69201158e+00, 9.90841683e+04, 6.76600000e+01
9.17835671e+02, 2.96323785e+00, 1.08833389e-03, 6.82310762e+00, 4.68982817e+00, 9.90821643e+04, 6.76600000e+01
9.19839679e+02, 2.96418402e+00, 1.08596537e-03, 6.82528628e+00, 4.68764952e+00, 9.90801603e+04, 6.76600000e+01
9.21843687e+02, 2.96512815e+00, 1.08360713e-03, 6.82746020e+00, 4.68547560e+00, 9.90781563e+04, 6.76600000e+01
9.23847695e+02, 2.96607022e+00, 1.08125911e-03, 6.82962940e+00, 4.68330639e+00, 9.90761523e+04, 6.76600000e+01
9.25851703e+02, 2.96701025e+00, 1.07892125e-03, 6.83179392e+00, 4.68114189e+00, 9.90741483e+04, 6.76600000e+01
9.27855711e+02, 2.96794826e+00, 1.07659348e-03, 6.83395375e+00, 4.67898205e+00, 9.90721443e+04, 6.76600000e+01
9.29859720e+02, 2.96888424e+00, 1.07427572e-03, 6.83610893e+00, 4.67682688e+00, 9.90701403e+04, 6.76600000e+01
9.31863728e+02, 2.96981821e+00, 1.07196793e-03, 6.83825948e+00, 4.67467633e+00, 9.90681363e+04, 6.76600000e+01
9.33867736e+02, 2.97075017e+00, 1.06967003e-03, 6.84040541e+00, 4.67253040e+00, 9.90661323e+04, 6.76600000e+01
9.35871744e+02, 2.97168014e+00, 1.06738196e-03, 6.84254675e+00, 4.67038907e+00, 9.90641283e+04, 6.76600000e+01
9.37875752e+02, 2.97260812e+00, 1.06510366e-03, 6.84468351e+00, 4.66825231e+00, 9.90621242e+04, 6.76600000e+01
9.39879760e+02, 2.97353413e+00, 1.06283506e-03, 6.84681571e+00, 4.66612011e+00, 9.90601202e+04, 6.76600000e+01
9.41883768e+02, 2.97445816e+00, 1.06057611e-03, 6.84894338e+00, 4.66399245e+00, 9.90581162e+04, 6.76600000e+01
9.43887776e+02, 2.97538023e+00, 1.05832674e-03, 6.85106653e+00, 4.66186930e+00, 9.90561122e+04, 6.76600000e+01
9.45891784e+02, 2.97630035e+00, 1.05608689e-03, 6.85318518e+00, 4.65975065e+00, 9.90541082e+04, 6.76600000e+01
9.47895792e+02, 2.97721852e+00, 1.05385650e-03, 6.85529935e+00, 4.65763648e+00, 9.90521042e+04, 6.76600000e+01
9.49899800e+02, 2.97813476e+00, 1.05163551e-03, 6.85740907e+00, 4.65552677e+00, 9.90501002e+04, 6.76600000e+01
9.51903808e+02, 2.97904906e+00, 1.04942387e-03, 6.85951434e+00, 4.65342150e+00, 9.90480962e+04, 6.76600000e+01
9.53907816e+02, 2.97996145e+00, 1.04722151e-03, 6.86161519e+00, 4.65132066e+00, 9.90460922e+04, 6.76600000e+01
9.55911824e+02, 2.98087192e+00, 1.04502837e-03, 6.86371163e+00, 4.64922422e+00, 9.90440882e+04, 6.76600000e+01
9.57915832e+02, 2.98178049e+00, 1.04284439e-03, 6.86580369e+00, 4.64713216e+00, 9.90420842e+04, 6.76600000e+01
9.59919840e+02, 2.98268716e+00, 1.04066953e-03, 6.86789138e+00, 4.64504447e+00, 9.90400802e+04, 6.76600000e+01
9.61923848e+02, 2.98359194e+00, 1.03850372e-03, 6.86997472e+00, 4.64296113e+00, 9.90380762e+04, 6.76600000e+01
9.63927856e+02, 2.98449484e+00, 1.03634691e-03, 6.87205373e+00, 4.64088213e+00, 9.90360721e+04, 6.76600000e+01
9.65931864e+02, 2.98539587e+00, 1.03419903e-03, 6.87412843e+00, 4.63880743e+00, 9.90340681e+04, 6.76600000e+01
9.67935872e+02, 2.98629503e+00, 1.03206005e-03, 6.87619883e+00, 4.63673704e+00, 9.90320641e+04, 6.76600000e+01
9.69939880e+02, 2.98719234e+00, 1.02992989e-03, 6.87826496e+00, 4.63467091e+00, 9.90300601e+04, 6.76600000e+01
9.71943888e+02, 2.98808779e+00, 1.02780850e-03, 6.88032682e+00, 4.63260905e+00, 9.90280561e+04, 6.76600000e+01
9.73947896e+02, 2.98898141e+00, 1.02569584e-03, 6.88238444e+00, 4.63055144e+00, 9.90260521e+04, 6.76600000e+01
9.75951904e+02, 2.98987318e+00, 1.02359184e-03, 6.88443784e+00, 4.62849804e+00, 9.90240481e+04, 6.76600000e+01
9.77955912e+02, 2.99076313e+00, 1.02149646e-03, 6.88648703e+00, 4.62644886e+00, 9.90220441e+04, 6.76600000e+01
9.79959920e+02, 2.99165126e+00, 1.01940964e-03, 6.88853203e+00, 4.62440386e+00, 9.90200401e+04, 6.76600000e+01
9.81963928e+02, 2.99253758e+00, 1.01733133e-03, 6.89057285e+00, 4.62236304e+00, 9.90180361e+04, 6.76600000e+01
9.83967936e+02, 2.99342209e+00, 1.01526148e-03, 6.89260952e+00, 4.62032638e+00, 9.90160321e+04, 6.76600000e+01
9.85971944e+02, 2.99430481e+00, 1.01320003e-03, 6.89464205e+00, 4.61829385e+00, 9.90140281e+04, 6.76600000e+01
9.87975952e+02, 2.99518573e+00, 1.01114693e-03, 6.89667045e+00, 4.61626545e+00, 9.90120240e+04, 6.76600000e+01
9.89979960e+02, 2.99606487e+00, 1.00910214e-03, 6.89869475e+00, 4.61424115e+00, 9.90100200e+04, 6.76600000e+01
9.91983968e+02, 2.99694224e+00, 1.00706560e-03, 6.90071496e+00, 4.61222095e+00, 9.90080160e+04, 6.76600000e+01
9.93987976e+02, 2.99781783e+00, 1.00503727e-03, 6.90273110e+00, 4.61020481e+00, 9.90060120e+04, 6.76600000e+01
9.95991984e+02, 2.99869167e+00, 1.00301709e-03, 6.90474318e+00, 4.60819274e+00, 9.90040080e+04, 6.76600000e+01
9.97995992e+02, 2.99956375e+00, 1.00100502e-03, 6.90675122e+00, 4.60618470e+00, 9.90020040e+04, 6.76600000e+01
1.00000000e+03, 3.00043408e+00, 9.99000999e-04, 6.90875524e+00, 4.60418069e+00, 9.90000000e+04, 6.76600000e+01
