z, log10(1+z), a, H0*t_look, H0*t_age, H0*t_conf, H(z) 
1.00000000e-06, 4.34294265e-07, 9.99999000e-01, 9.99999275e-07, 9.78862722e-01, 3.32530333e+00, 6.76600304e+01
2.00400901e+00, 4.77701232e-01, 3.32888482e-01, 7.46476704e-01, 2.32387018e-01, 2.09016038e+00, 1.97240460e+02
4.00801703e+00, 6.99665797e-01, 1.99679832e-01, 8.70336746e-01, 1.08526976e-01, 1.61966701e+00, 4.16469946e+02
6.01202504e+00, 8.45843458e-01, 1.42612155e-01, 9.13323356e-01, 6.55403654e-02, 1.36730603e+00, 6.88563536e+02
8.01603306e+00, 9.55015495e-01, 1.10913524e-01, 9.33906477e-01, 4.49572449e-02, 1.20450368e+00, 1.00348930e+03
1.00200411e+01, 1.04218321e+00, 9.07437634e-02, 9.45592981e-01, 3.32707409e-02, 1.08840477e+00, 1.35583836e+03
1.20240491e+01, 1.11474602e+00, 7.67810374e-02, 9.52968271e-01, 2.58954509e-02, 1.00025234e+00, 1.74193179e+03
1.40280571e+01, 1.17690284e+00, 6.65422013e-02, 9.57971221e-01, 2.08925006e-02, 9.30379287e-01, 2.15902300e+03
1.60320651e+01, 1.23126731e+00, 5.87127863e-02, 9.61547838e-01, 1.73158841e-02, 8.73232664e-01, 2.60495107e+03
1.80360731e+01, 1.27957736e+00, 5.25318427e-02, 9.64208918e-01, 1.46548035e-02, 8.25366054e-01, 3.07795546e+03
2.00400811e+01, 1.32304741e+00, 4.75283338e-02, 9.66251980e-01, 1.26117420e-02, 7.84512361e-01, 3.57656472e+03
2.20440892e+01, 1.36255955e+00, 4.33950760e-02, 9.67860829e-01, 1.10028927e-02, 7.49111050e-01, 4.09952475e+03
2.40480972e+01, 1.39877474e+00, 3.99231923e-02, 9.69154509e-01, 9.70921256e-03, 7.18048119e-01, 4.64574978e+03
2.60521052e+01, 1.43220107e+00, 3.69656998e-02, 9.70213159e-01, 8.65056325e-03, 6.90504205e-01, 5.21428774e+03
2.80561132e+01, 1.46323752e+00, 3.44161655e-02, 9.71092496e-01, 7.77122607e-03, 6.65861413e-01, 5.80429477e+03
3.00601212e+01, 1.49220315e+00, 3.21956245e-02, 9.71832336e-01, 7.03138555e-03, 6.43643796e-01, 6.41501620e+03
3.20641292e+01, 1.51935709e+00, 3.02442563e-02, 9.72461809e-01, 6.40191331e-03, 6.23478006e-01, 7.04577177e+03
3.40681372e+01, 1.54491270e+00, 2.85159144e-02, 9.73002662e-01, 5.86105982e-03, 6.05066504e-01, 7.69594420e+03
3.60721453e+01, 1.56904772e+00, 2.69744303e-02, 9.73471430e-01, 5.39229184e-03, 5.88168851e-01, 8.36497000e+03
3.80761533e+01, 1.59191180e+00, 2.55910553e-02, 9.73880881e-01, 4.98284083e-03, 5.72588351e-01, 9.05233208e+03
4.00801613e+01, 1.61363214e+00, 2.43426503e-02, 9.74241016e-01, 4.62270583e-03, 5.58162323e-01, 9.75755371e+03
4.20841693e+01, 1.63431772e+00, 2.32103814e-02, 9.74559768e-01, 4.30395399e-03, 5.44754893e-01, 1.04801936e+04
4.40881773e+01, 1.65406268e+00, 2.21787630e-02, 9.74843501e-01, 4.02022090e-03, 5.32251572e-01, 1.12198414e+04
4.60921853e+01, 1.67294884e+00, 2.12349457e-02, 9.75097374e-01, 3.76634754e-03, 5.20555111e-01, 1.19761149e+04
4.80961933e+01, 1.69104782e+00, 2.03681779e-02, 9.75325609e-01, 3.53811256e-03, 5.09582306e-01, 1.27486561e+04
5.01002014e+01, 1.70842261e+00, 1.95693945e-02, 9.75531690e-01, 3.33203204e-03, 4.99261485e-01, 1.35371295e+04
5.21042094e+01, 1.72512895e+00, 1.88308989e-02, 9.75718514e-01, 3.14520798e-03, 4.89530540e-01, 1.43412194e+04
5.41082174e+01, 1.74121636e+00, 1.81461141e-02, 9.75888510e-01, 2.97521218e-03, 4.80335339e-01, 1.51606282e+04
5.61122254e+01, 1.75672908e+00, 1.75093860e-02, 9.76043726e-01, 2.81999641e-03, 4.71628463e-01, 1.59950747e+04
5.81162334e+01, 1.77170676e+00, 1.69158274e-02, 9.76185900e-01, 2.67782217e-03, 4.63368163e-01, 1.68442926e+04
6.01202414e+01, 1.78618506e+00, 1.63611919e-02, 9.76316517e-01, 2.54720533e-03, 4.55517527e-01, 1.77080293e+04
6.21242494e+01, 1.80019623e+00, 1.58417725e-02, 9.76436850e-01, 2.42687205e-03, 4.48043774e-01, 1.85860448e+04
6.41282574e+01, 1.81376946e+00, 1.53543184e-02, 9.76547998e-01, 2.31572350e-03, 4.40917685e-01, 1.94781104e+04
6.61322655e+01, 1.82693130e+00, 1.48959668e-02, 9.76650915e-01, 2.21280733e-03, 4.34113113e-01, 2.03840084e+04
6.81362735e+01, 1.83970597e+00, 1.44641872e-02, 9.76746427e-01, 2.11729448e-03, 4.27606588e-01, 2.13035305e+04
7.01402815e+01, 1.85211558e+00, 1.40567338e-02, 9.76835262e-01, 2.02846025e-03, 4.21376968e-01, 2.22364779e+04
7.21442895e+01, 1.86418043e+00, 1.36716073e-02, 9.76918053e-01, 1.94566865e-03, 4.15405153e-01, 2.31826601e+04
7.41482975e+01, 1.87591915e+00, 1.33070214e-02, 9.76995362e-01, 1.86835950e-03, 4.09673839e-01, 2.41418945e+04
7.61523055e+01, 1.88734891e+00, 1.29613755e-02, 9.77067684e-01, 1.79603767e-03, 4.04167304e-01, 2.51140058e+04
7.81563135e+01, 1.89848556e+00, 1.26332311e-02, 9.77135458e-01, 1.72826406e-03, 3.98871230e-01, 2.60988257e+04
8.01603216e+01, 1.90934376e+00, 1.23212917e-02, 9.77199074e-01, 1.66464807e-03, 3.93772543e-01, 2.70961923e+04
8.21643296e+01, 1.91993709e+00, 1.20243860e-02, 9.77258881e-01, 1.60484118e-03, 3.88859279e-01, 2.81059495e+04
8.41683376e+01, 1.93027817e+00, 1.17414526e-02, 9.77315190e-01, 1.54853157e-03, 3.84120465e-01, 2.91279473e+04
8.61723456e+01, 1.94037873e+00, 1.14715280e-02, 9.77368282e-01, 1.49543946e-03, 3.79546016e-01, 3.01620408e+04
8.81763536e+01, 1.95024971e+00, 1.12137350e-02, 9.77418409e-01, 1.44531324e-03, 3.75126644e-01, 3.12080900e+04
9.01803616e+01, 1.95990131e+00, 1.09672739e-02, 9.77465796e-01, 1.39792602e-03, 3.70853782e-01, 3.22659599e+04
9.21843696e+01, 1.96934307e+00, 1.07314135e-02, 9.77510649e-01, 1.35307276e-03, 3.66719510e-01, 3.33355198e+04
9.41883777e+01, 1.97858392e+00, 1.05054842e-02, 9.77553154e-01, 1.31056773e-03, 3.62716493e-01, 3.44166433e+04
9.61923857e+01, 1.98763224e+00, 1.02888718e-02, 9.77593480e-01, 1.27024236e-03, 3.58837930e-01, 3.55092081e+04
9.81963937e+01, 1.99649588e+00, 1.00810116e-02, 9.77631779e-01, 1.23194330e-03, 3.55077504e-01, 3.66130955e+04
1.00200402e+02, 2.00518224e+00, 9.88138370e-03, 9.77668191e-01, 1.19553082e-03, 3.51429336e-01, 3.77281906e+04
1.02204410e+02, 2.01369825e+00, 9.68950845e-03, 9.77702845e-01, 1.16087734e-03, 3.47887950e-01, 3.88543819e+04
1.04208418e+02, 2.02205049e+00, 9.50494287e-03, 9.77735856e-01, 1.12786614e-03, 3.44448237e-01, 3.99915610e+04
1.06212426e+02, 2.03024512e+00, 9.32727707e-03, 9.77767332e-01, 1.09639030e-03, 3.41105422e-01, 4.11396228e+04
1.08216434e+02, 2.03828799e+00, 9.15613123e-03, 9.77797370e-01, 1.06635166e-03, 3.37855041e-01, 4.22984652e+04
1.10220442e+02, 2.04618462e+00, 8.99115292e-03, 9.77826062e-01, 1.03766001e-03, 3.34692910e-01, 4.34679887e+04
1.12224450e+02, 2.05394022e+00, 8.83201466e-03, 9.77853490e-01, 1.01023227e-03, 3.31615106e-01, 4.46480967e+04
1.14228458e+02, 2.06155975e+00, 8.67841173e-03, 9.77879730e-01, 9.83991851e-04, 3.28617948e-01, 4.58386951e+04
1.16232466e+02, 2.06904790e+00, 8.53006028e-03, 9.77904854e-01, 9.58868013e-04, 3.25697974e-01, 4.70396922e+04
1.18236474e+02, 2.07640912e+00, 8.38669551e-03, 9.77928927e-01, 9.34795355e-04, 3.22851926e-01, 4.82509988e+04
1.20240482e+02, 2.08364765e+00, 8.24807016e-03, 9.77952009e-01, 9.11713318e-04, 3.20076738e-01, 4.94725279e+04
1.22244490e+02, 2.09076751e+00, 8.11395301e-03, 9.77974156e-01, 8.89565755e-04, 3.17369516e-01, 5.07041946e+04
1.24248498e+02, 2.09777253e+00, 7.98412769e-03, 9.77995422e-01, 8.68300545e-04, 3.14727532e-01, 5.19459162e+04
1.26252506e+02, 2.10466634e+00, 7.85839142e-03, 9.78015853e-01, 8.47869248e-04, 3.12148206e-01, 5.31976119e+04
1.28256514e+02, 2.11145244e+00, 7.73655400e-03, 9.78035495e-01, 8.28226788e-04, 3.09629100e-01, 5.44592028e+04
1.30260522e+02, 2.11813413e+00, 7.61843687e-03, 9.78054391e-01, 8.09331176e-04, 3.07167907e-01, 5.57306119e+04
1.32264530e+02, 2.12471457e+00, 7.50387219e-03, 9.78072579e-01, 7.91143251e-04, 3.04762441e-01, 5.70117640e+04
1.34268538e+02, 2.13119680e+00, 7.39270207e-03, 9.78090096e-01, 7.73626456e-04, 3.02410630e-01, 5.83025856e+04
1.36272546e+02, 2.13758369e+00, 7.28477783e-03, 9.78106976e-01, 7.56746624e-04, 3.00110510e-01, 5.96030047e+04
1.38276554e+02, 2.14387801e+00, 7.17995938e-03, 9.78123250e-01, 7.40471795e-04, 2.97860214e-01, 6.09129511e+04
1.40280562e+02, 2.15008241e+00, 7.07811454e-03, 9.78138950e-01, 7.24772038e-04, 2.95657969e-01, 6.22323559e+04
1.42284570e+02, 2.15619942e+00, 6.97911855e-03, 9.78154103e-01, 7.09619304e-04, 2.93502088e-01, 6.35611518e+04
1.44288578e+02, 2.16223147e+00, 6.88285352e-03, 9.78168735e-01, 6.94987274e-04, 2.91390967e-01, 6.48992729e+04
1.46292586e+02, 2.16818089e+00, 6.78920798e-03, 9.78182871e-01, 6.80851239e-04, 2.89323079e-01, 6.62466546e+04
1.48296594e+02, 2.17404990e+00, 6.69807645e-03, 9.78196534e-01, 6.67187975e-04, 2.87296968e-01, 6.76032339e+04
1.50300602e+02, 2.17984066e+00, 6.60935903e-03, 9.78209747e-01, 6.53975637e-04, 2.85311246e-01, 6.89689486e+04
1.52304610e+02, 2.18555521e+00, 6.52296105e-03, 9.78222529e-01, 6.41193664e-04, 2.83364588e-01, 7.03437381e+04
1.54308618e+02, 2.19119556e+00, 6.43879272e-03, 9.78234900e-01, 6.28822682e-04, 2.81455731e-01, 7.17275430e+04
1.56312626e+02, 2.19676358e+00, 6.35676884e-03, 9.78246878e-01, 6.16844425e-04, 2.79583466e-01, 7.31203047e+04
1.58316634e+02, 2.20226112e+00, 6.27680848e-03, 9.78258481e-01, 6.05241658e-04, 2.77746640e-01, 7.45219662e+04
1.60320642e+02, 2.20768994e+00, 6.19883474e-03, 9.78269724e-01, 5.93998106e-04, 2.75944148e-01, 7.59324712e+04
1.62324650e+02, 2.21305174e+00, 6.12277448e-03, 9.78280624e-01, 5.83098390e-04, 2.74174933e-01, 7.73517647e+04
1.64328658e+02, 2.21834814e+00, 6.04855813e-03, 9.78291195e-01, 5.72527968e-04, 2.72437985e-01, 7.87797925e+04
1.66332666e+02, 2.22358073e+00, 5.97611944e-03, 9.78301450e-01, 5.62273078e-04, 2.70732334e-01, 8.02165015e+04
1.68336674e+02, 2.22875103e+00, 5.90539530e-03, 9.78311402e-01, 5.52320689e-04, 2.69057051e-01, 8.16618397e+04
1.70340682e+02, 2.23386049e+00, 5.83632554e-03, 9.78321064e-01, 5.42658455e-04, 2.67411246e-01, 8.31157558e+04
1.72344690e+02, 2.23891054e+00, 5.76885279e-03, 9.78330448e-01, 5.33274669e-04, 2.65794065e-01, 8.45781995e+04
1.74348698e+02, 2.24390255e+00, 5.70292229e-03, 9.78339565e-01, 5.24158225e-04, 2.64204687e-01, 8.60491213e+04
1.76352706e+02, 2.24883782e+00, 5.63848176e-03, 9.78348424e-01, 5.15298581e-04, 2.62642324e-01, 8.75284727e+04
1.78356714e+02, 2.25371764e+00, 5.57548126e-03, 9.78357037e-01, 5.06685721e-04, 2.61106221e-01, 8.90162059e+04
1.80360722e+02, 2.25854324e+00, 5.51387306e-03, 9.78365413e-01, 4.98310129e-04, 2.59595648e-01, 9.05122740e+04
1.82364730e+02, 2.26331580e+00, 5.45361149e-03, 9.78373560e-01, 4.90162753e-04, 2.58109908e-01, 9.20166307e+04
1.84368738e+02, 2.26803649e+00, 5.39465289e-03, 9.78381488e-01, 4.82234981e-04, 2.56648327e-01, 9.35292306e+04
1.86372746e+02, 2.27270642e+00, 5.33695545e-03, 9.78389204e-01, 4.74518616e-04, 2.55210257e-01, 9.50500291e+04
1.88376754e+02, 2.27732667e+00, 5.28047914e-03, 9.78396717e-01, 4.67005847e-04, 2.53795074e-01, 9.65789822e+04
1.90380762e+02, 2.28189828e+00, 5.22518558e-03, 9.78404034e-01, 4.59689233e-04, 2.52402178e-01, 9.81160467e+04
1.92384770e+02, 2.28642227e+00, 5.17103802e-03, 9.78411162e-01, 4.52561678e-04, 2.51030990e-01, 9.96611799e+04
1.94388778e+02, 2.29089962e+00, 5.11800119e-03, 9.78418107e-01, 4.45616412e-04, 2.49680953e-01, 1.01214340e+05
1.96392786e+02, 2.29533128e+00, 5.06604126e-03, 9.78424876e-01, 4.38846975e-04, 2.48351526e-01, 1.02775486e+05
1.98396794e+02, 2.29971817e+00, 5.01512576e-03, 9.78431476e-01, 4.32247197e-04, 2.47042193e-01, 1.04344576e+05
2.00400802e+02, 2.30406120e+00, 4.96522351e-03, 9.78437912e-01, 4.25811184e-04, 2.45752450e-01, 1.05921572e+05
2.02404810e+02, 2.30836122e+00, 4.91630457e-03, 9.78444190e-01, 4.19533304e-04, 2.44481816e-01, 1.07506432e+05
2.04408818e+02, 2.31261908e+00, 4.86834016e-03, 9.78450315e-01, 4.13408170e-04, 2.43229822e-01, 1.09099120e+05
2.06412826e+02, 2.31683561e+00, 4.82130260e-03, 9.78456293e-01, 4.07430628e-04, 2.41996017e-01, 1.10699596e+05
2.08416834e+02, 2.32101159e+00, 4.77516529e-03, 9.78462128e-01, 4.01595748e-04, 2.40779964e-01, 1.12307822e+05
2.10420842e+02, 2.32514780e+00, 4.72990264e-03, 9.78467825e-01, 3.95898809e-04, 2.39581244e-01, 1.13923762e+05
2.12424850e+02, 2.32924499e+00, 4.68548999e-03, 9.78473389e-01, 3.90335286e-04, 2.38399446e-01, 1.15547379e+05
2.14428859e+02, 2.33330388e+00, 4.64190363e-03, 9.78478823e-01, 3.84900847e-04, 2.37234178e-01, 1.17178637e+05
2.16432867e+02, 2.33732519e+00, 4.59912071e-03, 9.78484133e-01, 3.79591337e-04, 2.36085057e-01, 1.18817499e+05
2.18436875e+02, 2.34130961e+00, 4.55711923e-03, 9.78489321e-01, 3.74402772e-04, 2.34951713e-01, 1.20463932e+05
2.20440883e+02, 2.34525780e+00, 4.51587796e-03, 9.78494393e-01, 3.69331331e-04, 2.33833789e-01, 1.22117900e+05
2.22444891e+02, 2.34917043e+00, 4.47537645e-03, 9.78499351e-01, 3.64373344e-04, 2.32730939e-01, 1.23779369e+05
2.24448899e+02, 2.35304812e+00, 4.43559497e-03, 9.78504199e-01, 3.59525290e-04, 2.31642826e-01, 1.25448305e+05
2.26452907e+02, 2.35689149e+00, 4.39651449e-03, 9.78508941e-01, 3.54783786e-04, 2.30569126e-01, 1.27124675e+05
2.28456915e+02, 2.36070115e+00, 4.35811665e-03, 9.78513579e-01, 3.50145583e-04, 2.29509523e-01, 1.28808447e+05
2.30460923e+02, 2.36447768e+00, 4.32038371e-03, 9.78518117e-01, 3.45607557e-04, 2.28463711e-01, 1.30499588e+05
2.32464931e+02, 2.36822165e+00, 4.28329856e-03, 9.78522558e-01, 3.41166705e-04, 2.27431393e-01, 1.32198066e+05
2.34468939e+02, 2.37193363e+00, 4.24684464e-03, 9.78526905e-01, 3.36820138e-04, 2.26412282e-01, 1.33903849e+05
2.36472947e+02, 2.37561414e+00, 4.21100599e-03, 9.78531160e-01, 3.32565077e-04, 2.25406099e-01, 1.35616906e+05
2.38476955e+02, 2.37926373e+00, 4.17576715e-03, 9.78535326e-01, 3.28398849e-04, 2.24412573e-01, 1.37337207e+05
2.40480963e+02, 2.38288290e+00, 4.14111319e-03, 9.78539406e-01, 3.24318877e-04, 2.23431440e-01, 1.39064721e+05
2.42484971e+02, 2.38647216e+00, 4.10702967e-03, 9.78543402e-01, 3.20322683e-04, 2.22462445e-01, 1.40799418e+05
2.44488979e+02, 2.39003200e+00, 4.07350263e-03, 9.78547317e-01, 3.16407878e-04, 2.21505339e-01, 1.42541269e+05
2.46492987e+02, 2.39356290e+00, 4.04051853e-03, 9.78551153e-01, 3.12572160e-04, 2.20559882e-01, 1.44290243e+05
2.48496995e+02, 2.39706532e+00, 4.00806431e-03, 9.78554912e-01, 3.08813310e-04, 2.19625839e-01, 1.46046314e+05
2.50501003e+02, 2.40053972e+00, 3.97612729e-03, 9.78558596e-01, 3.05129188e-04, 2.18702983e-01, 1.47809450e+05
2.52505011e+02, 2.40398655e+00, 3.94469520e-03, 9.78562208e-01, 3.01517731e-04, 2.17791091e-01, 1.49579626e+05
2.54509019e+02, 2.40740623e+00, 3.91375617e-03, 9.78565749e-01, 2.97976949e-04, 2.16889949e-01, 1.51356812e+05
2.56513027e+02, 2.41079920e+00, 3.88329869e-03, 9.78569221e-01, 2.94504919e-04, 2.15999346e-01, 1.53140981e+05
2.58517035e+02, 2.41416587e+00, 3.85331160e-03, 9.78572626e-01, 2.91099788e-04, 2.15119080e-01, 1.54932107e+05
2.60521043e+02, 2.41750664e+00, 3.82378408e-03, 9.78575966e-01, 2.87759764e-04, 2.14248951e-01, 1.56730161e+05
2.62525051e+02, 2.42082191e+00, 3.79470565e-03, 9.78579243e-01, 2.84483119e-04, 2.13388766e-01, 1.58535118e+05
2.64529059e+02, 2.42411206e+00, 3.76606615e-03, 9.78582458e-01, 2.81268180e-04, 2.12538338e-01, 1.60346951e+05
2.66533067e+02, 2.42737747e+00, 3.73785570e-03, 9.78585613e-01, 2.78113334e-04, 2.11697484e-01, 1.62165634e+05
2.68537075e+02, 2.43061851e+00, 3.71006475e-03, 9.78588710e-01, 2.75017019e-04, 2.10866024e-01, 1.63991141e+05
2.70541083e+02, 2.43383555e+00, 3.68268400e-03, 9.78591749e-01, 2.71977727e-04, 2.10043786e-01, 1.65823447e+05
2.72545091e+02, 2.43702893e+00, 3.65570443e-03, 9.78594733e-01, 2.68993997e-04, 2.09230600e-01, 1.67662527e+05
2.74549099e+02, 2.44019900e+00, 3.62911729e-03, 9.78597663e-01, 2.66064419e-04, 2.08426302e-01, 1.69508357e+05
2.76553107e+02, 2.44334609e+00, 3.60291409e-03, 9.78600540e-01, 2.63187625e-04, 2.07630730e-01, 1.71360910e+05
2.78557115e+02, 2.44647055e+00, 3.57708656e-03, 9.78603365e-01, 2.60362295e-04, 2.06843729e-01, 1.73220164e+05
2.80561123e+02, 2.44957269e+00, 3.55162669e-03, 9.78606141e-01, 2.57587149e-04, 2.06065144e-01, 1.75086094e+05
2.82565131e+02, 2.45265283e+00, 3.52652668e-03, 9.78608867e-01, 2.54860946e-04, 2.05294828e-01, 1.76958676e+05
2.84569139e+02, 2.45571127e+00, 3.50177895e-03, 9.78611546e-01, 2.52182489e-04, 2.04532635e-01, 1.78837887e+05
2.86573147e+02, 2.45874833e+00, 3.47737614e-03, 9.78614178e-01, 2.49550613e-04, 2.03778423e-01, 1.80723703e+05
2.88577155e+02, 2.46176430e+00, 3.45331109e-03, 9.78616764e-01, 2.46964192e-04, 2.03032054e-01, 1.82616101e+05
2.90581163e+02, 2.46475946e+00, 3.42957683e-03, 9.78619306e-01, 2.44422136e-04, 2.02293392e-01, 1.84515059e+05
2.92585171e+02, 2.46773412e+00, 3.40616659e-03, 9.78621805e-01, 2.41923385e-04, 2.01562307e-01, 1.86420554e+05
2.94589179e+02, 2.47068853e+00, 3.38307378e-03, 9.78624262e-01, 2.39466914e-04, 2.00838669e-01, 1.88332563e+05
2.96593187e+02, 2.47362298e+00, 3.36029198e-03, 9.78626677e-01, 2.37051729e-04, 2.00122354e-01, 1.90251065e+05
2.98597195e+02, 2.47653774e+00, 3.33781496e-03, 9.78629053e-01, 2.34676864e-04, 1.99413237e-01, 1.92176038e+05
3.00601203e+02, 2.47943307e+00, 3.31563664e-03, 9.78631388e-01, 2.32341383e-04, 1.98711200e-01, 1.94107459e+05
3.02605211e+02, 2.48230922e+00, 3.29375111e-03, 9.78633685e-01, 2.30044378e-04, 1.98016125e-01, 1.96045308e+05
3.04609219e+02, 2.48516645e+00, 3.27215260e-03, 9.78635945e-01, 2.27784967e-04, 1.97327898e-01, 1.97989563e+05
3.06613227e+02, 2.48800501e+00, 3.25083550e-03, 9.78638168e-01, 2.25562295e-04, 1.96646408e-01, 1.99940203e+05
3.08617235e+02, 2.49082513e+00, 3.22979436e-03, 9.78640355e-01, 2.23375530e-04, 1.95971545e-01, 2.01897208e+05
3.10621243e+02, 2.49362706e+00, 3.20902385e-03, 9.78642507e-01, 2.21223865e-04, 1.95303202e-01, 2.03860556e+05
3.12625251e+02, 2.49641102e+00, 3.18851877e-03, 9.78644624e-01, 2.19106518e-04, 1.94641276e-01, 2.05830227e+05
3.14629259e+02, 2.49917726e+00, 3.16827408e-03, 9.78646708e-01, 2.17022726e-04, 1.93985664e-01, 2.07806202e+05
3.16633267e+02, 2.50192598e+00, 3.14828484e-03, 9.78648760e-01, 2.14971749e-04, 1.93336266e-01, 2.09788459e+05
3.18637275e+02, 2.50465742e+00, 3.12854625e-03, 9.78650779e-01, 2.12952869e-04, 1.92692985e-01, 2.11776980e+05
3.20641283e+02, 2.50737179e+00, 3.10905363e-03, 9.78652766e-01, 2.10965387e-04, 1.92055725e-01, 2.13771744e+05
3.22645291e+02, 2.51006929e+00, 3.08980241e-03, 9.78654723e-01, 2.09008624e-04, 1.91424394e-01, 2.15772732e+05
3.24649299e+02, 2.51275015e+00, 3.07078812e-03, 9.78656650e-01, 2.07081918e-04, 1.90798899e-01, 2.17779924e+05
3.26653307e+02, 2.51541456e+00, 3.05200643e-03, 9.78658548e-01, 2.05184628e-04, 1.90179151e-01, 2.19793303e+05
3.28657315e+02, 2.51806272e+00, 3.03345308e-03, 9.78660417e-01, 2.03316128e-04, 1.89565064e-01, 2.21812847e+05
3.30661323e+02, 2.52069483e+00, 3.01512395e-03, 9.78662257e-01, 2.01475810e-04, 1.88956550e-01, 2.23838540e+05
3.32665331e+02, 2.52331108e+00, 2.99701499e-03, 9.78664070e-01, 1.99663084e-04, 1.88353527e-01, 2.25870362e+05
3.34669339e+02, 2.52591167e+00, 2.97912226e-03, 9.78665856e-01, 1.97877373e-04, 1.87755913e-01, 2.27908295e+05
3.36673347e+02, 2.52849678e+00, 2.96144190e-03, 9.78667616e-01, 1.96118117e-04, 1.87163626e-01, 2.29952320e+05
3.38677355e+02, 2.53106660e+00, 2.94397017e-03, 9.78669350e-01, 1.94384770e-04, 1.86576588e-01, 2.32002420e+05
3.40681363e+02, 2.53362129e+00, 2.92670338e-03, 9.78671058e-01, 1.92676802e-04, 1.85994723e-01, 2.34058576e+05
3.42685371e+02, 2.53616105e+00, 2.90963795e-03, 9.78672741e-01, 1.90993695e-04, 1.85417955e-01, 2.36120770e+05
3.44689379e+02, 2.53868604e+00, 2.89277039e-03, 9.78674400e-01, 1.89334946e-04, 1.84846209e-01, 2.38188986e+05
3.46693387e+02, 2.54119643e+00, 2.87609726e-03, 9.78676035e-01, 1.87700064e-04, 1.84279413e-01, 2.40263206e+05
3.48697395e+02, 2.54369240e+00, 2.85961524e-03, 9.78677647e-01, 1.86088570e-04, 1.83717496e-01, 2.42343412e+05
3.50701403e+02, 2.54617410e+00, 2.84332104e-03, 9.78679236e-01, 1.84500000e-04, 1.83160390e-01, 2.44429586e+05
3.52705411e+02, 2.54864170e+00, 2.82721148e-03, 9.78680803e-01, 1.82933899e-04, 1.82608024e-01, 2.46521713e+05
3.54709419e+02, 2.55109537e+00, 2.81128344e-03, 9.78682347e-01, 1.81389825e-04, 1.82060333e-01, 2.48619775e+05
3.56713427e+02, 2.55353524e+00, 2.79553386e-03, 9.78683870e-01, 1.79867346e-04, 1.81517251e-01, 2.50723756e+05
3.58717436e+02, 2.55596149e+00, 2.77995977e-03, 9.78685371e-01, 1.78366042e-04, 1.80978714e-01, 2.52833638e+05
3.60721444e+02, 2.55837426e+00, 2.76455825e-03, 9.78686852e-01, 1.76885503e-04, 1.80444658e-01, 2.54949406e+05
3.62725452e+02, 2.56077369e+00, 2.74932644e-03, 9.78688313e-01, 1.75425329e-04, 1.79915022e-01, 2.57071042e+05
3.64729460e+02, 2.56315994e+00, 2.73426155e-03, 9.78689753e-01, 1.73985130e-04, 1.79389745e-01, 2.59198532e+05
3.66733468e+02, 2.56553316e+00, 2.71936086e-03, 9.78691174e-01, 1.72564526e-04, 1.78868768e-01, 2.61331858e+05
3.68737476e+02, 2.56789347e+00, 2.70462170e-03, 9.78692576e-01, 1.71163145e-04, 1.78352033e-01, 2.63471005e+05
3.70741484e+02, 2.57024103e+00, 2.69004145e-03, 9.78693959e-01, 1.69780625e-04, 1.77839481e-01, 2.65615957e+05
3.72745492e+02, 2.57257596e+00, 2.67561756e-03, 9.78695323e-01, 1.68416613e-04, 1.77331057e-01, 2.67766699e+05
3.74749500e+02, 2.57489841e+00, 2.66134752e-03, 9.78696670e-01, 1.67070763e-04, 1.76826707e-01, 2.69923214e+05
3.76753508e+02, 2.57720851e+00, 2.64722889e-03, 9.78697998e-01, 1.65742740e-04, 1.76326375e-01, 2.72085488e+05
3.78757516e+02, 2.57950638e+00, 2.63325927e-03, 9.78699309e-01, 1.64432213e-04, 1.75830008e-01, 2.74253505e+05
3.80761524e+02, 2.58179216e+00, 2.61943632e-03, 9.78700603e-01, 1.63138862e-04, 1.75337556e-01, 2.76427250e+05
3.82765532e+02, 2.58406597e+00, 2.60575773e-03, 9.78701880e-01, 1.61862374e-04, 1.74848965e-01, 2.78606708e+05
3.84769540e+02, 2.58632793e+00, 2.59222125e-03, 9.78703140e-01, 1.60602442e-04, 1.74364187e-01, 2.80791864e+05
3.86773548e+02, 2.58857818e+00, 2.57882469e-03, 9.78704384e-01, 1.59358768e-04, 1.73883172e-01, 2.82982703e+05
3.88777556e+02, 2.59081683e+00, 2.56556589e-03, 9.78705612e-01, 1.58131058e-04, 1.73405871e-01, 2.85179211e+05
3.90781564e+02, 2.59304400e+00, 2.55244272e-03, 9.78706825e-01, 1.56919028e-04, 1.72932237e-01, 2.87381372e+05
3.92785572e+02, 2.59525980e+00, 2.53945312e-03, 9.78708022e-01, 1.55722398e-04, 1.72462223e-01, 2.89589173e+05
3.94789580e+02, 2.59746436e+00, 2.52659507e-03, 9.78709204e-01, 1.54540897e-04, 1.71995784e-01, 2.91802598e+05
3.96793588e+02, 2.59965778e+00, 2.51386656e-03, 9.78710371e-01, 1.53374257e-04, 1.71532873e-01, 2.94021635e+05
3.98797596e+02, 2.60184018e+00, 2.50126567e-03, 9.78711524e-01, 1.52222219e-04, 1.71073448e-01, 2.96246268e+05
4.00801604e+02, 2.60401167e+00, 2.48879046e-03, 9.78712662e-01, 1.51084527e-04, 1.70617464e-01, 2.98476484e+05
4.02805612e+02, 2.60617235e+00, 2.47643909e-03, 9.78713786e-01, 1.49960934e-04, 1.70164879e-01, 3.00712268e+05
4.04809620e+02, 2.60832234e+00, 2.46420970e-03, 9.78714896e-01, 1.48851194e-04, 1.69715650e-01, 3.02953607e+05
4.06813628e+02, 2.61046173e+00, 2.45210050e-03, 9.78715993e-01, 1.47755071e-04, 1.69269737e-01, 3.05200487e+05
4.08817636e+02, 2.61259064e+00, 2.44010973e-03, 9.78717076e-01, 1.46672332e-04, 1.68827098e-01, 3.07452895e+05
4.10821644e+02, 2.61470917e+00, 2.42823566e-03, 9.78718146e-01, 1.45602749e-04, 1.68387694e-01, 3.09710816e+05
4.12825652e+02, 2.61681741e+00, 2.41647659e-03, 9.78719203e-01, 1.44546099e-04, 1.67951487e-01, 3.11974238e+05
4.14829660e+02, 2.61891546e+00, 2.40483086e-03, 9.78720248e-01, 1.43502164e-04, 1.67518436e-01, 3.14243147e+05
4.16833668e+02, 2.62100343e+00, 2.39329685e-03, 9.78721280e-01, 1.42470732e-04, 1.67088504e-01, 3.16517530e+05
4.18837676e+02, 2.62308141e+00, 2.38187294e-03, 9.78722299e-01, 1.41451593e-04, 1.66661655e-01, 3.18797374e+05
4.20841684e+02, 2.62514949e+00, 2.37055758e-03, 9.78723307e-01, 1.40444544e-04, 1.66237850e-01, 3.21082665e+05
4.22845692e+02, 2.62720777e+00, 2.35934921e-03, 9.78724303e-01, 1.39449384e-04, 1.65817055e-01, 3.23373391e+05
4.24849700e+02, 2.62925635e+00, 2.34824634e-03, 9.78725287e-01, 1.38465919e-04, 1.65399234e-01, 3.25669539e+05
4.26853708e+02, 2.63129530e+00, 2.33724748e-03, 9.78726259e-01, 1.37493955e-04, 1.64984352e-01, 3.27971096e+05
4.28857716e+02, 2.63332473e+00, 2.32635117e-03, 9.78727220e-01, 1.36533307e-04, 1.64572374e-01, 3.30278049e+05
4.30861724e+02, 2.63534471e+00, 2.31555599e-03, 9.78728171e-01, 1.35583791e-04, 1.64163268e-01, 3.32590387e+05
4.32865732e+02, 2.63735535e+00, 2.30486053e-03, 9.78729110e-01, 1.34645226e-04, 1.63756999e-01, 3.34908095e+05
4.34869740e+02, 2.63935672e+00, 2.29426342e-03, 9.78730038e-01, 1.33717437e-04, 1.63353535e-01, 3.37231163e+05
4.36873748e+02, 2.64134891e+00, 2.28376331e-03, 9.78730956e-01, 1.32800251e-04, 1.62952844e-01, 3.39559577e+05
4.38877756e+02, 2.64333200e+00, 2.27335887e-03, 9.78731863e-01, 1.31893500e-04, 1.62554895e-01, 3.41893325e+05
4.40881764e+02, 2.64530608e+00, 2.26304881e-03, 9.78732760e-01, 1.30997018e-04, 1.62159656e-01, 3.44232396e+05
4.42885772e+02, 2.64727122e+00, 2.25283184e-03, 9.78733647e-01, 1.30110643e-04, 1.61767096e-01, 3.46576776e+05
4.44889780e+02, 2.64922752e+00, 2.24270671e-03, 9.78734525e-01, 1.29234215e-04, 1.61377186e-01, 3.48926455e+05
4.46893788e+02, 2.65117504e+00, 2.23267218e-03, 9.78735392e-01, 1.28367581e-04, 1.60989896e-01, 3.51281420e+05
4.48897796e+02, 2.65311387e+00, 2.22272705e-03, 9.78736250e-01, 1.27510586e-04, 1.60605196e-01, 3.53641659e+05
4.50901804e+02, 2.65504408e+00, 2.21287012e-03, 9.78737098e-01, 1.26663082e-04, 1.60223058e-01, 3.56007161e+05
4.52905812e+02, 2.65696574e+00, 2.20310023e-03, 9.78737937e-01, 1.25824922e-04, 1.59843454e-01, 3.58377913e+05
4.54909820e+02, 2.65887895e+00, 2.19341623e-03, 9.78738766e-01, 1.24995962e-04, 1.59466355e-01, 3.60753905e+05
4.56913828e+02, 2.66078376e+00, 2.18381699e-03, 9.78739587e-01, 1.24176062e-04, 1.59091735e-01, 3.63135125e+05
4.58917836e+02, 2.66268025e+00, 2.17430141e-03, 9.78740399e-01, 1.23365084e-04, 1.58719565e-01, 3.65521561e+05
4.60921844e+02, 2.66456850e+00, 2.16486839e-03, 9.78741201e-01, 1.22562892e-04, 1.58349821e-01, 3.67913201e+05
4.62925852e+02, 2.66644857e+00, 2.15551687e-03, 9.78741996e-01, 1.21769353e-04, 1.57982474e-01, 3.70310036e+05
4.64929860e+02, 2.66832054e+00, 2.14624579e-03, 9.78742782e-01, 1.20984339e-04, 1.57617500e-01, 3.72712053e+05
4.66933868e+02, 2.67018448e+00, 2.13705412e-03, 9.78743559e-01, 1.20207720e-04, 1.57254874e-01, 3.75119241e+05
4.68937876e+02, 2.67204045e+00, 2.12794084e-03, 9.78744328e-01, 1.19439372e-04, 1.56894569e-01, 3.77531589e+05
4.70941884e+02, 2.67388852e+00, 2.11890496e-03, 9.78745089e-01, 1.18679171e-04, 1.56536562e-01, 3.79949086e+05
4.72945892e+02, 2.67572876e+00, 2.10994549e-03, 9.78745842e-01, 1.17926998e-04, 1.56180828e-01, 3.82371721e+05
4.74949900e+02, 2.67756124e+00, 2.10106148e-03, 9.78746587e-01, 1.17182735e-04, 1.55827343e-01, 3.84799484e+05
4.76953908e+02, 2.67938602e+00, 2.09225196e-03, 9.78747324e-01, 1.16446265e-04, 1.55476083e-01, 3.87232363e+05
4.78957916e+02, 2.68120316e+00, 2.08351600e-03, 9.78748054e-01, 1.15717474e-04, 1.55127026e-01, 3.89670348e+05
4.80961924e+02, 2.68301273e+00, 2.07485270e-03, 9.78748776e-01, 1.14996252e-04, 1.54780148e-01, 3.92113428e+05
4.82965932e+02, 2.68481479e+00, 2.06626114e-03, 9.78749491e-01, 1.14282487e-04, 1.54435427e-01, 3.94561593e+05
4.84969940e+02, 2.68660941e+00, 2.05774044e-03, 9.78750198e-01, 1.13576074e-04, 1.54092840e-01, 3.97014831e+05
4.86973948e+02, 2.68839664e+00, 2.04928973e-03, 9.78750898e-01, 1.12876906e-04, 1.53752366e-01, 3.99473133e+05
4.88977956e+02, 2.69017654e+00, 2.04090814e-03, 9.78751591e-01, 1.12184879e-04, 1.53413983e-01, 4.01936488e+05
4.90981964e+02, 2.69194918e+00, 2.03259484e-03, 9.78752277e-01, 1.11499893e-04, 1.53077669e-01, 4.04404886e+05
4.92985972e+02, 2.69371462e+00, 2.02434898e-03, 9.78752956e-01, 1.10821846e-04, 1.52743404e-01, 4.06878316e+05
4.94989980e+02, 2.69547290e+00, 2.01616976e-03, 9.78753628e-01, 1.10150642e-04, 1.52411167e-01, 4.09356769e+05
4.96993988e+02, 2.69722410e+00, 2.00805637e-03, 9.78754293e-01, 1.09486183e-04, 1.52080938e-01, 4.11840233e+05
4.98997996e+02, 2.69896826e+00, 2.00000801e-03, 9.78754952e-01, 1.08828376e-04, 1.51752696e-01, 4.14328700e+05
5.01002005e+02, 2.70070545e+00, 1.99202392e-03, 9.78755604e-01, 1.08177127e-04, 1.51426421e-01, 4.16822158e+05
5.03006013e+02, 2.70243572e+00, 1.98410331e-03, 9.78756250e-01, 1.07532345e-04, 1.51102094e-01, 4.19320598e+05
5.05010021e+02, 2.70415912e+00, 1.97624545e-03, 9.78756889e-01, 1.06893941e-04, 1.50779696e-01, 4.21824011e+05
5.07014029e+02, 2.70587571e+00, 1.96844958e-03, 9.78757522e-01, 1.06261827e-04, 1.50459208e-01, 4.24332385e+05
5.09018037e+02, 2.70758554e+00, 1.96071497e-03, 9.78758149e-01, 1.05635916e-04, 1.50140610e-01, 4.26845712e+05
5.11022045e+02, 2.70928866e+00, 1.95304091e-03, 9.78758770e-01, 1.05016123e-04, 1.49823885e-01, 4.29363982e+05
5.13026053e+02, 2.71098513e+00, 1.94542669e-03, 9.78759385e-01, 1.04402365e-04, 1.49509013e-01, 4.31887185e+05
5.15030061e+02, 2.71267500e+00, 1.93787160e-03, 9.78759993e-01, 1.03794561e-04, 1.49195978e-01, 4.34415311e+05
5.17034069e+02, 2.71435832e+00, 1.93037497e-03, 9.78760596e-01, 1.03192628e-04, 1.48884760e-01, 4.36948350e+05
5.19038077e+02, 2.71603514e+00, 1.92293612e-03, 9.78761194e-01, 1.02596490e-04, 1.48575344e-01, 4.39486294e+05
5.21042085e+02, 2.71770552e+00, 1.91555438e-03, 9.78761785e-01, 1.02006067e-04, 1.48267711e-01, 4.42029133e+05
5.23046093e+02, 2.71936949e+00, 1.90822909e-03, 9.78762371e-01, 1.01421283e-04, 1.47961844e-01, 4.44576857e+05
5.25050101e+02, 2.72102711e+00, 1.90095962e-03, 9.78762951e-01, 1.00842063e-04, 1.47657727e-01, 4.47129458e+05
5.27054109e+02, 2.72267843e+00, 1.89374533e-03, 9.78763526e-01, 1.00268333e-04, 1.47355342e-01, 4.49686925e+05
5.29058117e+02, 2.72432349e+00, 1.88658558e-03, 9.78764096e-01, 9.97000214e-05, 1.47054674e-01, 4.52249249e+05
5.31062125e+02, 2.72596234e+00, 1.87947977e-03, 9.78764660e-01, 9.91370558e-05, 1.46755706e-01, 4.54816422e+05
5.33066133e+02, 2.72759504e+00, 1.87242729e-03, 9.78765218e-01, 9.85793664e-05, 1.46458423e-01, 4.57388434e+05
5.35070141e+02, 2.72922162e+00, 1.86542753e-03, 9.78765772e-01, 9.80268842e-05, 1.46162808e-01, 4.59965276e+05
5.37074149e+02, 2.73084213e+00, 1.85847992e-03, 9.78766321e-01, 9.74795413e-05, 1.45868846e-01, 4.62546940e+05
5.39078157e+02, 2.73245661e+00, 1.85158386e-03, 9.78766864e-01, 9.69372711e-05, 1.45576522e-01, 4.65133415e+05
5.41082165e+02, 2.73406512e+00, 1.84473880e-03, 9.78767402e-01, 9.64000081e-05, 1.45285821e-01, 4.67724693e+05
5.43086173e+02, 2.73566769e+00, 1.83794415e-03, 9.78767936e-01, 9.58676877e-05, 1.44996727e-01, 4.70320766e+05
5.45090181e+02, 2.73726437e+00, 1.83119938e-03, 9.78768465e-01, 9.53402464e-05, 1.44709226e-01, 4.72921624e+05
5.47094189e+02, 2.73885520e+00, 1.82450393e-03, 9.78768988e-01, 9.48176221e-05, 1.44423303e-01, 4.75527259e+05
5.49098197e+02, 2.74044022e+00, 1.81785726e-03, 9.78769508e-01, 9.42997531e-05, 1.44138944e-01, 4.78137661e+05
5.51102205e+02, 2.74201948e+00, 1.81125884e-03, 9.78770022e-01, 9.37865793e-05, 1.43856134e-01, 4.80752823e+05
5.53106213e+02, 2.74359302e+00, 1.80470815e-03, 9.78770532e-01, 9.32780412e-05, 1.43574861e-01, 4.83372735e+05
5.55110221e+02, 2.74516088e+00, 1.79820468e-03, 9.78771037e-01, 9.27740804e-05, 1.43295109e-01, 4.85997390e+05
5.57114229e+02, 2.74672309e+00, 1.79174790e-03, 9.78771538e-01, 9.22746395e-05, 1.43016865e-01, 4.88626777e+05
5.59118237e+02, 2.74827971e+00, 1.78533733e-03, 9.78772034e-01, 9.17796618e-05, 1.42740115e-01, 4.91260890e+05
5.61122245e+02, 2.74983077e+00, 1.77897247e-03, 9.78772526e-01, 9.12890918e-05, 1.42464847e-01, 4.93899719e+05
5.63126253e+02, 2.75137631e+00, 1.77265283e-03, 9.78773013e-01, 9.08028746e-05, 1.42191047e-01, 4.96543256e+05
5.65130261e+02, 2.75291637e+00, 1.76637793e-03, 9.78773497e-01, 9.03209565e-05, 1.41918702e-01, 4.99191492e+05
5.67134269e+02, 2.75445099e+00, 1.76014730e-03, 9.78773976e-01, 8.98432844e-05, 1.41647800e-01, 5.01844420e+05
5.69138277e+02, 2.75598020e+00, 1.75396047e-03, 9.78774451e-01, 8.93698060e-05, 1.41378327e-01, 5.04502031e+05
5.71142285e+02, 2.75750405e+00, 1.74781698e-03, 9.78774921e-01, 8.89004701e-05, 1.41110271e-01, 5.07164317e+05
5.73146293e+02, 2.75902257e+00, 1.74171637e-03, 9.78775388e-01, 8.84352260e-05, 1.40843620e-01, 5.09831269e+05
5.75150301e+02, 2.76053579e+00, 1.73565821e-03, 9.78775851e-01, 8.79740240e-05, 1.40578361e-01, 5.12502880e+05
5.77154309e+02, 2.76204377e+00, 1.72964204e-03, 9.78776309e-01, 8.75168152e-05, 1.40314482e-01, 5.15179142e+05
5.79158317e+02, 2.76354652e+00, 1.72366744e-03, 9.78776764e-01, 8.70635512e-05, 1.40051972e-01, 5.17860045e+05
5.81162325e+02, 2.76504410e+00, 1.71773397e-03, 9.78777215e-01, 8.66141845e-05, 1.39790819e-01, 5.20545583e+05
5.83166333e+02, 2.76653652e+00, 1.71184121e-03, 9.78777662e-01, 8.61686685e-05, 1.39531010e-01, 5.23235747e+05
5.85170341e+02, 2.76802384e+00, 1.70598874e-03, 9.78778105e-01, 8.57269571e-05, 1.39272535e-01, 5.25930529e+05
5.87174349e+02, 2.76950608e+00, 1.70017615e-03, 9.78778544e-01, 8.52890049e-05, 1.39015383e-01, 5.28629922e+05
5.89178357e+02, 2.77098328e+00, 1.69440304e-03, 9.78778980e-01, 8.48547674e-05, 1.38759541e-01, 5.31333917e+05
5.91182365e+02, 2.77245547e+00, 1.68866900e-03, 9.78779412e-01, 8.44242004e-05, 1.38504999e-01, 5.34042507e+05
5.93186373e+02, 2.77392269e+00, 1.68297363e-03, 9.78779841e-01, 8.39972609e-05, 1.38251745e-01, 5.36755684e+05
5.95190381e+02, 2.77538496e+00, 1.67731656e-03, 9.78780266e-01, 8.35739061e-05, 1.37999770e-01, 5.39473440e+05
5.97194389e+02, 2.77684234e+00, 1.67169739e-03, 9.78780687e-01, 8.31540940e-05, 1.37749062e-01, 5.42195768e+05
5.99198397e+02, 2.77829483e+00, 1.66611575e-03, 9.78781105e-01, 8.27377832e-05, 1.37499611e-01, 5.44922660e+05
6.01202405e+02, 2.77974249e+00, 1.66057125e-03, 9.78781520e-01, 8.23249331e-05, 1.37251406e-01, 5.47654108e+05
6.03206413e+02, 2.78118533e+00, 1.65506353e-03, 9.78781931e-01, 8.19155034e-05, 1.37004437e-01, 5.50390104e+05
6.05210421e+02, 2.78262340e+00, 1.64959223e-03, 9.78782338e-01, 8.15094547e-05, 1.36758693e-01, 5.53130642e+05
6.07214429e+02, 2.78405672e+00, 1.64415698e-03, 9.78782743e-01, 8.11067479e-05, 1.36514165e-01, 5.55875713e+05
6.09218437e+02, 2.78548533e+00, 1.63875743e-03, 9.78783144e-01, 8.07073447e-05, 1.36270843e-01, 5.58625310e+05
6.11222445e+02, 2.78690925e+00, 1.63339323e-03, 9.78783542e-01, 8.03112073e-05, 1.36028716e-01, 5.61379426e+05
6.13226453e+02, 2.78832852e+00, 1.62806404e-03, 9.78783936e-01, 7.99182984e-05, 1.35787775e-01, 5.64138053e+05
6.15230461e+02, 2.78974316e+00, 1.62276950e-03, 9.78784328e-01, 7.95285813e-05, 1.35548011e-01, 5.66901185e+05
6.17234469e+02, 2.79115322e+00, 1.61750929e-03, 9.78784716e-01, 7.91420198e-05, 1.35309413e-01, 5.69668812e+05
6.19238477e+02, 2.79255870e+00, 1.61228308e-03, 9.78785101e-01, 7.87585783e-05, 1.35071972e-01, 5.72440929e+05
6.21242485e+02, 2.79395966e+00, 1.60709052e-03, 9.78785483e-01, 7.83782216e-05, 1.34835680e-01, 5.75217528e+05
6.23246493e+02, 2.79535611e+00, 1.60193131e-03, 9.78785863e-01, 7.80009150e-05, 1.34600526e-01, 5.77998602e+05
6.25250501e+02, 2.79674809e+00, 1.59680511e-03, 9.78786239e-01, 7.76266245e-05, 1.34366502e-01, 5.80784143e+05
6.27254509e+02, 2.79813561e+00, 1.59171162e-03, 9.78786612e-01, 7.72553164e-05, 1.34133599e-01, 5.83574145e+05
6.29258517e+02, 2.79951872e+00, 1.58665051e-03, 9.78786982e-01, 7.68869575e-05, 1.33901807e-01, 5.86368600e+05
6.31262525e+02, 2.80089744e+00, 1.58162149e-03, 9.78787349e-01, 7.65215152e-05, 1.33671118e-01, 5.89167502e+05
6.33266533e+02, 2.80227180e+00, 1.57662425e-03, 9.78787714e-01, 7.61589572e-05, 1.33441523e-01, 5.91970842e+05
6.35270541e+02, 2.80364182e+00, 1.57165849e-03, 9.78788075e-01, 7.57992517e-05, 1.33213014e-01, 5.94778615e+05
6.37274549e+02, 2.80500753e+00, 1.56672391e-03, 9.78788434e-01, 7.54423675e-05, 1.32985582e-01, 5.97590813e+05
6.39278557e+02, 2.80636896e+00, 1.56182022e-03, 9.78788790e-01, 7.50882736e-05, 1.32759219e-01, 6.00407429e+05
6.41282565e+02, 2.80772613e+00, 1.55694713e-03, 9.78789144e-01, 7.47369396e-05, 1.32533916e-01, 6.03228457e+05
6.43286574e+02, 2.80907908e+00, 1.55210436e-03, 9.78789494e-01, 7.43883355e-05, 1.32309664e-01, 6.06053889e+05
6.45290582e+02, 2.81042783e+00, 1.54729162e-03, 9.78789842e-01, 7.40424316e-05, 1.32086457e-01, 6.08883719e+05
6.47294590e+02, 2.81177240e+00, 1.54250863e-03, 9.78790187e-01, 7.36991988e-05, 1.31864285e-01, 6.11717939e+05
6.49298598e+02, 2.81311282e+00, 1.53775512e-03, 9.78790530e-01, 7.33586083e-05, 1.31643142e-01, 6.14556543e+05
6.51302606e+02, 2.81444911e+00, 1.53303082e-03, 9.78790870e-01, 7.30206317e-05, 1.31423018e-01, 6.17399525e+05
6.53306614e+02, 2.81578131e+00, 1.52833546e-03, 9.78791207e-01, 7.26852410e-05, 1.31203906e-01, 6.20246877e+05
6.55310622e+02, 2.81710943e+00, 1.52366877e-03, 9.78791542e-01, 7.23524086e-05, 1.30985798e-01, 6.23098592e+05
6.57314630e+02, 2.81843351e+00, 1.51903050e-03, 9.78791875e-01, 7.20221072e-05, 1.30768687e-01, 6.25954665e+05
6.59318638e+02, 2.81975356e+00, 1.51442038e-03, 9.78792205e-01, 7.16943101e-05, 1.30552566e-01, 6.28815088e+05
6.61322646e+02, 2.82106960e+00, 1.50983815e-03, 9.78792532e-01, 7.13689906e-05, 1.30337426e-01, 6.31679856e+05
6.63326654e+02, 2.82238168e+00, 1.50528357e-03, 9.78792857e-01, 7.10461226e-05, 1.30123260e-01, 6.34548960e+05
6.65330662e+02, 2.82368980e+00, 1.50075639e-03, 9.78793180e-01, 7.07256804e-05, 1.29910061e-01, 6.37422395e+05
6.67334670e+02, 2.82499399e+00, 1.49625636e-03, 9.78793500e-01, 7.04076386e-05, 1.29697821e-01, 6.40300155e+05
6.69338678e+02, 2.82629428e+00, 1.49178323e-03, 9.78793818e-01, 7.00919719e-05, 1.29486535e-01, 6.43182232e+05
6.71342686e+02, 2.82759068e+00, 1.48733677e-03, 9.78794134e-01, 6.97786558e-05, 1.29276193e-01, 6.46068620e+05
6.73346694e+02, 2.82888323e+00, 1.48291674e-03, 9.78794447e-01, 6.94676656e-05, 1.29066790e-01, 6.48959314e+05
6.75350702e+02, 2.83017194e+00, 1.47852290e-03, 9.78794758e-01, 6.91589774e-05, 1.28858318e-01, 6.51854305e+05
6.77354710e+02, 2.83145684e+00, 1.47415502e-03, 9.78795067e-01, 6.88525673e-05, 1.28650771e-01, 6.54753589e+05
6.79358718e+02, 2.83273795e+00, 1.46981287e-03, 9.78795373e-01, 6.85484119e-05, 1.28444141e-01, 6.57657159e+05
6.81362726e+02, 2.83401530e+00, 1.46549623e-03, 9.78795677e-01, 6.82464880e-05, 1.28238422e-01, 6.60565008e+05
6.83366734e+02, 2.83528889e+00, 1.46120486e-03, 9.78795979e-01, 6.79467728e-05, 1.28033608e-01, 6.63477130e+05
6.85370742e+02, 2.83655876e+00, 1.45693856e-03, 9.78796279e-01, 6.76492437e-05, 1.27829691e-01, 6.66393519e+05
6.87374750e+02, 2.83782493e+00, 1.45269710e-03, 9.78796577e-01, 6.73538785e-05, 1.27626666e-01, 6.69314168e+05
6.89378758e+02, 2.83908742e+00, 1.44848026e-03, 9.78796873e-01, 6.70606551e-05, 1.27424525e-01, 6.72239072e+05
6.91382766e+02, 2.84034625e+00, 1.44428783e-03, 9.78797166e-01, 6.67695519e-05, 1.27223262e-01, 6.75168224e+05
6.93386774e+02, 2.84160144e+00, 1.44011960e-03, 9.78797458e-01, 6.64805476e-05, 1.27022871e-01, 6.78101619e+05
6.95390782e+02, 2.84285301e+00, 1.43597535e-03, 9.78797747e-01, 6.61936209e-05, 1.26823346e-01, 6.81039249e+05
6.97394790e+02, 2.84410099e+00, 1.43185490e-03, 9.78798035e-01, 6.59087510e-05, 1.26624680e-01, 6.83981109e+05
6.99398798e+02, 2.84534539e+00, 1.42775802e-03, 9.78798320e-01, 6.56259174e-05, 1.26426867e-01, 6.86927193e+05
7.01402806e+02, 2.84658624e+00, 1.42368452e-03, 9.78798603e-01, 6.53450997e-05, 1.26229902e-01, 6.89877495e+05
7.03406814e+02, 2.84782355e+00, 1.41963419e-03, 9.78798885e-01, 6.50662779e-05, 1.26033777e-01, 6.92832008e+05
7.05410822e+02, 2.84905734e+00, 1.41560685e-03, 9.78799164e-01, 6.47894321e-05, 1.25838488e-01, 6.95790727e+05
7.07414830e+02, 2.85028764e+00, 1.41160230e-03, 9.78799442e-01, 6.45145428e-05, 1.25644029e-01, 6.98753646e+05
7.09418838e+02, 2.85151447e+00, 1.40762033e-03, 9.78799717e-01, 6.42415908e-05, 1.25450392e-01, 7.01720759e+05
7.11422846e+02, 2.85273784e+00, 1.40366077e-03, 9.78799991e-01, 6.39705569e-05, 1.25257573e-01, 7.04692059e+05
7.13426854e+02, 2.85395777e+00, 1.39972342e-03, 9.78800263e-01, 6.37014223e-05, 1.25065566e-01, 7.07667542e+05
7.15430862e+02, 2.85517429e+00, 1.39580810e-03, 9.78800533e-01, 6.34341685e-05, 1.24874365e-01, 7.10647201e+05
7.17434870e+02, 2.85638740e+00, 1.39191462e-03, 9.78800801e-01, 6.31687770e-05, 1.24683965e-01, 7.13631030e+05
7.19438878e+02, 2.85759714e+00, 1.38804280e-03, 9.78801067e-01, 6.29052299e-05, 1.24494360e-01, 7.16619023e+05
7.21442886e+02, 2.85880352e+00, 1.38419247e-03, 9.78801332e-01, 6.26435091e-05, 1.24305544e-01, 7.19611175e+05
7.23446894e+02, 2.86000655e+00, 1.38036343e-03, 9.78801595e-01, 6.23835971e-05, 1.24117512e-01, 7.22607480e+05
7.25450902e+02, 2.86120627e+00, 1.37655552e-03, 9.78801856e-01, 6.21254763e-05, 1.23930259e-01, 7.25607933e+05
7.27454910e+02, 2.86240267e+00, 1.37276856e-03, 9.78802115e-01, 6.18691296e-05, 1.23743779e-01, 7.28612526e+05
7.29458918e+02, 2.86359580e+00, 1.36900238e-03, 9.78802372e-01, 6.16145398e-05, 1.23558067e-01, 7.31621256e+05
7.31462926e+02, 2.86478565e+00, 1.36525681e-03, 9.78802628e-01, 6.13616903e-05, 1.23373118e-01, 7.34634115e+05
7.33466934e+02, 2.86597225e+00, 1.36153168e-03, 9.78802882e-01, 6.11105643e-05, 1.23188926e-01, 7.37651099e+05
7.35470942e+02, 2.86715562e+00, 1.35782682e-03, 9.78803134e-01, 6.08611455e-05, 1.23005487e-01, 7.40672201e+05
7.37474950e+02, 2.86833577e+00, 1.35414207e-03, 9.78803385e-01, 6.06134177e-05, 1.22822795e-01, 7.43697417e+05
7.39478958e+02, 2.86951272e+00, 1.35047727e-03, 9.78803634e-01, 6.03673649e-05, 1.22640845e-01, 7.46726740e+05
7.41482966e+02, 2.87068649e+00, 1.34683224e-03, 9.78803882e-01, 6.01229712e-05, 1.22459632e-01, 7.49760166e+05
7.43486974e+02, 2.87185710e+00, 1.34320685e-03, 9.78804127e-01, 5.98802210e-05, 1.22279151e-01, 7.52797687e+05
7.45490982e+02, 2.87302457e+00, 1.33960091e-03, 9.78804372e-01, 5.96390990e-05, 1.22099397e-01, 7.55839300e+05
7.47494990e+02, 2.87418890e+00, 1.33601429e-03, 9.78804614e-01, 5.93995898e-05, 1.21920366e-01, 7.58884998e+05
7.49498998e+02, 2.87535012e+00, 1.33244682e-03, 9.78804855e-01, 5.91616784e-05, 1.21742052e-01, 7.61934776e+05
7.51503006e+02, 2.87650824e+00, 1.32889835e-03, 9.78805095e-01, 5.89253500e-05, 1.21564452e-01, 7.64988629e+05
7.53507014e+02, 2.87766328e+00, 1.32536873e-03, 9.78805333e-01, 5.86905897e-05, 1.21387559e-01, 7.68046551e+05
7.55511022e+02, 2.87881526e+00, 1.32185781e-03, 9.78805569e-01, 5.84573831e-05, 1.21211369e-01, 7.71108536e+05
7.57515030e+02, 2.87996419e+00, 1.31836544e-03, 9.78805804e-01, 5.82257159e-05, 1.21035879e-01, 7.74174580e+05
7.59519038e+02, 2.88111009e+00, 1.31489147e-03, 9.78806037e-01, 5.79955737e-05, 1.20861082e-01, 7.77244677e+05
7.61523046e+02, 2.88225297e+00, 1.31143577e-03, 9.78806269e-01, 5.77669427e-05, 1.20686975e-01, 7.80318821e+05
7.63527054e+02, 2.88339286e+00, 1.30799819e-03, 9.78806500e-01, 5.75398089e-05, 1.20513553e-01, 7.83397008e+05
7.65531062e+02, 2.88452976e+00, 1.30457857e-03, 9.78806729e-01, 5.73141587e-05, 1.20340811e-01, 7.86479231e+05
7.67535070e+02, 2.88566369e+00, 1.30117680e-03, 9.78806956e-01, 5.70899786e-05, 1.20168746e-01, 7.89565487e+05
7.69539078e+02, 2.88679467e+00, 1.29779271e-03, 9.78807182e-01, 5.68672551e-05, 1.19997352e-01, 7.92655768e+05
7.71543086e+02, 2.88792271e+00, 1.29442618e-03, 9.78807407e-01, 5.66459750e-05, 1.19826626e-01, 7.95750071e+05
7.73547094e+02, 2.88904783e+00, 1.29107708e-03, 9.78807630e-01, 5.64261254e-05, 1.19656562e-01, 7.98848390e+05
7.75551102e+02, 2.89017004e+00, 1.28774526e-03, 9.78807852e-01, 5.62076932e-05, 1.19487158e-01, 8.01950720e+05
7.77555110e+02, 2.89128936e+00, 1.28443059e-03, 9.78808073e-01, 5.59906657e-05, 1.19318408e-01, 8.05057055e+05
7.79559118e+02, 2.89240580e+00, 1.28113294e-03, 9.78808292e-01, 5.57750303e-05, 1.19150308e-01, 8.08167391e+05
7.81563126e+02, 2.89351938e+00, 1.27785218e-03, 9.78808510e-01, 5.55607746e-05, 1.18982854e-01, 8.11281722e+05
7.83567134e+02, 2.89463011e+00, 1.27458819e-03, 9.78808726e-01, 5.53478861e-05, 1.18816042e-01, 8.14400043e+05
7.85571142e+02, 2.89573801e+00, 1.27134082e-03, 9.78808941e-01, 5.51363528e-05, 1.18649868e-01, 8.17522350e+05
7.87575151e+02, 2.89684309e+00, 1.26810996e-03, 9.78809155e-01, 5.49261625e-05, 1.18484328e-01, 8.20648636e+05
7.89579159e+02, 2.89794536e+00, 1.26489547e-03, 9.78809368e-01, 5.47173034e-05, 1.18319418e-01, 8.23778897e+05
7.91583167e+02, 2.89904484e+00, 1.26169725e-03, 9.78809579e-01, 5.45097637e-05, 1.18155134e-01, 8.26913129e+05
7.93587175e+02, 2.90014155e+00, 1.25851515e-03, 9.78809789e-01, 5.43035317e-05, 1.17991472e-01, 8.30051325e+05
7.95591183e+02, 2.90123549e+00, 1.25534907e-03, 9.78809998e-01, 5.40985960e-05, 1.17828427e-01, 8.33193481e+05
7.97595191e+02, 2.90232669e+00, 1.25219888e-03, 9.78810205e-01, 5.38949452e-05, 1.17665997e-01, 8.36339592e+05
7.99599199e+02, 2.90341515e+00, 1.24906445e-03, 9.78810411e-01, 5.36925679e-05, 1.17504177e-01, 8.39489652e+05
8.01603207e+02, 2.90450089e+00, 1.24594568e-03, 9.78810616e-01, 5.34914532e-05, 1.17342963e-01, 8.42643658e+05
8.03607215e+02, 2.90558392e+00, 1.24284245e-03, 9.78810820e-01, 5.32915899e-05, 1.17182352e-01, 8.45801604e+05
8.05611223e+02, 2.90666426e+00, 1.23975463e-03, 9.78811022e-01, 5.30929673e-05, 1.17022340e-01, 8.48963485e+05
8.07615231e+02, 2.90774192e+00, 1.23668212e-03, 9.78811224e-01, 5.28955745e-05, 1.16862923e-01, 8.52129296e+05
8.09619239e+02, 2.90881691e+00, 1.23362480e-03, 9.78811424e-01, 5.26994010e-05, 1.16704098e-01, 8.55299033e+05
8.11623247e+02, 2.90988924e+00, 1.23058257e-03, 9.78811623e-01, 5.25044361e-05, 1.16545861e-01, 8.58472690e+05
8.13627255e+02, 2.91095894e+00, 1.22755530e-03, 9.78811820e-01, 5.23106696e-05, 1.16388208e-01, 8.61650263e+05
8.15631263e+02, 2.91202600e+00, 1.22454288e-03, 9.78812017e-01, 5.21180911e-05, 1.16231135e-01, 8.64831747e+05
8.17635271e+02, 2.91309045e+00, 1.22154522e-03, 9.78812212e-01, 5.19266905e-05, 1.16074640e-01, 8.68017136e+05
8.19639279e+02, 2.91415230e+00, 1.21856219e-03, 9.78812407e-01, 5.17364576e-05, 1.15918718e-01, 8.71206427e+05
8.21643287e+02, 2.91521156e+00, 1.21559370e-03, 9.78812600e-01, 5.15473826e-05, 1.15763366e-01, 8.74399615e+05
8.23647295e+02, 2.91626824e+00, 1.21263964e-03, 9.78812792e-01, 5.13594556e-05, 1.15608581e-01, 8.77596694e+05
8.25651303e+02, 2.91732235e+00, 1.20969990e-03, 9.78812983e-01, 5.11726668e-05, 1.15454360e-01, 8.80797661e+05
8.27655311e+02, 2.91837392e+00, 1.20677438e-03, 9.78813173e-01, 5.09870067e-05, 1.15300698e-01, 8.84002510e+05
8.29659319e+02, 2.91942294e+00, 1.20386298e-03, 9.78813362e-01, 5.08024657e-05, 1.15147592e-01, 8.87211236e+05
8.31663327e+02, 2.92046944e+00, 1.20096559e-03, 9.78813549e-01, 5.06190344e-05, 1.14995039e-01, 8.90423835e+05
8.33667335e+02, 2.92151342e+00, 1.19808211e-03, 9.78813736e-01, 5.04367035e-05, 1.14843037e-01, 8.93640303e+05
8.35671343e+02, 2.92255489e+00, 1.19521244e-03, 9.78813921e-01, 5.02554637e-05, 1.14691580e-01, 8.96860634e+05
8.37675351e+02, 2.92359388e+00, 1.19235649e-03, 9.78814106e-01, 5.00753059e-05, 1.14540667e-01, 9.00084824e+05
8.39679359e+02, 2.92463038e+00, 1.18951416e-03, 9.78814289e-01, 4.98962211e-05, 1.14390294e-01, 9.03312869e+05
8.41683367e+02, 2.92566442e+00, 1.18668534e-03, 9.78814472e-01, 4.97182005e-05, 1.14240457e-01, 9.06544763e+05
8.43687375e+02, 2.92669600e+00, 1.18386995e-03, 9.78814653e-01, 4.95412350e-05, 1.14091154e-01, 9.09780503e+05
8.45691383e+02, 2.92772514e+00, 1.18106788e-03, 9.78814834e-01, 4.93653161e-05, 1.13942382e-01, 9.13020083e+05
8.47695391e+02, 2.92875184e+00, 1.17827905e-03, 9.78815013e-01, 4.91904351e-05, 1.13794136e-01, 9.16263500e+05
8.49699399e+02, 2.92977613e+00, 1.17550336e-03, 9.78815191e-01, 4.90165834e-05, 1.13646415e-01, 9.19510747e+05
8.51703407e+02, 2.93079800e+00, 1.17274071e-03, 9.78815369e-01, 4.88437525e-05, 1.13499215e-01, 9.22761822e+05
8.53707415e+02, 2.93181747e+00, 1.16999102e-03, 9.78815545e-01, 4.86719341e-05, 1.13352533e-01, 9.26016720e+05
8.55711423e+02, 2.93283456e+00, 1.16725419e-03, 9.78815721e-01, 4.85011200e-05, 1.13206366e-01, 9.29275436e+05
8.57715431e+02, 2.93384927e+00, 1.16453014e-03, 9.78815895e-01, 4.83313018e-05, 1.13060711e-01, 9.32537965e+05
8.59719439e+02, 2.93486161e+00, 1.16181877e-03, 9.78816069e-01, 4.81624715e-05, 1.12915565e-01, 9.35804303e+05
8.61723447e+02, 2.93587160e+00, 1.15912000e-03, 9.78816241e-01, 4.79946211e-05, 1.12770924e-01, 9.39074446e+05
8.63727455e+02, 2.93687925e+00, 1.15643373e-03, 9.78816413e-01, 4.78277426e-05, 1.12626787e-01, 9.42348390e+05
8.65731463e+02, 2.93788456e+00, 1.15375989e-03, 9.78816584e-01, 4.76618281e-05, 1.12483150e-01, 9.45626129e+05
8.67735471e+02, 2.93888755e+00, 1.15109839e-03, 9.78816754e-01, 4.74968700e-05, 1.12340011e-01, 9.48907660e+05
8.69739479e+02, 2.93988824e+00, 1.14844913e-03, 9.78816922e-01, 4.73328604e-05, 1.12197366e-01, 9.52192978e+05
8.71743487e+02, 2.94088662e+00, 1.14581205e-03, 9.78817090e-01, 4.71697918e-05, 1.12055212e-01, 9.55482079e+05
8.73747495e+02, 2.94188271e+00, 1.14318704e-03, 9.78817257e-01, 4.70076566e-05, 1.11913548e-01, 9.58774958e+05
8.75751503e+02, 2.94287652e+00, 1.14057404e-03, 9.78817424e-01, 4.68464474e-05, 1.11772369e-01, 9.62071611e+05
8.77755511e+02, 2.94386806e+00, 1.13797295e-03, 9.78817589e-01, 4.66861567e-05, 1.11631673e-01, 9.65372034e+05
8.79759519e+02, 2.94485735e+00, 1.13538370e-03, 9.78817753e-01, 4.65267773e-05, 1.11491458e-01, 9.68676222e+05
8.81763527e+02, 2.94584438e+00, 1.13280620e-03, 9.78817917e-01, 4.63683019e-05, 1.11351721e-01, 9.71984172e+05
8.83767535e+02, 2.94682918e+00, 1.13024039e-03, 9.78818080e-01, 4.62107234e-05, 1.11212459e-01, 9.75295878e+05
8.85771543e+02, 2.94781175e+00, 1.12768616e-03, 9.78818241e-01, 4.60540347e-05, 1.11073669e-01, 9.78611337e+05
8.87775551e+02, 2.94879210e+00, 1.12514346e-03, 9.78818402e-01, 4.58982287e-05, 1.10935348e-01, 9.81930545e+05
8.89779559e+02, 2.94977024e+00, 1.12261220e-03, 9.78818562e-01, 4.57432985e-05, 1.10797495e-01, 9.85253497e+05
8.91783567e+02, 2.95074619e+00, 1.12009230e-03, 9.78818722e-01, 4.55892373e-05, 1.10660106e-01, 9.88580188e+05
8.93787575e+02, 2.95171994e+00, 1.11758369e-03, 9.78818880e-01, 4.54360381e-05, 1.10523179e-01, 9.91910616e+05
8.95791583e+02, 2.95269152e+00, 1.11508629e-03, 9.78819038e-01, 4.52836944e-05, 1.10386711e-01, 9.95244775e+05
8.97795591e+02, 2.95366093e+00, 1.11260003e-03, 9.78819195e-01, 4.51321994e-05, 1.10250700e-01, 9.98582661e+05
8.99799599e+02, 2.95462818e+00, 1.11012483e-03, 9.78819351e-01, 4.49815465e-05, 1.10115143e-01, 1.00192427e+06
9.01803607e+02, 2.95559329e+00, 1.10766062e-03, 9.78819506e-01, 4.48317291e-05, 1.09980038e-01, 1.00526960e+06
9.03807615e+02, 2.95655625e+00, 1.10520732e-03, 9.78819660e-01, 4.46827409e-05, 1.09845382e-01, 1.00861864e+06
9.05811623e+02, 2.95751708e+00, 1.10276487e-03, 9.78819814e-01, 4.45345753e-05, 1.09711172e-01, 1.01197140e+06
9.07815631e+02, 2.95847579e+00, 1.10033319e-03, 9.78819967e-01, 4.43872261e-05, 1.09577406e-01, 1.01532786e+06
9.09819639e+02, 2.95943239e+00, 1.09791221e-03, 9.78820119e-01, 4.42406869e-05, 1.09444083e-01, 1.01868802e+06
9.11823647e+02, 2.96038688e+00, 1.09550186e-03, 9.78820270e-01, 4.40949516e-05, 1.09311198e-01, 1.02205189e+06
9.13827655e+02, 2.96133928e+00, 1.09310207e-03, 9.78820421e-01, 4.39500139e-05, 1.09178751e-01, 1.02541944e+06
9.15831663e+02, 2.96228960e+00, 1.09071277e-03, 9.78820571e-01, 4.38058679e-05, 1.09046737e-01, 1.02879069e+06
9.17835671e+02, 2.96323785e+00, 1.08833389e-03, 9.78820720e-01, 4.36625073e-05, 1.08915156e-01, 1.03216563e+06
9.19839679e+02, 2.96418402e+00, 1.08596537e-03, 9.78820868e-01, 4.35199263e-05, 1.08784005e-01, 1.03554424e+06
9.21843687e+02, 2.96512815e+00, 1.08360713e-03, 9.78821016e-01, 4.33781190e-05, 1.08653281e-01, 1.03892654e+06
9.23847695e+02, 2.96607022e+00, 1.08125911e-03, 9.78821163e-01, 4.32370794e-05, 1.08522983e-01, 1.04231251e+06
9.25851703e+02, 2.96701025e+00, 1.07892125e-03, 9.78821309e-01, 4.30968018e-05, 1.08393107e-01, 1.04570215e+06
9.27855711e+02, 2.96794826e+00, 1.07659348e-03, 9.78821454e-01, 4.29572804e-05, 1.08263652e-01, 1.04909545e+06
9.29859720e+02, 2.96888424e+00, 1.07427572e-03, 9.78821599e-01, 4.28185096e-05, 1.08134615e-01, 1.05249242e+06
9.31863728e+02, 2.96981821e+00, 1.07196793e-03, 9.78821743e-01, 4.26804836e-05, 1.08005994e-01, 1.05589305e+06
9.33867736e+02, 2.97075017e+00, 1.06967003e-03, 9.78821886e-01, 4.25431969e-05, 1.07877786e-01, 1.05929733e+06
9.35871744e+02, 2.97168014e+00, 1.06738196e-03, 9.78822029e-01, 4.24066439e-05, 1.07749991e-01, 1.06270526e+06
9.37875752e+02, 2.97260812e+00, 1.06510366e-03, 9.78822171e-01, 4.22708193e-05, 1.07622604e-01, 1.06611684e+06
9.39879760e+02, 2.97353413e+00, 1.06283506e-03, 9.78822312e-01, 4.21357175e-05, 1.07495625e-01, 1.06953207e+06
9.41883768e+02, 2.97445816e+00, 1.06057611e-03, 9.78822453e-01, 4.20013332e-05, 1.07369051e-01, 1.07295093e+06
9.43887776e+02, 2.97538023e+00, 1.05832674e-03, 9.78822592e-01, 4.18676610e-05, 1.07242880e-01, 1.07637342e+06
9.45891784e+02, 2.97630035e+00, 1.05608689e-03, 9.78822732e-01, 4.17346958e-05, 1.07117110e-01, 1.07979955e+06
9.47895792e+02, 2.97721852e+00, 1.05385650e-03, 9.78822870e-01, 4.16024322e-05, 1.06991738e-01, 1.08322931e+06
9.49899800e+02, 2.97813476e+00, 1.05163551e-03, 9.78823008e-01, 4.14708650e-05, 1.06866763e-01, 1.08666269e+06
9.51903808e+02, 2.97904906e+00, 1.04942387e-03, 9.78823145e-01, 4.13399893e-05, 1.06742182e-01, 1.09009969e+06
9.53907816e+02, 2.97996145e+00, 1.04722151e-03, 9.78823282e-01, 4.12097999e-05, 1.06617994e-01, 1.09354030e+06
9.55911824e+02, 2.98087192e+00, 1.04502837e-03, 9.78823418e-01, 4.10802917e-05, 1.06494196e-01, 1.09698453e+06
9.57915832e+02, 2.98178049e+00, 1.04284439e-03, 9.78823553e-01, 4.09514598e-05, 1.06370786e-01, 1.10043236e+06
9.59919840e+02, 2.98268716e+00, 1.04066953e-03, 9.78823688e-01, 4.08232992e-05, 1.06247763e-01, 1.10388380e+06
9.61923848e+02, 2.98359194e+00, 1.03850372e-03, 9.78823822e-01, 4.06958051e-05, 1.06125123e-01, 1.10733884e+06
9.63927856e+02, 2.98449484e+00, 1.03634691e-03, 9.78823955e-01, 4.05689727e-05, 1.06002866e-01, 1.11079748e+06
9.65931864e+02, 2.98539587e+00, 1.03419903e-03, 9.78824088e-01, 4.04427970e-05, 1.05880990e-01, 1.11425971e+06
9.67935872e+02, 2.98629503e+00, 1.03206005e-03, 9.78824220e-01, 4.03172735e-05, 1.05759491e-01, 1.11772553e+06
9.69939880e+02, 2.98719234e+00, 1.02992989e-03, 9.78824352e-01, 4.01923972e-05, 1.05638369e-01, 1.12119494e+06
9.71943888e+02, 2.98808779e+00, 1.02780850e-03, 9.78824483e-01, 4.00681637e-05, 1.05517622e-01, 1.12466793e+06
9.73947896e+02, 2.98898141e+00, 1.02569584e-03, 9.78824613e-01, 3.99445683e-05, 1.05397246e-01, 1.12814450e+06
9.75951904e+02, 2.98987318e+00, 1.02359184e-03, 9.78824743e-01, 3.98216064e-05, 1.05277242e-01, 1.13162464e+06
9.77955912e+02, 2.99076313e+00, 1.02149646e-03, 9.78824872e-01, 3.96992734e-05, 1.05157606e-01, 1.13510836e+06
9.79959920e+02, 2.99165126e+00, 1.01940964e-03, 9.78825001e-01, 3.95775649e-05, 1.05038337e-01, 1.13859564e+06
9.81963928e+02, 2.99253758e+00, 1.01733133e-03, 9.78825129e-01, 3.94564764e-05, 1.04919433e-01, 1.14208648e+06
9.83967936e+02, 2.99342209e+00, 1.01526148e-03, 9.78825257e-01, 3.93360035e-05, 1.04800891e-01, 1.14558089e+06
9.85971944e+02, 2.99430481e+00, 1.01320003e-03, 9.78825383e-01, 3.92161418e-05, 1.04682712e-01, 1.14907885e+06
9.87975952e+02, 2.99518573e+00, 1.01114693e-03, 9.78825510e-01, 3.90968871e-05, 1.04564891e-01, 1.15258037e+06
9.89979960e+02, 2.99606487e+00, 1.00910214e-03, 9.78825636e-01, 3.89782349e-05, 1.04447428e-01, 1.15608543e+06
9.91983968e+02, 2.99694224e+00, 1.00706560e-03, 9.78825761e-01, 3.88601811e-05, 1.04330321e-01, 1.15959404e+06
9.93987976e+02, 2.99781783e+00, 1.00503727e-03, 9.78825886e-01, 3.87427214e-05, 1.04213568e-01, 1.16310620e+06
9.95991984e+02, 2.99869167e+00, 1.00301709e-03, 9.78826010e-01, 3.86258517e-05, 1.04097167e-01, 1.16662189e+06
9.97995992e+02, 2.99956375e+00, 1.00100502e-03, 9.78826133e-01, 3.85095678e-05, 1.03981116e-01, 1.17014112e+06
1.00000000e+03, 3.00043408e+00, 9.99000999e-04, 9.78826256e-01, 3.83938656e-05, 1.03865414e-01, 1.17366387e+06
