z, log10(1+z), a, H0*t_look, H0*t_age, H0*t_conf, H(z) 
1.00000000e-06, 4.34294265e-07, 9.99999000e-01, 9.99998750e-07, 6.66665646e-01, 1.99367448e+00, 6.76601015e+01
2.00400901e+00, 4.77701232e-01, 3.32888482e-01, 5.38623356e-01, 1.28043289e-01, 1.14760525e+00, 3.52276636e+02
4.00801703e+00, 6.99665797e-01, 1.99679832e-01, 6.07181313e-01, 5.94853323e-02, 8.87386464e-01, 7.58281899e+02
6.01202504e+00, 8.45843458e-01, 1.42612155e-01, 6.30762607e-01, 3.59040383e-02, 7.48955966e-01, 1.25631105e+03
8.01603306e+00, 9.55015495e-01, 1.10913524e-01, 6.42041142e-01, 2.46255039e-02, 6.59749118e-01, 1.83170376e+03
1.00200411e+01, 1.04218321e+00, 9.07437634e-02, 6.48443077e-01, 1.82235683e-02, 5.96149587e-01, 2.47518015e+03
1.20240491e+01, 1.11474602e+00, 7.67810374e-02, 6.52482961e-01, 1.41836844e-02, 5.47863305e-01, 3.18017508e+03
1.40280571e+01, 1.17690284e+00, 6.65422013e-02, 6.55223282e-01, 1.14433633e-02, 5.09590978e-01, 3.94172433e+03
1.60320651e+01, 1.23126731e+00, 5.87127863e-02, 6.57182312e-01, 9.48433341e-03, 4.78289906e-01, 4.75590265e+03
1.80360731e+01, 1.27957736e+00, 5.25318427e-02, 6.58639862e-01, 8.02678358e-03, 4.52071998e-01, 5.61950472e+03
2.00400811e+01, 1.32304741e+00, 4.75283338e-02, 6.59758901e-01, 6.90774505e-03, 4.29695356e-01, 6.52984856e+03
2.20440892e+01, 1.36255955e+00, 4.33950760e-02, 6.60640108e-01, 6.02653803e-03, 4.10305173e-01, 7.48464685e+03
2.40480972e+01, 1.39877474e+00, 3.99231923e-02, 6.61348687e-01, 5.31795809e-03, 3.93291253e-01, 8.48191864e+03
2.60521052e+01, 1.43220107e+00, 3.69656998e-02, 6.61928535e-01, 4.73811075e-03, 3.78204798e-01, 9.51992648e+03
2.80561132e+01, 1.46323752e+00, 3.44161655e-02, 6.62410168e-01, 4.25647720e-03, 3.64707364e-01, 1.05971302e+04
3.00601212e+01, 1.49220315e+00, 3.21956245e-02, 6.62815396e-01, 3.85124941e-03, 3.52538261e-01, 1.17121523e+04
3.20641292e+01, 1.51935709e+00, 3.02442563e-02, 6.63160173e-01, 3.50647297e-03, 3.41492994e-01, 1.28637511e+04
3.40681372e+01, 1.54491270e+00, 2.85159144e-02, 6.63456410e-01, 3.21023513e-03, 3.31408592e-01, 1.40507996e+04
3.60721453e+01, 1.56904772e+00, 2.69744303e-02, 6.63713165e-01, 2.95348020e-03, 3.22153362e-01, 1.52722692e+04
3.80761533e+01, 1.59191180e+00, 2.55910553e-02, 6.63937431e-01, 2.72921456e-03, 3.13619567e-01, 1.65272159e+04
4.00801613e+01, 1.61363214e+00, 2.43426503e-02, 6.64134685e-01, 2.53196043e-03, 3.05718103e-01, 1.78147693e+04
4.20841693e+01, 1.63431772e+00, 2.32103814e-02, 6.64309273e-01, 2.35737282e-03, 2.98374550e-01, 1.91341238e+04
4.40881773e+01, 1.65406268e+00, 2.21787630e-02, 6.64464680e-01, 2.20196577e-03, 2.91526198e-01, 2.04845304e+04
4.60921853e+01, 1.67294884e+00, 2.12349457e-02, 6.64603732e-01, 2.06291359e-03, 2.85119781e-01, 2.18652909e+04
4.80961933e+01, 1.69104782e+00, 2.03681779e-02, 6.64728741e-01, 1.93790412e-03, 2.79109727e-01, 2.32757522e+04
5.01002014e+01, 1.70842261e+00, 1.95693945e-02, 6.64841616e-01, 1.82502916e-03, 2.73456780e-01, 2.47153014e+04
5.21042094e+01, 1.72512895e+00, 1.88308989e-02, 6.64943944e-01, 1.72270139e-03, 2.68126922e-01, 2.61833623e+04
5.41082174e+01, 1.74121636e+00, 1.81461141e-02, 6.65037055e-01, 1.62959085e-03, 2.63090503e-01, 2.76793915e+04
5.61122254e+01, 1.75672908e+00, 1.75093860e-02, 6.65122070e-01, 1.54457567e-03, 2.58321549e-01, 2.92028756e+04
5.81162334e+01, 1.77170676e+00, 1.69158274e-02, 6.65199942e-01, 1.46670363e-03, 2.53797197e-01, 3.07533284e+04
6.01202414e+01, 1.78618506e+00, 1.63611919e-02, 6.65271484e-01, 1.39516183e-03, 2.49497226e-01, 3.23302889e+04
6.21242494e+01, 1.80019623e+00, 1.58417725e-02, 6.65337393e-01, 1.32925258e-03, 2.45403683e-01, 3.39333186e+04
6.41282574e+01, 1.81376946e+00, 1.53543184e-02, 6.65398272e-01, 1.26837401e-03, 2.41500563e-01, 3.55620003e+04
6.61322655e+01, 1.82693130e+00, 1.48959668e-02, 6.65454641e-01, 1.21200450e-03, 2.37773545e-01, 3.72159362e+04
6.81362735e+01, 1.83970597e+00, 1.44641872e-02, 6.65506956e-01, 1.15968996e-03, 2.34209775e-01, 3.88947464e+04
7.01402815e+01, 1.85211558e+00, 1.40567338e-02, 6.65555612e-01, 1.11103344e-03, 2.30797671e-01, 4.05980676e+04
7.21442895e+01, 1.86418043e+00, 1.36716073e-02, 6.65600959e-01, 1.06568662e-03, 2.27526773e-01, 4.23255521e+04
7.41482975e+01, 1.87591915e+00, 1.33070214e-02, 6.65643303e-01, 1.02334265e-03, 2.24387603e-01, 4.40768665e+04
7.61523055e+01, 1.88734891e+00, 1.29613755e-02, 6.65682915e-01, 9.83730352e-04, 2.21371550e-01, 4.58516909e+04
7.81563135e+01, 1.89848556e+00, 1.26332311e-02, 6.65720036e-01, 9.46609217e-04, 2.18470771e-01, 4.76497179e+04
8.01603216e+01, 1.90934376e+00, 1.23212917e-02, 6.65754880e-01, 9.11765302e-04, 2.15678105e-01, 4.94706518e+04
8.21643296e+01, 1.91993709e+00, 1.20243860e-02, 6.65787638e-01, 8.79007719e-04, 2.12986999e-01, 5.13142079e+04
8.41683376e+01, 1.93027817e+00, 1.17414526e-02, 6.65818480e-01, 8.48165672e-04, 2.10391444e-01, 5.31801122e+04
8.61723456e+01, 1.94037873e+00, 1.14715280e-02, 6.65847560e-01, 8.19085929e-04, 2.07885915e-01, 5.50680999e+04
8.81763536e+01, 1.95024971e+00, 1.12137350e-02, 6.65875015e-01, 7.91630667e-04, 2.05465325e-01, 5.69779158e+04
9.01803616e+01, 1.95990131e+00, 1.09672739e-02, 6.65900970e-01, 7.65675619e-04, 2.03124982e-01, 5.89093131e+04
9.21843696e+01, 1.96934307e+00, 1.07314135e-02, 6.65925537e-01, 7.41108475e-04, 2.00860548e-01, 6.08620534e+04
9.41883777e+01, 1.97858392e+00, 1.05054842e-02, 6.65948818e-01, 7.17827511e-04, 1.98668005e-01, 6.28359059e+04
9.61923857e+01, 1.98763224e+00, 1.02888718e-02, 6.65970905e-01, 6.95740393e-04, 1.96543629e-01, 6.48306472e+04
9.81963937e+01, 1.99649588e+00, 1.00810116e-02, 6.65991882e-01, 6.74763135e-04, 1.94483959e-01, 6.68460607e+04
1.00200402e+02, 2.00518224e+00, 9.88138370e-03, 6.66011826e-01, 6.54819200e-04, 1.92485775e-01, 6.88819365e+04
1.02204410e+02, 2.01369825e+00, 9.68950845e-03, 6.66030807e-01, 6.35838705e-04, 1.90546078e-01, 7.09380710e+04
1.04208418e+02, 2.02205049e+00, 9.50494287e-03, 6.66048888e-01, 6.17757728e-04, 1.88662069e-01, 7.30142666e+04
1.06212426e+02, 2.03024512e+00, 9.32727707e-03, 6.66066128e-01, 6.00517699e-04, 1.86831134e-01, 7.51103312e+04
1.08216434e+02, 2.03828799e+00, 9.15613123e-03, 6.66082581e-01, 5.84064861e-04, 1.85050827e-01, 7.72260782e+04
1.10220442e+02, 2.04618462e+00, 8.99115292e-03, 6.66098296e-01, 5.68349796e-04, 1.83318857e-01, 7.93613263e+04
1.12224450e+02, 2.05394022e+00, 8.83201466e-03, 6.66113319e-01, 5.53327005e-04, 1.81633074e-01, 8.15158989e+04
1.14228458e+02, 2.06155975e+00, 8.67841173e-03, 6.66127692e-01, 5.38954534e-04, 1.79991463e-01, 8.36896242e+04
1.16232466e+02, 2.06904790e+00, 8.53006028e-03, 6.66141452e-01, 5.25193641e-04, 1.78392127e-01, 8.58823349e+04
1.18236474e+02, 2.07640912e+00, 8.38669551e-03, 6.66154638e-01, 5.12008503e-04, 1.76833283e-01, 8.80938681e+04
1.20240482e+02, 2.08364765e+00, 8.24807016e-03, 6.66167280e-01, 4.99365950e-04, 1.75313249e-01, 9.03240649e+04
1.22244490e+02, 2.09076751e+00, 8.11395301e-03, 6.66179411e-01, 4.87235230e-04, 1.73830443e-01, 9.25727703e+04
1.24248498e+02, 2.09777253e+00, 7.98412769e-03, 6.66191059e-01, 4.75587796e-04, 1.72383369e-01, 9.48398334e+04
1.26252506e+02, 2.10466634e+00, 7.85839142e-03, 6.66202249e-01, 4.64397113e-04, 1.70970613e-01, 9.71251066e+04
1.28256514e+02, 2.11145244e+00, 7.73655400e-03, 6.66213008e-01, 4.53638495e-04, 1.69590842e-01, 9.94284459e+04
1.30260522e+02, 2.11813413e+00, 7.61843687e-03, 6.66223358e-01, 4.43288942e-04, 1.68242791e-01, 1.01749711e+05
1.32264530e+02, 2.12471457e+00, 7.50387219e-03, 6.66233320e-01, 4.33327005e-04, 1.66925263e-01, 1.04088764e+05
1.34268538e+02, 2.13119680e+00, 7.39270207e-03, 6.66242914e-01, 4.23732661e-04, 1.65637124e-01, 1.06445471e+05
1.36272546e+02, 2.13758369e+00, 7.28477783e-03, 6.66252159e-01, 4.14487197e-04, 1.64377296e-01, 1.08819700e+05
1.38276554e+02, 2.14387801e+00, 7.17995938e-03, 6.66261074e-01, 4.05573105e-04, 1.63144758e-01, 1.11211324e+05
1.40280562e+02, 2.15008241e+00, 7.07811454e-03, 6.66269673e-01, 3.96973995e-04, 1.61938539e-01, 1.13620217e+05
1.42284570e+02, 2.15619942e+00, 6.97911855e-03, 6.66277972e-01, 3.88674500e-04, 1.60757714e-01, 1.16046255e+05
1.44288578e+02, 2.16223147e+00, 6.88285352e-03, 6.66285987e-01, 3.80660207e-04, 1.59601406e-01, 1.18489319e+05
1.46292586e+02, 2.16818089e+00, 6.78920798e-03, 6.66293729e-01, 3.72917582e-04, 1.58468777e-01, 1.20949290e+05
1.48296594e+02, 2.17404990e+00, 6.69807645e-03, 6.66301213e-01, 3.65433904e-04, 1.57359030e-01, 1.23426054e+05
1.50300602e+02, 2.17984066e+00, 6.60935903e-03, 6.66308450e-01, 3.58197209e-04, 1.56271405e-01, 1.25919496e+05
1.52304610e+02, 2.18555521e+00, 6.52296105e-03, 6.66315451e-01, 3.51196234e-04, 1.55205177e-01, 1.28429507e+05
1.54308618e+02, 2.19119556e+00, 6.43879272e-03, 6.66322227e-01, 3.44420368e-04, 1.54159653e-01, 1.30955977e+05
1.56312626e+02, 2.19676358e+00, 6.35676884e-03, 6.66328788e-01, 3.37859606e-04, 1.53134171e-01, 1.33498801e+05
1.58316634e+02, 2.20226112e+00, 6.27680848e-03, 6.66335143e-01, 3.31504509e-04, 1.52128100e-01, 1.36057873e+05
1.60320642e+02, 2.20768994e+00, 6.19883474e-03, 6.66341301e-01, 3.25346162e-04, 1.51140834e-01, 1.38633091e+05
1.62324650e+02, 2.21305174e+00, 6.12277448e-03, 6.66347272e-01, 3.19376142e-04, 1.50171796e-01, 1.41224354e+05
1.64328658e+02, 2.21834814e+00, 6.04855813e-03, 6.66353061e-01, 3.13586483e-04, 1.49220430e-01, 1.43831565e+05
1.66332666e+02, 2.22358073e+00, 5.97611944e-03, 6.66358678e-01, 3.07969648e-04, 1.48286206e-01, 1.46454625e+05
1.68336674e+02, 2.22875103e+00, 5.90539530e-03, 6.66364130e-01, 3.02518500e-04, 1.47368616e-01, 1.49093439e+05
1.70340682e+02, 2.23386049e+00, 5.83632554e-03, 6.66369422e-01, 2.97226277e-04, 1.46467172e-01, 1.51747914e+05
1.72344690e+02, 2.23891054e+00, 5.76885279e-03, 6.66374562e-01, 2.92086565e-04, 1.45581405e-01, 1.54417959e+05
1.74348698e+02, 2.24390255e+00, 5.70292229e-03, 6.66379555e-01, 2.87093284e-04, 1.44710867e-01, 1.57103483e+05
1.76352706e+02, 2.24883782e+00, 5.63848176e-03, 6.66384408e-01, 2.82240656e-04, 1.43855126e-01, 1.59804396e+05
1.78356714e+02, 2.25371764e+00, 5.57548126e-03, 6.66389125e-01, 2.77523199e-04, 1.43013767e-01, 1.62520613e+05
1.80360722e+02, 2.25854324e+00, 5.51387306e-03, 6.66393713e-01, 2.72935698e-04, 1.42186392e-01, 1.65252047e+05
1.82364730e+02, 2.26331580e+00, 5.45361149e-03, 6.66398176e-01, 2.68473197e-04, 1.41372619e-01, 1.67998614e+05
1.84368738e+02, 2.26803649e+00, 5.39465289e-03, 6.66402518e-01, 2.64130977e-04, 1.40572078e-01, 1.70760231e+05
1.86372746e+02, 2.27270642e+00, 5.33695545e-03, 6.66406745e-01, 2.59904550e-04, 1.39784414e-01, 1.73536817e+05
1.88376754e+02, 2.27732667e+00, 5.28047914e-03, 6.66410860e-01, 2.55789637e-04, 1.39009287e-01, 1.76328290e+05
1.90380762e+02, 2.28189828e+00, 5.22518558e-03, 6.66414867e-01, 2.51782162e-04, 1.38246367e-01, 1.79134573e+05
1.92384770e+02, 2.28642227e+00, 5.17103802e-03, 6.66418772e-01, 2.47878240e-04, 1.37495336e-01, 1.81955588e+05
1.94388778e+02, 2.29089962e+00, 5.11800119e-03, 6.66422576e-01, 2.44074161e-04, 1.36755890e-01, 1.84791257e+05
1.96392786e+02, 2.29533128e+00, 5.06604126e-03, 6.66426284e-01, 2.40366387e-04, 1.36027733e-01, 1.87641506e+05
1.98396794e+02, 2.29971817e+00, 5.01512576e-03, 6.66429899e-01, 2.36751540e-04, 1.35310582e-01, 1.90506260e+05
2.00400802e+02, 2.30406120e+00, 4.96522351e-03, 6.66433424e-01, 2.33226391e-04, 1.34604161e-01, 1.93385447e+05
2.02404810e+02, 2.30836122e+00, 4.91630457e-03, 6.66436863e-01, 2.29787854e-04, 1.33908205e-01, 1.96278994e+05
2.04408818e+02, 2.31261908e+00, 4.86834016e-03, 6.66440218e-01, 2.26432980e-04, 1.33222460e-01, 1.99186830e+05
2.06412826e+02, 2.31683561e+00, 4.82130260e-03, 6.66443492e-01, 2.23158946e-04, 1.32546677e-01, 2.02108886e+05
2.08416834e+02, 2.32101159e+00, 4.77516529e-03, 6.66446688e-01, 2.19963050e-04, 1.31880618e-01, 2.05045092e+05
2.10420842e+02, 2.32514780e+00, 4.72990264e-03, 6.66449809e-01, 2.16842708e-04, 1.31224052e-01, 2.07995382e+05
2.12424850e+02, 2.32924499e+00, 4.68548999e-03, 6.66452856e-01, 2.13795441e-04, 1.30576754e-01, 2.10959687e+05
2.14428859e+02, 2.33330388e+00, 4.64190363e-03, 6.66455833e-01, 2.10818876e-04, 1.29938511e-01, 2.13937942e+05
2.16432867e+02, 2.33732519e+00, 4.59912071e-03, 6.66458742e-01, 2.07910738e-04, 1.29309111e-01, 2.16930082e+05
2.18436875e+02, 2.34130961e+00, 4.55711923e-03, 6.66461584e-01, 2.05068844e-04, 1.28688353e-01, 2.19936043e+05
2.20440883e+02, 2.34525780e+00, 4.51587796e-03, 6.66464362e-01, 2.02291101e-04, 1.28076041e-01, 2.22955761e+05
2.22444891e+02, 2.34917043e+00, 4.47537645e-03, 6.66467078e-01, 1.99575500e-04, 1.27471985e-01, 2.25989175e+05
2.24448899e+02, 2.35304812e+00, 4.43559497e-03, 6.66469733e-01, 1.96920111e-04, 1.26876001e-01, 2.29036221e+05
2.26452907e+02, 2.35689149e+00, 4.39651449e-03, 6.66472330e-01, 1.94323083e-04, 1.26287911e-01, 2.32096841e+05
2.28456915e+02, 2.36070115e+00, 4.35811665e-03, 6.66474871e-01, 1.91782634e-04, 1.25707543e-01, 2.35170974e+05
2.30460923e+02, 2.36447768e+00, 4.32038371e-03, 6.66477357e-01, 1.89297055e-04, 1.25134728e-01, 2.38258560e+05
2.32464931e+02, 2.36822165e+00, 4.28329856e-03, 6.66479790e-01, 1.86864700e-04, 1.24569304e-01, 2.41359542e+05
2.34468939e+02, 2.37193363e+00, 4.24684464e-03, 6.66482171e-01, 1.84483987e-04, 1.24011114e-01, 2.44473862e+05
2.36472947e+02, 2.37561414e+00, 4.21100599e-03, 6.66484502e-01, 1.82153395e-04, 1.23460005e-01, 2.47601462e+05
2.38476955e+02, 2.37926373e+00, 4.17576715e-03, 6.66486784e-01, 1.79871457e-04, 1.22915828e-01, 2.50742288e+05
2.40480963e+02, 2.38288290e+00, 4.14111319e-03, 6.66489019e-01, 1.77636765e-04, 1.22378440e-01, 2.53896282e+05
2.42484971e+02, 2.38647216e+00, 4.10702967e-03, 6.66491208e-01, 1.75447959e-04, 1.21847699e-01, 2.57063391e+05
2.44488979e+02, 2.39003200e+00, 4.07350263e-03, 6.66493353e-01, 1.73303732e-04, 1.21323471e-01, 2.60243561e+05
2.46492987e+02, 2.39356290e+00, 4.04051853e-03, 6.66495454e-01, 1.71202823e-04, 1.20805623e-01, 2.63436737e+05
2.48496995e+02, 2.39706532e+00, 4.00806431e-03, 6.66497513e-01, 1.69144016e-04, 1.20294026e-01, 2.66642868e+05
2.50501003e+02, 2.40053972e+00, 3.97612729e-03, 6.66499531e-01, 1.67126139e-04, 1.19788557e-01, 2.69861901e+05
2.52505011e+02, 2.40398655e+00, 3.94469520e-03, 6.66501510e-01, 1.65148063e-04, 1.19289093e-01, 2.73093784e+05
2.54509019e+02, 2.40740623e+00, 3.91375617e-03, 6.66503450e-01, 1.63208696e-04, 1.18795517e-01, 2.76338467e+05
2.56513027e+02, 2.41079920e+00, 3.88329869e-03, 6.66505352e-01, 1.61306987e-04, 1.18307714e-01, 2.79595900e+05
2.58517035e+02, 2.41416587e+00, 3.85331160e-03, 6.66507217e-01, 1.59441920e-04, 1.17825573e-01, 2.82866032e+05
2.60521043e+02, 2.41750664e+00, 3.82378408e-03, 6.66509047e-01, 1.57612514e-04, 1.17348983e-01, 2.86148815e+05
2.62525051e+02, 2.42082191e+00, 3.79470565e-03, 6.66510842e-01, 1.55817821e-04, 1.16877841e-01, 2.89444200e+05
2.64529059e+02, 2.42411206e+00, 3.76606615e-03, 6.66512604e-01, 1.54056927e-04, 1.16412042e-01, 2.92752139e+05
2.66533067e+02, 2.42737747e+00, 3.73785570e-03, 6.66514332e-01, 1.52328947e-04, 1.15951487e-01, 2.96072585e+05
2.68537075e+02, 2.43061851e+00, 3.71006475e-03, 6.66516028e-01, 1.50633025e-04, 1.15496078e-01, 2.99405490e+05
2.70541083e+02, 2.43383555e+00, 3.68268400e-03, 6.66517693e-01, 1.48968336e-04, 1.15045720e-01, 3.02750809e+05
2.72545091e+02, 2.43702893e+00, 3.65570443e-03, 6.66519328e-01, 1.47334080e-04, 1.14600320e-01, 3.06108494e+05
2.74549099e+02, 2.44019900e+00, 3.62911729e-03, 6.66520933e-01, 1.45729484e-04, 1.14159787e-01, 3.09478502e+05
2.76553107e+02, 2.44334609e+00, 3.60291409e-03, 6.66522510e-01, 1.44153799e-04, 1.13724035e-01, 3.12860787e+05
2.78557115e+02, 2.44647055e+00, 3.57708656e-03, 6.66524058e-01, 1.42606302e-04, 1.13292976e-01, 3.16255304e+05
2.80561123e+02, 2.44957269e+00, 3.55162669e-03, 6.66525578e-01, 1.41086292e-04, 1.12866528e-01, 3.19662010e+05
2.82565131e+02, 2.45265283e+00, 3.52652668e-03, 6.66527072e-01, 1.39593089e-04, 1.12444608e-01, 3.23080862e+05
2.84569139e+02, 2.45571127e+00, 3.50177895e-03, 6.66528539e-01, 1.38126038e-04, 1.12027138e-01, 3.26511815e+05
2.86573147e+02, 2.45874833e+00, 3.47737614e-03, 6.66529982e-01, 1.36684500e-04, 1.11614039e-01, 3.29954829e+05
2.88577155e+02, 2.46176430e+00, 3.45331109e-03, 6.66531399e-01, 1.35267859e-04, 1.11205236e-01, 3.33409860e+05
2.90581163e+02, 2.46475946e+00, 3.42957683e-03, 6.66532792e-01, 1.33875517e-04, 1.10800654e-01, 3.36876867e+05
2.92585171e+02, 2.46773412e+00, 3.40616659e-03, 6.66534161e-01, 1.32506895e-04, 1.10400222e-01, 3.40355809e+05
2.94589179e+02, 2.47068853e+00, 3.38307378e-03, 6.66535507e-01, 1.31161431e-04, 1.10003870e-01, 3.43846644e+05
2.96593187e+02, 2.47362298e+00, 3.36029198e-03, 6.66536830e-01, 1.29838579e-04, 1.09611527e-01, 3.47349334e+05
2.98597195e+02, 2.47653774e+00, 3.33781496e-03, 6.66538132e-01, 1.28537812e-04, 1.09223128e-01, 3.50863837e+05
3.00601203e+02, 2.47943307e+00, 3.31563664e-03, 6.66539412e-01, 1.27258617e-04, 1.08838607e-01, 3.54390114e+05
3.02605211e+02, 2.48230922e+00, 3.29375111e-03, 6.66540671e-01, 1.26000495e-04, 1.08457898e-01, 3.57928125e+05
3.04609219e+02, 2.48516645e+00, 3.27215260e-03, 6.66541909e-01, 1.24762965e-04, 1.08080941e-01, 3.61477833e+05
3.06613227e+02, 2.48800501e+00, 3.25083550e-03, 6.66543127e-01, 1.23545557e-04, 1.07707674e-01, 3.65039199e+05
3.08617235e+02, 2.49082513e+00, 3.22979436e-03, 6.66544325e-01, 1.22347816e-04, 1.07338036e-01, 3.68612184e+05
3.10621243e+02, 2.49362706e+00, 3.20902385e-03, 6.66545505e-01, 1.21169301e-04, 1.06971970e-01, 3.72196750e+05
3.12625251e+02, 2.49641102e+00, 3.18851877e-03, 6.66546665e-01, 1.20009582e-04, 1.06609418e-01, 3.75792862e+05
3.14629259e+02, 2.49917726e+00, 3.16827408e-03, 6.66547807e-01, 1.18868242e-04, 1.06250324e-01, 3.79400481e+05
3.16633267e+02, 2.50192598e+00, 3.14828484e-03, 6.66548931e-01, 1.17744876e-04, 1.05894634e-01, 3.83019572e+05
3.18637275e+02, 2.50465742e+00, 3.12854625e-03, 6.66550038e-01, 1.16639090e-04, 1.05542295e-01, 3.86650097e+05
3.20641283e+02, 2.50737179e+00, 3.10905363e-03, 6.66551127e-01, 1.15550501e-04, 1.05193253e-01, 3.90292021e+05
3.22645291e+02, 2.51006929e+00, 3.08980241e-03, 6.66552200e-01, 1.14478738e-04, 1.04847459e-01, 3.93945308e+05
3.24649299e+02, 2.51275015e+00, 3.07078812e-03, 6.66553256e-01, 1.13423438e-04, 1.04504861e-01, 3.97609924e+05
3.26653307e+02, 2.51541456e+00, 3.05200643e-03, 6.66554296e-01, 1.12384249e-04, 1.04165411e-01, 4.01285833e+05
3.28657315e+02, 2.51806272e+00, 3.03345308e-03, 6.66555320e-01, 1.11360829e-04, 1.03829062e-01, 4.04973000e+05
3.30661323e+02, 2.52069483e+00, 3.01512395e-03, 6.66556329e-01, 1.10352846e-04, 1.03495765e-01, 4.08671392e+05
3.32665331e+02, 2.52331108e+00, 2.99701499e-03, 6.66557323e-01, 1.09359975e-04, 1.03165476e-01, 4.12380974e+05
3.34669339e+02, 2.52591167e+00, 2.97912226e-03, 6.66558302e-01, 1.08381901e-04, 1.02838149e-01, 4.16101713e+05
3.36673347e+02, 2.52849678e+00, 2.96144190e-03, 6.66559266e-01, 1.07418317e-04, 1.02513740e-01, 4.19833576e+05
3.38677355e+02, 2.53106660e+00, 2.94397017e-03, 6.66560217e-01, 1.06468924e-04, 1.02192206e-01, 4.23576529e+05
3.40681363e+02, 2.53362129e+00, 2.92670338e-03, 6.66561153e-01, 1.05533431e-04, 1.01873505e-01, 4.27330539e+05
3.42685371e+02, 2.53616105e+00, 2.90963795e-03, 6.66562076e-01, 1.04611555e-04, 1.01557596e-01, 4.31095574e+05
3.44689379e+02, 2.53868604e+00, 2.89277039e-03, 6.66562985e-01, 1.03703021e-04, 1.01244438e-01, 4.34871603e+05
3.46693387e+02, 2.54119643e+00, 2.87609726e-03, 6.66563882e-01, 1.02807559e-04, 1.00933991e-01, 4.38658592e+05
3.48697395e+02, 2.54369240e+00, 2.85961524e-03, 6.66564765e-01, 1.01924908e-04, 1.00626217e-01, 4.42456511e+05
3.50701403e+02, 2.54617410e+00, 2.84332104e-03, 6.66565637e-01, 1.01054812e-04, 1.00321077e-01, 4.46265327e+05
3.52705411e+02, 2.54864170e+00, 2.82721148e-03, 6.66566495e-01, 1.00197023e-04, 1.00018534e-01, 4.50085011e+05
3.54709419e+02, 2.55109537e+00, 2.81128344e-03, 6.66567342e-01, 9.93512986e-05, 9.97185513e-02, 4.53915531e+05
3.56713427e+02, 2.55353524e+00, 2.79553386e-03, 6.66568177e-01, 9.85174026e-05, 9.94210930e-02, 4.57756856e+05
3.58717436e+02, 2.55596149e+00, 2.77995977e-03, 6.66569001e-01, 9.76951046e-05, 9.91261239e-02, 4.61608956e+05
3.60721444e+02, 2.55837426e+00, 2.76455825e-03, 6.66569813e-01, 9.68841800e-05, 9.88336096e-02, 4.65471802e+05
3.62725452e+02, 2.56077369e+00, 2.74932644e-03, 6.66570614e-01, 9.60844098e-05, 9.85435160e-02, 4.69345362e+05
3.64729460e+02, 2.56315994e+00, 2.73426155e-03, 6.66571404e-01, 9.52955804e-05, 9.82558101e-02, 4.73229609e+05
3.66733468e+02, 2.56553316e+00, 2.71936086e-03, 6.66572183e-01, 9.45174834e-05, 9.79704592e-02, 4.77124512e+05
3.68737476e+02, 2.56789347e+00, 2.70462170e-03, 6.66572952e-01, 9.37499154e-05, 9.76874314e-02, 4.81030043e+05
3.70741484e+02, 2.57024103e+00, 2.69004145e-03, 6.66573710e-01, 9.29926781e-05, 9.74066953e-02, 4.84946172e+05
3.72745492e+02, 2.57257596e+00, 2.67561756e-03, 6.66574458e-01, 9.22455779e-05, 9.71282203e-02, 4.88872871e+05
3.74749500e+02, 2.57489841e+00, 2.66134752e-03, 6.66575197e-01, 9.15084258e-05, 9.68519760e-02, 4.92810111e+05
3.76753508e+02, 2.57720851e+00, 2.64722889e-03, 6.66575926e-01, 9.07810372e-05, 9.65779329e-02, 4.96757865e+05
3.78757516e+02, 2.57950638e+00, 2.63325927e-03, 6.66576645e-01, 9.00632322e-05, 9.63060619e-02, 5.00716105e+05
3.80761524e+02, 2.58179216e+00, 2.61943632e-03, 6.66577354e-01, 8.93548349e-05, 9.60363344e-02, 5.04684802e+05
3.82765532e+02, 2.58406597e+00, 2.60575773e-03, 6.66578055e-01, 8.86556735e-05, 9.57687225e-02, 5.08663929e+05
3.84769540e+02, 2.58632793e+00, 2.59222125e-03, 6.66578746e-01, 8.79655804e-05, 9.55031985e-02, 5.12653460e+05
3.86773548e+02, 2.58857818e+00, 2.57882469e-03, 6.66579429e-01, 8.72843917e-05, 9.52397356e-02, 5.16653366e+05
3.88777556e+02, 2.59081683e+00, 2.56556589e-03, 6.66580103e-01, 8.66119475e-05, 9.49783072e-02, 5.20663622e+05
3.90781564e+02, 2.59304400e+00, 2.55244272e-03, 6.66580768e-01, 8.59480913e-05, 9.47188872e-02, 5.24684200e+05
3.92785572e+02, 2.59525980e+00, 2.53945312e-03, 6.66581425e-01, 8.52926703e-05, 9.44614500e-02, 5.28715074e+05
3.94789580e+02, 2.59746436e+00, 2.52659507e-03, 6.66582074e-01, 8.46455354e-05, 9.42059705e-02, 5.32756218e+05
3.96793588e+02, 2.59965778e+00, 2.51386656e-03, 6.66582714e-01, 8.40065406e-05, 9.39524241e-02, 5.36807606e+05
3.98797596e+02, 2.60184018e+00, 2.50126567e-03, 6.66583347e-01, 8.33755431e-05, 9.37007864e-02, 5.40869212e+05
4.00801604e+02, 2.60401167e+00, 2.48879046e-03, 6.66583971e-01, 8.27524037e-05, 9.34510337e-02, 5.44941010e+05
4.02805612e+02, 2.60617235e+00, 2.47643909e-03, 6.66584588e-01, 8.21369860e-05, 9.32031425e-02, 5.49022975e+05
4.04809620e+02, 2.60832234e+00, 2.46420970e-03, 6.66585198e-01, 8.15291567e-05, 9.29570898e-02, 5.53115081e+05
4.06813628e+02, 2.61046173e+00, 2.45210050e-03, 6.66585800e-01, 8.09287854e-05, 9.27128530e-02, 5.57217305e+05
4.08817636e+02, 2.61259064e+00, 2.44010973e-03, 6.66586394e-01, 8.03357447e-05, 9.24704099e-02, 5.61329619e+05
4.10821644e+02, 2.61470917e+00, 2.42823566e-03, 6.66586982e-01, 7.97499098e-05, 9.22297387e-02, 5.65452001e+05
4.12825652e+02, 2.61681741e+00, 2.41647659e-03, 6.66587562e-01, 7.91711588e-05, 9.19908177e-02, 5.69584425e+05
4.14829660e+02, 2.61891546e+00, 2.40483086e-03, 6.66588136e-01, 7.85993723e-05, 9.17536260e-02, 5.73726867e+05
4.16833668e+02, 2.62100343e+00, 2.39329685e-03, 6.66588703e-01, 7.80344335e-05, 9.15181428e-02, 5.77879303e+05
4.18837676e+02, 2.62308141e+00, 2.38187294e-03, 6.66589263e-01, 7.74762283e-05, 9.12843476e-02, 5.82041709e+05
4.20841684e+02, 2.62514949e+00, 2.37055758e-03, 6.66589816e-01, 7.69246447e-05, 9.10522205e-02, 5.86214061e+05
4.22845692e+02, 2.62720777e+00, 2.35934921e-03, 6.66590363e-01, 7.63795733e-05, 9.08217416e-02, 5.90396336e+05
4.24849700e+02, 2.62925635e+00, 2.34824634e-03, 6.66590903e-01, 7.58409070e-05, 9.05928915e-02, 5.94588509e+05
4.26853708e+02, 2.63129530e+00, 2.33724748e-03, 6.66591438e-01, 7.53085409e-05, 9.03656512e-02, 5.98790558e+05
4.28857716e+02, 2.63332473e+00, 2.32635117e-03, 6.66591966e-01, 7.47823723e-05, 9.01400018e-02, 6.03002460e+05
4.30861724e+02, 2.63534471e+00, 2.31555599e-03, 6.66592488e-01, 7.42623007e-05, 8.99159249e-02, 6.07224191e+05
4.32865732e+02, 2.63735535e+00, 2.30486053e-03, 6.66593004e-01, 7.37482276e-05, 8.96934023e-02, 6.11455728e+05
4.34869740e+02, 2.63935672e+00, 2.29426342e-03, 6.66593514e-01, 7.32400567e-05, 8.94724161e-02, 6.15697050e+05
4.36873748e+02, 2.64134891e+00, 2.28376331e-03, 6.66594018e-01, 7.27376934e-05, 8.92529487e-02, 6.19948133e+05
4.38877756e+02, 2.64333200e+00, 2.27335887e-03, 6.66594517e-01, 7.22410453e-05, 8.90349829e-02, 6.24208955e+05
4.40881764e+02, 2.64530608e+00, 2.26304881e-03, 6.66595010e-01, 7.17500217e-05, 8.88185015e-02, 6.28479494e+05
4.42885772e+02, 2.64727122e+00, 2.25283184e-03, 6.66595497e-01, 7.12645340e-05, 8.86034877e-02, 6.32759728e+05
4.44889780e+02, 2.64922752e+00, 2.24270671e-03, 6.66595980e-01, 7.07844950e-05, 8.83899252e-02, 6.37049635e+05
4.46893788e+02, 2.65117504e+00, 2.23267218e-03, 6.66596456e-01, 7.03098196e-05, 8.81777975e-02, 6.41349193e+05
4.48897796e+02, 2.65311387e+00, 2.22272705e-03, 6.66596928e-01, 6.98404243e-05, 8.79670888e-02, 6.45658380e+05
4.50901804e+02, 2.65504408e+00, 2.21287012e-03, 6.66597394e-01, 6.93762271e-05, 8.77577833e-02, 6.49977175e+05
4.52905812e+02, 2.65696574e+00, 2.20310023e-03, 6.66597856e-01, 6.89171479e-05, 8.75498654e-02, 6.54305558e+05
4.54909820e+02, 2.65887895e+00, 2.19341623e-03, 6.66598312e-01, 6.84631080e-05, 8.73433199e-02, 6.58643505e+05
4.56913828e+02, 2.66078376e+00, 2.18381699e-03, 6.66598763e-01, 6.80140303e-05, 8.71381318e-02, 6.62990998e+05
4.58917836e+02, 2.66268025e+00, 2.17430141e-03, 6.66599210e-01, 6.75698392e-05, 8.69342863e-02, 6.67348014e+05
4.60921844e+02, 2.66456850e+00, 2.16486839e-03, 6.66599652e-01, 6.71304605e-05, 8.67317688e-02, 6.71714532e+05
4.62925852e+02, 2.66644857e+00, 2.15551687e-03, 6.66600089e-01, 6.66958217e-05, 8.65305649e-02, 6.76090533e+05
4.64929860e+02, 2.66832054e+00, 2.14624579e-03, 6.66600521e-01, 6.62658514e-05, 8.63306605e-02, 6.80475996e+05
4.66933868e+02, 2.67018448e+00, 2.13705412e-03, 6.66600949e-01, 6.58404797e-05, 8.61320416e-02, 6.84870899e+05
4.68937876e+02, 2.67204045e+00, 2.12794084e-03, 6.66601372e-01, 6.54196380e-05, 8.59346946e-02, 6.89275224e+05
4.70941884e+02, 2.67388852e+00, 2.11890496e-03, 6.66601791e-01, 6.50032592e-05, 8.57386060e-02, 6.93688950e+05
4.72945892e+02, 2.67572876e+00, 2.10994549e-03, 6.66602206e-01, 6.45912772e-05, 8.55437623e-02, 6.98112057e+05
4.74949900e+02, 2.67756124e+00, 2.10106148e-03, 6.66602616e-01, 6.41836273e-05, 8.53501506e-02, 7.02544525e+05
4.76953908e+02, 2.67938602e+00, 2.09225196e-03, 6.66603022e-01, 6.37802460e-05, 8.51577578e-02, 7.06986335e+05
4.78957916e+02, 2.68120316e+00, 2.08351600e-03, 6.66603424e-01, 6.33810709e-05, 8.49665712e-02, 7.11437466e+05
4.80961924e+02, 2.68301273e+00, 2.07485270e-03, 6.66603821e-01, 6.29860410e-05, 8.47765784e-02, 7.15897899e+05
4.82965932e+02, 2.68481479e+00, 2.06626114e-03, 6.66604215e-01, 6.25950962e-05, 8.45877668e-02, 7.20367616e+05
4.84969940e+02, 2.68660941e+00, 2.05774044e-03, 6.66604605e-01, 6.22081776e-05, 8.44001244e-02, 7.24846596e+05
4.86973948e+02, 2.68839664e+00, 2.04928973e-03, 6.66604990e-01, 6.18252274e-05, 8.42136390e-02, 7.29334821e+05
4.88977956e+02, 2.69017654e+00, 2.04090814e-03, 6.66605372e-01, 6.14461889e-05, 8.40282990e-02, 7.33832271e+05
4.90981964e+02, 2.69194918e+00, 2.03259484e-03, 6.66605750e-01, 6.10710063e-05, 8.38440925e-02, 7.38338928e+05
4.92985972e+02, 2.69371462e+00, 2.02434898e-03, 6.66606125e-01, 6.06996250e-05, 8.36610081e-02, 7.42854773e+05
4.94989980e+02, 2.69547290e+00, 2.01616976e-03, 6.66606495e-01, 6.03319912e-05, 8.34790344e-02, 7.47379788e+05
4.96993988e+02, 2.69722410e+00, 2.00805637e-03, 6.66606862e-01, 5.99680522e-05, 8.32981602e-02, 7.51913953e+05
4.98997996e+02, 2.69896826e+00, 2.00000801e-03, 6.66607225e-01, 5.96077563e-05, 8.31183746e-02, 7.56457250e+05
5.01002005e+02, 2.70070545e+00, 1.99202392e-03, 6.66607585e-01, 5.92510525e-05, 8.29396666e-02, 7.61009661e+05
5.03006013e+02, 2.70243572e+00, 1.98410331e-03, 6.66607941e-01, 5.88978910e-05, 8.27620256e-02, 7.65571169e+05
5.05010021e+02, 2.70415912e+00, 1.97624545e-03, 6.66608294e-01, 5.85482227e-05, 8.25854408e-02, 7.70141753e+05
5.07014029e+02, 2.70587571e+00, 1.96844958e-03, 6.66608643e-01, 5.82019994e-05, 8.24099020e-02, 7.74721398e+05
5.09018037e+02, 2.70758554e+00, 1.96071497e-03, 6.66608989e-01, 5.78591738e-05, 8.22353989e-02, 7.79310084e+05
5.11022045e+02, 2.70928866e+00, 1.95304091e-03, 6.66609332e-01, 5.75196994e-05, 8.20619212e-02, 7.83907794e+05
5.13026053e+02, 2.71098513e+00, 1.94542669e-03, 6.66609671e-01, 5.71835305e-05, 8.18894590e-02, 7.88514511e+05
5.15030061e+02, 2.71267500e+00, 1.93787160e-03, 6.66610008e-01, 5.68506222e-05, 8.17180024e-02, 7.93130216e+05
5.17034069e+02, 2.71435832e+00, 1.93037497e-03, 6.66610341e-01, 5.65209304e-05, 8.15475417e-02, 7.97754893e+05
5.19038077e+02, 2.71603514e+00, 1.92293612e-03, 6.66610671e-01, 5.61944117e-05, 8.13780673e-02, 8.02388524e+05
5.21042085e+02, 2.71770552e+00, 1.91555438e-03, 6.66610997e-01, 5.58710237e-05, 8.12095697e-02, 8.07031091e+05
5.23046093e+02, 2.71936949e+00, 1.90822909e-03, 6.66611321e-01, 5.55507244e-05, 8.10420395e-02, 8.11682578e+05
5.25050101e+02, 2.72102711e+00, 1.90095962e-03, 6.66611642e-01, 5.52334726e-05, 8.08754676e-02, 8.16342967e+05
5.27054109e+02, 2.72267843e+00, 1.89374533e-03, 6.66611960e-01, 5.49192280e-05, 8.07098448e-02, 8.21012242e+05
5.29058117e+02, 2.72432349e+00, 1.88658558e-03, 6.66612274e-01, 5.46079507e-05, 8.05451622e-02, 8.25690385e+05
5.31062125e+02, 2.72596234e+00, 1.87947977e-03, 6.66612586e-01, 5.42996018e-05, 8.03814108e-02, 8.30377380e+05
5.33066133e+02, 2.72759504e+00, 1.87242729e-03, 6.66612895e-01, 5.39941427e-05, 8.02185820e-02, 8.35073210e+05
5.35070141e+02, 2.72922162e+00, 1.86542753e-03, 6.66613202e-01, 5.36915357e-05, 8.00566671e-02, 8.39777858e+05
5.37074149e+02, 2.73084213e+00, 1.85847992e-03, 6.66613505e-01, 5.33917437e-05, 7.98956577e-02, 8.44491309e+05
5.39078157e+02, 2.73245661e+00, 1.85158386e-03, 6.66613806e-01, 5.30947301e-05, 7.97355452e-02, 8.49213545e+05
5.41082165e+02, 2.73406512e+00, 1.84473880e-03, 6.66614104e-01, 5.28004590e-05, 7.95763214e-02, 8.53944551e+05
5.43086173e+02, 2.73566769e+00, 1.83794415e-03, 6.66614400e-01, 5.25088951e-05, 7.94179781e-02, 8.58684309e+05
5.45090181e+02, 2.73726437e+00, 1.83119938e-03, 6.66614692e-01, 5.22200036e-05, 7.92605072e-02, 8.63432805e+05
5.47094189e+02, 2.73885520e+00, 1.82450393e-03, 6.66614983e-01, 5.19337505e-05, 7.91039008e-02, 8.68190021e+05
5.49098197e+02, 2.74044022e+00, 1.81785726e-03, 6.66615270e-01, 5.16501020e-05, 7.89481509e-02, 8.72955942e+05
5.51102205e+02, 2.74201948e+00, 1.81125884e-03, 6.66615555e-01, 5.13690251e-05, 7.87932498e-02, 8.77730552e+05
5.53106213e+02, 2.74359302e+00, 1.80470815e-03, 6.66615838e-01, 5.10904873e-05, 7.86391898e-02, 8.82513836e+05
5.55110221e+02, 2.74516088e+00, 1.79820468e-03, 6.66616118e-01, 5.08144566e-05, 7.84859633e-02, 8.87305777e+05
5.57114229e+02, 2.74672309e+00, 1.79174790e-03, 6.66616396e-01, 5.05409015e-05, 7.83335628e-02, 8.92106360e+05
5.59118237e+02, 2.74827971e+00, 1.78533733e-03, 6.66616671e-01, 5.02697911e-05, 7.81819810e-02, 8.96915570e+05
5.61122245e+02, 2.74983077e+00, 1.77897247e-03, 6.66616944e-01, 5.00010948e-05, 7.80312105e-02, 9.01733390e+05
5.63126253e+02, 2.75137631e+00, 1.77265283e-03, 6.66617215e-01, 4.97347827e-05, 7.78812441e-02, 9.06559806e+05
5.65130261e+02, 2.75291637e+00, 1.76637793e-03, 6.66617483e-01, 4.94708253e-05, 7.77320747e-02, 9.11394803e+05
5.67134269e+02, 2.75445099e+00, 1.76014730e-03, 6.66617749e-01, 4.92091935e-05, 7.75836952e-02, 9.16238365e+05
5.69138277e+02, 2.75598020e+00, 1.75396047e-03, 6.66618013e-01, 4.89498587e-05, 7.74360988e-02, 9.21090476e+05
5.71142285e+02, 2.75750405e+00, 1.74781698e-03, 6.66618274e-01, 4.86927928e-05, 7.72892785e-02, 9.25951123e+05
5.73146293e+02, 2.75902257e+00, 1.74171637e-03, 6.66618534e-01, 4.84379682e-05, 7.71432276e-02, 9.30820289e+05
5.75150301e+02, 2.76053579e+00, 1.73565821e-03, 6.66618791e-01, 4.81853574e-05, 7.69979393e-02, 9.35697961e+05
5.77154309e+02, 2.76204377e+00, 1.72964204e-03, 6.66619046e-01, 4.79349338e-05, 7.68534071e-02, 9.40584123e+05
5.79158317e+02, 2.76354652e+00, 1.72366744e-03, 6.66619299e-01, 4.76866709e-05, 7.67096244e-02, 9.45478761e+05
5.81162325e+02, 2.76504410e+00, 1.71773397e-03, 6.66619550e-01, 4.74405427e-05, 7.65665848e-02, 9.50381860e+05
5.83166333e+02, 2.76653652e+00, 1.71184121e-03, 6.66619798e-01, 4.71965235e-05, 7.64242819e-02, 9.55293405e+05
5.85170341e+02, 2.76802384e+00, 1.70598874e-03, 6.66620045e-01, 4.69545882e-05, 7.62827093e-02, 9.60213381e+05
5.87174349e+02, 2.76950608e+00, 1.70017615e-03, 6.66620290e-01, 4.67147119e-05, 7.61418610e-02, 9.65141776e+05
5.89178357e+02, 2.77098328e+00, 1.69440304e-03, 6.66620533e-01, 4.64768702e-05, 7.60017306e-02, 9.70078573e+05
5.91182365e+02, 2.77245547e+00, 1.68866900e-03, 6.66620773e-01, 4.62410390e-05, 7.58623121e-02, 9.75023759e+05
5.93186373e+02, 2.77392269e+00, 1.68297363e-03, 6.66621012e-01, 4.60071946e-05, 7.57235996e-02, 9.79977320e+05
5.95190381e+02, 2.77538496e+00, 1.67731656e-03, 6.66621249e-01, 4.57753136e-05, 7.55855871e-02, 9.84939242e+05
5.97194389e+02, 2.77684234e+00, 1.67169739e-03, 6.66621484e-01, 4.55453730e-05, 7.54482686e-02, 9.89909509e+05
5.99198397e+02, 2.77829483e+00, 1.66611575e-03, 6.66621717e-01, 4.53173502e-05, 7.53116385e-02, 9.94888110e+05
6.01202405e+02, 2.77974249e+00, 1.66057125e-03, 6.66621949e-01, 4.50912229e-05, 7.51756910e-02, 9.99875028e+05
6.03206413e+02, 2.78118533e+00, 1.65506353e-03, 6.66622178e-01, 4.48669690e-05, 7.50404204e-02, 1.00487025e+06
6.05210421e+02, 2.78262340e+00, 1.64959223e-03, 6.66622406e-01, 4.46445670e-05, 7.49058211e-02, 1.00987377e+06
6.07214429e+02, 2.78405672e+00, 1.64415698e-03, 6.66622632e-01, 4.44239954e-05, 7.47718876e-02, 1.01488556e+06
6.09218437e+02, 2.78548533e+00, 1.63875743e-03, 6.66622856e-01, 4.42052333e-05, 7.46386144e-02, 1.01990561e+06
6.11222445e+02, 2.78690925e+00, 1.63339323e-03, 6.66623079e-01, 4.39882599e-05, 7.45059961e-02, 1.02493392e+06
6.13226453e+02, 2.78832852e+00, 1.62806404e-03, 6.66623299e-01, 4.37730548e-05, 7.43740274e-02, 1.02997046e+06
6.15230461e+02, 2.78974316e+00, 1.62276950e-03, 6.66623518e-01, 4.35595980e-05, 7.42427030e-02, 1.03501522e+06
6.17234469e+02, 2.79115322e+00, 1.61750929e-03, 6.66623736e-01, 4.33478695e-05, 7.41120176e-02, 1.04006820e+06
6.19238477e+02, 2.79255870e+00, 1.61228308e-03, 6.66623951e-01, 4.31378499e-05, 7.39819661e-02, 1.04512937e+06
6.21242485e+02, 2.79395966e+00, 1.60709052e-03, 6.66624166e-01, 4.29295200e-05, 7.38525434e-02, 1.05019872e+06
6.23246493e+02, 2.79535611e+00, 1.60193131e-03, 6.66624378e-01, 4.27228607e-05, 7.37237444e-02, 1.05527624e+06
6.25250501e+02, 2.79674809e+00, 1.59680511e-03, 6.66624589e-01, 4.25178533e-05, 7.35955641e-02, 1.06036192e+06
6.27254509e+02, 2.79813561e+00, 1.59171162e-03, 6.66624798e-01, 4.23144795e-05, 7.34679976e-02, 1.06545574e+06
6.29258517e+02, 2.79951872e+00, 1.58665051e-03, 6.66625006e-01, 4.21127210e-05, 7.33410401e-02, 1.07055770e+06
6.31262525e+02, 2.80089744e+00, 1.58162149e-03, 6.66625212e-01, 4.19125600e-05, 7.32146866e-02, 1.07566777e+06
6.33266533e+02, 2.80227180e+00, 1.57662425e-03, 6.66625417e-01, 4.17139788e-05, 7.30889324e-02, 1.08078595e+06
6.35270541e+02, 2.80364182e+00, 1.57165849e-03, 6.66625620e-01, 4.15169600e-05, 7.29637729e-02, 1.08591221e+06
6.37274549e+02, 2.80500753e+00, 1.56672391e-03, 6.66625822e-01, 4.13214865e-05, 7.28392032e-02, 1.09104656e+06
6.39278557e+02, 2.80636896e+00, 1.56182022e-03, 6.66626022e-01, 4.11275412e-05, 7.27152188e-02, 1.09618898e+06
6.41282565e+02, 2.80772613e+00, 1.55694713e-03, 6.66626221e-01, 4.09351077e-05, 7.25918152e-02, 1.10133944e+06
6.43286574e+02, 2.80907908e+00, 1.55210436e-03, 6.66626418e-01, 4.07441693e-05, 7.24689877e-02, 1.10649795e+06
6.45290582e+02, 2.81042783e+00, 1.54729162e-03, 6.66626614e-01, 4.05547100e-05, 7.23467320e-02, 1.11166449e+06
6.47294590e+02, 2.81177240e+00, 1.54250863e-03, 6.66626808e-01, 4.03667137e-05, 7.22250436e-02, 1.11683905e+06
6.49298598e+02, 2.81311282e+00, 1.53775512e-03, 6.66627001e-01, 4.01801646e-05, 7.21039182e-02, 1.12202161e+06
6.51302606e+02, 2.81444911e+00, 1.53303082e-03, 6.66627193e-01, 3.99950472e-05, 7.19833513e-02, 1.12721216e+06
6.53306614e+02, 2.81578131e+00, 1.52833546e-03, 6.66627384e-01, 3.98113461e-05, 7.18633388e-02, 1.13241068e+06
6.55310622e+02, 2.81710943e+00, 1.52366877e-03, 6.66627573e-01, 3.96290463e-05, 7.17438764e-02, 1.13761718e+06
6.57314630e+02, 2.81843351e+00, 1.51903050e-03, 6.66627760e-01, 3.94481328e-05, 7.16249599e-02, 1.14283163e+06
6.59318638e+02, 2.81975356e+00, 1.51442038e-03, 6.66627947e-01, 3.92685909e-05, 7.15065852e-02, 1.14805403e+06
6.61322646e+02, 2.82106960e+00, 1.50983815e-03, 6.66628132e-01, 3.90904060e-05, 7.13887481e-02, 1.15328435e+06
6.63326654e+02, 2.82238168e+00, 1.50528357e-03, 6.66628316e-01, 3.89135640e-05, 7.12714446e-02, 1.15852260e+06
6.65330662e+02, 2.82368980e+00, 1.50075639e-03, 6.66628498e-01, 3.87380506e-05, 7.11546707e-02, 1.16376875e+06
6.67334670e+02, 2.82499399e+00, 1.49625636e-03, 6.66628680e-01, 3.85638519e-05, 7.10384225e-02, 1.16902279e+06
6.69338678e+02, 2.82629428e+00, 1.49178323e-03, 6.66628860e-01, 3.83909541e-05, 7.09226959e-02, 1.17428472e+06
6.71342686e+02, 2.82759068e+00, 1.48733677e-03, 6.66629039e-01, 3.82193438e-05, 7.08074871e-02, 1.17955452e+06
6.73346694e+02, 2.82888323e+00, 1.48291674e-03, 6.66629216e-01, 3.80490075e-05, 7.06927923e-02, 1.18483218e+06
6.75350702e+02, 2.83017194e+00, 1.47852290e-03, 6.66629393e-01, 3.78799320e-05, 7.05786075e-02, 1.19011769e+06
6.77354710e+02, 2.83145684e+00, 1.47415502e-03, 6.66629568e-01, 3.77121043e-05, 7.04649292e-02, 1.19541103e+06
6.79358718e+02, 2.83273795e+00, 1.46981287e-03, 6.66629742e-01, 3.75455115e-05, 7.03517535e-02, 1.20071220e+06
6.81362726e+02, 2.83401530e+00, 1.46549623e-03, 6.66629915e-01, 3.73801410e-05, 7.02390767e-02, 1.20602118e+06
6.83366734e+02, 2.83528889e+00, 1.46120486e-03, 6.66630087e-01, 3.72159802e-05, 7.01268952e-02, 1.21133797e+06
6.85370742e+02, 2.83655876e+00, 1.45693856e-03, 6.66630257e-01, 3.70530168e-05, 7.00152054e-02, 1.21666254e+06
6.87374750e+02, 2.83782493e+00, 1.45269710e-03, 6.66630427e-01, 3.68912386e-05, 6.99040037e-02, 1.22199489e+06
6.89378758e+02, 2.83908742e+00, 1.44848026e-03, 6.66630595e-01, 3.67306335e-05, 6.97932865e-02, 1.22733501e+06
6.91382766e+02, 2.84034625e+00, 1.44428783e-03, 6.66630763e-01, 3.65711898e-05, 6.96830503e-02, 1.23268289e+06
6.93386774e+02, 2.84160144e+00, 1.44011960e-03, 6.66630929e-01, 3.64128955e-05, 6.95732917e-02, 1.23803851e+06
6.95390782e+02, 2.84285301e+00, 1.43597535e-03, 6.66631094e-01, 3.62557393e-05, 6.94640072e-02, 1.24340186e+06
6.97394790e+02, 2.84410099e+00, 1.43185490e-03, 6.66631259e-01, 3.60997097e-05, 6.93551935e-02, 1.24877294e+06
6.99398798e+02, 2.84534539e+00, 1.42775802e-03, 6.66631422e-01, 3.59447953e-05, 6.92468470e-02, 1.25415173e+06
7.01402806e+02, 2.84658624e+00, 1.42368452e-03, 6.66631584e-01, 3.57909851e-05, 6.91389646e-02, 1.25953822e+06
7.03406814e+02, 2.84782355e+00, 1.41963419e-03, 6.66631745e-01, 3.56382681e-05, 6.90315429e-02, 1.26493240e+06
7.05410822e+02, 2.84905734e+00, 1.41560685e-03, 6.66631905e-01, 3.54866334e-05, 6.89245787e-02, 1.27033426e+06
7.07414830e+02, 2.85028764e+00, 1.41160230e-03, 6.66632064e-01, 3.53360704e-05, 6.88180686e-02, 1.27574378e+06
7.09418838e+02, 2.85151447e+00, 1.40762033e-03, 6.66632222e-01, 3.51865684e-05, 6.87120096e-02, 1.28116096e+06
7.11422846e+02, 2.85273784e+00, 1.40366077e-03, 6.66632379e-01, 3.50381170e-05, 6.86063983e-02, 1.28658579e+06
7.13426854e+02, 2.85395777e+00, 1.39972342e-03, 6.66632535e-01, 3.48907059e-05, 6.85012318e-02, 1.29201825e+06
7.15430862e+02, 2.85517429e+00, 1.39580810e-03, 6.66632690e-01, 3.47443250e-05, 6.83965068e-02, 1.29745834e+06
7.17434870e+02, 2.85638740e+00, 1.39191462e-03, 6.66632844e-01, 3.45989641e-05, 6.82922203e-02, 1.30290604e+06
7.19438878e+02, 2.85759714e+00, 1.38804280e-03, 6.66632998e-01, 3.44546134e-05, 6.81883692e-02, 1.30836135e+06
7.21442886e+02, 2.85880352e+00, 1.38419247e-03, 6.66633150e-01, 3.43112630e-05, 6.80849506e-02, 1.31382424e+06
7.23446894e+02, 2.86000655e+00, 1.38036343e-03, 6.66633301e-01, 3.41689033e-05, 6.79819614e-02, 1.31929472e+06
7.25450902e+02, 2.86120627e+00, 1.37655552e-03, 6.66633452e-01, 3.40275248e-05, 6.78793986e-02, 1.32477278e+06
7.27454910e+02, 2.86240267e+00, 1.37276856e-03, 6.66633602e-01, 3.38871179e-05, 6.77772594e-02, 1.33025839e+06
7.29458918e+02, 2.86359580e+00, 1.36900238e-03, 6.66633750e-01, 3.37476733e-05, 6.76755407e-02, 1.33575155e+06
7.31462926e+02, 2.86478565e+00, 1.36525681e-03, 6.66633898e-01, 3.36091819e-05, 6.75742398e-02, 1.34125225e+06
7.33466934e+02, 2.86597225e+00, 1.36153168e-03, 6.66634045e-01, 3.34716346e-05, 6.74733538e-02, 1.34676049e+06
7.35470942e+02, 2.86715562e+00, 1.35782682e-03, 6.66634191e-01, 3.33350223e-05, 6.73728799e-02, 1.35227624e+06
7.37474950e+02, 2.86833577e+00, 1.35414207e-03, 6.66634337e-01, 3.31993362e-05, 6.72728152e-02, 1.35779950e+06
7.39478958e+02, 2.86951272e+00, 1.35047727e-03, 6.66634481e-01, 3.30645675e-05, 6.71731570e-02, 1.36333027e+06
7.41482966e+02, 2.87068649e+00, 1.34683224e-03, 6.66634625e-01, 3.29307075e-05, 6.70739026e-02, 1.36886852e+06
7.43486974e+02, 2.87185710e+00, 1.34320685e-03, 6.66634767e-01, 3.27977478e-05, 6.69750492e-02, 1.37441425e+06
7.45490982e+02, 2.87302457e+00, 1.33960091e-03, 6.66634909e-01, 3.26656798e-05, 6.68765941e-02, 1.37996745e+06
7.47494990e+02, 2.87418890e+00, 1.33601429e-03, 6.66635051e-01, 3.25344952e-05, 6.67785347e-02, 1.38552811e+06
7.49498998e+02, 2.87535012e+00, 1.33244682e-03, 6.66635191e-01, 3.24041858e-05, 6.66808683e-02, 1.39109621e+06
7.51503006e+02, 2.87650824e+00, 1.32889835e-03, 6.66635331e-01, 3.22747434e-05, 6.65835923e-02, 1.39667176e+06
7.53507014e+02, 2.87766328e+00, 1.32536873e-03, 6.66635469e-01, 3.21461599e-05, 6.64867042e-02, 1.40225474e+06
7.55511022e+02, 2.87881526e+00, 1.32185781e-03, 6.66635607e-01, 3.20184274e-05, 6.63902012e-02, 1.40784513e+06
7.57515030e+02, 2.87996419e+00, 1.31836544e-03, 6.66635745e-01, 3.18915380e-05, 6.62940810e-02, 1.41344294e+06
7.59519038e+02, 2.88111009e+00, 1.31489147e-03, 6.66635881e-01, 3.17654840e-05, 6.61983410e-02, 1.41904814e+06
7.61523046e+02, 2.88225297e+00, 1.31143577e-03, 6.66636017e-01, 3.16402576e-05, 6.61029786e-02, 1.42466073e+06
7.63527054e+02, 2.88339286e+00, 1.30799819e-03, 6.66636152e-01, 3.15158513e-05, 6.60079914e-02, 1.43028071e+06
7.65531062e+02, 2.88452976e+00, 1.30457857e-03, 6.66636286e-01, 3.13922576e-05, 6.59133770e-02, 1.43590805e+06
7.67535070e+02, 2.88566369e+00, 1.30117680e-03, 6.66636420e-01, 3.12694691e-05, 6.58191329e-02, 1.44154276e+06
7.69539078e+02, 2.88679467e+00, 1.29779271e-03, 6.66636553e-01, 3.11474784e-05, 6.57252566e-02, 1.44718482e+06
7.71543086e+02, 2.88792271e+00, 1.29442618e-03, 6.66636685e-01, 3.10262783e-05, 6.56317459e-02, 1.45283421e+06
7.73547094e+02, 2.88904783e+00, 1.29107708e-03, 6.66636817e-01, 3.09058617e-05, 6.55385984e-02, 1.45849094e+06
7.75551102e+02, 2.89017004e+00, 1.28774526e-03, 6.66636947e-01, 3.07862215e-05, 6.54458116e-02, 1.46415500e+06
7.77555110e+02, 2.89128936e+00, 1.28443059e-03, 6.66637077e-01, 3.06673506e-05, 6.53533834e-02, 1.46982636e+06
7.79559118e+02, 2.89240580e+00, 1.28113294e-03, 6.66637207e-01, 3.05492423e-05, 6.52613113e-02, 1.47550503e+06
7.81563126e+02, 2.89351938e+00, 1.27785218e-03, 6.66637336e-01, 3.04318895e-05, 6.51695931e-02, 1.48119100e+06
7.83567134e+02, 2.89463011e+00, 1.27458819e-03, 6.66637464e-01, 3.03152857e-05, 6.50782265e-02, 1.48688425e+06
7.85571142e+02, 2.89573801e+00, 1.27134082e-03, 6.66637591e-01, 3.01994242e-05, 6.49872094e-02, 1.49258477e+06
7.87575151e+02, 2.89684309e+00, 1.26810996e-03, 6.66637718e-01, 3.00842982e-05, 6.48965394e-02, 1.49829257e+06
7.89579159e+02, 2.89794536e+00, 1.26489547e-03, 6.66637844e-01, 2.99699014e-05, 6.48062144e-02, 1.50400762e+06
7.91583167e+02, 2.89904484e+00, 1.26169725e-03, 6.66637970e-01, 2.98562272e-05, 6.47162322e-02, 1.50972991e+06
7.93587175e+02, 2.90014155e+00, 1.25851515e-03, 6.66638095e-01, 2.97432693e-05, 6.46265906e-02, 1.51545945e+06
7.95591183e+02, 2.90123549e+00, 1.25534907e-03, 6.66638219e-01, 2.96310214e-05, 6.45372874e-02, 1.52119621e+06
7.97595191e+02, 2.90232669e+00, 1.25219888e-03, 6.66638342e-01, 2.95194772e-05, 6.44483207e-02, 1.52694020e+06
7.99599199e+02, 2.90341515e+00, 1.24906445e-03, 6.66638466e-01, 2.94086306e-05, 6.43596882e-02, 1.53269140e+06
8.01603207e+02, 2.90450089e+00, 1.24594568e-03, 6.66638588e-01, 2.92984755e-05, 6.42713879e-02, 1.53844980e+06
8.03607215e+02, 2.90558392e+00, 1.24284245e-03, 6.66638710e-01, 2.91890059e-05, 6.41834176e-02, 1.54421539e+06
8.05611223e+02, 2.90666426e+00, 1.23975463e-03, 6.66638831e-01, 2.90802158e-05, 6.40957754e-02, 1.54998817e+06
8.07615231e+02, 2.90774192e+00, 1.23668212e-03, 6.66638952e-01, 2.89720994e-05, 6.40084593e-02, 1.55576812e+06
8.09619239e+02, 2.90881691e+00, 1.23362480e-03, 6.66639072e-01, 2.88646507e-05, 6.39214671e-02, 1.56155525e+06
8.11623247e+02, 2.90988924e+00, 1.23058257e-03, 6.66639191e-01, 2.87578640e-05, 6.38347969e-02, 1.56734952e+06
8.13627255e+02, 2.91095894e+00, 1.22755530e-03, 6.66639310e-01, 2.86517337e-05, 6.37484467e-02, 1.57315095e+06
8.15631263e+02, 2.91202600e+00, 1.22454288e-03, 6.66639429e-01, 2.85462542e-05, 6.36624146e-02, 1.57895952e+06
8.17635271e+02, 2.91309045e+00, 1.22154522e-03, 6.66639547e-01, 2.84414197e-05, 6.35766985e-02, 1.58477522e+06
8.19639279e+02, 2.91415230e+00, 1.21856219e-03, 6.66639664e-01, 2.83372249e-05, 6.34912967e-02, 1.59059804e+06
8.21643287e+02, 2.91521156e+00, 1.21559370e-03, 6.66639781e-01, 2.82336642e-05, 6.34062071e-02, 1.59642798e+06
8.23647295e+02, 2.91626824e+00, 1.21263964e-03, 6.66639897e-01, 2.81307324e-05, 6.33214278e-02, 1.60226502e+06
8.25651303e+02, 2.91732235e+00, 1.20969990e-03, 6.66640013e-01, 2.80284240e-05, 6.32369571e-02, 1.60810916e+06
8.27655311e+02, 2.91837392e+00, 1.20677438e-03, 6.66640128e-01, 2.79267337e-05, 6.31527929e-02, 1.61396038e+06
8.29659319e+02, 2.91942294e+00, 1.20386298e-03, 6.66640243e-01, 2.78256565e-05, 6.30689335e-02, 1.61981869e+06
8.31663327e+02, 2.92046944e+00, 1.20096559e-03, 6.66640357e-01, 2.77251870e-05, 6.29853771e-02, 1.62568407e+06
8.33667335e+02, 2.92151342e+00, 1.19808211e-03, 6.66640471e-01, 2.76253202e-05, 6.29021217e-02, 1.63155651e+06
8.35671343e+02, 2.92255489e+00, 1.19521244e-03, 6.66640584e-01, 2.75260511e-05, 6.28191656e-02, 1.63743600e+06
8.37675351e+02, 2.92359388e+00, 1.19235649e-03, 6.66640697e-01, 2.74273746e-05, 6.27365071e-02, 1.64332254e+06
8.39679359e+02, 2.92463038e+00, 1.18951416e-03, 6.66640809e-01, 2.73292859e-05, 6.26541443e-02, 1.64921612e+06
8.41683367e+02, 2.92566442e+00, 1.18668534e-03, 6.66640921e-01, 2.72317799e-05, 6.25720754e-02, 1.65511672e+06
8.43687375e+02, 2.92669600e+00, 1.18386995e-03, 6.66641032e-01, 2.71348520e-05, 6.24902988e-02, 1.66102435e+06
8.45691383e+02, 2.92772514e+00, 1.18106788e-03, 6.66641143e-01, 2.70384972e-05, 6.24088127e-02, 1.66693898e+06
8.47695391e+02, 2.92875184e+00, 1.17827905e-03, 6.66641253e-01, 2.69427109e-05, 6.23276154e-02, 1.67286062e+06
8.49699399e+02, 2.92977613e+00, 1.17550336e-03, 6.66641363e-01, 2.68474884e-05, 6.22467052e-02, 1.67878926e+06
8.51703407e+02, 2.93079800e+00, 1.17274071e-03, 6.66641472e-01, 2.67528250e-05, 6.21660804e-02, 1.68472488e+06
8.53707415e+02, 2.93181747e+00, 1.16999102e-03, 6.66641581e-01, 2.66587162e-05, 6.20857393e-02, 1.69066749e+06
8.55711423e+02, 2.93283456e+00, 1.16725419e-03, 6.66641690e-01, 2.65651575e-05, 6.20056802e-02, 1.69661706e+06
8.57715431e+02, 2.93384927e+00, 1.16453014e-03, 6.66641798e-01, 2.64721442e-05, 6.19259016e-02, 1.70257360e+06
8.59719439e+02, 2.93486161e+00, 1.16181877e-03, 6.66641905e-01, 2.63796721e-05, 6.18464018e-02, 1.70853709e+06
8.61723447e+02, 2.93587160e+00, 1.15912000e-03, 6.66642012e-01, 2.62877366e-05, 6.17671791e-02, 1.71450753e+06
8.63727455e+02, 2.93687925e+00, 1.15643373e-03, 6.66642119e-01, 2.61963335e-05, 6.16882320e-02, 1.72048490e+06
8.65731463e+02, 2.93788456e+00, 1.15375989e-03, 6.66642226e-01, 2.61054584e-05, 6.16095589e-02, 1.72646921e+06
8.67735471e+02, 2.93888755e+00, 1.15109839e-03, 6.66642331e-01, 2.60151071e-05, 6.15311581e-02, 1.73246043e+06
8.69739479e+02, 2.93988824e+00, 1.14844913e-03, 6.66642437e-01, 2.59252754e-05, 6.14530281e-02, 1.73845858e+06
8.71743487e+02, 2.94088662e+00, 1.14581205e-03, 6.66642542e-01, 2.58359590e-05, 6.13751674e-02, 1.74446363e+06
8.73747495e+02, 2.94188271e+00, 1.14318704e-03, 6.66642647e-01, 2.57471539e-05, 6.12975745e-02, 1.75047557e+06
8.75751503e+02, 2.94287652e+00, 1.14057404e-03, 6.66642751e-01, 2.56588560e-05, 6.12202477e-02, 1.75649441e+06
8.77755511e+02, 2.94386806e+00, 1.13797295e-03, 6.66642855e-01, 2.55710611e-05, 6.11431856e-02, 1.76252013e+06
8.79759519e+02, 2.94485735e+00, 1.13538370e-03, 6.66642958e-01, 2.54837655e-05, 6.10663866e-02, 1.76855273e+06
8.81763527e+02, 2.94584438e+00, 1.13280620e-03, 6.66643062e-01, 2.53969649e-05, 6.09898493e-02, 1.77459219e+06
8.83767535e+02, 2.94682918e+00, 1.13024039e-03, 6.66643164e-01, 2.53106556e-05, 6.09135722e-02, 1.78063851e+06
8.85771543e+02, 2.94781175e+00, 1.12768616e-03, 6.66643267e-01, 2.52248337e-05, 6.08375538e-02, 1.78669168e+06
8.87775551e+02, 2.94879210e+00, 1.12514346e-03, 6.66643369e-01, 2.51394952e-05, 6.07617927e-02, 1.79275170e+06
8.89779559e+02, 2.94977024e+00, 1.12261220e-03, 6.66643470e-01, 2.50546365e-05, 6.06862873e-02, 1.79881855e+06
8.91783567e+02, 2.95074619e+00, 1.12009230e-03, 6.66643572e-01, 2.49702536e-05, 6.06110364e-02, 1.80489223e+06
8.93787575e+02, 2.95171994e+00, 1.11758369e-03, 6.66643673e-01, 2.48863430e-05, 6.05360384e-02, 1.81097273e+06
8.95791583e+02, 2.95269152e+00, 1.11508629e-03, 6.66643773e-01, 2.48029009e-05, 6.04612919e-02, 1.81706004e+06
8.97795591e+02, 2.95366093e+00, 1.11260003e-03, 6.66643873e-01, 2.47199237e-05, 6.03867955e-02, 1.82315416e+06
8.99799599e+02, 2.95462818e+00, 1.11012483e-03, 6.66643973e-01, 2.46374077e-05, 6.03125479e-02, 1.82925508e+06
9.01803607e+02, 2.95559329e+00, 1.10766062e-03, 6.66644073e-01, 2.45553493e-05, 6.02385476e-02, 1.83536279e+06
9.03807615e+02, 2.95655625e+00, 1.10520732e-03, 6.66644172e-01, 2.44737451e-05, 6.01647934e-02, 1.84147728e+06
9.05811623e+02, 2.95751708e+00, 1.10276487e-03, 6.66644271e-01, 2.43925915e-05, 6.00912837e-02, 1.84759854e+06
9.07815631e+02, 2.95847579e+00, 1.10033319e-03, 6.66644369e-01, 2.43118850e-05, 6.00180173e-02, 1.85372657e+06
9.09819639e+02, 2.95943239e+00, 1.09791221e-03, 6.66644467e-01, 2.42316222e-05, 5.99449929e-02, 1.85986137e+06
9.11823647e+02, 2.96038688e+00, 1.09550186e-03, 6.66644565e-01, 2.41517997e-05, 5.98722090e-02, 1.86600291e+06
9.13827655e+02, 2.96133928e+00, 1.09310207e-03, 6.66644663e-01, 2.40724140e-05, 5.97996645e-02, 1.87215120e+06
9.15831663e+02, 2.96228960e+00, 1.09071277e-03, 6.66644760e-01, 2.39934620e-05, 5.97273579e-02, 1.87830623e+06
9.17835671e+02, 2.96323785e+00, 1.08833389e-03, 6.66644857e-01, 2.39149402e-05, 5.96552880e-02, 1.88446799e+06
9.19839679e+02, 2.96418402e+00, 1.08596537e-03, 6.66644953e-01, 2.38368454e-05, 5.95834536e-02, 1.89063647e+06
9.21843687e+02, 2.96512815e+00, 1.08360713e-03, 6.66645050e-01, 2.37591743e-05, 5.95118532e-02, 1.89681167e+06
9.23847695e+02, 2.96607022e+00, 1.08125911e-03, 6.66645146e-01, 2.36819237e-05, 5.94404857e-02, 1.90299357e+06
9.25851703e+02, 2.96701025e+00, 1.07892125e-03, 6.66645241e-01, 2.36050905e-05, 5.93693497e-02, 1.90918218e+06
9.27855711e+02, 2.96794826e+00, 1.07659348e-03, 6.66645337e-01, 2.35286715e-05, 5.92984441e-02, 1.91537748e+06
9.29859720e+02, 2.96888424e+00, 1.07427572e-03, 6.66645432e-01, 2.34526636e-05, 5.92277676e-02, 1.92157947e+06
9.31863728e+02, 2.96981821e+00, 1.07196793e-03, 6.66645527e-01, 2.33770636e-05, 5.91573190e-02, 1.92778814e+06
9.33867736e+02, 2.97075017e+00, 1.06967003e-03, 6.66645621e-01, 2.33018686e-05, 5.90870970e-02, 1.93400348e+06
9.35871744e+02, 2.97168014e+00, 1.06738196e-03, 6.66645716e-01, 2.32270755e-05, 5.90171005e-02, 1.94022548e+06
9.37875752e+02, 2.97260812e+00, 1.06510366e-03, 6.66645810e-01, 2.31526812e-05, 5.89473281e-02, 1.94645415e+06
9.39879760e+02, 2.97353413e+00, 1.06283506e-03, 6.66645903e-01, 2.30786829e-05, 5.88777789e-02, 1.95268946e+06
9.41883768e+02, 2.97445816e+00, 1.06057611e-03, 6.66645997e-01, 2.30050776e-05, 5.88084514e-02, 1.95893142e+06
9.43887776e+02, 2.97538023e+00, 1.05832674e-03, 6.66646090e-01, 2.29318624e-05, 5.87393446e-02, 1.96518002e+06
9.45891784e+02, 2.97630035e+00, 1.05608689e-03, 6.66646183e-01, 2.28590343e-05, 5.86704574e-02, 1.97143524e+06
9.47895792e+02, 2.97721852e+00, 1.05385650e-03, 6.66646276e-01, 2.27865905e-05, 5.86017885e-02, 1.97769709e+06
9.49899800e+02, 2.97813476e+00, 1.05163551e-03, 6.66646368e-01, 2.27145283e-05, 5.85333367e-02, 1.98396555e+06
9.51903808e+02, 2.97904906e+00, 1.04942387e-03, 6.66646460e-01, 2.26428447e-05, 5.84651010e-02, 1.99024063e+06
9.53907816e+02, 2.97996145e+00, 1.04722151e-03, 6.66646552e-01, 2.25715370e-05, 5.83970803e-02, 1.99652230e+06
9.55911824e+02, 2.98087192e+00, 1.04502837e-03, 6.66646644e-01, 2.25006024e-05, 5.83292733e-02, 2.00281057e+06
9.57915832e+02, 2.98178049e+00, 1.04284439e-03, 6.66646735e-01, 2.24300383e-05, 5.82616790e-02, 2.00910543e+06
9.59919840e+02, 2.98268716e+00, 1.04066953e-03, 6.66646826e-01, 2.23598419e-05, 5.81942963e-02, 2.01540687e+06
9.61923848e+02, 2.98359194e+00, 1.03850372e-03, 6.66646917e-01, 2.22900105e-05, 5.81271240e-02, 2.02171488e+06
9.63927856e+02, 2.98449484e+00, 1.03634691e-03, 6.66647008e-01, 2.22205415e-05, 5.80601611e-02, 2.02802946e+06
9.65931864e+02, 2.98539587e+00, 1.03419903e-03, 6.66647099e-01, 2.21514322e-05, 5.79934064e-02, 2.03435060e+06
9.67935872e+02, 2.98629503e+00, 1.03206005e-03, 6.66647189e-01, 2.20826801e-05, 5.79268590e-02, 2.04067830e+06
9.69939880e+02, 2.98719234e+00, 1.02992989e-03, 6.66647279e-01, 2.20142826e-05, 5.78605177e-02, 2.04701254e+06
9.71943888e+02, 2.98808779e+00, 1.02780850e-03, 6.66647369e-01, 2.19462371e-05, 5.77943815e-02, 2.05335332e+06
9.73947896e+02, 2.98898141e+00, 1.02569584e-03, 6.66647458e-01, 2.18785411e-05, 5.77284493e-02, 2.05970064e+06
9.75951904e+02, 2.98987318e+00, 1.02359184e-03, 6.66647548e-01, 2.18111921e-05, 5.76627201e-02, 2.06605448e+06
9.77955912e+02, 2.99076313e+00, 1.02149646e-03, 6.66647637e-01, 2.17441876e-05, 5.75971928e-02, 2.07241484e+06
9.79959920e+02, 2.99165126e+00, 1.01940964e-03, 6.66647726e-01, 2.16775251e-05, 5.75318665e-02, 2.07878172e+06
9.81963928e+02, 2.99253758e+00, 1.01733133e-03, 6.66647815e-01, 2.16112022e-05, 5.74667400e-02, 2.08515510e+06
9.83967936e+02, 2.99342209e+00, 1.01526148e-03, 6.66647903e-01, 2.15452164e-05, 5.74018123e-02, 2.09153498e+06
9.85971944e+02, 2.99430481e+00, 1.01320003e-03, 6.66647992e-01, 2.14795655e-05, 5.73370825e-02, 2.09792136e+06
9.87975952e+02, 2.99518573e+00, 1.01114693e-03, 6.66648080e-01, 2.14142470e-05, 5.72725496e-02, 2.10431422e+06
9.89979960e+02, 2.99606487e+00, 1.00910214e-03, 6.66648168e-01, 2.13492585e-05, 5.72082125e-02, 2.11071357e+06
9.91983968e+02, 2.99694224e+00, 1.00706560e-03, 6.66648256e-01, 2.12845978e-05, 5.71440703e-02, 2.11711938e+06
9.93987976e+02, 2.99781783e+00, 1.00503727e-03, 6.66648343e-01, 2.12202625e-05, 5.70801219e-02, 2.12353167e+06
9.95991984e+02, 2.99869167e+00, 1.00301709e-03, 6.66648431e-01, 2.11562503e-05, 5.70163665e-02, 2.12995041e+06
9.97995992e+02, 2.99956375e+00, 1.00100502e-03, 6.66648518e-01, 2.10925589e-05, 5.69528030e-02, 2.13637561e+06
1.00000000e+03, 3.00043408e+00, 9.99000999e-04, 6.66648605e-01, 2.10291862e-05, 5.68894304e-02, 2.14280726e+06
