z, log10(1+z), a, H0*t_look, H0*t_age, H0*t_conf, H(z) 
1.00000000e-06, 4.34294265e-07, 9.99999000e-01, 9.99999000e-07, 9.99989000e-01, 1.15129345e+01, 6.76600677e+01
2.00400901e+00, 4.77701232e-01, 3.32888482e-01, 6.67111518e-01, 3.32878482e-01, 1.04129877e+01, 2.03251250e+02
4.00801703e+00, 6.99665797e-01, 1.99679832e-01, 8.00320168e-01, 1.99669832e-01, 9.90189543e+00, 3.38842432e+02
6.01202504e+00, 8.45843458e-01, 1.42612155e-01, 8.57387845e-01, 1.42602155e-01, 9.56530893e+00, 4.74433614e+02
8.01603306e+00, 9.55015495e-01, 1.10913524e-01, 8.89086476e-01, 1.10903524e-01, 9.31393102e+00, 6.10024797e+02
1.00200411e+01, 1.04218321e+00, 9.07437634e-02, 9.09256237e-01, 9.07337635e-02, 9.11321993e+00, 7.45615979e+02
1.20240491e+01, 1.11474602e+00, 7.67810374e-02, 9.23218963e-01, 7.67710375e-02, 8.94613789e+00, 8.81207161e+02
1.40280571e+01, 1.17690284e+00, 6.65422013e-02, 9.33457799e-01, 6.65322014e-02, 8.80301654e+00, 1.01679834e+03
1.60320651e+01, 1.23126731e+00, 5.87127863e-02, 9.41287214e-01, 5.87027864e-02, 8.67783771e+00, 1.15238953e+03
1.80360731e+01, 1.27957736e+00, 5.25318427e-02, 9.47468157e-01, 5.25218428e-02, 8.56659970e+00, 1.28798071e+03
2.00400811e+01, 1.32304741e+00, 4.75283338e-02, 9.52471666e-01, 4.75183339e-02, 8.46650622e+00, 1.42357189e+03
2.20440892e+01, 1.36255955e+00, 4.33950760e-02, 9.56604924e-01, 4.33850761e-02, 8.37552616e+00, 1.55916307e+03
2.40480972e+01, 1.39877474e+00, 3.99231923e-02, 9.60076808e-01, 3.99131924e-02, 8.29213760e+00, 1.69475425e+03
2.60521052e+01, 1.43220107e+00, 3.69656998e-02, 9.63034300e-01, 3.69556999e-02, 8.21517064e+00, 1.83034544e+03
2.80561132e+01, 1.46323752e+00, 3.44161655e-02, 9.65583835e-01, 3.44061656e-02, 8.14370657e+00, 1.96593662e+03
3.00601212e+01, 1.49220315e+00, 3.21956245e-02, 9.67804375e-01, 3.21856246e-02, 8.07701074e+00, 2.10152780e+03
3.20641292e+01, 1.51935709e+00, 3.02442563e-02, 9.69755744e-01, 3.02342564e-02, 8.01448648e+00, 2.23711898e+03
3.40681372e+01, 1.54491270e+00, 2.85159144e-02, 9.71484086e-01, 2.85059145e-02, 7.95564252e+00, 2.37271017e+03
3.60721453e+01, 1.56904772e+00, 2.69744303e-02, 9.73025570e-01, 2.69644304e-02, 7.90006958e+00, 2.50830135e+03
3.80761533e+01, 1.59191180e+00, 2.55910553e-02, 9.74408945e-01, 2.55810554e-02, 7.84742307e+00, 2.64389253e+03
4.00801613e+01, 1.61363214e+00, 2.43426503e-02, 9.75657350e-01, 2.43326504e-02, 7.79741015e+00, 2.77948371e+03
4.20841693e+01, 1.63431772e+00, 2.32103814e-02, 9.76789619e-01, 2.32003815e-02, 7.74977984e+00, 2.91507489e+03
4.40881773e+01, 1.65406268e+00, 2.21787630e-02, 9.77821237e-01, 2.21687631e-02, 7.70431540e+00, 3.05066608e+03
4.60921853e+01, 1.67294884e+00, 2.12349457e-02, 9.78765054e-01, 2.12249458e-02, 7.66082839e+00, 3.18625726e+03
4.80961933e+01, 1.69104782e+00, 2.03681779e-02, 9.79631822e-01, 2.03581780e-02, 7.61915396e+00, 3.32184844e+03
5.01002014e+01, 1.70842261e+00, 1.95693945e-02, 9.80430605e-01, 1.95593946e-02, 7.57914703e+00, 3.45743962e+03
5.21042094e+01, 1.72512895e+00, 1.88308989e-02, 9.81169101e-01, 1.88208990e-02, 7.54067927e+00, 3.59303081e+03
5.41082174e+01, 1.74121636e+00, 1.81461141e-02, 9.81853886e-01, 1.81361142e-02, 7.50363662e+00, 3.72862199e+03
5.61122254e+01, 1.75672908e+00, 1.75093860e-02, 9.82490614e-01, 1.74993861e-02, 7.46791727e+00, 3.86421317e+03
5.81162334e+01, 1.77170676e+00, 1.69158274e-02, 9.83084173e-01, 1.69058275e-02, 7.43342990e+00, 3.99980435e+03
6.01202414e+01, 1.78618506e+00, 1.63611919e-02, 9.83638808e-01, 1.63511920e-02, 7.40009237e+00, 4.13539553e+03
6.21242494e+01, 1.80019623e+00, 1.58417725e-02, 9.84158227e-01, 1.58317726e-02, 7.36783047e+00, 4.27098672e+03
6.41282574e+01, 1.81376946e+00, 1.53543184e-02, 9.84645682e-01, 1.53443185e-02, 7.33657695e+00, 4.40657790e+03
6.61322655e+01, 1.82693130e+00, 1.48959668e-02, 9.85104033e-01, 1.48859669e-02, 7.30627068e+00, 4.54216908e+03
6.81362735e+01, 1.83970597e+00, 1.44641872e-02, 9.85535813e-01, 1.44541873e-02, 7.27685593e+00, 4.67776026e+03
7.01402815e+01, 1.85211558e+00, 1.40567338e-02, 9.85943266e-01, 1.40467339e-02, 7.24828174e+00, 4.81335145e+03
7.21442895e+01, 1.86418043e+00, 1.36716073e-02, 9.86328393e-01, 1.36616074e-02, 7.22050141e+00, 4.94894263e+03
7.41482975e+01, 1.87591915e+00, 1.33070214e-02, 9.86692979e-01, 1.32970215e-02, 7.19347200e+00, 5.08453381e+03
7.61523055e+01, 1.88734891e+00, 1.29613755e-02, 9.87038625e-01, 1.29513756e-02, 7.16715400e+00, 5.22012499e+03
7.81563135e+01, 1.89848556e+00, 1.26332311e-02, 9.87366769e-01, 1.26232312e-02, 7.14151091e+00, 5.35571617e+03
8.01603216e+01, 1.90934376e+00, 1.23212917e-02, 9.87678708e-01, 1.23112918e-02, 7.11650899e+00, 5.49130736e+03
8.21643296e+01, 1.91993709e+00, 1.20243860e-02, 9.87975614e-01, 1.20143861e-02, 7.09211694e+00, 5.62689854e+03
8.41683376e+01, 1.93027817e+00, 1.17414526e-02, 9.88258547e-01, 1.17314527e-02, 7.06830572e+00, 5.76248972e+03
8.61723456e+01, 1.94037873e+00, 1.14715280e-02, 9.88528472e-01, 1.14615281e-02, 7.04504832e+00, 5.89808090e+03
8.81763536e+01, 1.95024971e+00, 1.12137350e-02, 9.88786265e-01, 1.12037351e-02, 7.02231955e+00, 6.03367209e+03
9.01803616e+01, 1.95990131e+00, 1.09672739e-02, 9.89032726e-01, 1.09572740e-02, 7.00009592e+00, 6.16926327e+03
9.21843696e+01, 1.96934307e+00, 1.07314135e-02, 9.89268587e-01, 1.07214136e-02, 6.97835546e+00, 6.30485445e+03
9.41883777e+01, 1.97858392e+00, 1.05054842e-02, 9.89494516e-01, 1.04954843e-02, 6.95707761e+00, 6.44044563e+03
9.61923857e+01, 1.98763224e+00, 1.02888718e-02, 9.89711128e-01, 1.02788719e-02, 6.93624309e+00, 6.57603681e+03
9.81963937e+01, 1.99649588e+00, 1.00810116e-02, 9.89918988e-01, 1.00710117e-02, 6.91583381e+00, 6.71162800e+03
1.00200402e+02, 2.00518224e+00, 9.88138370e-03, 9.90118616e-01, 9.87138380e-03, 6.89583274e+00, 6.84721918e+03
1.02204410e+02, 2.01369825e+00, 9.68950845e-03, 9.90310492e-01, 9.67950855e-03, 6.87622388e+00, 6.98281036e+03
1.04208418e+02, 2.02205049e+00, 9.50494287e-03, 9.90495057e-01, 9.49494297e-03, 6.85699215e+00, 7.11840154e+03
1.06212426e+02, 2.03024512e+00, 9.32727707e-03, 9.90672723e-01, 9.31727717e-03, 6.83812331e+00, 7.25399273e+03
1.08216434e+02, 2.03828799e+00, 9.15613123e-03, 9.90843869e-01, 9.14613133e-03, 6.81960392e+00, 7.38958391e+03
1.10220442e+02, 2.04618462e+00, 8.99115292e-03, 9.91008847e-01, 8.98115302e-03, 6.80142127e+00, 7.52517509e+03
1.12224450e+02, 2.05394022e+00, 8.83201466e-03, 9.91167985e-01, 8.82201476e-03, 6.78356333e+00, 7.66076627e+03
1.14228458e+02, 2.06155975e+00, 8.67841173e-03, 9.91321588e-01, 8.66841183e-03, 6.76601872e+00, 7.79635745e+03
1.16232466e+02, 2.06904790e+00, 8.53006028e-03, 9.91469940e-01, 8.52006038e-03, 6.74877661e+00, 7.93194864e+03
1.18236474e+02, 2.07640912e+00, 8.38669551e-03, 9.91613304e-01, 8.37669561e-03, 6.73182677e+00, 8.06753982e+03
1.20240482e+02, 2.08364765e+00, 8.24807016e-03, 9.91751930e-01, 8.23807026e-03, 6.71515944e+00, 8.20313100e+03
1.22244490e+02, 2.09076751e+00, 8.11395301e-03, 9.91886047e-01, 8.10395311e-03, 6.69876536e+00, 8.33872218e+03
1.24248498e+02, 2.09777253e+00, 7.98412769e-03, 9.92015872e-01, 7.97412779e-03, 6.68263572e+00, 8.47431337e+03
1.26252506e+02, 2.10466634e+00, 7.85839142e-03, 9.92141609e-01, 7.84839152e-03, 6.66676212e+00, 8.60990455e+03
1.28256514e+02, 2.11145244e+00, 7.73655400e-03, 9.92263446e-01, 7.72655410e-03, 6.65113656e+00, 8.74549573e+03
1.30260522e+02, 2.11813413e+00, 7.61843687e-03, 9.92381564e-01, 7.60843697e-03, 6.63575140e+00, 8.88108691e+03
1.32264530e+02, 2.12471457e+00, 7.50387219e-03, 9.92496128e-01, 7.49387229e-03, 6.62059937e+00, 9.01667809e+03
1.34268538e+02, 2.13119680e+00, 7.39270207e-03, 9.92607299e-01, 7.38270217e-03, 6.60567349e+00, 9.15226928e+03
1.36272546e+02, 2.13758369e+00, 7.28477783e-03, 9.92715223e-01, 7.27477793e-03, 6.59096713e+00, 9.28786046e+03
1.38276554e+02, 2.14387801e+00, 7.17995938e-03, 9.92820041e-01, 7.16995948e-03, 6.57647391e+00, 9.42345164e+03
1.40280562e+02, 2.15008241e+00, 7.07811454e-03, 9.92921886e-01, 7.06811464e-03, 6.56218775e+00, 9.55904282e+03
1.42284570e+02, 2.15619942e+00, 6.97911855e-03, 9.93020882e-01, 6.96911865e-03, 6.54810281e+00, 9.69463401e+03
1.44288578e+02, 2.16223147e+00, 6.88285352e-03, 9.93117147e-01, 6.87285362e-03, 6.53421351e+00, 9.83022519e+03
1.46292586e+02, 2.16818089e+00, 6.78920798e-03, 9.93210793e-01, 6.77920808e-03, 6.52051448e+00, 9.96581637e+03
1.48296594e+02, 2.17404990e+00, 6.69807645e-03, 9.93301924e-01, 6.68807655e-03, 6.50700057e+00, 1.01014076e+04
1.50300602e+02, 2.17984066e+00, 6.60935903e-03, 9.93390642e-01, 6.59935913e-03, 6.49366686e+00, 1.02369987e+04
1.52304610e+02, 2.18555521e+00, 6.52296105e-03, 9.93477040e-01, 6.51296115e-03, 6.48050861e+00, 1.03725899e+04
1.54308618e+02, 2.19119556e+00, 6.43879272e-03, 9.93561208e-01, 6.42879282e-03, 6.46752124e+00, 1.05081811e+04
1.56312626e+02, 2.19676358e+00, 6.35676884e-03, 9.93643232e-01, 6.34676894e-03, 6.45470039e+00, 1.06437723e+04
1.58316634e+02, 2.20226112e+00, 6.27680848e-03, 9.93723193e-01, 6.26680858e-03, 6.44204183e+00, 1.07793635e+04
1.60320642e+02, 2.20768994e+00, 6.19883474e-03, 9.93801166e-01, 6.18883484e-03, 6.42954151e+00, 1.09149546e+04
1.62324650e+02, 2.21305174e+00, 6.12277448e-03, 9.93877227e-01, 6.11277458e-03, 6.41719553e+00, 1.10505458e+04
1.64328658e+02, 2.21834814e+00, 6.04855813e-03, 9.93951443e-01, 6.03855823e-03, 6.40500010e+00, 1.11861370e+04
1.66332666e+02, 2.22358073e+00, 5.97611944e-03, 9.94023882e-01, 5.96611954e-03, 6.39295162e+00, 1.13217282e+04
1.68336674e+02, 2.22875103e+00, 5.90539530e-03, 9.94094606e-01, 5.89539540e-03, 6.38104658e+00, 1.14573194e+04
1.70340682e+02, 2.23386049e+00, 5.83632554e-03, 9.94163676e-01, 5.82632564e-03, 6.36928160e+00, 1.15929106e+04
1.72344690e+02, 2.23891054e+00, 5.76885279e-03, 9.94231149e-01, 5.75885289e-03, 6.35765342e+00, 1.17285017e+04
1.74348698e+02, 2.24390255e+00, 5.70292229e-03, 9.94297079e-01, 5.69292239e-03, 6.34615891e+00, 1.18640929e+04
1.76352706e+02, 2.24883782e+00, 5.63848176e-03, 9.94361520e-01, 5.62848186e-03, 6.33479502e+00, 1.19996841e+04
1.78356714e+02, 2.25371764e+00, 5.57548126e-03, 9.94424521e-01, 5.56548136e-03, 6.32355883e+00, 1.21352753e+04
1.80360722e+02, 2.25854324e+00, 5.51387306e-03, 9.94486129e-01, 5.50387316e-03, 6.31244748e+00, 1.22708665e+04
1.82364730e+02, 2.26331580e+00, 5.45361149e-03, 9.94546391e-01, 5.44361159e-03, 6.30145823e+00, 1.24064577e+04
1.84368738e+02, 2.26803649e+00, 5.39465289e-03, 9.94605349e-01, 5.38465299e-03, 6.29058844e+00, 1.25420488e+04
1.86372746e+02, 2.27270642e+00, 5.33695545e-03, 9.94663047e-01, 5.32695555e-03, 6.27983554e+00, 1.26776400e+04
1.88376754e+02, 2.27732667e+00, 5.28047914e-03, 9.94719523e-01, 5.27047924e-03, 6.26919702e+00, 1.28132312e+04
1.90380762e+02, 2.28189828e+00, 5.22518558e-03, 9.94774817e-01, 5.21518568e-03, 6.25867050e+00, 1.29488224e+04
1.92384770e+02, 2.28642227e+00, 5.17103802e-03, 9.94828965e-01, 5.16103812e-03, 6.24825363e+00, 1.30844136e+04
1.94388778e+02, 2.29089962e+00, 5.11800119e-03, 9.94882001e-01, 5.10800129e-03, 6.23794416e+00, 1.32200047e+04
1.96392786e+02, 2.29533128e+00, 5.06604126e-03, 9.94933961e-01, 5.05604136e-03, 6.22773988e+00, 1.33555959e+04
1.98396794e+02, 2.29971817e+00, 5.01512576e-03, 9.94984877e-01, 5.00512586e-03, 6.21763868e+00, 1.34911871e+04
2.00400802e+02, 2.30406120e+00, 4.96522351e-03, 9.95034779e-01, 4.95522361e-03, 6.20763850e+00, 1.36267783e+04
2.02404810e+02, 2.30836122e+00, 4.91630457e-03, 9.95083699e-01, 4.90630467e-03, 6.19773733e+00, 1.37623695e+04
2.04408818e+02, 2.31261908e+00, 4.86834016e-03, 9.95131663e-01, 4.85834026e-03, 6.18793324e+00, 1.38979607e+04
2.06412826e+02, 2.31683561e+00, 4.82130260e-03, 9.95178701e-01, 4.81130270e-03, 6.17822433e+00, 1.40335518e+04
2.08416834e+02, 2.32101159e+00, 4.77516529e-03, 9.95224838e-01, 4.76516539e-03, 6.16860878e+00, 1.41691430e+04
2.10420842e+02, 2.32514780e+00, 4.72990264e-03, 9.95270101e-01, 4.71990274e-03, 6.15908480e+00, 1.43047342e+04
2.12424850e+02, 2.32924499e+00, 4.68548999e-03, 9.95314514e-01, 4.67549009e-03, 6.14965068e+00, 1.44403254e+04
2.14428859e+02, 2.33330388e+00, 4.64190363e-03, 9.95358100e-01, 4.63190373e-03, 6.14030473e+00, 1.45759166e+04
2.16432867e+02, 2.33732519e+00, 4.59912071e-03, 9.95400883e-01, 4.58912081e-03, 6.13104532e+00, 1.47115077e+04
2.18436875e+02, 2.34130961e+00, 4.55711923e-03, 9.95442885e-01, 4.54711933e-03, 6.12187086e+00, 1.48470989e+04
2.20440883e+02, 2.34525780e+00, 4.51587796e-03, 9.95484126e-01, 4.50587806e-03, 6.11277981e+00, 1.49826901e+04
2.22444891e+02, 2.34917043e+00, 4.47537645e-03, 9.95524628e-01, 4.46537655e-03, 6.10377066e+00, 1.51182813e+04
2.24448899e+02, 2.35304812e+00, 4.43559497e-03, 9.95564410e-01, 4.42559507e-03, 6.09484195e+00, 1.52538725e+04
2.26452907e+02, 2.35689149e+00, 4.39651449e-03, 9.95603490e-01, 4.38651459e-03, 6.08599225e+00, 1.53894637e+04
2.28456915e+02, 2.36070115e+00, 4.35811665e-03, 9.95641888e-01, 4.34811675e-03, 6.07722019e+00, 1.55250548e+04
2.30460923e+02, 2.36447768e+00, 4.32038371e-03, 9.95679622e-01, 4.31038381e-03, 6.06852441e+00, 1.56606460e+04
2.32464931e+02, 2.36822165e+00, 4.28329856e-03, 9.95716707e-01, 4.27329866e-03, 6.05990359e+00, 1.57962372e+04
2.34468939e+02, 2.37193363e+00, 4.24684464e-03, 9.95753161e-01, 4.23684474e-03, 6.05135646e+00, 1.59318284e+04
2.36472947e+02, 2.37561414e+00, 4.21100599e-03, 9.95789000e-01, 4.20100609e-03, 6.04288176e+00, 1.60674196e+04
2.38476955e+02, 2.37926373e+00, 4.17576715e-03, 9.95824239e-01, 4.16576725e-03, 6.03447828e+00, 1.62030108e+04
2.40480963e+02, 2.38288290e+00, 4.14111319e-03, 9.95858893e-01, 4.13111329e-03, 6.02614482e+00, 1.63386019e+04
2.42484971e+02, 2.38647216e+00, 4.10702967e-03, 9.95892977e-01, 4.09702977e-03, 6.01788025e+00, 1.64741931e+04
2.44488979e+02, 2.39003200e+00, 4.07350263e-03, 9.95926504e-01, 4.06350273e-03, 6.00968341e+00, 1.66097843e+04
2.46492987e+02, 2.39356290e+00, 4.04051853e-03, 9.95959488e-01, 4.03051863e-03, 6.00155322e+00, 1.67453755e+04
2.48496995e+02, 2.39706532e+00, 4.00806431e-03, 9.95991943e-01, 3.99806441e-03, 5.99348859e+00, 1.68809667e+04
2.50501003e+02, 2.40053972e+00, 3.97612729e-03, 9.96023880e-01, 3.96612739e-03, 5.98548849e+00, 1.70165578e+04
2.52505011e+02, 2.40398655e+00, 3.94469520e-03, 9.96055312e-01, 3.93469530e-03, 5.97755188e+00, 1.71521490e+04
2.54509019e+02, 2.40740623e+00, 3.91375617e-03, 9.96086252e-01, 3.90375627e-03, 5.96967776e+00, 1.72877402e+04
2.56513027e+02, 2.41079920e+00, 3.88329869e-03, 9.96116709e-01, 3.87329879e-03, 5.96186516e+00, 1.74233314e+04
2.58517035e+02, 2.41416587e+00, 3.85331160e-03, 9.96146697e-01, 3.84331170e-03, 5.95411312e+00, 1.75589226e+04
2.60521043e+02, 2.41750664e+00, 3.82378408e-03, 9.96176224e-01, 3.81378418e-03, 5.94642071e+00, 1.76945138e+04
2.62525051e+02, 2.42082191e+00, 3.79470565e-03, 9.96205303e-01, 3.78470575e-03, 5.93878703e+00, 1.78301049e+04
2.64529059e+02, 2.42411206e+00, 3.76606615e-03, 9.96233943e-01, 3.75606625e-03, 5.93121118e+00, 1.79656961e+04
2.66533067e+02, 2.42737747e+00, 3.73785570e-03, 9.96262154e-01, 3.72785580e-03, 5.92369229e+00, 1.81012873e+04
2.68537075e+02, 2.43061851e+00, 3.71006475e-03, 9.96289945e-01, 3.70006485e-03, 5.91622951e+00, 1.82368785e+04
2.70541083e+02, 2.43383555e+00, 3.68268400e-03, 9.96317326e-01, 3.67268410e-03, 5.90882202e+00, 1.83724697e+04
2.72545091e+02, 2.43702893e+00, 3.65570443e-03, 9.96344306e-01, 3.64570453e-03, 5.90146899e+00, 1.85080609e+04
2.74549099e+02, 2.44019900e+00, 3.62911729e-03, 9.96370893e-01, 3.61911739e-03, 5.89416963e+00, 1.86436520e+04
2.76553107e+02, 2.44334609e+00, 3.60291409e-03, 9.96397097e-01, 3.59291419e-03, 5.88692317e+00, 1.87792432e+04
2.78557115e+02, 2.44647055e+00, 3.57708656e-03, 9.96422925e-01, 3.56708666e-03, 5.87972885e+00, 1.89148344e+04
2.80561123e+02, 2.44957269e+00, 3.55162669e-03, 9.96448385e-01, 3.54162679e-03, 5.87258591e+00, 1.90504256e+04
2.82565131e+02, 2.45265283e+00, 3.52652668e-03, 9.96473485e-01, 3.51652678e-03, 5.86549363e+00, 1.91860168e+04
2.84569139e+02, 2.45571127e+00, 3.50177895e-03, 9.96498233e-01, 3.49177905e-03, 5.85845130e+00, 1.93216079e+04
2.86573147e+02, 2.45874833e+00, 3.47737614e-03, 9.96522636e-01, 3.46737624e-03, 5.85145821e+00, 1.94571991e+04
2.88577155e+02, 2.46176430e+00, 3.45331109e-03, 9.96546702e-01, 3.44331119e-03, 5.84451369e+00, 1.95927903e+04
2.90581163e+02, 2.46475946e+00, 3.42957683e-03, 9.96570436e-01, 3.41957693e-03, 5.83761707e+00, 1.97283815e+04
2.92585171e+02, 2.46773412e+00, 3.40616659e-03, 9.96593847e-01, 3.39616669e-03, 5.83076768e+00, 1.98639727e+04
2.94589179e+02, 2.47068853e+00, 3.38307378e-03, 9.96616940e-01, 3.37307388e-03, 5.82396488e+00, 1.99995639e+04
2.96593187e+02, 2.47362298e+00, 3.36029198e-03, 9.96639722e-01, 3.35029208e-03, 5.81720806e+00, 2.01351550e+04
2.98597195e+02, 2.47653774e+00, 3.33781496e-03, 9.96662200e-01, 3.32781506e-03, 5.81049658e+00, 2.02707462e+04
3.00601203e+02, 2.47943307e+00, 3.31563664e-03, 9.96684378e-01, 3.30563674e-03, 5.80382984e+00, 2.04063374e+04
3.02605211e+02, 2.48230922e+00, 3.29375111e-03, 9.96706264e-01, 3.28375121e-03, 5.79720726e+00, 2.05419286e+04
3.04609219e+02, 2.48516645e+00, 3.27215260e-03, 9.96727863e-01, 3.26215270e-03, 5.79062824e+00, 2.06775198e+04
3.06613227e+02, 2.48800501e+00, 3.25083550e-03, 9.96749181e-01, 3.24083560e-03, 5.78409223e+00, 2.08131109e+04
3.08617235e+02, 2.49082513e+00, 3.22979436e-03, 9.96770222e-01, 3.21979446e-03, 5.77759866e+00, 2.09487021e+04
3.10621243e+02, 2.49362706e+00, 3.20902385e-03, 9.96790993e-01, 3.19902395e-03, 5.77114698e+00, 2.10842933e+04
3.12625251e+02, 2.49641102e+00, 3.18851877e-03, 9.96811499e-01, 3.17851887e-03, 5.76473666e+00, 2.12198845e+04
3.14629259e+02, 2.49917726e+00, 3.16827408e-03, 9.96831744e-01, 3.15827418e-03, 5.75836717e+00, 2.13554757e+04
3.16633267e+02, 2.50192598e+00, 3.14828484e-03, 9.96851734e-01, 3.13828494e-03, 5.75203800e+00, 2.14910669e+04
3.18637275e+02, 2.50465742e+00, 3.12854625e-03, 9.96871473e-01, 3.11854635e-03, 5.74574863e+00, 2.16266580e+04
3.20641283e+02, 2.50737179e+00, 3.10905363e-03, 9.96890966e-01, 3.09905373e-03, 5.73949857e+00, 2.17622492e+04
3.22645291e+02, 2.51006929e+00, 3.08980241e-03, 9.96910218e-01, 3.07980251e-03, 5.73328733e+00, 2.18978404e+04
3.24649299e+02, 2.51275015e+00, 3.07078812e-03, 9.96929232e-01, 3.06078822e-03, 5.72711443e+00, 2.20334316e+04
3.26653307e+02, 2.51541456e+00, 3.05200643e-03, 9.96948015e-01, 3.04200653e-03, 5.72097941e+00, 2.21690228e+04
3.28657315e+02, 2.51806272e+00, 3.03345308e-03, 9.96966568e-01, 3.02345318e-03, 5.71488179e+00, 2.23046140e+04
3.30661323e+02, 2.52069483e+00, 3.01512395e-03, 9.96984898e-01, 3.00512405e-03, 5.70882113e+00, 2.24402051e+04
3.32665331e+02, 2.52331108e+00, 2.99701499e-03, 9.97003008e-01, 2.98701509e-03, 5.70279698e+00, 2.25757963e+04
3.34669339e+02, 2.52591167e+00, 2.97912226e-03, 9.97020901e-01, 2.96912236e-03, 5.69680890e+00, 2.27113875e+04
3.36673347e+02, 2.52849678e+00, 2.96144190e-03, 9.97038582e-01, 2.95144200e-03, 5.69085646e+00, 2.28469787e+04
3.38677355e+02, 2.53106660e+00, 2.94397017e-03, 9.97056054e-01, 2.93397027e-03, 5.68493925e+00, 2.29825699e+04
3.40681363e+02, 2.53362129e+00, 2.92670338e-03, 9.97073322e-01, 2.91670348e-03, 5.67905685e+00, 2.31181610e+04
3.42685371e+02, 2.53616105e+00, 2.90963795e-03, 9.97090388e-01, 2.89963805e-03, 5.67320884e+00, 2.32537522e+04
3.44689379e+02, 2.53868604e+00, 2.89277039e-03, 9.97107256e-01, 2.88277049e-03, 5.66739484e+00, 2.33893434e+04
3.46693387e+02, 2.54119643e+00, 2.87609726e-03, 9.97123929e-01, 2.86609736e-03, 5.66161444e+00, 2.35249346e+04
3.48697395e+02, 2.54369240e+00, 2.85961524e-03, 9.97140412e-01, 2.84961534e-03, 5.65586727e+00, 2.36605258e+04
3.50701403e+02, 2.54617410e+00, 2.84332104e-03, 9.97156707e-01, 2.83332114e-03, 5.65015293e+00, 2.37961170e+04
3.52705411e+02, 2.54864170e+00, 2.82721148e-03, 9.97172817e-01, 2.81721158e-03, 5.64447107e+00, 2.39317081e+04
3.54709419e+02, 2.55109537e+00, 2.81128344e-03, 9.97188746e-01, 2.80128354e-03, 5.63882130e+00, 2.40672993e+04
3.56713427e+02, 2.55353524e+00, 2.79553386e-03, 9.97204496e-01, 2.78553396e-03, 5.63320328e+00, 2.42028905e+04
3.58717436e+02, 2.55596149e+00, 2.77995977e-03, 9.97220071e-01, 2.76995987e-03, 5.62761664e+00, 2.43384817e+04
3.60721444e+02, 2.55837426e+00, 2.76455825e-03, 9.97235473e-01, 2.75455835e-03, 5.62206104e+00, 2.44740729e+04
3.62725452e+02, 2.56077369e+00, 2.74932644e-03, 9.97250706e-01, 2.73932654e-03, 5.61653614e+00, 2.46096641e+04
3.64729460e+02, 2.56315994e+00, 2.73426155e-03, 9.97265771e-01, 2.72426165e-03, 5.61104159e+00, 2.47452552e+04
3.66733468e+02, 2.56553316e+00, 2.71936086e-03, 9.97280673e-01, 2.70936096e-03, 5.60557706e+00, 2.48808464e+04
3.68737476e+02, 2.56789347e+00, 2.70462170e-03, 9.97295412e-01, 2.69462180e-03, 5.60014224e+00, 2.50164376e+04
3.70741484e+02, 2.57024103e+00, 2.69004145e-03, 9.97309993e-01, 2.68004155e-03, 5.59473679e+00, 2.51520288e+04
3.72745492e+02, 2.57257596e+00, 2.67561756e-03, 9.97324418e-01, 2.66561766e-03, 5.58936040e+00, 2.52876200e+04
3.74749500e+02, 2.57489841e+00, 2.66134752e-03, 9.97338689e-01, 2.65134762e-03, 5.58401277e+00, 2.54232111e+04
3.76753508e+02, 2.57720851e+00, 2.64722889e-03, 9.97352808e-01, 2.63722899e-03, 5.57869358e+00, 2.55588023e+04
3.78757516e+02, 2.57950638e+00, 2.63325927e-03, 9.97366779e-01, 2.62325937e-03, 5.57340253e+00, 2.56943935e+04
3.80761524e+02, 2.58179216e+00, 2.61943632e-03, 9.97380602e-01, 2.60943642e-03, 5.56813933e+00, 2.58299847e+04
3.82765532e+02, 2.58406597e+00, 2.60575773e-03, 9.97394282e-01, 2.59575783e-03, 5.56290369e+00, 2.59655759e+04
3.84769540e+02, 2.58632793e+00, 2.59222125e-03, 9.97407819e-01, 2.58222135e-03, 5.55769532e+00, 2.61011671e+04
3.86773548e+02, 2.58857818e+00, 2.57882469e-03, 9.97421217e-01, 2.56882479e-03, 5.55251394e+00, 2.62367582e+04
3.88777556e+02, 2.59081683e+00, 2.56556589e-03, 9.97434476e-01, 2.55556599e-03, 5.54735926e+00, 2.63723494e+04
3.90781564e+02, 2.59304400e+00, 2.55244272e-03, 9.97447600e-01, 2.54244282e-03, 5.54223102e+00, 2.65079406e+04
3.92785572e+02, 2.59525980e+00, 2.53945312e-03, 9.97460591e-01, 2.52945322e-03, 5.53712894e+00, 2.66435318e+04
3.94789580e+02, 2.59746436e+00, 2.52659507e-03, 9.97473450e-01, 2.51659517e-03, 5.53205276e+00, 2.67791230e+04
3.96793588e+02, 2.59965778e+00, 2.51386656e-03, 9.97486179e-01, 2.50386666e-03, 5.52700222e+00, 2.69147141e+04
3.98797596e+02, 2.60184018e+00, 2.50126567e-03, 9.97498781e-01, 2.49126577e-03, 5.52197706e+00, 2.70503053e+04
4.00801604e+02, 2.60401167e+00, 2.48879046e-03, 9.97511257e-01, 2.47879056e-03, 5.51697702e+00, 2.71858965e+04
4.02805612e+02, 2.60617235e+00, 2.47643909e-03, 9.97523610e-01, 2.46643919e-03, 5.51200186e+00, 2.73214877e+04
4.04809620e+02, 2.60832234e+00, 2.46420970e-03, 9.97535840e-01, 2.45420980e-03, 5.50705133e+00, 2.74570789e+04
4.06813628e+02, 2.61046173e+00, 2.45210050e-03, 9.97547950e-01, 2.44210060e-03, 5.50212519e+00, 2.75926701e+04
4.08817636e+02, 2.61259064e+00, 2.44010973e-03, 9.97559942e-01, 2.43010983e-03, 5.49722319e+00, 2.77282612e+04
4.10821644e+02, 2.61470917e+00, 2.42823566e-03, 9.97571817e-01, 2.41823576e-03, 5.49234511e+00, 2.78638524e+04
4.12825652e+02, 2.61681741e+00, 2.41647659e-03, 9.97583577e-01, 2.40647669e-03, 5.48749071e+00, 2.79994436e+04
4.14829660e+02, 2.61891546e+00, 2.40483086e-03, 9.97595224e-01, 2.39483096e-03, 5.48265976e+00, 2.81350348e+04
4.16833668e+02, 2.62100343e+00, 2.39329685e-03, 9.97606759e-01, 2.38329695e-03, 5.47785204e+00, 2.82706260e+04
4.18837676e+02, 2.62308141e+00, 2.38187294e-03, 9.97618184e-01, 2.37187304e-03, 5.47306731e+00, 2.84062172e+04
4.20841684e+02, 2.62514949e+00, 2.37055758e-03, 9.97629500e-01, 2.36055768e-03, 5.46830538e+00, 2.85418083e+04
4.22845692e+02, 2.62720777e+00, 2.35934921e-03, 9.97640710e-01, 2.34934931e-03, 5.46356601e+00, 2.86773995e+04
4.24849700e+02, 2.62925635e+00, 2.34824634e-03, 9.97651814e-01, 2.33824644e-03, 5.45884900e+00, 2.88129907e+04
4.26853708e+02, 2.63129530e+00, 2.33724748e-03, 9.97662814e-01, 2.32724758e-03, 5.45415413e+00, 2.89485819e+04
4.28857716e+02, 2.63332473e+00, 2.32635117e-03, 9.97673711e-01, 2.31635127e-03, 5.44948120e+00, 2.90841731e+04
4.30861724e+02, 2.63534471e+00, 2.31555599e-03, 9.97684508e-01, 2.30555609e-03, 5.44483001e+00, 2.92197642e+04
4.32865732e+02, 2.63735535e+00, 2.30486053e-03, 9.97695204e-01, 2.29486063e-03, 5.44020035e+00, 2.93553554e+04
4.34869740e+02, 2.63935672e+00, 2.29426342e-03, 9.97705803e-01, 2.28426352e-03, 5.43559203e+00, 2.94909466e+04
4.36873748e+02, 2.64134891e+00, 2.28376331e-03, 9.97716304e-01, 2.27376341e-03, 5.43100484e+00, 2.96265378e+04
4.38877756e+02, 2.64333200e+00, 2.27335887e-03, 9.97726710e-01, 2.26335897e-03, 5.42643860e+00, 2.97621290e+04
4.40881764e+02, 2.64530608e+00, 2.26304881e-03, 9.97737021e-01, 2.25304891e-03, 5.42189312e+00, 2.98977202e+04
4.42885772e+02, 2.64727122e+00, 2.25283184e-03, 9.97747239e-01, 2.24283194e-03, 5.41736821e+00, 3.00333113e+04
4.44889780e+02, 2.64922752e+00, 2.24270671e-03, 9.97757366e-01, 2.23270681e-03, 5.41286367e+00, 3.01689025e+04
4.46893788e+02, 2.65117504e+00, 2.23267218e-03, 9.97767401e-01, 2.22267228e-03, 5.40837934e+00, 3.03044937e+04
4.48897796e+02, 2.65311387e+00, 2.22272705e-03, 9.97777348e-01, 2.21272715e-03, 5.40391503e+00, 3.04400849e+04
4.50901804e+02, 2.65504408e+00, 2.21287012e-03, 9.97787206e-01, 2.20287022e-03, 5.39947056e+00, 3.05756761e+04
4.52905812e+02, 2.65696574e+00, 2.20310023e-03, 9.97796977e-01, 2.19310033e-03, 5.39504575e+00, 3.07112673e+04
4.54909820e+02, 2.65887895e+00, 2.19341623e-03, 9.97806663e-01, 2.18341633e-03, 5.39064044e+00, 3.08468584e+04
4.56913828e+02, 2.66078376e+00, 2.18381699e-03, 9.97816263e-01, 2.17381709e-03, 5.38625445e+00, 3.09824496e+04
4.58917836e+02, 2.66268025e+00, 2.17430141e-03, 9.97825780e-01, 2.16430151e-03, 5.38188761e+00, 3.11180408e+04
4.60921844e+02, 2.66456850e+00, 2.16486839e-03, 9.97835215e-01, 2.15486849e-03, 5.37753976e+00, 3.12536320e+04
4.62925852e+02, 2.66644857e+00, 2.15551687e-03, 9.97844568e-01, 2.14551697e-03, 5.37321073e+00, 3.13892232e+04
4.64929860e+02, 2.66832054e+00, 2.14624579e-03, 9.97853840e-01, 2.13624589e-03, 5.36890036e+00, 3.15248143e+04
4.66933868e+02, 2.67018448e+00, 2.13705412e-03, 9.97863034e-01, 2.12705422e-03, 5.36460849e+00, 3.16604055e+04
4.68937876e+02, 2.67204045e+00, 2.12794084e-03, 9.97872148e-01, 2.11794094e-03, 5.36033496e+00, 3.17959967e+04
4.70941884e+02, 2.67388852e+00, 2.11890496e-03, 9.97881186e-01, 2.10890506e-03, 5.35607961e+00, 3.19315879e+04
4.72945892e+02, 2.67572876e+00, 2.10994549e-03, 9.97890147e-01, 2.09994559e-03, 5.35184230e+00, 3.20671791e+04
4.74949900e+02, 2.67756124e+00, 2.10106148e-03, 9.97899032e-01, 2.09106158e-03, 5.34762287e+00, 3.22027703e+04
4.76953908e+02, 2.67938602e+00, 2.09225196e-03, 9.97907844e-01, 2.08225206e-03, 5.34342116e+00, 3.23383614e+04
4.78957916e+02, 2.68120316e+00, 2.08351600e-03, 9.97916581e-01, 2.07351610e-03, 5.33923704e+00, 3.24739526e+04
4.80961924e+02, 2.68301273e+00, 2.07485270e-03, 9.97925246e-01, 2.06485280e-03, 5.33507035e+00, 3.26095438e+04
4.82965932e+02, 2.68481479e+00, 2.06626114e-03, 9.97933839e-01, 2.05626124e-03, 5.33092095e+00, 3.27451350e+04
4.84969940e+02, 2.68660941e+00, 2.05774044e-03, 9.97942362e-01, 2.04774054e-03, 5.32678869e+00, 3.28807262e+04
4.86973948e+02, 2.68839664e+00, 2.04928973e-03, 9.97950814e-01, 2.03928983e-03, 5.32267344e+00, 3.30163173e+04
4.88977956e+02, 2.69017654e+00, 2.04090814e-03, 9.97959197e-01, 2.03090824e-03, 5.31857506e+00, 3.31519085e+04
4.90981964e+02, 2.69194918e+00, 2.03259484e-03, 9.97967512e-01, 2.02259494e-03, 5.31449341e+00, 3.32874997e+04
4.92985972e+02, 2.69371462e+00, 2.02434898e-03, 9.97975760e-01, 2.01434908e-03, 5.31042834e+00, 3.34230909e+04
4.94989980e+02, 2.69547290e+00, 2.01616976e-03, 9.97983941e-01, 2.00616986e-03, 5.30637974e+00, 3.35586821e+04
4.96993988e+02, 2.69722410e+00, 2.00805637e-03, 9.97992056e-01, 1.99805647e-03, 5.30234746e+00, 3.36942733e+04
4.98997996e+02, 2.69896826e+00, 2.00000801e-03, 9.98000106e-01, 1.99000811e-03, 5.29833137e+00, 3.38298644e+04
5.01002005e+02, 2.70070545e+00, 1.99202392e-03, 9.98008092e-01, 1.98202402e-03, 5.29433135e+00, 3.39654556e+04
5.03006013e+02, 2.70243572e+00, 1.98410331e-03, 9.98016015e-01, 1.97410341e-03, 5.29034727e+00, 3.41010468e+04
5.05010021e+02, 2.70415912e+00, 1.97624545e-03, 9.98023874e-01, 1.96624555e-03, 5.28637899e+00, 3.42366380e+04
5.07014029e+02, 2.70587571e+00, 1.96844958e-03, 9.98031672e-01, 1.95844968e-03, 5.28242640e+00, 3.43722292e+04
5.09018037e+02, 2.70758554e+00, 1.96071497e-03, 9.98039409e-01, 1.95071507e-03, 5.27848937e+00, 3.45078204e+04
5.11022045e+02, 2.70928866e+00, 1.95304091e-03, 9.98047085e-01, 1.94304101e-03, 5.27456778e+00, 3.46434115e+04
5.13026053e+02, 2.71098513e+00, 1.94542669e-03, 9.98054701e-01, 1.93542679e-03, 5.27066151e+00, 3.47790027e+04
5.15030061e+02, 2.71267500e+00, 1.93787160e-03, 9.98062258e-01, 1.92787170e-03, 5.26677044e+00, 3.49145939e+04
5.17034069e+02, 2.71435832e+00, 1.93037497e-03, 9.98069757e-01, 1.92037507e-03, 5.26289446e+00, 3.50501851e+04
5.19038077e+02, 2.71603514e+00, 1.92293612e-03, 9.98077198e-01, 1.91293622e-03, 5.25903343e+00, 3.51857763e+04
5.21042085e+02, 2.71770552e+00, 1.91555438e-03, 9.98084582e-01, 1.90555448e-03, 5.25518726e+00, 3.53213674e+04
5.23046093e+02, 2.71936949e+00, 1.90822909e-03, 9.98091909e-01, 1.89822919e-03, 5.25135582e+00, 3.54569586e+04
5.25050101e+02, 2.72102711e+00, 1.90095962e-03, 9.98099180e-01, 1.89095972e-03, 5.24753901e+00, 3.55925498e+04
5.27054109e+02, 2.72267843e+00, 1.89374533e-03, 9.98106397e-01, 1.88374543e-03, 5.24373671e+00, 3.57281410e+04
5.29058117e+02, 2.72432349e+00, 1.88658558e-03, 9.98113559e-01, 1.87658568e-03, 5.23994881e+00, 3.58637322e+04
5.31062125e+02, 2.72596234e+00, 1.87947977e-03, 9.98120667e-01, 1.86947987e-03, 5.23617521e+00, 3.59993234e+04
5.33066133e+02, 2.72759504e+00, 1.87242729e-03, 9.98127722e-01, 1.86242739e-03, 5.23241579e+00, 3.61349145e+04
5.35070141e+02, 2.72922162e+00, 1.86542753e-03, 9.98134724e-01, 1.85542763e-03, 5.22867045e+00, 3.62705057e+04
5.37074149e+02, 2.73084213e+00, 1.85847992e-03, 9.98141673e-01, 1.84848002e-03, 5.22493909e+00, 3.64060969e+04
5.39078157e+02, 2.73245661e+00, 1.85158386e-03, 9.98148572e-01, 1.84158396e-03, 5.22122160e+00, 3.65416881e+04
5.41082165e+02, 2.73406512e+00, 1.84473880e-03, 9.98155419e-01, 1.83473890e-03, 5.21751788e+00, 3.66772793e+04
5.43086173e+02, 2.73566769e+00, 1.83794415e-03, 9.98162216e-01, 1.82794425e-03, 5.21382782e+00, 3.68128705e+04
5.45090181e+02, 2.73726437e+00, 1.83119938e-03, 9.98168963e-01, 1.82119948e-03, 5.21015134e+00, 3.69484616e+04
5.47094189e+02, 2.73885520e+00, 1.82450393e-03, 9.98175661e-01, 1.81450403e-03, 5.20648832e+00, 3.70840528e+04
5.49098197e+02, 2.74044022e+00, 1.81785726e-03, 9.98182310e-01, 1.80785736e-03, 5.20283866e+00, 3.72196440e+04
5.51102205e+02, 2.74201948e+00, 1.81125884e-03, 9.98188911e-01, 1.80125894e-03, 5.19920228e+00, 3.73552352e+04
5.53106213e+02, 2.74359302e+00, 1.80470815e-03, 9.98195464e-01, 1.79470825e-03, 5.19557908e+00, 3.74908264e+04
5.55110221e+02, 2.74516088e+00, 1.79820468e-03, 9.98201970e-01, 1.78820478e-03, 5.19196895e+00, 3.76264175e+04
5.57114229e+02, 2.74672309e+00, 1.79174790e-03, 9.98208430e-01, 1.78174800e-03, 5.18837181e+00, 3.77620087e+04
5.59118237e+02, 2.74827971e+00, 1.78533733e-03, 9.98214843e-01, 1.77533743e-03, 5.18478757e+00, 3.78975999e+04
5.61122245e+02, 2.74983077e+00, 1.77897247e-03, 9.98221210e-01, 1.76897257e-03, 5.18121612e+00, 3.80331911e+04
5.63126253e+02, 2.75137631e+00, 1.77265283e-03, 9.98227532e-01, 1.76265293e-03, 5.17765739e+00, 3.81687823e+04
5.65130261e+02, 2.75291637e+00, 1.76637793e-03, 9.98233810e-01, 1.75637803e-03, 5.17411127e+00, 3.83043735e+04
5.67134269e+02, 2.75445099e+00, 1.76014730e-03, 9.98240043e-01, 1.75014740e-03, 5.17057769e+00, 3.84399646e+04
5.69138277e+02, 2.75598020e+00, 1.75396047e-03, 9.98246233e-01, 1.74396057e-03, 5.16705654e+00, 3.85755558e+04
5.71142285e+02, 2.75750405e+00, 1.74781698e-03, 9.98252379e-01, 1.73781708e-03, 5.16354775e+00, 3.87111470e+04
5.73146293e+02, 2.75902257e+00, 1.74171637e-03, 9.98258482e-01, 1.73171647e-03, 5.16005124e+00, 3.88467382e+04
5.75150301e+02, 2.76053579e+00, 1.73565821e-03, 9.98264543e-01, 1.72565831e-03, 5.15656690e+00, 3.89823294e+04
5.77154309e+02, 2.76204377e+00, 1.72964204e-03, 9.98270562e-01, 1.71964214e-03, 5.15309466e+00, 3.91179205e+04
5.79158317e+02, 2.76354652e+00, 1.72366744e-03, 9.98276540e-01, 1.71366754e-03, 5.14963444e+00, 3.92535117e+04
5.81162325e+02, 2.76504410e+00, 1.71773397e-03, 9.98282476e-01, 1.70773407e-03, 5.14618615e+00, 3.93891029e+04
5.83166333e+02, 2.76653652e+00, 1.71184121e-03, 9.98288372e-01, 1.70184131e-03, 5.14274971e+00, 3.95246941e+04
5.85170341e+02, 2.76802384e+00, 1.70598874e-03, 9.98294227e-01, 1.69598884e-03, 5.13932503e+00, 3.96602853e+04
5.87174349e+02, 2.76950608e+00, 1.70017615e-03, 9.98300043e-01, 1.69017625e-03, 5.13591205e+00, 3.97958765e+04
5.89178357e+02, 2.77098328e+00, 1.69440304e-03, 9.98305819e-01, 1.68440314e-03, 5.13251067e+00, 3.99314676e+04
5.91182365e+02, 2.77245547e+00, 1.68866900e-03, 9.98311556e-01, 1.67866910e-03, 5.12912083e+00, 4.00670588e+04
5.93186373e+02, 2.77392269e+00, 1.68297363e-03, 9.98317254e-01, 1.67297373e-03, 5.12574244e+00, 4.02026500e+04
5.95190381e+02, 2.77538496e+00, 1.67731656e-03, 9.98322915e-01, 1.66731666e-03, 5.12237542e+00, 4.03382412e+04
5.97194389e+02, 2.77684234e+00, 1.67169739e-03, 9.98328537e-01, 1.66169749e-03, 5.11901970e+00, 4.04738324e+04
5.99198397e+02, 2.77829483e+00, 1.66611575e-03, 9.98334122e-01, 1.65611585e-03, 5.11567520e+00, 4.06094236e+04
6.01202405e+02, 2.77974249e+00, 1.66057125e-03, 9.98339669e-01, 1.65057135e-03, 5.11234185e+00, 4.07450147e+04
6.03206413e+02, 2.78118533e+00, 1.65506353e-03, 9.98345180e-01, 1.64506363e-03, 5.10901958e+00, 4.08806059e+04
6.05210421e+02, 2.78262340e+00, 1.64959223e-03, 9.98350655e-01, 1.63959233e-03, 5.10570831e+00, 4.10161971e+04
6.07214429e+02, 2.78405672e+00, 1.64415698e-03, 9.98356093e-01, 1.63415708e-03, 5.10240797e+00, 4.11517883e+04
6.09218437e+02, 2.78548533e+00, 1.63875743e-03, 9.98361496e-01, 1.62875753e-03, 5.09911848e+00, 4.12873795e+04
6.11222445e+02, 2.78690925e+00, 1.63339323e-03, 9.98366864e-01, 1.62339333e-03, 5.09583978e+00, 4.14229706e+04
6.13226453e+02, 2.78832852e+00, 1.62806404e-03, 9.98372196e-01, 1.61806414e-03, 5.09257179e+00, 4.15585618e+04
6.15230461e+02, 2.78974316e+00, 1.62276950e-03, 9.98377494e-01, 1.61276960e-03, 5.08931445e+00, 4.16941530e+04
6.17234469e+02, 2.79115322e+00, 1.61750929e-03, 9.98382758e-01, 1.60750939e-03, 5.08606768e+00, 4.18297442e+04
6.19238477e+02, 2.79255870e+00, 1.61228308e-03, 9.98387988e-01, 1.60228318e-03, 5.08283142e+00, 4.19653354e+04
6.21242485e+02, 2.79395966e+00, 1.60709052e-03, 9.98393184e-01, 1.59709062e-03, 5.07960560e+00, 4.21009266e+04
6.23246493e+02, 2.79535611e+00, 1.60193131e-03, 9.98398346e-01, 1.59193141e-03, 5.07639015e+00, 4.22365177e+04
6.25250501e+02, 2.79674809e+00, 1.59680511e-03, 9.98403476e-01, 1.58680521e-03, 5.07318501e+00, 4.23721089e+04
6.27254509e+02, 2.79813561e+00, 1.59171162e-03, 9.98408573e-01, 1.58171172e-03, 5.06999011e+00, 4.25077001e+04
6.29258517e+02, 2.79951872e+00, 1.58665051e-03, 9.98413638e-01, 1.57665061e-03, 5.06680538e+00, 4.26432913e+04
6.31262525e+02, 2.80089744e+00, 1.58162149e-03, 9.98418671e-01, 1.57162159e-03, 5.06363077e+00, 4.27788825e+04
6.33266533e+02, 2.80227180e+00, 1.57662425e-03, 9.98423672e-01, 1.56662435e-03, 5.06046620e+00, 4.29144737e+04
6.35270541e+02, 2.80364182e+00, 1.57165849e-03, 9.98428641e-01, 1.56165859e-03, 5.05731161e+00, 4.30500648e+04
6.37274549e+02, 2.80500753e+00, 1.56672391e-03, 9.98433580e-01, 1.55672401e-03, 5.05416695e+00, 4.31856560e+04
6.39278557e+02, 2.80636896e+00, 1.56182022e-03, 9.98438487e-01, 1.55182032e-03, 5.05103214e+00, 4.33212472e+04
6.41282565e+02, 2.80772613e+00, 1.55694713e-03, 9.98443364e-01, 1.54694723e-03, 5.04790712e+00, 4.34568384e+04
6.43286574e+02, 2.80907908e+00, 1.55210436e-03, 9.98448211e-01, 1.54210446e-03, 5.04479185e+00, 4.35924296e+04
6.45290582e+02, 2.81042783e+00, 1.54729162e-03, 9.98453027e-01, 1.53729172e-03, 5.04168625e+00, 4.37280207e+04
6.47294590e+02, 2.81177240e+00, 1.54250863e-03, 9.98457814e-01, 1.53250873e-03, 5.03859026e+00, 4.38636119e+04
6.49298598e+02, 2.81311282e+00, 1.53775512e-03, 9.98462572e-01, 1.52775522e-03, 5.03550383e+00, 4.39992031e+04
6.51302606e+02, 2.81444911e+00, 1.53303082e-03, 9.98467300e-01, 1.52303092e-03, 5.03242689e+00, 4.41347943e+04
6.53306614e+02, 2.81578131e+00, 1.52833546e-03, 9.98472000e-01, 1.51833556e-03, 5.02935940e+00, 4.42703855e+04
6.55310622e+02, 2.81710943e+00, 1.52366877e-03, 9.98476671e-01, 1.51366887e-03, 5.02630128e+00, 4.44059767e+04
6.57314630e+02, 2.81843351e+00, 1.51903050e-03, 9.98481313e-01, 1.50903060e-03, 5.02325249e+00, 4.45415678e+04
6.59318638e+02, 2.81975356e+00, 1.51442038e-03, 9.98485927e-01, 1.50442048e-03, 5.02021296e+00, 4.46771590e+04
6.61322646e+02, 2.82106960e+00, 1.50983815e-03, 9.98490514e-01, 1.49983825e-03, 5.01718265e+00, 4.48127502e+04
6.63326654e+02, 2.82238168e+00, 1.50528357e-03, 9.98495073e-01, 1.49528367e-03, 5.01416149e+00, 4.49483414e+04
6.65330662e+02, 2.82368980e+00, 1.50075639e-03, 9.98499604e-01, 1.49075649e-03, 5.01114943e+00, 4.50839326e+04
6.67334670e+02, 2.82499399e+00, 1.49625636e-03, 9.98504108e-01, 1.48625646e-03, 5.00814641e+00, 4.52195237e+04
6.69338678e+02, 2.82629428e+00, 1.49178323e-03, 9.98508586e-01, 1.48178333e-03, 5.00515239e+00, 4.53551149e+04
6.71342686e+02, 2.82759068e+00, 1.48733677e-03, 9.98513037e-01, 1.47733687e-03, 5.00216731e+00, 4.54907061e+04
6.73346694e+02, 2.82888323e+00, 1.48291674e-03, 9.98517461e-01, 1.47291684e-03, 4.99919110e+00, 4.56262973e+04
6.75350702e+02, 2.83017194e+00, 1.47852290e-03, 9.98521860e-01, 1.46852300e-03, 4.99622373e+00, 4.57618885e+04
6.77354710e+02, 2.83145684e+00, 1.47415502e-03, 9.98526232e-01, 1.46415512e-03, 4.99326514e+00, 4.58974797e+04
6.79358718e+02, 2.83273795e+00, 1.46981287e-03, 9.98530579e-01, 1.45981297e-03, 4.99031528e+00, 4.60330708e+04
6.81362726e+02, 2.83401530e+00, 1.46549623e-03, 9.98534900e-01, 1.45549633e-03, 4.98737409e+00, 4.61686620e+04
6.83366734e+02, 2.83528889e+00, 1.46120486e-03, 9.98539196e-01, 1.45120496e-03, 4.98444153e+00, 4.63042532e+04
6.85370742e+02, 2.83655876e+00, 1.45693856e-03, 9.98543467e-01, 1.44693866e-03, 4.98151754e+00, 4.64398444e+04
6.87374750e+02, 2.83782493e+00, 1.45269710e-03, 9.98547713e-01, 1.44269720e-03, 4.97860208e+00, 4.65754356e+04
6.89378758e+02, 2.83908742e+00, 1.44848026e-03, 9.98551935e-01, 1.43848036e-03, 4.97569509e+00, 4.67110268e+04
6.91382766e+02, 2.84034625e+00, 1.44428783e-03, 9.98556132e-01, 1.43428793e-03, 4.97279653e+00, 4.68466179e+04
6.93386774e+02, 2.84160144e+00, 1.44011960e-03, 9.98560305e-01, 1.43011970e-03, 4.96990635e+00, 4.69822091e+04
6.95390782e+02, 2.84285301e+00, 1.43597535e-03, 9.98564455e-01, 1.42597545e-03, 4.96702449e+00, 4.71178003e+04
6.97394790e+02, 2.84410099e+00, 1.43185490e-03, 9.98568580e-01, 1.42185500e-03, 4.96415092e+00, 4.72533915e+04
6.99398798e+02, 2.84534539e+00, 1.42775802e-03, 9.98572682e-01, 1.41775812e-03, 4.96128558e+00, 4.73889827e+04
7.01402806e+02, 2.84658624e+00, 1.42368452e-03, 9.98576760e-01, 1.41368462e-03, 4.95842843e+00, 4.75245738e+04
7.03406814e+02, 2.84782355e+00, 1.41963419e-03, 9.98580816e-01, 1.40963429e-03, 4.95557941e+00, 4.76601650e+04
7.05410822e+02, 2.84905734e+00, 1.41560685e-03, 9.98584848e-01, 1.40560695e-03, 4.95273850e+00, 4.77957562e+04
7.07414830e+02, 2.85028764e+00, 1.41160230e-03, 9.98588858e-01, 1.40160240e-03, 4.94990562e+00, 4.79313474e+04
7.09418838e+02, 2.85151447e+00, 1.40762033e-03, 9.98592845e-01, 1.39762043e-03, 4.94708076e+00, 4.80669386e+04
7.11422846e+02, 2.85273784e+00, 1.40366077e-03, 9.98596810e-01, 1.39366087e-03, 4.94426384e+00, 4.82025298e+04
7.13426854e+02, 2.85395777e+00, 1.39972342e-03, 9.98600753e-01, 1.38972352e-03, 4.94145485e+00, 4.83381209e+04
7.15430862e+02, 2.85517429e+00, 1.39580810e-03, 9.98604673e-01, 1.38580820e-03, 4.93865372e+00, 4.84737121e+04
7.17434870e+02, 2.85638740e+00, 1.39191462e-03, 9.98608572e-01, 1.38191472e-03, 4.93586041e+00, 4.86093033e+04
7.19438878e+02, 2.85759714e+00, 1.38804280e-03, 9.98612450e-01, 1.37804290e-03, 4.93307489e+00, 4.87448945e+04
7.21442886e+02, 2.85880352e+00, 1.38419247e-03, 9.98616305e-01, 1.37419257e-03, 4.93029710e+00, 4.88804857e+04
7.23446894e+02, 2.86000655e+00, 1.38036343e-03, 9.98620140e-01, 1.37036353e-03, 4.92752701e+00, 4.90160769e+04
7.25450902e+02, 2.86120627e+00, 1.37655552e-03, 9.98623953e-01, 1.36655562e-03, 4.92476457e+00, 4.91516680e+04
7.27454910e+02, 2.86240267e+00, 1.37276856e-03, 9.98627746e-01, 1.36276866e-03, 4.92200974e+00, 4.92872592e+04
7.29458918e+02, 2.86359580e+00, 1.36900238e-03, 9.98631518e-01, 1.35900248e-03, 4.91926247e+00, 4.94228504e+04
7.31462926e+02, 2.86478565e+00, 1.36525681e-03, 9.98635269e-01, 1.35525691e-03, 4.91652274e+00, 4.95584416e+04
7.33466934e+02, 2.86597225e+00, 1.36153168e-03, 9.98639000e-01, 1.35153178e-03, 4.91379049e+00, 4.96940328e+04
7.35470942e+02, 2.86715562e+00, 1.35782682e-03, 9.98642711e-01, 1.34782692e-03, 4.91106568e+00, 4.98296239e+04
7.37474950e+02, 2.86833577e+00, 1.35414207e-03, 9.98646401e-01, 1.34414217e-03, 4.90834828e+00, 4.99652151e+04
7.39478958e+02, 2.86951272e+00, 1.35047727e-03, 9.98650072e-01, 1.34047737e-03, 4.90563825e+00, 5.01008063e+04
7.41482966e+02, 2.87068649e+00, 1.34683224e-03, 9.98653723e-01, 1.33683234e-03, 4.90293554e+00, 5.02363975e+04
7.43486974e+02, 2.87185710e+00, 1.34320685e-03, 9.98657354e-01, 1.33320695e-03, 4.90024011e+00, 5.03719887e+04
7.45490982e+02, 2.87302457e+00, 1.33960091e-03, 9.98660966e-01, 1.32960101e-03, 4.89755193e+00, 5.05075799e+04
7.47494990e+02, 2.87418890e+00, 1.33601429e-03, 9.98664559e-01, 1.32601439e-03, 4.89487095e+00, 5.06431710e+04
7.49498998e+02, 2.87535012e+00, 1.33244682e-03, 9.98668133e-01, 1.32244692e-03, 4.89219715e+00, 5.07787622e+04
7.51503006e+02, 2.87650824e+00, 1.32889835e-03, 9.98671687e-01, 1.31889845e-03, 4.88953047e+00, 5.09143534e+04
7.53507014e+02, 2.87766328e+00, 1.32536873e-03, 9.98675223e-01, 1.31536883e-03, 4.88687089e+00, 5.10499446e+04
7.55511022e+02, 2.87881526e+00, 1.32185781e-03, 9.98678741e-01, 1.31185791e-03, 4.88421836e+00, 5.11855358e+04
7.57515030e+02, 2.87996419e+00, 1.31836544e-03, 9.98682239e-01, 1.30836554e-03, 4.88157285e+00, 5.13211270e+04
7.59519038e+02, 2.88111009e+00, 1.31489147e-03, 9.98685720e-01, 1.30489157e-03, 4.87893432e+00, 5.14567181e+04
7.61523046e+02, 2.88225297e+00, 1.31143577e-03, 9.98689182e-01, 1.30143587e-03, 4.87630273e+00, 5.15923093e+04
7.63527054e+02, 2.88339286e+00, 1.30799819e-03, 9.98692626e-01, 1.29799829e-03, 4.87367805e+00, 5.17279005e+04
7.65531062e+02, 2.88452976e+00, 1.30457857e-03, 9.98696052e-01, 1.29457867e-03, 4.87106024e+00, 5.18634917e+04
7.67535070e+02, 2.88566369e+00, 1.30117680e-03, 9.98699460e-01, 1.29117690e-03, 4.86844927e+00, 5.19990829e+04
7.69539078e+02, 2.88679467e+00, 1.29779271e-03, 9.98702851e-01, 1.28779281e-03, 4.86584509e+00, 5.21346740e+04
7.71543086e+02, 2.88792271e+00, 1.29442618e-03, 9.98706224e-01, 1.28442628e-03, 4.86324768e+00, 5.22702652e+04
7.73547094e+02, 2.88904783e+00, 1.29107708e-03, 9.98709580e-01, 1.28107718e-03, 4.86065700e+00, 5.24058564e+04
7.75551102e+02, 2.89017004e+00, 1.28774526e-03, 9.98712919e-01, 1.27774536e-03, 4.85807301e+00, 5.25414476e+04
7.77555110e+02, 2.89128936e+00, 1.28443059e-03, 9.98716240e-01, 1.27443069e-03, 4.85549569e+00, 5.26770388e+04
7.79559118e+02, 2.89240580e+00, 1.28113294e-03, 9.98719545e-01, 1.27113304e-03, 4.85292498e+00, 5.28126300e+04
7.81563126e+02, 2.89351938e+00, 1.27785218e-03, 9.98722833e-01, 1.26785228e-03, 4.85036087e+00, 5.29482211e+04
7.83567134e+02, 2.89463011e+00, 1.27458819e-03, 9.98726104e-01, 1.26458829e-03, 4.84780332e+00, 5.30838123e+04
7.85571142e+02, 2.89573801e+00, 1.27134082e-03, 9.98729358e-01, 1.26134092e-03, 4.84525229e+00, 5.32194035e+04
7.87575151e+02, 2.89684309e+00, 1.26810996e-03, 9.98732596e-01, 1.25811006e-03, 4.84270775e+00, 5.33549947e+04
7.89579159e+02, 2.89794536e+00, 1.26489547e-03, 9.98735818e-01, 1.25489557e-03, 4.84016968e+00, 5.34905859e+04
7.91583167e+02, 2.89904484e+00, 1.26169725e-03, 9.98739023e-01, 1.25169735e-03, 4.83763802e+00, 5.36261770e+04
7.93587175e+02, 2.90014155e+00, 1.25851515e-03, 9.98742213e-01, 1.24851525e-03, 4.83511276e+00, 5.37617682e+04
7.95591183e+02, 2.90123549e+00, 1.25534907e-03, 9.98745386e-01, 1.24534917e-03, 4.83259386e+00, 5.38973594e+04
7.97595191e+02, 2.90232669e+00, 1.25219888e-03, 9.98748544e-01, 1.24219898e-03, 4.83008129e+00, 5.40329506e+04
7.99599199e+02, 2.90341515e+00, 1.24906445e-03, 9.98751686e-01, 1.23906455e-03, 4.82757502e+00, 5.41685418e+04
8.01603207e+02, 2.90450089e+00, 1.24594568e-03, 9.98754812e-01, 1.23594578e-03, 4.82507501e+00, 5.43041330e+04
8.03607215e+02, 2.90558392e+00, 1.24284245e-03, 9.98757923e-01, 1.23284255e-03, 4.82258124e+00, 5.44397241e+04
8.05611223e+02, 2.90666426e+00, 1.23975463e-03, 9.98761018e-01, 1.22975473e-03, 4.82009367e+00, 5.45753153e+04
8.07615231e+02, 2.90774192e+00, 1.23668212e-03, 9.98764098e-01, 1.22668222e-03, 4.81761227e+00, 5.47109065e+04
8.09619239e+02, 2.90881691e+00, 1.23362480e-03, 9.98767163e-01, 1.22362490e-03, 4.81513702e+00, 5.48464977e+04
8.11623247e+02, 2.90988924e+00, 1.23058257e-03, 9.98770213e-01, 1.22058267e-03, 4.81266787e+00, 5.49820889e+04
8.13627255e+02, 2.91095894e+00, 1.22755530e-03, 9.98773249e-01, 1.21755540e-03, 4.81020481e+00, 5.51176801e+04
8.15631263e+02, 2.91202600e+00, 1.22454288e-03, 9.98776269e-01, 1.21454298e-03, 4.80774780e+00, 5.52532712e+04
8.17635271e+02, 2.91309045e+00, 1.22154522e-03, 9.98779275e-01, 1.21154532e-03, 4.80529682e+00, 5.53888624e+04
8.19639279e+02, 2.91415230e+00, 1.21856219e-03, 9.98782266e-01, 1.20856229e-03, 4.80285182e+00, 5.55244536e+04
8.21643287e+02, 2.91521156e+00, 1.21559370e-03, 9.98785242e-01, 1.20559380e-03, 4.80041279e+00, 5.56600448e+04
8.23647295e+02, 2.91626824e+00, 1.21263964e-03, 9.98788204e-01, 1.20263974e-03, 4.79797969e+00, 5.57956360e+04
8.25651303e+02, 2.91732235e+00, 1.20969990e-03, 9.98791152e-01, 1.19970000e-03, 4.79555250e+00, 5.59312271e+04
8.27655311e+02, 2.91837392e+00, 1.20677438e-03, 9.98794086e-01, 1.19677448e-03, 4.79313119e+00, 5.60668183e+04
8.29659319e+02, 2.91942294e+00, 1.20386298e-03, 9.98797006e-01, 1.19386308e-03, 4.79071572e+00, 5.62024095e+04
8.31663327e+02, 2.92046944e+00, 1.20096559e-03, 9.98799912e-01, 1.19096569e-03, 4.78830607e+00, 5.63380007e+04
8.33667335e+02, 2.92151342e+00, 1.19808211e-03, 9.98802804e-01, 1.18808221e-03, 4.78590222e+00, 5.64735919e+04
8.35671343e+02, 2.92255489e+00, 1.19521244e-03, 9.98805682e-01, 1.18521254e-03, 4.78350413e+00, 5.66091831e+04
8.37675351e+02, 2.92359388e+00, 1.19235649e-03, 9.98808546e-01, 1.18235659e-03, 4.78111178e+00, 5.67447742e+04
8.39679359e+02, 2.92463038e+00, 1.18951416e-03, 9.98811397e-01, 1.17951426e-03, 4.77872514e+00, 5.68803654e+04
8.41683367e+02, 2.92566442e+00, 1.18668534e-03, 9.98814235e-01, 1.17668544e-03, 4.77634418e+00, 5.70159566e+04
8.43687375e+02, 2.92669600e+00, 1.18386995e-03, 9.98817059e-01, 1.17387005e-03, 4.77396888e+00, 5.71515478e+04
8.45691383e+02, 2.92772514e+00, 1.18106788e-03, 9.98819870e-01, 1.17106798e-03, 4.77159920e+00, 5.72871390e+04
8.47695391e+02, 2.92875184e+00, 1.17827905e-03, 9.98822667e-01, 1.16827915e-03, 4.76923513e+00, 5.74227302e+04
8.49699399e+02, 2.92977613e+00, 1.17550336e-03, 9.98825452e-01, 1.16550346e-03, 4.76687663e+00, 5.75583213e+04
8.51703407e+02, 2.93079800e+00, 1.17274071e-03, 9.98828224e-01, 1.16274081e-03, 4.76452368e+00, 5.76939125e+04
8.53707415e+02, 2.93181747e+00, 1.16999102e-03, 9.98830982e-01, 1.15999112e-03, 4.76217626e+00, 5.78295037e+04
8.55711423e+02, 2.93283456e+00, 1.16725419e-03, 9.98833728e-01, 1.15725429e-03, 4.75983433e+00, 5.79650949e+04
8.57715431e+02, 2.93384927e+00, 1.16453014e-03, 9.98836462e-01, 1.15453024e-03, 4.75749788e+00, 5.81006861e+04
8.59719439e+02, 2.93486161e+00, 1.16181877e-03, 9.98839182e-01, 1.15181887e-03, 4.75516687e+00, 5.82362772e+04
8.61723447e+02, 2.93587160e+00, 1.15912000e-03, 9.98841890e-01, 1.14912010e-03, 4.75284128e+00, 5.83718684e+04
8.63727455e+02, 2.93687925e+00, 1.15643373e-03, 9.98844586e-01, 1.14643383e-03, 4.75052109e+00, 5.85074596e+04
8.65731463e+02, 2.93788456e+00, 1.15375989e-03, 9.98847269e-01, 1.14375999e-03, 4.74820627e+00, 5.86430508e+04
8.67735471e+02, 2.93888755e+00, 1.15109839e-03, 9.98849940e-01, 1.14109849e-03, 4.74589679e+00, 5.87786420e+04
8.69739479e+02, 2.93988824e+00, 1.14844913e-03, 9.98852599e-01, 1.13844923e-03, 4.74359264e+00, 5.89142332e+04
8.71743487e+02, 2.94088662e+00, 1.14581205e-03, 9.98855246e-01, 1.13581215e-03, 4.74129378e+00, 5.90498243e+04
8.73747495e+02, 2.94188271e+00, 1.14318704e-03, 9.98857881e-01, 1.13318714e-03, 4.73900020e+00, 5.91854155e+04
8.75751503e+02, 2.94287652e+00, 1.14057404e-03, 9.98860503e-01, 1.13057414e-03, 4.73671186e+00, 5.93210067e+04
8.77755511e+02, 2.94386806e+00, 1.13797295e-03, 9.98863114e-01, 1.12797305e-03, 4.73442875e+00, 5.94565979e+04
8.79759519e+02, 2.94485735e+00, 1.13538370e-03, 9.98865714e-01, 1.12538380e-03, 4.73215084e+00, 5.95921891e+04
8.81763527e+02, 2.94584438e+00, 1.13280620e-03, 9.98868301e-01, 1.12280630e-03, 4.72987811e+00, 5.97277802e+04
8.83767535e+02, 2.94682918e+00, 1.13024039e-03, 9.98870877e-01, 1.12024049e-03, 4.72761053e+00, 5.98633714e+04
8.85771543e+02, 2.94781175e+00, 1.12768616e-03, 9.98873441e-01, 1.11768626e-03, 4.72534808e+00, 5.99989626e+04
8.87775551e+02, 2.94879210e+00, 1.12514346e-03, 9.98875994e-01, 1.11514356e-03, 4.72309073e+00, 6.01345538e+04
8.89779559e+02, 2.94977024e+00, 1.12261220e-03, 9.98878536e-01, 1.11261230e-03, 4.72083848e+00, 6.02701450e+04
8.91783567e+02, 2.95074619e+00, 1.12009230e-03, 9.98881066e-01, 1.11009240e-03, 4.71859128e+00, 6.04057362e+04
8.93787575e+02, 2.95171994e+00, 1.11758369e-03, 9.98883585e-01, 1.10758379e-03, 4.71634912e+00, 6.05413273e+04
8.95791583e+02, 2.95269152e+00, 1.11508629e-03, 9.98886093e-01, 1.10508639e-03, 4.71411198e+00, 6.06769185e+04
8.97795591e+02, 2.95366093e+00, 1.11260003e-03, 9.98888589e-01, 1.10260013e-03, 4.71187983e+00, 6.08125097e+04
8.99799599e+02, 2.95462818e+00, 1.11012483e-03, 9.98891075e-01, 1.10012493e-03, 4.70965265e+00, 6.09481009e+04
9.01803607e+02, 2.95559329e+00, 1.10766062e-03, 9.98893550e-01, 1.09766072e-03, 4.70743042e+00, 6.10836921e+04
9.03807615e+02, 2.95655625e+00, 1.10520732e-03, 9.98896014e-01, 1.09520742e-03, 4.70521312e+00, 6.12192833e+04
9.05811623e+02, 2.95751708e+00, 1.10276487e-03, 9.98898467e-01, 1.09276497e-03, 4.70300073e+00, 6.13548744e+04
9.07815631e+02, 2.95847579e+00, 1.10033319e-03, 9.98900910e-01, 1.09033329e-03, 4.70079322e+00, 6.14904656e+04
9.09819639e+02, 2.95943239e+00, 1.09791221e-03, 9.98903342e-01, 1.08791231e-03, 4.69859057e+00, 6.16260568e+04
9.11823647e+02, 2.96038688e+00, 1.09550186e-03, 9.98905763e-01, 1.08550196e-03, 4.69639276e+00, 6.17616480e+04
9.13827655e+02, 2.96133928e+00, 1.09310207e-03, 9.98908174e-01, 1.08310217e-03, 4.69419977e+00, 6.18972392e+04
9.15831663e+02, 2.96228960e+00, 1.09071277e-03, 9.98910575e-01, 1.08071287e-03, 4.69201158e+00, 6.20328303e+04
9.17835671e+02, 2.96323785e+00, 1.08833389e-03, 9.98912965e-01, 1.07833399e-03, 4.68982817e+00, 6.21684215e+04
9.19839679e+02, 2.96418402e+00, 1.08596537e-03, 9.98915345e-01, 1.07596547e-03, 4.68764952e+00, 6.23040127e+04
9.21843687e+02, 2.96512815e+00, 1.08360713e-03, 9.98917714e-01, 1.07360723e-03, 4.68547560e+00, 6.24396039e+04
9.23847695e+02, 2.96607022e+00, 1.08125911e-03, 9.98920074e-01, 1.07125921e-03, 4.68330639e+00, 6.25751951e+04
9.25851703e+02, 2.96701025e+00, 1.07892125e-03, 9.98922423e-01, 1.06892135e-03, 4.68114189e+00, 6.27107863e+04
9.27855711e+02, 2.96794826e+00, 1.07659348e-03, 9.98924763e-01, 1.06659358e-03, 4.67898205e+00, 6.28463774e+04
9.29859720e+02, 2.96888424e+00, 1.07427572e-03, 9.98927092e-01, 1.06427582e-03, 4.67682688e+00, 6.29819686e+04
9.31863728e+02, 2.96981821e+00, 1.07196793e-03, 9.98929412e-01, 1.06196803e-03, 4.67467633e+00, 6.31175598e+04
9.33867736e+02, 2.97075017e+00, 1.06967003e-03, 9.98931721e-01, 1.05967013e-03, 4.67253040e+00, 6.32531510e+04
9.35871744e+02, 2.97168014e+00, 1.06738196e-03, 9.98934021e-01, 1.05738206e-03, 4.67038907e+00, 6.33887422e+04
9.37875752e+02, 2.97260812e+00, 1.06510366e-03, 9.98936312e-01, 1.05510376e-03, 4.66825231e+00, 6.35243334e+04
9.39879760e+02, 2.97353413e+00, 1.06283506e-03, 9.98938592e-01, 1.05283516e-03, 4.66612011e+00, 6.36599245e+04
9.41883768e+02, 2.97445816e+00, 1.06057611e-03, 9.98940863e-01, 1.05057621e-03, 4.66399245e+00, 6.37955157e+04
9.43887776e+02, 2.97538023e+00, 1.05832674e-03, 9.98943125e-01, 1.04832684e-03, 4.66186930e+00, 6.39311069e+04
9.45891784e+02, 2.97630035e+00, 1.05608689e-03, 9.98945377e-01, 1.04608699e-03, 4.65975065e+00, 6.40666981e+04
9.47895792e+02, 2.97721852e+00, 1.05385650e-03, 9.98947620e-01, 1.04385660e-03, 4.65763648e+00, 6.42022893e+04
9.49899800e+02, 2.97813476e+00, 1.05163551e-03, 9.98949853e-01, 1.04163561e-03, 4.65552677e+00, 6.43378804e+04
9.51903808e+02, 2.97904906e+00, 1.04942387e-03, 9.98952077e-01, 1.03942397e-03, 4.65342150e+00, 6.44734716e+04
9.53907816e+02, 2.97996145e+00, 1.04722151e-03, 9.98954292e-01, 1.03722161e-03, 4.65132066e+00, 6.46090628e+04
9.55911824e+02, 2.98087192e+00, 1.04502837e-03, 9.98956498e-01, 1.03502847e-03, 4.64922422e+00, 6.47446540e+04
9.57915832e+02, 2.98178049e+00, 1.04284439e-03, 9.98958695e-01, 1.03284449e-03, 4.64713216e+00, 6.48802452e+04
9.59919840e+02, 2.98268716e+00, 1.04066953e-03, 9.98960883e-01, 1.03066963e-03, 4.64504447e+00, 6.50158364e+04
9.61923848e+02, 2.98359194e+00, 1.03850372e-03, 9.98963061e-01, 1.02850382e-03, 4.64296113e+00, 6.51514275e+04
9.63927856e+02, 2.98449484e+00, 1.03634691e-03, 9.98965231e-01, 1.02634701e-03, 4.64088213e+00, 6.52870187e+04
9.65931864e+02, 2.98539587e+00, 1.03419903e-03, 9.98967392e-01, 1.02419913e-03, 4.63880743e+00, 6.54226099e+04
9.67935872e+02, 2.98629503e+00, 1.03206005e-03, 9.98969544e-01, 1.02206015e-03, 4.63673704e+00, 6.55582011e+04
9.69939880e+02, 2.98719234e+00, 1.02992989e-03, 9.98971688e-01, 1.01992999e-03, 4.63467091e+00, 6.56937923e+04
9.71943888e+02, 2.98808779e+00, 1.02780850e-03, 9.98973822e-01, 1.01780860e-03, 4.63260905e+00, 6.58293834e+04
9.73947896e+02, 2.98898141e+00, 1.02569584e-03, 9.98975949e-01, 1.01569594e-03, 4.63055144e+00, 6.59649746e+04
9.75951904e+02, 2.98987318e+00, 1.02359184e-03, 9.98978066e-01, 1.01359194e-03, 4.62849804e+00, 6.61005658e+04
9.77955912e+02, 2.99076313e+00, 1.02149646e-03, 9.98980175e-01, 1.01149656e-03, 4.62644886e+00, 6.62361570e+04
9.79959920e+02, 2.99165126e+00, 1.01940964e-03, 9.98982275e-01, 1.00940974e-03, 4.62440386e+00, 6.63717482e+04
9.81963928e+02, 2.99253758e+00, 1.01733133e-03, 9.98984367e-01, 1.00733143e-03, 4.62236304e+00, 6.65073394e+04
9.83967936e+02, 2.99342209e+00, 1.01526148e-03, 9.98986451e-01, 1.00526158e-03, 4.62032638e+00, 6.66429305e+04
9.85971944e+02, 2.99430481e+00, 1.01320003e-03, 9.98988527e-01, 1.00320013e-03, 4.61829385e+00, 6.67785217e+04
9.87975952e+02, 2.99518573e+00, 1.01114693e-03, 9.98990594e-01, 1.00114703e-03, 4.61626545e+00, 6.69141129e+04
9.89979960e+02, 2.99606487e+00, 1.00910214e-03, 9.98992652e-01, 9.99102242e-04, 4.61424115e+00, 6.70497041e+04
9.91983968e+02, 2.99694224e+00, 1.00706560e-03, 9.98994703e-01, 9.97065705e-04, 4.61222095e+00, 6.71852953e+04
9.93987976e+02, 2.99781783e+00, 1.00503727e-03, 9.98996746e-01, 9.95037371e-04, 4.61020481e+00, 6.73208865e+04
9.95991984e+02, 2.99869167e+00, 1.00301709e-03, 9.98998780e-01, 9.93017191e-04, 4.60819274e+00, 6.74564776e+04
9.97995992e+02, 2.99956375e+00, 1.00100502e-03, 9.99000807e-01, 9.91005117e-04, 4.60618470e+00, 6.75920688e+04
1.00000000e+03, 3.00043408e+00, 9.99000999e-04, 9.99002825e-01, 9.89001099e-04, 4.60418069e+00, 6.77276600e+04
