z, log10(1+z), a, H0*t_look, H0*t_age, H0*t_conf, H(z) 
1.00000000e-06, 4.34294265e-07, 9.99999000e-01, 9.99999275e-07, 9.64098343e-01, 3.29352788e+00, 6.76600304e+01
2.00400901e+00, 4.77701232e-01, 3.32888482e-01, 7.33555393e-01, 2.30543950e-01, 2.08270748e+00, 2.01082474e+02
4.00801703e+00, 6.99665797e-01, 1.99679832e-01, 8.55827964e-01, 1.08271380e-01, 1.61798954e+00, 4.19168157e+02
6.01202504e+00, 8.45843458e-01, 1.42612155e-01, 8.98621553e-01, 6.54777901e-02, 1.36673547e+00, 6.90434466e+02
8.01603306e+00, 9.55015495e-01, 1.10913524e-01, 9.19163352e-01, 4.49359910e-02, 1.20425539e+00, 1.00486124e+03
1.00200411e+01, 1.04218321e+00, 9.07437634e-02, 9.30837472e-01, 3.32618708e-02, 1.08827836e+00, 1.35689334e+03
1.20240491e+01, 1.11474602e+00, 7.67810374e-02, 9.38208153e-01, 2.58911900e-02, 1.00018067e+00, 1.74277324e+03
1.40280571e+01, 1.17690284e+00, 6.65422013e-02, 9.43209109e-01, 2.08902342e-02, 9.30335337e-01, 2.15971334e+03
1.60320651e+01, 1.23126731e+00, 5.87127863e-02, 9.46784761e-01, 1.73145819e-02, 8.73204062e-01, 2.60553018e+03
1.80360731e+01, 1.27957736e+00, 5.25318427e-02, 9.49445334e-01, 1.46540087e-02, 8.25346552e-01, 3.07845001e+03
2.00400811e+01, 1.32304741e+00, 4.75283338e-02, 9.51488110e-01, 1.26112328e-02, 7.84498554e-01, 3.57699331e+03
2.20440892e+01, 1.36255955e+00, 4.33950760e-02, 9.53096790e-01, 1.10025531e-02, 7.49100969e-01, 4.09990074e+03
2.40480972e+01, 1.39877474e+00, 3.99231923e-02, 9.54390365e-01, 9.70897844e-03, 7.18040566e-01, 4.64608305e+03
2.60521052e+01, 1.43220107e+00, 3.69656998e-02, 9.55448946e-01, 8.65039720e-03, 6.90498421e-01, 5.21458575e+03
2.80561132e+01, 1.46323752e+00, 3.44161655e-02, 9.56328238e-01, 7.77110541e-03, 6.65856899e-01, 5.80456331e+03
3.00601212e+01, 1.49220315e+00, 3.21956245e-02, 9.57068047e-01, 7.03129600e-03, 6.43640215e-01, 6.41525980e+03
3.20641292e+01, 1.51935709e+00, 3.02442563e-02, 9.57697498e-01, 6.40184560e-03, 6.23475125e-01, 7.04599405e+03
3.40681372e+01, 1.54491270e+00, 2.85159144e-02, 9.58238335e-01, 5.86100780e-03, 6.05064156e-01, 7.69614808e+03
3.60721453e+01, 1.56904772e+00, 2.69744303e-02, 9.58707092e-01, 5.39225127e-03, 5.88166916e-01, 8.36515788e+03
3.80761533e+01, 1.59191180e+00, 2.55910553e-02, 9.59116534e-01, 4.98280879e-03, 5.72586740e-01, 9.05250595e+03
4.00801613e+01, 1.61363214e+00, 2.43426503e-02, 9.59476663e-01, 4.62268022e-03, 5.58160969e-01, 9.75771522e+03
4.20841693e+01, 1.63431772e+00, 2.32103814e-02, 9.59795410e-01, 4.30393330e-03, 5.44753746e-01, 1.04803441e+04
4.40881773e+01, 1.65406268e+00, 2.21787630e-02, 9.60079139e-01, 4.02020403e-03, 5.32250593e-01, 1.12199822e+04
4.60921853e+01, 1.67294884e+00, 2.12349457e-02, 9.60333009e-01, 3.76633366e-03, 5.20554270e-01, 1.19762469e+04
4.80961933e+01, 1.69104782e+00, 2.03681779e-02, 9.60561242e-01, 3.53810104e-03, 5.09581578e-01, 1.27487802e+04
5.01002014e+01, 1.70842261e+00, 1.95693945e-02, 9.60767321e-01, 3.33202241e-03, 4.99260852e-01, 1.35372464e+04
5.21042094e+01, 1.72512895e+00, 1.88308989e-02, 9.60954143e-01, 3.14519988e-03, 4.89529986e-01, 1.43413299e+04
5.41082174e+01, 1.74121636e+00, 1.81461141e-02, 9.61124138e-01, 2.97520532e-03, 4.80334853e-01, 1.51607328e+04
5.61122254e+01, 1.75672908e+00, 1.75093860e-02, 9.61279353e-01, 2.81999056e-03, 4.71628033e-01, 1.59951739e+04
5.81162334e+01, 1.77170676e+00, 1.69158274e-02, 9.61421526e-01, 2.67781716e-03, 4.63367783e-01, 1.68443868e+04
6.01202414e+01, 1.78618506e+00, 1.63611919e-02, 9.61552142e-01, 2.54720102e-03, 4.55517188e-01, 1.77081190e+04
6.21242494e+01, 1.80019623e+00, 1.58417725e-02, 9.61672475e-01, 2.42686833e-03, 4.48043472e-01, 1.85861302e+04
6.41282574e+01, 1.81376946e+00, 1.53543184e-02, 9.61783623e-01, 2.31572026e-03, 4.40917413e-01, 1.94781920e+04
6.61322655e+01, 1.82693130e+00, 1.48959668e-02, 9.61886539e-01, 2.21280450e-03, 4.34112869e-01, 2.03840863e+04
6.81362735e+01, 1.83970597e+00, 1.44641872e-02, 9.61982051e-01, 2.11729200e-03, 4.27606368e-01, 2.13036052e+04
7.01402815e+01, 1.85211558e+00, 1.40567338e-02, 9.62070885e-01, 2.02845807e-03, 4.21376768e-01, 2.22365495e+04
7.21442895e+01, 1.86418043e+00, 1.36716073e-02, 9.62153676e-01, 1.94566673e-03, 4.15404972e-01, 2.31827288e+04
7.41482975e+01, 1.87591915e+00, 1.33070214e-02, 9.62230985e-01, 1.86835780e-03, 4.09673674e-01, 2.41419604e+04
7.61523055e+01, 1.88734891e+00, 1.29613755e-02, 9.62303307e-01, 1.79603616e-03, 4.04167154e-01, 2.51140692e+04
7.81563135e+01, 1.89848556e+00, 1.26332311e-02, 9.62371080e-01, 1.72826272e-03, 3.98871093e-01, 2.60988867e+04
8.01603216e+01, 1.90934376e+00, 1.23212917e-02, 9.62434696e-01, 1.66464687e-03, 3.93772417e-01, 2.70962510e+04
8.21643296e+01, 1.91993709e+00, 1.20243860e-02, 9.62494503e-01, 1.60484010e-03, 3.88859163e-01, 2.81060062e+04
8.41683376e+01, 1.93027817e+00, 1.17414526e-02, 9.62550813e-01, 1.54853059e-03, 3.84120358e-01, 2.91280020e+04
8.61723456e+01, 1.94037873e+00, 1.14715280e-02, 9.62603905e-01, 1.49543859e-03, 3.79545918e-01, 3.01620936e+04
8.81763536e+01, 1.95024971e+00, 1.12137350e-02, 9.62654031e-01, 1.44531245e-03, 3.75126554e-01, 3.12081411e+04
9.01803616e+01, 1.95990131e+00, 1.09672739e-02, 9.62701418e-01, 1.39792531e-03, 3.70853699e-01, 3.22660093e+04
9.21843696e+01, 1.96934307e+00, 1.07314135e-02, 9.62746271e-01, 1.35307211e-03, 3.66719432e-01, 3.33355676e+04
9.41883777e+01, 1.97858392e+00, 1.05054842e-02, 9.62788776e-01, 1.31056714e-03, 3.62716421e-01, 3.44166897e+04
9.61923857e+01, 1.98763224e+00, 1.02888718e-02, 9.62829101e-01, 1.27024182e-03, 3.58837863e-01, 3.55092530e+04
9.81963937e+01, 1.99649588e+00, 1.00810116e-02, 9.62867400e-01, 1.23194281e-03, 3.55077441e-01, 3.66131391e+04
1.00200402e+02, 2.00518224e+00, 9.88138370e-03, 9.62903813e-01, 1.19553037e-03, 3.51429278e-01, 3.77282329e+04
1.02204410e+02, 2.01369825e+00, 9.68950845e-03, 9.62938466e-01, 1.16087693e-03, 3.47887896e-01, 3.88544229e+04
1.04208418e+02, 2.02205049e+00, 9.50494287e-03, 9.62971477e-01, 1.12786577e-03, 3.44448186e-01, 3.99916009e+04
1.06212426e+02, 2.03024512e+00, 9.32727707e-03, 9.63002953e-01, 1.09638995e-03, 3.41105375e-01, 4.11396616e+04
1.08216434e+02, 2.03828799e+00, 9.15613123e-03, 9.63032992e-01, 1.06635135e-03, 3.37854996e-01, 4.22985029e+04
1.10220442e+02, 2.04618462e+00, 8.99115292e-03, 9.63061683e-01, 1.03765972e-03, 3.34692868e-01, 4.34680255e+04
1.12224450e+02, 2.05394022e+00, 8.83201466e-03, 9.63089111e-01, 1.01023200e-03, 3.31615067e-01, 4.46481325e+04
1.14228458e+02, 2.06155975e+00, 8.67841173e-03, 9.63115352e-01, 9.83991602e-04, 3.28617911e-01, 4.58387299e+04
1.16232466e+02, 2.06904790e+00, 8.53006028e-03, 9.63140475e-01, 9.58867782e-04, 3.25697939e-01, 4.70397262e+04
1.18236474e+02, 2.07640912e+00, 8.38669551e-03, 9.63164548e-01, 9.34795141e-04, 3.22851893e-01, 4.82510319e+04
1.20240482e+02, 2.08364765e+00, 8.24807016e-03, 9.63187630e-01, 9.11713119e-04, 3.20076707e-01, 4.94725602e+04
1.22244490e+02, 2.09076751e+00, 8.11395301e-03, 9.63209778e-01, 8.89565570e-04, 3.17369487e-01, 5.07042261e+04
1.24248498e+02, 2.09777253e+00, 7.98412769e-03, 9.63231043e-01, 8.68300374e-04, 3.14727504e-01, 5.19459470e+04
1.26252506e+02, 2.10466634e+00, 7.85839142e-03, 9.63251474e-01, 8.47869088e-04, 3.12148179e-01, 5.31976419e+04
1.28256514e+02, 2.11145244e+00, 7.73655400e-03, 9.63271117e-01, 8.28226640e-04, 3.09629075e-01, 5.44592321e+04
1.30260522e+02, 2.11813413e+00, 7.61843687e-03, 9.63290012e-01, 8.09331037e-04, 3.07167883e-01, 5.57306406e+04
1.32264530e+02, 2.12471457e+00, 7.50387219e-03, 9.63308200e-01, 7.91143122e-04, 3.04762418e-01, 5.70117921e+04
1.34268538e+02, 2.13119680e+00, 7.39270207e-03, 9.63325717e-01, 7.73626335e-04, 3.02410609e-01, 5.83026130e+04
1.36272546e+02, 2.13758369e+00, 7.28477783e-03, 9.63342597e-01, 7.56746511e-04, 3.00110490e-01, 5.96030315e+04
1.38276554e+02, 2.14387801e+00, 7.17995938e-03, 9.63358871e-01, 7.40471688e-04, 2.97860195e-01, 6.09129773e+04
1.40280562e+02, 2.15008241e+00, 7.07811454e-03, 9.63374571e-01, 7.24771939e-04, 2.95657950e-01, 6.22323815e+04
1.42284570e+02, 2.15619942e+00, 6.97911855e-03, 9.63389724e-01, 7.09619210e-04, 2.93502070e-01, 6.35611769e+04
1.44288578e+02, 2.16223147e+00, 6.88285352e-03, 9.63404356e-01, 6.94987186e-04, 2.91390951e-01, 6.48992975e+04
1.46292586e+02, 2.16818089e+00, 6.78920798e-03, 9.63418492e-01, 6.80851156e-04, 2.89323063e-01, 6.62466788e+04
1.48296594e+02, 2.17404990e+00, 6.69807645e-03, 9.63432155e-01, 6.67187897e-04, 2.87296953e-01, 6.76032575e+04
1.50300602e+02, 2.17984066e+00, 6.60935903e-03, 9.63445368e-01, 6.53975564e-04, 2.85311232e-01, 6.89689718e+04
1.52304610e+02, 2.18555521e+00, 6.52296105e-03, 9.63458150e-01, 6.41193595e-04, 2.83364575e-01, 7.03437609e+04
1.54308618e+02, 2.19119556e+00, 6.43879272e-03, 9.63470521e-01, 6.28822617e-04, 2.81455718e-01, 7.17275652e+04
1.56312626e+02, 2.19676358e+00, 6.35676884e-03, 9.63482499e-01, 6.16844364e-04, 2.79583454e-01, 7.31203266e+04
1.58316634e+02, 2.20226112e+00, 6.27680848e-03, 9.63494102e-01, 6.05241600e-04, 2.77746628e-01, 7.45219876e+04
1.60320642e+02, 2.20768994e+00, 6.19883474e-03, 9.63505345e-01, 5.93998051e-04, 2.75944136e-01, 7.59324923e+04
1.62324650e+02, 2.21305174e+00, 6.12277448e-03, 9.63516245e-01, 5.83098338e-04, 2.74174922e-01, 7.73517853e+04
1.64328658e+02, 2.21834814e+00, 6.04855813e-03, 9.63526816e-01, 5.72527919e-04, 2.72437974e-01, 7.87798128e+04
1.66332666e+02, 2.22358073e+00, 5.97611944e-03, 9.63537070e-01, 5.62273031e-04, 2.70732324e-01, 8.02165215e+04
1.68336674e+02, 2.22875103e+00, 5.90539530e-03, 9.63547023e-01, 5.52320645e-04, 2.69057041e-01, 8.16618593e+04
1.70340682e+02, 2.23386049e+00, 5.83632554e-03, 9.63556685e-01, 5.42658413e-04, 2.67411237e-01, 8.31157751e+04
1.72344690e+02, 2.23891054e+00, 5.76885279e-03, 9.63566069e-01, 5.33274629e-04, 2.65794056e-01, 8.45782184e+04
1.74348698e+02, 2.24390255e+00, 5.70292229e-03, 9.63575185e-01, 5.24158187e-04, 2.64204678e-01, 8.60491399e+04
1.76352706e+02, 2.24883782e+00, 5.63848176e-03, 9.63584045e-01, 5.15298545e-04, 2.62642316e-01, 8.75284910e+04
1.78356714e+02, 2.25371764e+00, 5.57548126e-03, 9.63592658e-01, 5.06685687e-04, 2.61106213e-01, 8.90162239e+04
1.80360722e+02, 2.25854324e+00, 5.51387306e-03, 9.63601034e-01, 4.98310096e-04, 2.59595641e-01, 9.05122916e+04
1.82364730e+02, 2.26331580e+00, 5.45361149e-03, 9.63609181e-01, 4.90162722e-04, 2.58109901e-01, 9.20166481e+04
1.84368738e+02, 2.26803649e+00, 5.39465289e-03, 9.63617109e-01, 4.82234952e-04, 2.56648320e-01, 9.35292477e+04
1.86372746e+02, 2.27270642e+00, 5.33695545e-03, 9.63624825e-01, 4.74518588e-04, 2.55210250e-01, 9.50500460e+04
1.88376754e+02, 2.27732667e+00, 5.28047914e-03, 9.63632338e-01, 4.67005820e-04, 2.53795068e-01, 9.65789988e+04
1.90380762e+02, 2.28189828e+00, 5.22518558e-03, 9.63639655e-01, 4.59689207e-04, 2.52402172e-01, 9.81160630e+04
1.92384770e+02, 2.28642227e+00, 5.17103802e-03, 9.63646782e-01, 4.52561653e-04, 2.51030984e-01, 9.96611959e+04
1.94388778e+02, 2.29089962e+00, 5.11800119e-03, 9.63653727e-01, 4.45616389e-04, 2.49680947e-01, 1.01214356e+05
1.96392786e+02, 2.29533128e+00, 5.06604126e-03, 9.63660497e-01, 4.38846953e-04, 2.48351521e-01, 1.02775501e+05
1.98396794e+02, 2.29971817e+00, 5.01512576e-03, 9.63667097e-01, 4.32247176e-04, 2.47042187e-01, 1.04344591e+05
2.00400802e+02, 2.30406120e+00, 4.96522351e-03, 9.63673533e-01, 4.25811164e-04, 2.45752445e-01, 1.05921587e+05
2.02404810e+02, 2.30836122e+00, 4.91630457e-03, 9.63679811e-01, 4.19533285e-04, 2.44481811e-01, 1.07506447e+05
2.04408818e+02, 2.31261908e+00, 4.86834016e-03, 9.63685936e-01, 4.13408151e-04, 2.43229817e-01, 1.09099135e+05
2.06412826e+02, 2.31683561e+00, 4.82130260e-03, 9.63691913e-01, 4.07430611e-04, 2.41996012e-01, 1.10699610e+05
2.08416834e+02, 2.32101159e+00, 4.77516529e-03, 9.63697748e-01, 4.01595731e-04, 2.40779960e-01, 1.12307837e+05
2.10420842e+02, 2.32514780e+00, 4.72990264e-03, 9.63703445e-01, 3.95898792e-04, 2.39581239e-01, 1.13923776e+05
2.12424850e+02, 2.32924499e+00, 4.68548999e-03, 9.63709009e-01, 3.90335270e-04, 2.38399442e-01, 1.15547393e+05
2.14428859e+02, 2.33330388e+00, 4.64190363e-03, 9.63714443e-01, 3.84900832e-04, 2.37234174e-01, 1.17178650e+05
2.16432867e+02, 2.33732519e+00, 4.59912071e-03, 9.63719753e-01, 3.79591323e-04, 2.36085053e-01, 1.18817513e+05
2.18436875e+02, 2.34130961e+00, 4.55711923e-03, 9.63724942e-01, 3.74402759e-04, 2.34951709e-01, 1.20463945e+05
2.20440883e+02, 2.34525780e+00, 4.51587796e-03, 9.63730013e-01, 3.69331318e-04, 2.33833786e-01, 1.22117913e+05
2.22444891e+02, 2.34917043e+00, 4.47537645e-03, 9.63734971e-01, 3.64373331e-04, 2.32730935e-01, 1.23779382e+05
2.24448899e+02, 2.35304812e+00, 4.43559497e-03, 9.63739819e-01, 3.59525278e-04, 2.31642823e-01, 1.25448318e+05
2.26452907e+02, 2.35689149e+00, 4.39651449e-03, 9.63744561e-01, 3.54783775e-04, 2.30569123e-01, 1.27124688e+05
2.28456915e+02, 2.36070115e+00, 4.35811665e-03, 9.63749199e-01, 3.50145572e-04, 2.29509520e-01, 1.28808460e+05
2.30460923e+02, 2.36447768e+00, 4.32038371e-03, 9.63753737e-01, 3.45607546e-04, 2.28463708e-01, 1.30499600e+05
2.32464931e+02, 2.36822165e+00, 4.28329856e-03, 9.63758178e-01, 3.41166694e-04, 2.27431390e-01, 1.32198078e+05
2.34468939e+02, 2.37193363e+00, 4.24684464e-03, 9.63762525e-01, 3.36820128e-04, 2.26412279e-01, 1.33903861e+05
2.36472947e+02, 2.37561414e+00, 4.21100599e-03, 9.63766780e-01, 3.32565067e-04, 2.25406096e-01, 1.35616918e+05
2.38476955e+02, 2.37926373e+00, 4.17576715e-03, 9.63770946e-01, 3.28398839e-04, 2.24412570e-01, 1.37337219e+05
2.40480963e+02, 2.38288290e+00, 4.14111319e-03, 9.63775026e-01, 3.24318868e-04, 2.23431437e-01, 1.39064732e+05
2.42484971e+02, 2.38647216e+00, 4.10702967e-03, 9.63779022e-01, 3.20322675e-04, 2.22462442e-01, 1.40799429e+05
2.44488979e+02, 2.39003200e+00, 4.07350263e-03, 9.63782937e-01, 3.16407870e-04, 2.21505337e-01, 1.42541280e+05
2.46492987e+02, 2.39356290e+00, 4.04051853e-03, 9.63786773e-01, 3.12572152e-04, 2.20559880e-01, 1.44290254e+05
2.48496995e+02, 2.39706532e+00, 4.00806431e-03, 9.63790532e-01, 3.08813302e-04, 2.19625837e-01, 1.46046324e+05
2.50501003e+02, 2.40053972e+00, 3.97612729e-03, 9.63794216e-01, 3.05129180e-04, 2.18702980e-01, 1.47809461e+05
2.52505011e+02, 2.40398655e+00, 3.94469520e-03, 9.63797827e-01, 3.01517724e-04, 2.17791089e-01, 1.49579637e+05
2.54509019e+02, 2.40740623e+00, 3.91375617e-03, 9.63801368e-01, 2.97976942e-04, 2.16889947e-01, 1.51356823e+05
2.56513027e+02, 2.41079920e+00, 3.88329869e-03, 9.63804840e-01, 2.94504912e-04, 2.15999344e-01, 1.53140992e+05
2.58517035e+02, 2.41416587e+00, 3.85331160e-03, 9.63808246e-01, 2.91099781e-04, 2.15119078e-01, 1.54932117e+05
2.60521043e+02, 2.41750664e+00, 3.82378408e-03, 9.63811586e-01, 2.87759758e-04, 2.14248949e-01, 1.56730171e+05
2.62525051e+02, 2.42082191e+00, 3.79470565e-03, 9.63814862e-01, 2.84483113e-04, 2.13388764e-01, 1.58535128e+05
2.64529059e+02, 2.42411206e+00, 3.76606615e-03, 9.63818077e-01, 2.81268174e-04, 2.12538336e-01, 1.60346961e+05
2.66533067e+02, 2.42737747e+00, 3.73785570e-03, 9.63821232e-01, 2.78113328e-04, 2.11697482e-01, 1.62165643e+05
2.68537075e+02, 2.43061851e+00, 3.71006475e-03, 9.63824329e-01, 2.75017014e-04, 2.10866022e-01, 1.63991151e+05
2.70541083e+02, 2.43383555e+00, 3.68268400e-03, 9.63827368e-01, 2.71977721e-04, 2.10043784e-01, 1.65823457e+05
2.72545091e+02, 2.43702893e+00, 3.65570443e-03, 9.63830352e-01, 2.68993992e-04, 2.09230599e-01, 1.67662537e+05
2.74549099e+02, 2.44019900e+00, 3.62911729e-03, 9.63833282e-01, 2.66064414e-04, 2.08426300e-01, 1.69508366e+05
2.76553107e+02, 2.44334609e+00, 3.60291409e-03, 9.63836158e-01, 2.63187621e-04, 2.07630729e-01, 1.71360920e+05
2.78557115e+02, 2.44647055e+00, 3.57708656e-03, 9.63838984e-01, 2.60362291e-04, 2.06843727e-01, 1.73220173e+05
2.80561123e+02, 2.44957269e+00, 3.55162669e-03, 9.63841759e-01, 2.57587144e-04, 2.06065143e-01, 1.75086103e+05
2.82565131e+02, 2.45265283e+00, 3.52652668e-03, 9.63844485e-01, 2.54860942e-04, 2.05294827e-01, 1.76958685e+05
2.84569139e+02, 2.45571127e+00, 3.50177895e-03, 9.63847164e-01, 2.52182484e-04, 2.04532633e-01, 1.78837896e+05
2.86573147e+02, 2.45874833e+00, 3.47737614e-03, 9.63849796e-01, 2.49550608e-04, 2.03778421e-01, 1.80723712e+05
2.88577155e+02, 2.46176430e+00, 3.45331109e-03, 9.63852382e-01, 2.46964188e-04, 2.03032052e-01, 1.82616110e+05
2.90581163e+02, 2.46475946e+00, 3.42957683e-03, 9.63854925e-01, 2.44422132e-04, 2.02293391e-01, 1.84515068e+05
2.92585171e+02, 2.46773412e+00, 3.40616659e-03, 9.63857423e-01, 2.41923381e-04, 2.01562306e-01, 1.86420563e+05
2.94589179e+02, 2.47068853e+00, 3.38307378e-03, 9.63859880e-01, 2.39466911e-04, 2.00838668e-01, 1.88332572e+05
2.96593187e+02, 2.47362298e+00, 3.36029198e-03, 9.63862295e-01, 2.37051726e-04, 2.00122352e-01, 1.90251074e+05
2.98597195e+02, 2.47653774e+00, 3.33781496e-03, 9.63864670e-01, 2.34676861e-04, 1.99413236e-01, 1.92176046e+05
3.00601203e+02, 2.47943307e+00, 3.31563664e-03, 9.63867006e-01, 2.32341380e-04, 1.98711198e-01, 1.94107468e+05
3.02605211e+02, 2.48230922e+00, 3.29375111e-03, 9.63869303e-01, 2.30044375e-04, 1.98016124e-01, 1.96045316e+05
3.04609219e+02, 2.48516645e+00, 3.27215260e-03, 9.63871562e-01, 2.27784964e-04, 1.97327897e-01, 1.97989571e+05
3.06613227e+02, 2.48800501e+00, 3.25083550e-03, 9.63873785e-01, 2.25562292e-04, 1.96646407e-01, 1.99940211e+05
3.08617235e+02, 2.49082513e+00, 3.22979436e-03, 9.63875972e-01, 2.23375527e-04, 1.95971544e-01, 2.01897216e+05
3.10621243e+02, 2.49362706e+00, 3.20902385e-03, 9.63878124e-01, 2.21223862e-04, 1.95303201e-01, 2.03860564e+05
3.12625251e+02, 2.49641102e+00, 3.18851877e-03, 9.63880241e-01, 2.19106515e-04, 1.94641275e-01, 2.05830235e+05
3.14629259e+02, 2.49917726e+00, 3.16827408e-03, 9.63882325e-01, 2.17022723e-04, 1.93985663e-01, 2.07806210e+05
3.16633267e+02, 2.50192598e+00, 3.14828484e-03, 9.63884376e-01, 2.14971746e-04, 1.93336265e-01, 2.09788467e+05
3.18637275e+02, 2.50465742e+00, 3.12854625e-03, 9.63886395e-01, 2.12952867e-04, 1.92692984e-01, 2.11776987e+05
3.20641283e+02, 2.50737179e+00, 3.10905363e-03, 9.63888383e-01, 2.10965385e-04, 1.92055724e-01, 2.13771751e+05
3.22645291e+02, 2.51006929e+00, 3.08980241e-03, 9.63890340e-01, 2.09008621e-04, 1.91424393e-01, 2.15772739e+05
3.24649299e+02, 2.51275015e+00, 3.07078812e-03, 9.63892267e-01, 2.07081916e-04, 1.90798898e-01, 2.17779932e+05
3.26653307e+02, 2.51541456e+00, 3.05200643e-03, 9.63894164e-01, 2.05184625e-04, 1.90179150e-01, 2.19793310e+05
3.28657315e+02, 2.51806272e+00, 3.03345308e-03, 9.63896033e-01, 2.03316125e-04, 1.89565063e-01, 2.21812855e+05
3.30661323e+02, 2.52069483e+00, 3.01512395e-03, 9.63897873e-01, 2.01475808e-04, 1.88956549e-01, 2.23838547e+05
3.32665331e+02, 2.52331108e+00, 2.99701499e-03, 9.63899686e-01, 1.99663082e-04, 1.88353526e-01, 2.25870369e+05
3.34669339e+02, 2.52591167e+00, 2.97912226e-03, 9.63901472e-01, 1.97877371e-04, 1.87755912e-01, 2.27908302e+05
3.36673347e+02, 2.52849678e+00, 2.96144190e-03, 9.63903231e-01, 1.96118115e-04, 1.87163625e-01, 2.29952327e+05
3.38677355e+02, 2.53106660e+00, 2.94397017e-03, 9.63904965e-01, 1.94384768e-04, 1.86576588e-01, 2.32002426e+05
3.40681363e+02, 2.53362129e+00, 2.92670338e-03, 9.63906673e-01, 1.92676800e-04, 1.85994722e-01, 2.34058583e+05
3.42685371e+02, 2.53616105e+00, 2.90963795e-03, 9.63908356e-01, 1.90993694e-04, 1.85417954e-01, 2.36120777e+05
3.44689379e+02, 2.53868604e+00, 2.89277039e-03, 9.63910015e-01, 1.89334944e-04, 1.84846208e-01, 2.38188993e+05
3.46693387e+02, 2.54119643e+00, 2.87609726e-03, 9.63911650e-01, 1.87700062e-04, 1.84279412e-01, 2.40263213e+05
3.48697395e+02, 2.54369240e+00, 2.85961524e-03, 9.63913262e-01, 1.86088569e-04, 1.83717496e-01, 2.42343418e+05
3.50701403e+02, 2.54617410e+00, 2.84332104e-03, 9.63914851e-01, 1.84499998e-04, 1.83160389e-01, 2.44429593e+05
3.52705411e+02, 2.54864170e+00, 2.82721148e-03, 9.63916417e-01, 1.82933897e-04, 1.82608023e-01, 2.46521720e+05
3.54709419e+02, 2.55109537e+00, 2.81128344e-03, 9.63917961e-01, 1.81389823e-04, 1.82060332e-01, 2.48619782e+05
3.56713427e+02, 2.55353524e+00, 2.79553386e-03, 9.63919484e-01, 1.79867344e-04, 1.81517250e-01, 2.50723762e+05
3.58717436e+02, 2.55596149e+00, 2.77995977e-03, 9.63920985e-01, 1.78366040e-04, 1.80978713e-01, 2.52833644e+05
3.60721444e+02, 2.55837426e+00, 2.76455825e-03, 9.63922466e-01, 1.76885501e-04, 1.80444657e-01, 2.54949412e+05
3.62725452e+02, 2.56077369e+00, 2.74932644e-03, 9.63923926e-01, 1.75425328e-04, 1.79915021e-01, 2.57071049e+05
3.64729460e+02, 2.56315994e+00, 2.73426155e-03, 9.63925367e-01, 1.73985129e-04, 1.79389745e-01, 2.59198538e+05
3.66733468e+02, 2.56553316e+00, 2.71936086e-03, 9.63926788e-01, 1.72564524e-04, 1.78868768e-01, 2.61331864e+05
3.68737476e+02, 2.56789347e+00, 2.70462170e-03, 9.63928189e-01, 1.71163143e-04, 1.78352032e-01, 2.63471011e+05
3.70741484e+02, 2.57024103e+00, 2.69004145e-03, 9.63929572e-01, 1.69780624e-04, 1.77839480e-01, 2.65615963e+05
3.72745492e+02, 2.57257596e+00, 2.67561756e-03, 9.63930936e-01, 1.68416612e-04, 1.77331057e-01, 2.67766705e+05
3.74749500e+02, 2.57489841e+00, 2.66134752e-03, 9.63932282e-01, 1.67070762e-04, 1.76826706e-01, 2.69923220e+05
3.76753508e+02, 2.57720851e+00, 2.64722889e-03, 9.63933610e-01, 1.65742738e-04, 1.76326374e-01, 2.72085494e+05
3.78757516e+02, 2.57950638e+00, 2.63325927e-03, 9.63934921e-01, 1.64432212e-04, 1.75830008e-01, 2.74253511e+05
3.80761524e+02, 2.58179216e+00, 2.61943632e-03, 9.63936215e-01, 1.63138861e-04, 1.75337555e-01, 2.76427256e+05
3.82765532e+02, 2.58406597e+00, 2.60575773e-03, 9.63937491e-01, 1.61862373e-04, 1.74848965e-01, 2.78606714e+05
3.84769540e+02, 2.58632793e+00, 2.59222125e-03, 9.63938752e-01, 1.60602441e-04, 1.74364187e-01, 2.80791870e+05
3.86773548e+02, 2.58857818e+00, 2.57882469e-03, 9.63939995e-01, 1.59358767e-04, 1.73883171e-01, 2.82982709e+05
3.88777556e+02, 2.59081683e+00, 2.56556589e-03, 9.63941223e-01, 1.58131057e-04, 1.73405871e-01, 2.85179216e+05
3.90781564e+02, 2.59304400e+00, 2.55244272e-03, 9.63942436e-01, 1.56919027e-04, 1.72932237e-01, 2.87381378e+05
3.92785572e+02, 2.59525980e+00, 2.53945312e-03, 9.63943633e-01, 1.55722397e-04, 1.72462223e-01, 2.89589178e+05
3.94789580e+02, 2.59746436e+00, 2.52659507e-03, 9.63944814e-01, 1.54540896e-04, 1.71995783e-01, 2.91802604e+05
3.96793588e+02, 2.59965778e+00, 2.51386656e-03, 9.63945981e-01, 1.53374257e-04, 1.71532873e-01, 2.94021640e+05
3.98797596e+02, 2.60184018e+00, 2.50126567e-03, 9.63947133e-01, 1.52222218e-04, 1.71073447e-01, 2.96246273e+05
4.00801604e+02, 2.60401167e+00, 2.48879046e-03, 9.63948271e-01, 1.51084526e-04, 1.70617463e-01, 2.98476489e+05
4.02805612e+02, 2.60617235e+00, 2.47643909e-03, 9.63949395e-01, 1.49960933e-04, 1.70164878e-01, 3.00712273e+05
4.04809620e+02, 2.60832234e+00, 2.46420970e-03, 9.63950505e-01, 1.48851193e-04, 1.69715649e-01, 3.02953612e+05
4.06813628e+02, 2.61046173e+00, 2.45210050e-03, 9.63951602e-01, 1.47755070e-04, 1.69269736e-01, 3.05200492e+05
4.08817636e+02, 2.61259064e+00, 2.44010973e-03, 9.63952685e-01, 1.46672331e-04, 1.68827098e-01, 3.07452900e+05
4.10821644e+02, 2.61470917e+00, 2.42823566e-03, 9.63953755e-01, 1.45602748e-04, 1.68387694e-01, 3.09710821e+05
4.12825652e+02, 2.61681741e+00, 2.41647659e-03, 9.63954811e-01, 1.44546098e-04, 1.67951486e-01, 3.11974243e+05
4.14829660e+02, 2.61891546e+00, 2.40483086e-03, 9.63955856e-01, 1.43502163e-04, 1.67518435e-01, 3.14243152e+05
4.16833668e+02, 2.62100343e+00, 2.39329685e-03, 9.63956887e-01, 1.42470731e-04, 1.67088504e-01, 3.16517535e+05
4.18837676e+02, 2.62308141e+00, 2.38187294e-03, 9.63957907e-01, 1.41451592e-04, 1.66661654e-01, 3.18797379e+05
4.20841684e+02, 2.62514949e+00, 2.37055758e-03, 9.63958914e-01, 1.40444543e-04, 1.66237850e-01, 3.21082670e+05
4.22845692e+02, 2.62720777e+00, 2.35934921e-03, 9.63959910e-01, 1.39449383e-04, 1.65817055e-01, 3.23373396e+05
4.24849700e+02, 2.62925635e+00, 2.34824634e-03, 9.63960893e-01, 1.38465918e-04, 1.65399234e-01, 3.25669544e+05
4.26853708e+02, 2.63129530e+00, 2.33724748e-03, 9.63961866e-01, 1.37493955e-04, 1.64984351e-01, 3.27971101e+05
4.28857716e+02, 2.63332473e+00, 2.32635117e-03, 9.63962827e-01, 1.36533307e-04, 1.64572374e-01, 3.30278054e+05
4.30861724e+02, 2.63534471e+00, 2.31555599e-03, 9.63963776e-01, 1.35583790e-04, 1.64163267e-01, 3.32590391e+05
4.32865732e+02, 2.63735535e+00, 2.30486053e-03, 9.63964715e-01, 1.34645226e-04, 1.63756999e-01, 3.34908100e+05
4.34869740e+02, 2.63935672e+00, 2.29426342e-03, 9.63965643e-01, 1.33717437e-04, 1.63353535e-01, 3.37231168e+05
4.36873748e+02, 2.64134891e+00, 2.28376331e-03, 9.63966561e-01, 1.32800251e-04, 1.62952844e-01, 3.39559582e+05
4.38877756e+02, 2.64333200e+00, 2.27335887e-03, 9.63967468e-01, 1.31893500e-04, 1.62554895e-01, 3.41893330e+05
4.40881764e+02, 2.64530608e+00, 2.26304881e-03, 9.63968365e-01, 1.30997017e-04, 1.62159656e-01, 3.44232400e+05
4.42885772e+02, 2.64727122e+00, 2.25283184e-03, 9.63969252e-01, 1.30110642e-04, 1.61767096e-01, 3.46576781e+05
4.44889780e+02, 2.64922752e+00, 2.24270671e-03, 9.63970128e-01, 1.29234215e-04, 1.61377186e-01, 3.48926460e+05
4.46893788e+02, 2.65117504e+00, 2.23267218e-03, 9.63970995e-01, 1.28367580e-04, 1.60989896e-01, 3.51281425e+05
4.48897796e+02, 2.65311387e+00, 2.22272705e-03, 9.63971853e-01, 1.27510585e-04, 1.60605196e-01, 3.53641664e+05
4.50901804e+02, 2.65504408e+00, 2.21287012e-03, 9.63972701e-01, 1.26663081e-04, 1.60223058e-01, 3.56007165e+05
4.52905812e+02, 2.65696574e+00, 2.20310023e-03, 9.63973539e-01, 1.25824921e-04, 1.59843454e-01, 3.58377918e+05
4.54909820e+02, 2.65887895e+00, 2.19341623e-03, 9.63974368e-01, 1.24995962e-04, 1.59466355e-01, 3.60753910e+05
4.56913828e+02, 2.66078376e+00, 2.18381699e-03, 9.63975189e-01, 1.24176062e-04, 1.59091734e-01, 3.63135129e+05
4.58917836e+02, 2.66268025e+00, 2.17430141e-03, 9.63976000e-01, 1.23365083e-04, 1.58719565e-01, 3.65521565e+05
4.60921844e+02, 2.66456850e+00, 2.16486839e-03, 9.63976803e-01, 1.22562891e-04, 1.58349820e-01, 3.67913206e+05
4.62925852e+02, 2.66644857e+00, 2.15551687e-03, 9.63977597e-01, 1.21769353e-04, 1.57982474e-01, 3.70310040e+05
4.64929860e+02, 2.66832054e+00, 2.14624579e-03, 9.63978382e-01, 1.20984338e-04, 1.57617500e-01, 3.72712057e+05
4.66933868e+02, 2.67018448e+00, 2.13705412e-03, 9.63979159e-01, 1.20207719e-04, 1.57254873e-01, 3.75119245e+05
4.68937876e+02, 2.67204045e+00, 2.12794084e-03, 9.63979928e-01, 1.19439371e-04, 1.56894569e-01, 3.77531593e+05
4.70941884e+02, 2.67388852e+00, 2.11890496e-03, 9.63980688e-01, 1.18679171e-04, 1.56536562e-01, 3.79949090e+05
4.72945892e+02, 2.67572876e+00, 2.10994549e-03, 9.63981441e-01, 1.17926998e-04, 1.56180827e-01, 3.82371726e+05
4.74949900e+02, 2.67756124e+00, 2.10106148e-03, 9.63982186e-01, 1.17182735e-04, 1.55827342e-01, 3.84799488e+05
4.76953908e+02, 2.67938602e+00, 2.09225196e-03, 9.63982923e-01, 1.16446264e-04, 1.55476083e-01, 3.87232367e+05
4.78957916e+02, 2.68120316e+00, 2.08351600e-03, 9.63983652e-01, 1.15717474e-04, 1.55127025e-01, 3.89670352e+05
4.80961924e+02, 2.68301273e+00, 2.07485270e-03, 9.63984373e-01, 1.14996251e-04, 1.54780148e-01, 3.92113432e+05
4.82965932e+02, 2.68481479e+00, 2.06626114e-03, 9.63985088e-01, 1.14282487e-04, 1.54435426e-01, 3.94561597e+05
4.84969940e+02, 2.68660941e+00, 2.05774044e-03, 9.63985794e-01, 1.13576073e-04, 1.54092840e-01, 3.97014835e+05
4.86973948e+02, 2.68839664e+00, 2.04928973e-03, 9.63986494e-01, 1.12876905e-04, 1.53752366e-01, 3.99473137e+05
4.88977956e+02, 2.69017654e+00, 2.04090814e-03, 9.63987187e-01, 1.12184879e-04, 1.53413982e-01, 4.01936492e+05
4.90981964e+02, 2.69194918e+00, 2.03259484e-03, 9.63987872e-01, 1.11499892e-04, 1.53077669e-01, 4.04404890e+05
4.92985972e+02, 2.69371462e+00, 2.02434898e-03, 9.63988551e-01, 1.10821846e-04, 1.52743404e-01, 4.06878320e+05
4.94989980e+02, 2.69547290e+00, 2.01616976e-03, 9.63989222e-01, 1.10150641e-04, 1.52411167e-01, 4.09356773e+05
4.96993988e+02, 2.69722410e+00, 2.00805637e-03, 9.63989887e-01, 1.09486183e-04, 1.52080938e-01, 4.11840237e+05
4.98997996e+02, 2.69896826e+00, 2.00000801e-03, 9.63990546e-01, 1.08828375e-04, 1.51752695e-01, 4.14328704e+05
5.01002005e+02, 2.70070545e+00, 1.99202392e-03, 9.63991197e-01, 1.08177126e-04, 1.51426421e-01, 4.16822162e+05
5.03006013e+02, 2.70243572e+00, 1.98410331e-03, 9.63991843e-01, 1.07532345e-04, 1.51102094e-01, 4.19320602e+05
5.05010021e+02, 2.70415912e+00, 1.97624545e-03, 9.63992481e-01, 1.06893941e-04, 1.50779696e-01, 4.21824015e+05
5.07014029e+02, 2.70587571e+00, 1.96844958e-03, 9.63993114e-01, 1.06261826e-04, 1.50459207e-01, 4.24332389e+05
5.09018037e+02, 2.70758554e+00, 1.96071497e-03, 9.63993741e-01, 1.05635915e-04, 1.50140610e-01, 4.26845716e+05
5.11022045e+02, 2.70928866e+00, 1.95304091e-03, 9.63994361e-01, 1.05016123e-04, 1.49823884e-01, 4.29363986e+05
5.13026053e+02, 2.71098513e+00, 1.94542669e-03, 9.63994975e-01, 1.04402365e-04, 1.49509013e-01, 4.31887188e+05
5.15030061e+02, 2.71267500e+00, 1.93787160e-03, 9.63995583e-01, 1.03794560e-04, 1.49195977e-01, 4.34415314e+05
5.17034069e+02, 2.71435832e+00, 1.93037497e-03, 9.63996186e-01, 1.03192628e-04, 1.48884760e-01, 4.36948354e+05
5.19038077e+02, 2.71603514e+00, 1.92293612e-03, 9.63996783e-01, 1.02596489e-04, 1.48575344e-01, 4.39486298e+05
5.21042085e+02, 2.71770552e+00, 1.91555438e-03, 9.63997374e-01, 1.02006066e-04, 1.48267711e-01, 4.42029137e+05
5.23046093e+02, 2.71936949e+00, 1.90822909e-03, 9.63997959e-01, 1.01421282e-04, 1.47961844e-01, 4.44576861e+05
5.25050101e+02, 2.72102711e+00, 1.90095962e-03, 9.63998539e-01, 1.00842063e-04, 1.47657726e-01, 4.47129461e+05
5.27054109e+02, 2.72267843e+00, 1.89374533e-03, 9.63999113e-01, 1.00268333e-04, 1.47355342e-01, 4.49686928e+05
5.29058117e+02, 2.72432349e+00, 1.88658558e-03, 9.63999682e-01, 9.97000212e-05, 1.47054674e-01, 4.52249253e+05
5.31062125e+02, 2.72596234e+00, 1.87947977e-03, 9.64000246e-01, 9.91370556e-05, 1.46755706e-01, 4.54816426e+05
5.33066133e+02, 2.72759504e+00, 1.87242729e-03, 9.64000804e-01, 9.85793662e-05, 1.46458423e-01, 4.57388438e+05
5.35070141e+02, 2.72922162e+00, 1.86542753e-03, 9.64001357e-01, 9.80268839e-05, 1.46162808e-01, 4.59965280e+05
5.37074149e+02, 2.73084213e+00, 1.85847992e-03, 9.64001905e-01, 9.74795411e-05, 1.45868846e-01, 4.62546943e+05
5.39078157e+02, 2.73245661e+00, 1.85158386e-03, 9.64002448e-01, 9.69372709e-05, 1.45576522e-01, 4.65133418e+05
5.41082165e+02, 2.73406512e+00, 1.84473880e-03, 9.64002986e-01, 9.64000078e-05, 1.45285821e-01, 4.67724697e+05
5.43086173e+02, 2.73566769e+00, 1.83794415e-03, 9.64003519e-01, 9.58676874e-05, 1.44996727e-01, 4.70320769e+05
5.45090181e+02, 2.73726437e+00, 1.83119938e-03, 9.64004047e-01, 9.53402462e-05, 1.44709226e-01, 4.72921627e+05
5.47094189e+02, 2.73885520e+00, 1.82450393e-03, 9.64004570e-01, 9.48176218e-05, 1.44423303e-01, 4.75527262e+05
5.49098197e+02, 2.74044022e+00, 1.81785726e-03, 9.64005088e-01, 9.42997529e-05, 1.44138944e-01, 4.78137665e+05
5.51102205e+02, 2.74201948e+00, 1.81125884e-03, 9.64005602e-01, 9.37865791e-05, 1.43856134e-01, 4.80752826e+05
5.53106213e+02, 2.74359302e+00, 1.80470815e-03, 9.64006111e-01, 9.32780410e-05, 1.43574860e-01, 4.83372739e+05
5.55110221e+02, 2.74516088e+00, 1.79820468e-03, 9.64006616e-01, 9.27740802e-05, 1.43295108e-01, 4.85997393e+05
5.57114229e+02, 2.74672309e+00, 1.79174790e-03, 9.64007116e-01, 9.22746392e-05, 1.43016864e-01, 4.88626780e+05
5.59118237e+02, 2.74827971e+00, 1.78533733e-03, 9.64007612e-01, 9.17796616e-05, 1.42740115e-01, 4.91260893e+05
5.61122245e+02, 2.74983077e+00, 1.77897247e-03, 9.64008103e-01, 9.12890916e-05, 1.42464847e-01, 4.93899722e+05
5.63126253e+02, 2.75137631e+00, 1.77265283e-03, 9.64008590e-01, 9.08028744e-05, 1.42191047e-01, 4.96543259e+05
5.65130261e+02, 2.75291637e+00, 1.76637793e-03, 9.64009073e-01, 9.03209563e-05, 1.41918702e-01, 4.99191496e+05
5.67134269e+02, 2.75445099e+00, 1.76014730e-03, 9.64009551e-01, 8.98432842e-05, 1.41647800e-01, 5.01844423e+05
5.69138277e+02, 2.75598020e+00, 1.75396047e-03, 9.64010025e-01, 8.93698058e-05, 1.41378327e-01, 5.04502034e+05
5.71142285e+02, 2.75750405e+00, 1.74781698e-03, 9.64010495e-01, 8.89004699e-05, 1.41110271e-01, 5.07164320e+05
5.73146293e+02, 2.75902257e+00, 1.74171637e-03, 9.64010961e-01, 8.84352258e-05, 1.40843619e-01, 5.09831273e+05
5.75150301e+02, 2.76053579e+00, 1.73565821e-03, 9.64011423e-01, 8.79740239e-05, 1.40578361e-01, 5.12502883e+05
5.77154309e+02, 2.76204377e+00, 1.72964204e-03, 9.64011881e-01, 8.75168150e-05, 1.40314482e-01, 5.15179145e+05
5.79158317e+02, 2.76354652e+00, 1.72366744e-03, 9.64012335e-01, 8.70635510e-05, 1.40051972e-01, 5.17860048e+05
5.81162325e+02, 2.76504410e+00, 1.71773397e-03, 9.64012785e-01, 8.66141844e-05, 1.39790819e-01, 5.20545586e+05
5.83166333e+02, 2.76653652e+00, 1.71184121e-03, 9.64013232e-01, 8.61686684e-05, 1.39531010e-01, 5.23235750e+05
5.85170341e+02, 2.76802384e+00, 1.70598874e-03, 9.64013674e-01, 8.57269569e-05, 1.39272535e-01, 5.25930532e+05
5.87174349e+02, 2.76950608e+00, 1.70017615e-03, 9.64014113e-01, 8.52890048e-05, 1.39015383e-01, 5.28629925e+05
5.89178357e+02, 2.77098328e+00, 1.69440304e-03, 9.64014548e-01, 8.48547672e-05, 1.38759541e-01, 5.31333920e+05
5.91182365e+02, 2.77245547e+00, 1.68866900e-03, 9.64014979e-01, 8.44242003e-05, 1.38504999e-01, 5.34042510e+05
5.93186373e+02, 2.77392269e+00, 1.68297363e-03, 9.64015407e-01, 8.39972607e-05, 1.38251745e-01, 5.36755687e+05
5.95190381e+02, 2.77538496e+00, 1.67731656e-03, 9.64015831e-01, 8.35739059e-05, 1.37999770e-01, 5.39473443e+05
5.97194389e+02, 2.77684234e+00, 1.67169739e-03, 9.64016252e-01, 8.31540938e-05, 1.37749062e-01, 5.42195771e+05
5.99198397e+02, 2.77829483e+00, 1.66611575e-03, 9.64016669e-01, 8.27377831e-05, 1.37499611e-01, 5.44922663e+05
6.01202405e+02, 2.77974249e+00, 1.66057125e-03, 9.64017083e-01, 8.23249329e-05, 1.37251406e-01, 5.47654111e+05
6.03206413e+02, 2.78118533e+00, 1.65506353e-03, 9.64017493e-01, 8.19155033e-05, 1.37004436e-01, 5.50390107e+05
6.05210421e+02, 2.78262340e+00, 1.64959223e-03, 9.64017900e-01, 8.15094545e-05, 1.36758693e-01, 5.53130645e+05
6.07214429e+02, 2.78405672e+00, 1.64415698e-03, 9.64018304e-01, 8.11067478e-05, 1.36514165e-01, 5.55875716e+05
6.09218437e+02, 2.78548533e+00, 1.63875743e-03, 9.64018704e-01, 8.07073446e-05, 1.36270842e-01, 5.58625313e+05
6.11222445e+02, 2.78690925e+00, 1.63339323e-03, 9.64019101e-01, 8.03112072e-05, 1.36028716e-01, 5.61379429e+05
6.13226453e+02, 2.78832852e+00, 1.62806404e-03, 9.64019495e-01, 7.99182983e-05, 1.35787775e-01, 5.64138056e+05
6.15230461e+02, 2.78974316e+00, 1.62276950e-03, 9.64019885e-01, 7.95285812e-05, 1.35548010e-01, 5.66901187e+05
6.17234469e+02, 2.79115322e+00, 1.61750929e-03, 9.64020273e-01, 7.91420197e-05, 1.35309413e-01, 5.69668815e+05
6.19238477e+02, 2.79255870e+00, 1.61228308e-03, 9.64020657e-01, 7.87585782e-05, 1.35071972e-01, 5.72440932e+05
6.21242485e+02, 2.79395966e+00, 1.60709052e-03, 9.64021039e-01, 7.83782214e-05, 1.34835680e-01, 5.75217531e+05
6.23246493e+02, 2.79535611e+00, 1.60193131e-03, 9.64021417e-01, 7.80009149e-05, 1.34600526e-01, 5.77998605e+05
6.25250501e+02, 2.79674809e+00, 1.59680511e-03, 9.64021792e-01, 7.76266244e-05, 1.34366502e-01, 5.80784146e+05
6.27254509e+02, 2.79813561e+00, 1.59171162e-03, 9.64022164e-01, 7.72553163e-05, 1.34133598e-01, 5.83574148e+05
6.29258517e+02, 2.79951872e+00, 1.58665051e-03, 9.64022534e-01, 7.68869574e-05, 1.33901807e-01, 5.86368603e+05
6.31262525e+02, 2.80089744e+00, 1.58162149e-03, 9.64022900e-01, 7.65215151e-05, 1.33671118e-01, 5.89167504e+05
6.33266533e+02, 2.80227180e+00, 1.57662425e-03, 9.64023264e-01, 7.61589571e-05, 1.33441523e-01, 5.91970845e+05
6.35270541e+02, 2.80364182e+00, 1.57165849e-03, 9.64023624e-01, 7.57992516e-05, 1.33213014e-01, 5.94778618e+05
6.37274549e+02, 2.80500753e+00, 1.56672391e-03, 9.64023982e-01, 7.54423674e-05, 1.32985582e-01, 5.97590816e+05
6.39278557e+02, 2.80636896e+00, 1.56182022e-03, 9.64024338e-01, 7.50882735e-05, 1.32759219e-01, 6.00407432e+05
6.41282565e+02, 2.80772613e+00, 1.55694713e-03, 9.64024690e-01, 7.47369395e-05, 1.32533915e-01, 6.03228460e+05
6.43286574e+02, 2.80907908e+00, 1.55210436e-03, 9.64025040e-01, 7.43883353e-05, 1.32309664e-01, 6.06053892e+05
6.45290582e+02, 2.81042783e+00, 1.54729162e-03, 9.64025387e-01, 7.40424315e-05, 1.32086457e-01, 6.08883721e+05
6.47294590e+02, 2.81177240e+00, 1.54250863e-03, 9.64025731e-01, 7.36991987e-05, 1.31864285e-01, 6.11717941e+05
6.49298598e+02, 2.81311282e+00, 1.53775512e-03, 9.64026072e-01, 7.33586082e-05, 1.31643141e-01, 6.14556546e+05
6.51302606e+02, 2.81444911e+00, 1.53303082e-03, 9.64026412e-01, 7.30206316e-05, 1.31423018e-01, 6.17399527e+05
6.53306614e+02, 2.81578131e+00, 1.52833546e-03, 9.64026748e-01, 7.26852409e-05, 1.31203906e-01, 6.20246879e+05
6.55310622e+02, 2.81710943e+00, 1.52366877e-03, 9.64027082e-01, 7.23524085e-05, 1.30985798e-01, 6.23098595e+05
6.57314630e+02, 2.81843351e+00, 1.51903050e-03, 9.64027413e-01, 7.20221071e-05, 1.30768687e-01, 6.25954668e+05
6.59318638e+02, 2.81975356e+00, 1.51442038e-03, 9.64027742e-01, 7.16943100e-05, 1.30552566e-01, 6.28815091e+05
6.61322646e+02, 2.82106960e+00, 1.50983815e-03, 9.64028069e-01, 7.13689905e-05, 1.30337426e-01, 6.31679858e+05
6.63326654e+02, 2.82238168e+00, 1.50528357e-03, 9.64028393e-01, 7.10461225e-05, 1.30123260e-01, 6.34548963e+05
6.65330662e+02, 2.82368980e+00, 1.50075639e-03, 9.64028714e-01, 7.07256804e-05, 1.29910061e-01, 6.37422398e+05
6.67334670e+02, 2.82499399e+00, 1.49625636e-03, 9.64029034e-01, 7.04076385e-05, 1.29697821e-01, 6.40300157e+05
6.69338678e+02, 2.82629428e+00, 1.49178323e-03, 9.64029350e-01, 7.00919718e-05, 1.29486535e-01, 6.43182234e+05
6.71342686e+02, 2.82759068e+00, 1.48733677e-03, 9.64029665e-01, 6.97786557e-05, 1.29276193e-01, 6.46068623e+05
6.73346694e+02, 2.82888323e+00, 1.48291674e-03, 9.64029977e-01, 6.94676655e-05, 1.29066790e-01, 6.48959316e+05
6.75350702e+02, 2.83017194e+00, 1.47852290e-03, 9.64030287e-01, 6.91589773e-05, 1.28858318e-01, 6.51854308e+05
6.77354710e+02, 2.83145684e+00, 1.47415502e-03, 9.64030595e-01, 6.88525672e-05, 1.28650771e-01, 6.54753592e+05
6.79358718e+02, 2.83273795e+00, 1.46981287e-03, 9.64030900e-01, 6.85484118e-05, 1.28444141e-01, 6.57657161e+05
6.81362726e+02, 2.83401530e+00, 1.46549623e-03, 9.64031203e-01, 6.82464880e-05, 1.28238422e-01, 6.60565010e+05
6.83366734e+02, 2.83528889e+00, 1.46120486e-03, 9.64031504e-01, 6.79467727e-05, 1.28033608e-01, 6.63477132e+05
6.85370742e+02, 2.83655876e+00, 1.45693856e-03, 9.64031803e-01, 6.76492436e-05, 1.27829691e-01, 6.66393521e+05
6.87374750e+02, 2.83782493e+00, 1.45269710e-03, 9.64032100e-01, 6.73538784e-05, 1.27626665e-01, 6.69314170e+05
6.89378758e+02, 2.83908742e+00, 1.44848026e-03, 9.64032394e-01, 6.70606550e-05, 1.27424524e-01, 6.72239074e+05
6.91382766e+02, 2.84034625e+00, 1.44428783e-03, 9.64032687e-01, 6.67695519e-05, 1.27223262e-01, 6.75168227e+05
6.93386774e+02, 2.84160144e+00, 1.44011960e-03, 9.64032977e-01, 6.64805475e-05, 1.27022871e-01, 6.78101621e+05
6.95390782e+02, 2.84285301e+00, 1.43597535e-03, 9.64033265e-01, 6.61936208e-05, 1.26823346e-01, 6.81039251e+05
6.97394790e+02, 2.84410099e+00, 1.43185490e-03, 9.64033551e-01, 6.59087509e-05, 1.26624680e-01, 6.83981111e+05
6.99398798e+02, 2.84534539e+00, 1.42775802e-03, 9.64033836e-01, 6.56259173e-05, 1.26426867e-01, 6.86927195e+05
7.01402806e+02, 2.84658624e+00, 1.42368452e-03, 9.64034118e-01, 6.53450996e-05, 1.26229902e-01, 6.89877497e+05
7.03406814e+02, 2.84782355e+00, 1.41963419e-03, 9.64034398e-01, 6.50662778e-05, 1.26033777e-01, 6.92832010e+05
7.05410822e+02, 2.84905734e+00, 1.41560685e-03, 9.64034676e-01, 6.47894320e-05, 1.25838488e-01, 6.95790729e+05
7.07414830e+02, 2.85028764e+00, 1.41160230e-03, 9.64034952e-01, 6.45145428e-05, 1.25644028e-01, 6.98753648e+05
7.09418838e+02, 2.85151447e+00, 1.40762033e-03, 9.64035227e-01, 6.42415907e-05, 1.25450392e-01, 7.01720761e+05
7.11422846e+02, 2.85273784e+00, 1.40366077e-03, 9.64035499e-01, 6.39705568e-05, 1.25257573e-01, 7.04692062e+05
7.13426854e+02, 2.85395777e+00, 1.39972342e-03, 9.64035770e-01, 6.37014222e-05, 1.25065566e-01, 7.07667544e+05
7.15430862e+02, 2.85517429e+00, 1.39580810e-03, 9.64036038e-01, 6.34341684e-05, 1.24874365e-01, 7.10647203e+05
7.17434870e+02, 2.85638740e+00, 1.39191462e-03, 9.64036305e-01, 6.31687770e-05, 1.24683965e-01, 7.13631032e+05
7.19438878e+02, 2.85759714e+00, 1.38804280e-03, 9.64036570e-01, 6.29052298e-05, 1.24494360e-01, 7.16619025e+05
7.21442886e+02, 2.85880352e+00, 1.38419247e-03, 9.64036834e-01, 6.26435091e-05, 1.24305544e-01, 7.19611178e+05
7.23446894e+02, 2.86000655e+00, 1.38036343e-03, 9.64037095e-01, 6.23835970e-05, 1.24117512e-01, 7.22607483e+05
7.25450902e+02, 2.86120627e+00, 1.37655552e-03, 9.64037355e-01, 6.21254762e-05, 1.23930259e-01, 7.25607935e+05
7.27454910e+02, 2.86240267e+00, 1.37276856e-03, 9.64037612e-01, 6.18691295e-05, 1.23743779e-01, 7.28612528e+05
7.29458918e+02, 2.86359580e+00, 1.36900238e-03, 9.64037869e-01, 6.16145397e-05, 1.23558067e-01, 7.31621258e+05
7.31462926e+02, 2.86478565e+00, 1.36525681e-03, 9.64038123e-01, 6.13616902e-05, 1.23373118e-01, 7.34634117e+05
7.33466934e+02, 2.86597225e+00, 1.36153168e-03, 9.64038376e-01, 6.11105642e-05, 1.23188926e-01, 7.37651101e+05
7.35470942e+02, 2.86715562e+00, 1.35782682e-03, 9.64038627e-01, 6.08611454e-05, 1.23005487e-01, 7.40672203e+05
7.37474950e+02, 2.86833577e+00, 1.35414207e-03, 9.64038876e-01, 6.06134176e-05, 1.22822795e-01, 7.43697419e+05
7.39478958e+02, 2.86951272e+00, 1.35047727e-03, 9.64039124e-01, 6.03673648e-05, 1.22640844e-01, 7.46726742e+05
7.41482966e+02, 2.87068649e+00, 1.34683224e-03, 9.64039370e-01, 6.01229711e-05, 1.22459631e-01, 7.49760168e+05
7.43486974e+02, 2.87185710e+00, 1.34320685e-03, 9.64039614e-01, 5.98802210e-05, 1.22279151e-01, 7.52797689e+05
7.45490982e+02, 2.87302457e+00, 1.33960091e-03, 9.64039857e-01, 5.96390989e-05, 1.22099397e-01, 7.55839302e+05
7.47494990e+02, 2.87418890e+00, 1.33601429e-03, 9.64040098e-01, 5.93995898e-05, 1.21920366e-01, 7.58885000e+05
7.49498998e+02, 2.87535012e+00, 1.33244682e-03, 9.64040337e-01, 5.91616784e-05, 1.21742052e-01, 7.61934778e+05
7.51503006e+02, 2.87650824e+00, 1.32889835e-03, 9.64040575e-01, 5.89253499e-05, 1.21564452e-01, 7.64988631e+05
7.53507014e+02, 2.87766328e+00, 1.32536873e-03, 9.64040812e-01, 5.86905896e-05, 1.21387559e-01, 7.68046553e+05
7.55511022e+02, 2.87881526e+00, 1.32185781e-03, 9.64041047e-01, 5.84573831e-05, 1.21211369e-01, 7.71108538e+05
7.57515030e+02, 2.87996419e+00, 1.31836544e-03, 9.64041280e-01, 5.82257158e-05, 1.21035879e-01, 7.74174582e+05
7.59519038e+02, 2.88111009e+00, 1.31489147e-03, 9.64041512e-01, 5.79955737e-05, 1.20861082e-01, 7.77244679e+05
7.61523046e+02, 2.88225297e+00, 1.31143577e-03, 9.64041742e-01, 5.77669426e-05, 1.20686975e-01, 7.80318823e+05
7.63527054e+02, 2.88339286e+00, 1.30799819e-03, 9.64041971e-01, 5.75398089e-05, 1.20513553e-01, 7.83397010e+05
7.65531062e+02, 2.88452976e+00, 1.30457857e-03, 9.64042199e-01, 5.73141587e-05, 1.20340811e-01, 7.86479233e+05
7.67535070e+02, 2.88566369e+00, 1.30117680e-03, 9.64042425e-01, 5.70899785e-05, 1.20168746e-01, 7.89565489e+05
7.69539078e+02, 2.88679467e+00, 1.29779271e-03, 9.64042649e-01, 5.68672550e-05, 1.19997352e-01, 7.92655771e+05
7.71543086e+02, 2.88792271e+00, 1.29442618e-03, 9.64042872e-01, 5.66459750e-05, 1.19826626e-01, 7.95750073e+05
7.73547094e+02, 2.88904783e+00, 1.29107708e-03, 9.64043094e-01, 5.64261253e-05, 1.19656562e-01, 7.98848392e+05
7.75551102e+02, 2.89017004e+00, 1.28774526e-03, 9.64043314e-01, 5.62076931e-05, 1.19487158e-01, 8.01950722e+05
7.77555110e+02, 2.89128936e+00, 1.28443059e-03, 9.64043533e-01, 5.59906657e-05, 1.19318408e-01, 8.05057057e+05
7.79559118e+02, 2.89240580e+00, 1.28113294e-03, 9.64043751e-01, 5.57750303e-05, 1.19150308e-01, 8.08167393e+05
7.81563126e+02, 2.89351938e+00, 1.27785218e-03, 9.64043967e-01, 5.55607745e-05, 1.18982854e-01, 8.11281724e+05
7.83567134e+02, 2.89463011e+00, 1.27458819e-03, 9.64044181e-01, 5.53478861e-05, 1.18816042e-01, 8.14400045e+05
7.85571142e+02, 2.89573801e+00, 1.27134082e-03, 9.64044395e-01, 5.51363527e-05, 1.18649868e-01, 8.17522352e+05
7.87575151e+02, 2.89684309e+00, 1.26810996e-03, 9.64044607e-01, 5.49261625e-05, 1.18484328e-01, 8.20648638e+05
7.89579159e+02, 2.89794536e+00, 1.26489547e-03, 9.64044818e-01, 5.47173034e-05, 1.18319418e-01, 8.23778899e+05
7.91583167e+02, 2.89904484e+00, 1.26169725e-03, 9.64045027e-01, 5.45097637e-05, 1.18155134e-01, 8.26913131e+05
7.93587175e+02, 2.90014155e+00, 1.25851515e-03, 9.64045235e-01, 5.43035317e-05, 1.17991472e-01, 8.30051327e+05
7.95591183e+02, 2.90123549e+00, 1.25534907e-03, 9.64045442e-01, 5.40985960e-05, 1.17828427e-01, 8.33193483e+05
7.97595191e+02, 2.90232669e+00, 1.25219888e-03, 9.64045648e-01, 5.38949451e-05, 1.17665997e-01, 8.36339594e+05
7.99599199e+02, 2.90341515e+00, 1.24906445e-03, 9.64045852e-01, 5.36925679e-05, 1.17504177e-01, 8.39489654e+05
8.01603207e+02, 2.90450089e+00, 1.24594568e-03, 9.64046056e-01, 5.34914531e-05, 1.17342963e-01, 8.42643660e+05
8.03607215e+02, 2.90558392e+00, 1.24284245e-03, 9.64046257e-01, 5.32915899e-05, 1.17182352e-01, 8.45801606e+05
8.05611223e+02, 2.90666426e+00, 1.23975463e-03, 9.64046458e-01, 5.30929672e-05, 1.17022340e-01, 8.48963487e+05
8.07615231e+02, 2.90774192e+00, 1.23668212e-03, 9.64046658e-01, 5.28955745e-05, 1.16862923e-01, 8.52129298e+05
8.09619239e+02, 2.90881691e+00, 1.23362480e-03, 9.64046856e-01, 5.26994009e-05, 1.16704098e-01, 8.55299035e+05
8.11623247e+02, 2.90988924e+00, 1.23058257e-03, 9.64047053e-01, 5.25044361e-05, 1.16545861e-01, 8.58472692e+05
8.13627255e+02, 2.91095894e+00, 1.22755530e-03, 9.64047249e-01, 5.23106696e-05, 1.16388208e-01, 8.61650265e+05
8.15631263e+02, 2.91202600e+00, 1.22454288e-03, 9.64047443e-01, 5.21180911e-05, 1.16231135e-01, 8.64831748e+05
8.17635271e+02, 2.91309045e+00, 1.22154522e-03, 9.64047637e-01, 5.19266904e-05, 1.16074640e-01, 8.68017138e+05
8.19639279e+02, 2.91415230e+00, 1.21856219e-03, 9.64047829e-01, 5.17364576e-05, 1.15918718e-01, 8.71206429e+05
8.21643287e+02, 2.91521156e+00, 1.21559370e-03, 9.64048021e-01, 5.15473826e-05, 1.15763366e-01, 8.74399617e+05
8.23647295e+02, 2.91626824e+00, 1.21263964e-03, 9.64048211e-01, 5.13594556e-05, 1.15608581e-01, 8.77596696e+05
8.25651303e+02, 2.91732235e+00, 1.20969990e-03, 9.64048400e-01, 5.11726668e-05, 1.15454360e-01, 8.80797663e+05
8.27655311e+02, 2.91837392e+00, 1.20677438e-03, 9.64048588e-01, 5.09870067e-05, 1.15300697e-01, 8.84002511e+05
8.29659319e+02, 2.91942294e+00, 1.20386298e-03, 9.64048774e-01, 5.08024657e-05, 1.15147592e-01, 8.87211238e+05
8.31663327e+02, 2.92046944e+00, 1.20096559e-03, 9.64048960e-01, 5.06190344e-05, 1.14995039e-01, 8.90423837e+05
8.33667335e+02, 2.92151342e+00, 1.19808211e-03, 9.64049145e-01, 5.04367034e-05, 1.14843037e-01, 8.93640305e+05
8.35671343e+02, 2.92255489e+00, 1.19521244e-03, 9.64049328e-01, 5.02554636e-05, 1.14691580e-01, 8.96860636e+05
8.37675351e+02, 2.92359388e+00, 1.19235649e-03, 9.64049511e-01, 5.00753059e-05, 1.14540667e-01, 9.00084826e+05
8.39679359e+02, 2.92463038e+00, 1.18951416e-03, 9.64049692e-01, 4.98962211e-05, 1.14390294e-01, 9.03312871e+05
8.41683367e+02, 2.92566442e+00, 1.18668534e-03, 9.64049873e-01, 4.97182004e-05, 1.14240457e-01, 9.06544765e+05
8.43687375e+02, 2.92669600e+00, 1.18386995e-03, 9.64050052e-01, 4.95412350e-05, 1.14091154e-01, 9.09780505e+05
8.45691383e+02, 2.92772514e+00, 1.18106788e-03, 9.64050230e-01, 4.93653161e-05, 1.13942382e-01, 9.13020085e+05
8.47695391e+02, 2.92875184e+00, 1.17827905e-03, 9.64050407e-01, 4.91904351e-05, 1.13794136e-01, 9.16263501e+05
8.49699399e+02, 2.92977613e+00, 1.17550336e-03, 9.64050584e-01, 4.90165833e-05, 1.13646415e-01, 9.19510749e+05
8.51703407e+02, 2.93079800e+00, 1.17274071e-03, 9.64050759e-01, 4.88437525e-05, 1.13499215e-01, 9.22761824e+05
8.53707415e+02, 2.93181747e+00, 1.16999102e-03, 9.64050933e-01, 4.86719341e-05, 1.13352533e-01, 9.26016722e+05
8.55711423e+02, 2.93283456e+00, 1.16725419e-03, 9.64051107e-01, 4.85011199e-05, 1.13206366e-01, 9.29275437e+05
8.57715431e+02, 2.93384927e+00, 1.16453014e-03, 9.64051279e-01, 4.83313017e-05, 1.13060711e-01, 9.32537967e+05
8.59719439e+02, 2.93486161e+00, 1.16181877e-03, 9.64051450e-01, 4.81624715e-05, 1.12915564e-01, 9.35804305e+05
8.61723447e+02, 2.93587160e+00, 1.15912000e-03, 9.64051620e-01, 4.79946210e-05, 1.12770924e-01, 9.39074448e+05
8.63727455e+02, 2.93687925e+00, 1.15643373e-03, 9.64051790e-01, 4.78277425e-05, 1.12626787e-01, 9.42348392e+05
8.65731463e+02, 2.93788456e+00, 1.15375989e-03, 9.64051958e-01, 4.76618281e-05, 1.12483150e-01, 9.45626131e+05
8.67735471e+02, 2.93888755e+00, 1.15109839e-03, 9.64052126e-01, 4.74968699e-05, 1.12340011e-01, 9.48907662e+05
8.69739479e+02, 2.93988824e+00, 1.14844913e-03, 9.64052292e-01, 4.73328604e-05, 1.12197366e-01, 9.52192980e+05
8.71743487e+02, 2.94088662e+00, 1.14581205e-03, 9.64052458e-01, 4.71697918e-05, 1.12055212e-01, 9.55482080e+05
8.73747495e+02, 2.94188271e+00, 1.14318704e-03, 9.64052623e-01, 4.70076566e-05, 1.11913548e-01, 9.58774959e+05
8.75751503e+02, 2.94287652e+00, 1.14057404e-03, 9.64052787e-01, 4.68464473e-05, 1.11772369e-01, 9.62071612e+05
8.77755511e+02, 2.94386806e+00, 1.13797295e-03, 9.64052950e-01, 4.66861567e-05, 1.11631673e-01, 9.65372035e+05
8.79759519e+02, 2.94485735e+00, 1.13538370e-03, 9.64053112e-01, 4.65267773e-05, 1.11491458e-01, 9.68676224e+05
8.81763527e+02, 2.94584438e+00, 1.13280620e-03, 9.64053273e-01, 4.63683019e-05, 1.11351721e-01, 9.71984173e+05
8.83767535e+02, 2.94682918e+00, 1.13024039e-03, 9.64053433e-01, 4.62107234e-05, 1.11212459e-01, 9.75295880e+05
8.85771543e+02, 2.94781175e+00, 1.12768616e-03, 9.64053593e-01, 4.60540346e-05, 1.11073669e-01, 9.78611339e+05
8.87775551e+02, 2.94879210e+00, 1.12514346e-03, 9.64053751e-01, 4.58982287e-05, 1.10935348e-01, 9.81930547e+05
8.89779559e+02, 2.94977024e+00, 1.12261220e-03, 9.64053909e-01, 4.57432985e-05, 1.10797495e-01, 9.85253498e+05
8.91783567e+02, 2.95074619e+00, 1.12009230e-03, 9.64054066e-01, 4.55892372e-05, 1.10660106e-01, 9.88580190e+05
8.93787575e+02, 2.95171994e+00, 1.11758369e-03, 9.64054222e-01, 4.54360381e-05, 1.10523179e-01, 9.91910617e+05
8.95791583e+02, 2.95269152e+00, 1.11508629e-03, 9.64054377e-01, 4.52836944e-05, 1.10386711e-01, 9.95244777e+05
8.97795591e+02, 2.95366093e+00, 1.11260003e-03, 9.64054531e-01, 4.51321994e-05, 1.10250700e-01, 9.98582663e+05
8.99799599e+02, 2.95462818e+00, 1.11012483e-03, 9.64054685e-01, 4.49815464e-05, 1.10115143e-01, 1.00192427e+06
9.01803607e+02, 2.95559329e+00, 1.10766062e-03, 9.64054837e-01, 4.48317291e-05, 1.09980038e-01, 1.00526960e+06
9.03807615e+02, 2.95655625e+00, 1.10520732e-03, 9.64054989e-01, 4.46827409e-05, 1.09845382e-01, 1.00861865e+06
9.05811623e+02, 2.95751708e+00, 1.10276487e-03, 9.64055140e-01, 4.45345753e-05, 1.09711172e-01, 1.01197140e+06
9.07815631e+02, 2.95847579e+00, 1.10033319e-03, 9.64055291e-01, 4.43872261e-05, 1.09577406e-01, 1.01532786e+06
9.09819639e+02, 2.95943239e+00, 1.09791221e-03, 9.64055440e-01, 4.42406869e-05, 1.09444083e-01, 1.01868803e+06
9.11823647e+02, 2.96038688e+00, 1.09550186e-03, 9.64055589e-01, 4.40949516e-05, 1.09311198e-01, 1.02205189e+06
9.13827655e+02, 2.96133928e+00, 1.09310207e-03, 9.64055737e-01, 4.39500139e-05, 1.09178751e-01, 1.02541945e+06
9.15831663e+02, 2.96228960e+00, 1.09071277e-03, 9.64055884e-01, 4.38058678e-05, 1.09046737e-01, 1.02879069e+06
9.17835671e+02, 2.96323785e+00, 1.08833389e-03, 9.64056030e-01, 4.36625073e-05, 1.08915156e-01, 1.03216563e+06
9.19839679e+02, 2.96418402e+00, 1.08596537e-03, 9.64056176e-01, 4.35199263e-05, 1.08784005e-01, 1.03554424e+06
9.21843687e+02, 2.96512815e+00, 1.08360713e-03, 9.64056321e-01, 4.33781190e-05, 1.08653281e-01, 1.03892654e+06
9.23847695e+02, 2.96607022e+00, 1.08125911e-03, 9.64056465e-01, 4.32370794e-05, 1.08522983e-01, 1.04231251e+06
9.25851703e+02, 2.96701025e+00, 1.07892125e-03, 9.64056608e-01, 4.30968018e-05, 1.08393107e-01, 1.04570215e+06
9.27855711e+02, 2.96794826e+00, 1.07659348e-03, 9.64056751e-01, 4.29572804e-05, 1.08263652e-01, 1.04909545e+06
9.29859720e+02, 2.96888424e+00, 1.07427572e-03, 9.64056893e-01, 4.28185095e-05, 1.08134615e-01, 1.05249242e+06
9.31863728e+02, 2.96981821e+00, 1.07196793e-03, 9.64057034e-01, 4.26804835e-05, 1.08005994e-01, 1.05589305e+06
9.33867736e+02, 2.97075017e+00, 1.06967003e-03, 9.64057175e-01, 4.25431969e-05, 1.07877786e-01, 1.05929733e+06
9.35871744e+02, 2.97168014e+00, 1.06738196e-03, 9.64057314e-01, 4.24066439e-05, 1.07749991e-01, 1.06270527e+06
9.37875752e+02, 2.97260812e+00, 1.06510366e-03, 9.64057453e-01, 4.22708193e-05, 1.07622604e-01, 1.06611684e+06
9.39879760e+02, 2.97353413e+00, 1.06283506e-03, 9.64057592e-01, 4.21357175e-05, 1.07495625e-01, 1.06953207e+06
9.41883768e+02, 2.97445816e+00, 1.06057611e-03, 9.64057729e-01, 4.20013332e-05, 1.07369051e-01, 1.07295093e+06
9.43887776e+02, 2.97538023e+00, 1.05832674e-03, 9.64057866e-01, 4.18676610e-05, 1.07242880e-01, 1.07637343e+06
9.45891784e+02, 2.97630035e+00, 1.05608689e-03, 9.64058003e-01, 4.17346957e-05, 1.07117110e-01, 1.07979955e+06
9.47895792e+02, 2.97721852e+00, 1.05385650e-03, 9.64058138e-01, 4.16024321e-05, 1.06991738e-01, 1.08322931e+06
9.49899800e+02, 2.97813476e+00, 1.05163551e-03, 9.64058273e-01, 4.14708650e-05, 1.06866763e-01, 1.08666269e+06
9.51903808e+02, 2.97904906e+00, 1.04942387e-03, 9.64058407e-01, 4.13399893e-05, 1.06742182e-01, 1.09009969e+06
9.53907816e+02, 2.97996145e+00, 1.04722151e-03, 9.64058541e-01, 4.12097998e-05, 1.06617994e-01, 1.09354030e+06
9.55911824e+02, 2.98087192e+00, 1.04502837e-03, 9.64058674e-01, 4.10802917e-05, 1.06494196e-01, 1.09698453e+06
9.57915832e+02, 2.98178049e+00, 1.04284439e-03, 9.64058806e-01, 4.09514598e-05, 1.06370786e-01, 1.10043236e+06
9.59919840e+02, 2.98268716e+00, 1.04066953e-03, 9.64058938e-01, 4.08232992e-05, 1.06247763e-01, 1.10388380e+06
9.61923848e+02, 2.98359194e+00, 1.03850372e-03, 9.64059069e-01, 4.06958051e-05, 1.06125123e-01, 1.10733885e+06
9.63927856e+02, 2.98449484e+00, 1.03634691e-03, 9.64059199e-01, 4.05689727e-05, 1.06002866e-01, 1.11079748e+06
9.65931864e+02, 2.98539587e+00, 1.03419903e-03, 9.64059329e-01, 4.04427970e-05, 1.05880990e-01, 1.11425972e+06
9.67935872e+02, 2.98629503e+00, 1.03206005e-03, 9.64059458e-01, 4.03172734e-05, 1.05759491e-01, 1.11772554e+06
9.69939880e+02, 2.98719234e+00, 1.02992989e-03, 9.64059586e-01, 4.01923972e-05, 1.05638369e-01, 1.12119494e+06
9.71943888e+02, 2.98808779e+00, 1.02780850e-03, 9.64059714e-01, 4.00681637e-05, 1.05517622e-01, 1.12466793e+06
9.73947896e+02, 2.98898141e+00, 1.02569584e-03, 9.64059841e-01, 3.99445683e-05, 1.05397246e-01, 1.12814450e+06
9.75951904e+02, 2.98987318e+00, 1.02359184e-03, 9.64059968e-01, 3.98216064e-05, 1.05277242e-01, 1.13162464e+06
9.77955912e+02, 2.99076313e+00, 1.02149646e-03, 9.64060094e-01, 3.96992734e-05, 1.05157606e-01, 1.13510836e+06
9.79959920e+02, 2.99165126e+00, 1.01940964e-03, 9.64060219e-01, 3.95775649e-05, 1.05038337e-01, 1.13859564e+06
9.81963928e+02, 2.99253758e+00, 1.01733133e-03, 9.64060344e-01, 3.94564764e-05, 1.04919433e-01, 1.14208649e+06
9.83967936e+02, 2.99342209e+00, 1.01526148e-03, 9.64060468e-01, 3.93360035e-05, 1.04800891e-01, 1.14558089e+06
9.85971944e+02, 2.99430481e+00, 1.01320003e-03, 9.64060592e-01, 3.92161418e-05, 1.04682712e-01, 1.14907885e+06
9.87975952e+02, 2.99518573e+00, 1.01114693e-03, 9.64060715e-01, 3.90968871e-05, 1.04564891e-01, 1.15258037e+06
9.89979960e+02, 2.99606487e+00, 1.00910214e-03, 9.64060838e-01, 3.89782349e-05, 1.04447428e-01, 1.15608543e+06
9.91983968e+02, 2.99694224e+00, 1.00706560e-03, 9.64060959e-01, 3.88601811e-05, 1.04330321e-01, 1.15959405e+06
9.93987976e+02, 2.99781783e+00, 1.00503727e-03, 9.64061081e-01, 3.87427214e-05, 1.04213568e-01, 1.16310620e+06
9.95991984e+02, 2.99869167e+00, 1.00301709e-03, 9.64061201e-01, 3.86258517e-05, 1.04097167e-01, 1.16662189e+06
9.97995992e+02, 2.99956375e+00, 1.00100502e-03, 9.64061322e-01, 3.85095678e-05, 1.03981116e-01, 1.17014112e+06
1.00000000e+03, 3.00043408e+00, 9.99000999e-04, 9.64061441e-01, 3.83938655e-05, 1.03865414e-01, 1.17366388e+06
