 --- Cosmological Parameters --- 
	 H0: 2.1561e-18 (1/s) = 66.5300 (km/s/Mpc) 
	 OmegaM: 3.2300e-01 
	 OmegaR: 0.0000e+00 
	 OmegaL: 6.7700e-01 
	 OmegaK: 0.0000e+00 
		 w0: -6.5000e-01 
		 wa: -1.2700e+00 
	 rho_crit: 8.3160e-30 (g/cm^3) 
z, log10(1+z), a, H0*t_look, H0*t_age, H0*t_conf, H(z) 
1.00000000e-04, 4.34272769e-05, 9.99900010e-01, 9.99908014e-05, 9.34135218e-01, 3.20018343e+00, 6.65355877e+01
1.02454634e-04, 4.44932032e-05, 9.99897556e-01, 1.02444979e-04, 9.34132763e-01, 3.20018098e+00, 6.65357248e+01
1.04969521e-04, 4.55852914e-05, 9.99895041e-01, 1.04959386e-04, 9.34130249e-01, 3.20017846e+00, 6.65358653e+01
1.07546139e-04, 4.67041835e-05, 9.99892465e-01, 1.07535500e-04, 9.34127673e-01, 3.20017589e+00, 6.65360093e+01
1.10186004e-04, 4.78505373e-05, 9.99889826e-01, 1.10174836e-04, 9.34125033e-01, 3.20017325e+00, 6.65361568e+01
1.12890668e-04, 4.90250268e-05, 9.99887122e-01, 1.12878945e-04, 9.34122329e-01, 3.20017054e+00, 6.65363079e+01
1.15661721e-04, 5.02283424e-05, 9.99884352e-01, 1.15649415e-04, 9.34119559e-01, 3.20016777e+00, 6.65364628e+01
1.18500793e-04, 5.14611916e-05, 9.99881513e-01, 1.18487876e-04, 9.34116720e-01, 3.20016493e+00, 6.65366214e+01
1.21409555e-04, 5.27242991e-05, 9.99878605e-01, 1.21395996e-04, 9.34113812e-01, 3.20016202e+00, 6.65367839e+01
1.24389715e-04, 5.40184074e-05, 9.99875626e-01, 1.24375483e-04, 9.34110833e-01, 3.20015904e+00, 6.65369504e+01
1.27443028e-04, 5.53442774e-05, 9.99872573e-01, 1.27428089e-04, 9.34107780e-01, 3.20015599e+00, 6.65371210e+01
1.30571289e-04, 5.67026884e-05, 9.99869446e-01, 1.30555607e-04, 9.34104653e-01, 3.20015286e+00, 6.65372958e+01
1.33776337e-04, 5.80944390e-05, 9.99866242e-01, 1.33759875e-04, 9.34101448e-01, 3.20014966e+00, 6.65374748e+01
1.37060057e-04, 5.95203474e-05, 9.99862959e-01, 1.37042777e-04, 9.34098166e-01, 3.20014638e+00, 6.65376583e+01
1.40424380e-04, 6.09812518e-05, 9.99859595e-01, 1.40406242e-04, 9.34094802e-01, 3.20014301e+00, 6.65378463e+01
1.43871285e-04, 6.24780110e-05, 9.99856149e-01, 1.43852246e-04, 9.34091356e-01, 3.20013957e+00, 6.65380389e+01
1.47402799e-04, 6.40115048e-05, 9.99852619e-01, 1.47382814e-04, 9.34087826e-01, 3.20013603e+00, 6.65382362e+01
1.51020999e-04, 6.55826346e-05, 9.99849002e-01, 1.51000021e-04, 9.34084208e-01, 3.20013242e+00, 6.65384383e+01
1.54728013e-04, 6.71923241e-05, 9.99845296e-01, 1.54705992e-04, 9.34080502e-01, 3.20012871e+00, 6.65386454e+01
1.58526020e-04, 6.88415193e-05, 9.99841499e-01, 1.58502905e-04, 9.34076705e-01, 3.20012491e+00, 6.65388576e+01
1.62417254e-04, 7.05311897e-05, 9.99837609e-01, 1.62392991e-04, 9.34072815e-01, 3.20012102e+00, 6.65390750e+01
1.66404004e-04, 7.22623286e-05, 9.99833624e-01, 1.66378535e-04, 9.34068830e-01, 3.20011704e+00, 6.65392978e+01
1.70488614e-04, 7.40359535e-05, 9.99829540e-01, 1.70461879e-04, 9.34064746e-01, 3.20011295e+00, 6.65395260e+01
1.74673487e-04, 7.58531068e-05, 9.99825357e-01, 1.74645423e-04, 9.34060563e-01, 3.20010877e+00, 6.65397598e+01
1.78961082e-04, 7.77148567e-05, 9.99821071e-01, 1.78931624e-04, 9.34056277e-01, 3.20010448e+00, 6.65399993e+01
1.83353923e-04, 7.96222975e-05, 9.99816680e-01, 1.83323001e-04, 9.34051885e-01, 3.20010009e+00, 6.65402447e+01
1.87854591e-04, 8.15765504e-05, 9.99812181e-01, 1.87822133e-04, 9.34047386e-01, 3.20009559e+00, 6.65404962e+01
1.92465735e-04, 8.35787638e-05, 9.99807571e-01, 1.92431664e-04, 9.34042777e-01, 3.20009098e+00, 6.65407538e+01
1.97190065e-04, 8.56301147e-05, 9.99802849e-01, 1.97154301e-04, 9.34038054e-01, 3.20008625e+00, 6.65410177e+01
2.02030360e-04, 8.77318088e-05, 9.99798010e-01, 2.01992819e-04, 9.34033216e-01, 3.20008141e+00, 6.65412881e+01
2.06989467e-04, 8.98850811e-05, 9.99793053e-01, 2.06950061e-04, 9.34028258e-01, 3.20007646e+00, 6.65415652e+01
2.12070302e-04, 9.20911974e-05, 9.99787975e-01, 2.12028938e-04, 9.34023179e-01, 3.20007138e+00, 6.65418490e+01
2.17275853e-04, 9.43514542e-05, 9.99782771e-01, 2.17232433e-04, 9.34017976e-01, 3.20006617e+00, 6.65421398e+01
2.22609181e-04, 9.66671797e-05, 9.99777440e-01, 2.22563603e-04, 9.34012645e-01, 3.20006084e+00, 6.65424378e+01
2.28073423e-04, 9.90397351e-05, 9.99771979e-01, 2.28025580e-04, 9.34007183e-01, 3.20005538e+00, 6.65427430e+01
2.33671791e-04, 1.01470515e-04, 9.99766383e-01, 2.33621572e-04, 9.34001587e-01, 3.20004978e+00, 6.65430558e+01
2.39407580e-04, 1.03960947e-04, 9.99760650e-01, 2.39354865e-04, 9.33995853e-01, 3.20004404e+00, 6.65433762e+01
2.45284161e-04, 1.06512495e-04, 9.99754776e-01, 2.45228827e-04, 9.33989979e-01, 3.20003817e+00, 6.65437045e+01
2.51304990e-04, 1.09126659e-04, 9.99748758e-01, 2.51246907e-04, 9.33983961e-01, 3.20003215e+00, 6.65440409e+01
2.57473609e-04, 1.11804975e-04, 9.99742593e-01, 2.57412640e-04, 9.33977796e-01, 3.20002598e+00, 6.65443855e+01
2.63793645e-04, 1.14549016e-04, 9.99736276e-01, 2.63729646e-04, 9.33971479e-01, 3.20001966e+00, 6.65447385e+01
2.70268815e-04, 1.17360396e-04, 9.99729804e-01, 2.70201636e-04, 9.33965007e-01, 3.20001319e+00, 6.65451002e+01
2.76902926e-04, 1.20240766e-04, 9.99723174e-01, 2.76832410e-04, 9.33958376e-01, 3.20000656e+00, 6.65454708e+01
2.83699881e-04, 1.23191819e-04, 9.99716381e-01, 2.83625861e-04, 9.33951582e-01, 3.19999976e+00, 6.65458505e+01
2.90663676e-04, 1.26215288e-04, 9.99709421e-01, 2.90585978e-04, 9.33944622e-01, 3.19999280e+00, 6.65462395e+01
2.97798407e-04, 1.29312951e-04, 9.99702290e-01, 2.97716848e-04, 9.33937491e-01, 3.19998567e+00, 6.65466381e+01
3.05108269e-04, 1.32486627e-04, 9.99694985e-01, 3.05022658e-04, 9.33930186e-01, 3.19997836e+00, 6.65470464e+01
3.12597562e-04, 1.35738182e-04, 9.99687500e-01, 3.12507697e-04, 9.33922701e-01, 3.19997087e+00, 6.65474647e+01
3.20270690e-04, 1.39069524e-04, 9.99679832e-01, 3.20176359e-04, 9.33915032e-01, 3.19996320e+00, 6.65478934e+01
3.28132164e-04, 1.42482613e-04, 9.99671975e-01, 3.28033147e-04, 9.33907175e-01, 3.19995534e+00, 6.65483325e+01
3.36186610e-04, 1.45979453e-04, 9.99663926e-01, 3.36082673e-04, 9.33899126e-01, 3.19994729e+00, 6.65487824e+01
3.44438762e-04, 1.49562098e-04, 9.99655680e-01, 3.44329661e-04, 9.33890879e-01, 3.19993904e+00, 6.65492433e+01
3.52893475e-04, 1.53232653e-04, 9.99647231e-01, 3.52778953e-04, 9.33882429e-01, 3.19993059e+00, 6.65497156e+01
3.61555719e-04, 1.56993275e-04, 9.99638575e-01, 3.61435508e-04, 9.33873773e-01, 3.19992193e+00, 6.65501994e+01
3.70430591e-04, 1.60846172e-04, 9.99629707e-01, 3.70304406e-04, 9.33864904e-01, 3.19991306e+00, 6.65506951e+01
3.79523308e-04, 1.64793609e-04, 9.99620621e-01, 3.79390854e-04, 9.33855817e-01, 3.19990397e+00, 6.65512030e+01
3.88839218e-04, 1.68837903e-04, 9.99611312e-01, 3.88700183e-04, 9.33846508e-01, 3.19989465e+00, 6.65517233e+01
3.98383799e-04, 1.72981431e-04, 9.99601775e-01, 3.98237856e-04, 9.33836970e-01, 3.19988511e+00, 6.65522564e+01
4.08162665e-04, 1.77226627e-04, 9.99592004e-01, 4.08009472e-04, 9.33827199e-01, 3.19987534e+00, 6.65528026e+01
4.18181567e-04, 1.81575984e-04, 9.99581993e-01, 4.18020762e-04, 9.33817188e-01, 3.19986532e+00, 6.65533622e+01
4.28446396e-04, 1.86032056e-04, 9.99571737e-01, 4.28277601e-04, 9.33806931e-01, 3.19985506e+00, 6.65539355e+01
4.38963189e-04, 1.90597461e-04, 9.99561229e-01, 4.38786008e-04, 9.33796422e-01, 3.19984455e+00, 6.65545229e+01
4.49738130e-04, 1.95274880e-04, 9.99550464e-01, 4.49552147e-04, 9.33785656e-01, 3.19983377e+00, 6.65551247e+01
4.60777557e-04, 2.00067061e-04, 9.99539435e-01, 4.60582334e-04, 9.33774626e-01, 3.19982274e+00, 6.65557412e+01
4.72087962e-04, 2.04976817e-04, 9.99528135e-01, 4.71883040e-04, 9.33763325e-01, 3.19981143e+00, 6.65563729e+01
4.83675996e-04, 2.10007033e-04, 9.99516558e-01, 4.83460893e-04, 9.33751747e-01, 3.19979985e+00, 6.65570201e+01
4.95548474e-04, 2.15160661e-04, 9.99504697e-01, 4.95322684e-04, 9.33739886e-01, 3.19978798e+00, 6.65576831e+01
5.07712378e-04, 2.20440728e-04, 9.99492545e-01, 5.07475370e-04, 9.33727733e-01, 3.19977582e+00, 6.65583624e+01
5.20174861e-04, 2.25850336e-04, 9.99480096e-01, 5.19926078e-04, 9.33715282e-01, 3.19976337e+00, 6.65590584e+01
5.32943252e-04, 2.31392659e-04, 9.99467341e-01, 5.32682110e-04, 9.33702526e-01, 3.19975060e+00, 6.65597715e+01
5.46025061e-04, 2.37070953e-04, 9.99454273e-01, 5.45750945e-04, 9.33689457e-01, 3.19973753e+00, 6.65605020e+01
5.59427980e-04, 2.42888552e-04, 9.99440885e-01, 5.59140247e-04, 9.33676068e-01, 3.19972413e+00, 6.65612505e+01
5.73159892e-04, 2.48848870e-04, 9.99427168e-01, 5.72857864e-04, 9.33662350e-01, 3.19971041e+00, 6.65620173e+01
5.87228872e-04, 2.54955408e-04, 9.99413116e-01, 5.86911840e-04, 9.33648296e-01, 3.19969634e+00, 6.65628029e+01
6.01643195e-04, 2.61211749e-04, 9.99398719e-01, 6.01310413e-04, 9.33633898e-01, 3.19968194e+00, 6.65636078e+01
6.16411336e-04, 2.67621568e-04, 9.99383968e-01, 6.16062022e-04, 9.33619146e-01, 3.19966718e+00, 6.65644325e+01
6.31541981e-04, 2.74188626e-04, 9.99368857e-01, 6.31175314e-04, 9.33604033e-01, 3.19965205e+00, 6.65652773e+01
6.47044028e-04, 2.80916778e-04, 9.99353374e-01, 6.46659147e-04, 9.33588549e-01, 3.19963656e+00, 6.65661429e+01
6.62926594e-04, 2.87809974e-04, 9.99337513e-01, 6.62522593e-04, 9.33572686e-01, 3.19962069e+00, 6.65670298e+01
6.79199019e-04, 2.94872259e-04, 9.99321262e-01, 6.78774948e-04, 9.33556433e-01, 3.19960442e+00, 6.65679383e+01
6.95870872e-04, 3.02107778e-04, 9.99304613e-01, 6.95425735e-04, 9.33539783e-01, 3.19958776e+00, 6.65688692e+01
7.12951958e-04, 3.09520778e-04, 9.99287556e-01, 7.12484709e-04, 9.33522724e-01, 3.19957069e+00, 6.65698229e+01
7.30452323e-04, 3.17115608e-04, 9.99270081e-01, 7.29961863e-04, 9.33505246e-01, 3.19955320e+00, 6.65708000e+01
7.48382258e-04, 3.24896726e-04, 9.99252177e-01, 7.47867434e-04, 9.33487341e-01, 3.19953528e+00, 6.65718010e+01
7.66752306e-04, 3.32868698e-04, 9.99233835e-01, 7.66211910e-04, 9.33468996e-01, 3.19951692e+00, 6.65728266e+01
7.85573273e-04, 3.41036201e-04, 9.99215043e-01, 7.85006033e-04, 9.33450202e-01, 3.19949811e+00, 6.65738773e+01
8.04856225e-04, 3.49404026e-04, 9.99195791e-01, 8.04260809e-04, 9.33430948e-01, 3.19947884e+00, 6.65749538e+01
8.24612504e-04, 3.57977084e-04, 9.99176067e-01, 8.23987512e-04, 9.33411221e-01, 3.19945910e+00, 6.65760567e+01
8.44853726e-04, 3.66760404e-04, 9.99155859e-01, 8.44197690e-04, 9.33391011e-01, 3.19943887e+00, 6.65771867e+01
8.65591797e-04, 3.75759138e-04, 9.99135157e-01, 8.64903175e-04, 9.33370305e-01, 3.19941815e+00, 6.65783444e+01
8.86838912e-04, 3.84978564e-04, 9.99113947e-01, 8.86116085e-04, 9.33349092e-01, 3.19939692e+00, 6.65795304e+01
9.08607565e-04, 3.94424091e-04, 9.99092217e-01, 9.07848836e-04, 9.33327359e-01, 3.19937517e+00, 6.65807455e+01
9.30910560e-04, 4.04101257e-04, 9.99069955e-01, 9.30114145e-04, 9.33305094e-01, 3.19935288e+00, 6.65819904e+01
9.53761012e-04, 4.14015740e-04, 9.99047148e-01, 9.52925039e-04, 9.33282283e-01, 3.19933005e+00, 6.65832659e+01
9.77172358e-04, 4.24173351e-04, 9.99023782e-01, 9.76294865e-04, 9.33258913e-01, 3.19930666e+00, 6.65845726e+01
1.00115837e-03, 4.34580049e-04, 9.98999843e-01, 1.00023729e-03, 9.33234971e-01, 3.19928269e+00, 6.65859114e+01
1.02573315e-03, 4.45241935e-04, 9.98975318e-01, 1.02476632e-03, 9.33210442e-01, 3.19925814e+00, 6.65872829e+01
1.05091115e-03, 4.56165259e-04, 9.98950192e-01, 1.04989630e-03, 9.33185312e-01, 3.19923298e+00, 6.65886881e+01
1.07670717e-03, 4.67356426e-04, 9.98924451e-01, 1.07564193e-03, 9.33159566e-01, 3.19920721e+00, 6.65901278e+01
1.10313640e-03, 4.78821996e-04, 9.98898079e-01, 1.10201825e-03, 9.33133190e-01, 3.19918080e+00, 6.65916027e+01
1.13021436e-03, 4.90568690e-04, 9.98871062e-01, 1.12904068e-03, 9.33106168e-01, 3.19915375e+00, 6.65931138e+01
1.15795700e-03, 5.02603393e-04, 9.98843382e-01, 1.15672503e-03, 9.33078483e-01, 3.19912603e+00, 6.65946620e+01
1.18638061e-03, 5.14933158e-04, 9.98815025e-01, 1.18508746e-03, 9.33050121e-01, 3.19909764e+00, 6.65962481e+01
1.21550191e-03, 5.27565211e-04, 9.98785974e-01, 1.21414454e-03, 9.33021064e-01, 3.19906855e+00, 6.65978730e+01
1.24533804e-03, 5.40506953e-04, 9.98756211e-01, 1.24391326e-03, 9.32991295e-01, 3.19903874e+00, 6.65995378e+01
1.27590654e-03, 5.53765968e-04, 9.98725719e-01, 1.27441101e-03, 9.32960797e-01, 3.19900820e+00, 6.66012434e+01
1.30722538e-03, 5.67350024e-04, 9.98694481e-01, 1.30565558e-03, 9.32929553e-01, 3.19897692e+00, 6.66029908e+01
1.33931299e-03, 5.81267078e-04, 9.98662478e-01, 1.33766523e-03, 9.32897543e-01, 3.19894487e+00, 6.66047810e+01
1.37218823e-03, 5.95525282e-04, 9.98629692e-01, 1.37045865e-03, 9.32864750e-01, 3.19891203e+00, 6.66066151e+01
1.40587043e-03, 6.10132987e-04, 9.98596103e-01, 1.40405497e-03, 9.32831153e-01, 3.19887839e+00, 6.66084942e+01
1.44037941e-03, 6.25098748e-04, 9.98561692e-01, 1.43847380e-03, 9.32796735e-01, 3.19884392e+00, 6.66104193e+01
1.47573546e-03, 6.40431330e-04, 9.98526439e-01, 1.47373523e-03, 9.32761473e-01, 3.19880861e+00, 6.66123915e+01
1.51195937e-03, 6.56139709e-04, 9.98490323e-01, 1.50985983e-03, 9.32725348e-01, 3.19877243e+00, 6.66144121e+01
1.54907245e-03, 6.72233082e-04, 9.98453323e-01, 1.54686865e-03, 9.32688340e-01, 3.19873536e+00, 6.66164822e+01
1.58709651e-03, 6.88720870e-04, 9.98415418e-01, 1.58478330e-03, 9.32650425e-01, 3.19869739e+00, 6.66186030e+01
1.62605393e-03, 7.05612723e-04, 9.98376586e-01, 1.62362587e-03, 9.32611582e-01, 3.19865848e+00, 6.66207758e+01
1.66596761e-03, 7.22918529e-04, 9.98336803e-01, 1.66341899e-03, 9.32571789e-01, 3.19861862e+00, 6.66230018e+01
1.70686103e-03, 7.40648414e-04, 9.98296047e-01, 1.70418588e-03, 9.32531022e-01, 3.19857779e+00, 6.66252823e+01
1.74875823e-03, 7.58812752e-04, 9.98254295e-01, 1.74595026e-03, 9.32489258e-01, 3.19853595e+00, 6.66276187e+01
1.79168385e-03, 7.77422170e-04, 9.98211521e-01, 1.78873648e-03, 9.32446472e-01, 3.19849309e+00, 6.66300123e+01
1.83566314e-03, 7.96487554e-04, 9.98167700e-01, 1.83256945e-03, 9.32402639e-01, 3.19844918e+00, 6.66324645e+01
1.88072196e-03, 8.16020056e-04, 9.98122809e-01, 1.87747469e-03, 9.32357734e-01, 3.19840419e+00, 6.66349768e+01
1.92688681e-03, 8.36031098e-04, 9.98076819e-01, 1.92347834e-03, 9.32311730e-01, 3.19835810e+00, 6.66375507e+01
1.97418484e-03, 8.56532382e-04, 9.98029705e-01, 1.97060717e-03, 9.32264601e-01, 3.19831088e+00, 6.66401875e+01
2.02264386e-03, 8.77535894e-04, 9.97981439e-01, 2.01888860e-03, 9.32216320e-01, 3.19826250e+00, 6.66428890e+01
2.07229237e-03, 8.99053912e-04, 9.97931993e-01, 2.06835071e-03, 9.32166858e-01, 3.19821294e+00, 6.66456565e+01
2.12315957e-03, 9.21099013e-04, 9.97881339e-01, 2.11902226e-03, 9.32116186e-01, 3.19816216e+00, 6.66484919e+01
2.17527538e-03, 9.43684080e-04, 9.97829446e-01, 2.17093272e-03, 9.32064276e-01, 3.19811014e+00, 6.66513966e+01
2.22867044e-03, 9.66822310e-04, 9.97776285e-01, 2.22411223e-03, 9.32011096e-01, 3.19805684e+00, 6.66543725e+01
2.28337615e-03, 9.90527220e-04, 9.97721826e-01, 2.27859171e-03, 9.31956617e-01, 3.19800224e+00, 6.66574213e+01
2.33942469e-03, 1.01481266e-03, 9.97666035e-01, 2.33440280e-03, 9.31900806e-01, 3.19794630e+00, 6.66605446e+01
2.39684902e-03, 1.03969281e-03, 9.97608882e-01, 2.39157789e-03, 9.31843630e-01, 3.19788899e+00, 6.66637444e+01
2.45568290e-03, 1.06518219e-03, 9.97550333e-01, 2.45015018e-03, 9.31785058e-01, 3.19783027e+00, 6.66670225e+01
2.51596094e-03, 1.09129570e-03, 9.97490353e-01, 2.51015366e-03, 9.31725055e-01, 3.19777012e+00, 6.66703809e+01
2.57771858e-03, 1.11804857e-03, 9.97428909e-01, 2.57162312e-03, 9.31663585e-01, 3.19770849e+00, 6.66738214e+01
2.64099215e-03, 1.14545641e-03, 9.97365964e-01, 2.63459422e-03, 9.31600614e-01, 3.19764536e+00, 6.66773462e+01
2.70581886e-03, 1.17353523e-03, 9.97301483e-01, 2.69910346e-03, 9.31536105e-01, 3.19758068e+00, 6.66809571e+01
2.77223682e-03, 1.20230139e-03, 9.97235427e-01, 2.76518821e-03, 9.31470020e-01, 3.19751441e+00, 6.66846565e+01
2.84028510e-03, 1.23177168e-03, 9.97167759e-01, 2.83288677e-03, 9.31402322e-01, 3.19744652e+00, 6.66884463e+01
2.91000372e-03, 1.26196329e-03, 9.97098440e-01, 2.90223832e-03, 9.31332970e-01, 3.19737697e+00, 6.66923288e+01
2.98143367e-03, 1.29289381e-03, 9.97027429e-01, 2.97328301e-03, 9.31261925e-01, 3.19730572e+00, 6.66963063e+01
3.05461697e-03, 1.32458128e-03, 9.96954685e-01, 3.04606195e-03, 9.31189146e-01, 3.19723272e+00, 6.67003811e+01
3.12959665e-03, 1.35704416e-03, 9.96880167e-01, 3.12061723e-03, 9.31114591e-01, 3.19715793e+00, 6.67045555e+01
3.20641681e-03, 1.39030137e-03, 9.96803831e-01, 3.19699195e-03, 9.31038216e-01, 3.19708132e+00, 6.67088321e+01
3.28512262e-03, 1.42437229e-03, 9.96725634e-01, 3.27523024e-03, 9.30959978e-01, 3.19700282e+00, 6.67132131e+01
3.36576037e-03, 1.45927674e-03, 9.96645530e-01, 3.35537731e-03, 9.30879831e-01, 3.19692241e+00, 6.67177013e+01
3.44837749e-03, 1.49503507e-03, 9.96563473e-01, 3.43747943e-03, 9.30797729e-01, 3.19684003e+00, 6.67222993e+01
3.53302255e-03, 1.53166808e-03, 9.96479416e-01, 3.52158397e-03, 9.30713624e-01, 3.19675563e+00, 6.67270096e+01
3.61974534e-03, 1.56919709e-03, 9.96393310e-01, 3.60773947e-03, 9.30627469e-01, 3.19666917e+00, 6.67318350e+01
3.70859686e-03, 1.60764394e-03, 9.96305106e-01, 3.69599558e-03, 9.30539213e-01, 3.19658059e+00, 6.67367784e+01
3.79962935e-03, 1.64703099e-03, 9.96214753e-01, 3.78640318e-03, 9.30448805e-01, 3.19648984e+00, 6.67418426e+01
3.89289636e-03, 1.68738114e-03, 9.96122200e-01, 3.87901433e-03, 9.30356194e-01, 3.19639687e+00, 6.67470305e+01
3.98845274e-03, 1.72871785e-03, 9.96027392e-01, 3.97388237e-03, 9.30261326e-01, 3.19630163e+00, 6.67523452e+01
4.08635468e-03, 1.77106515e-03, 9.95930276e-01, 4.07106187e-03, 9.30164146e-01, 3.19620406e+00, 6.67577897e+01
4.18665975e-03, 1.81444763e-03, 9.95830795e-01, 4.17060873e-03, 9.30064600e-01, 3.19610410e+00, 6.67633672e+01
4.28942694e-03, 1.85889051e-03, 9.95728894e-01, 4.27258017e-03, 9.29962628e-01, 3.19600170e+00, 6.67690809e+01
4.39471669e-03, 1.90441958e-03, 9.95624512e-01, 4.37703476e-03, 9.29858174e-01, 3.19589679e+00, 6.67749342e+01
4.50259092e-03, 1.95106127e-03, 9.95517592e-01, 4.48403248e-03, 9.29751176e-01, 3.19578931e+00, 6.67809303e+01
4.61311307e-03, 1.99884264e-03, 9.95408070e-01, 4.59363473e-03, 9.29641574e-01, 3.19567921e+00, 6.67870729e+01
4.72634814e-03, 2.04779143e-03, 9.95295885e-01, 4.70590435e-03, 9.29529304e-01, 3.19556642e+00, 6.67933654e+01
4.84236271e-03, 2.09793601e-03, 9.95180973e-01, 4.82090569e-03, 9.29414303e-01, 3.19545087e+00, 6.67998115e+01
4.96122501e-03, 2.14930545e-03, 9.95063267e-01, 4.93870462e-03, 9.29296504e-01, 3.19533249e+00, 6.68064149e+01
5.08300495e-03, 2.20192952e-03, 9.94942701e-01, 5.05936856e-03, 9.29175840e-01, 3.19521122e+00, 6.68131794e+01
5.20777414e-03, 2.25583871e-03, 9.94819206e-01, 5.18296654e-03, 9.29052242e-01, 3.19508699e+00, 6.68201089e+01
5.33560596e-03, 2.31106423e-03, 9.94692712e-01, 5.30956919e-03, 9.28925639e-01, 3.19495972e+00, 6.68272075e+01
5.46657559e-03, 2.36763806e-03, 9.94563145e-01, 5.43924883e-03, 9.28795959e-01, 3.19482934e+00, 6.68344793e+01
5.60076003e-03, 2.42559292e-03, 9.94430434e-01, 5.57207949e-03, 9.28663129e-01, 3.19469577e+00, 6.68419283e+01
5.73823822e-03, 2.48496234e-03, 9.94294501e-01, 5.70813692e-03, 9.28527071e-01, 3.19455894e+00, 6.68495590e+01
5.87909099e-03, 2.54578065e-03, 9.94155271e-01, 5.84749868e-03, 9.28387710e-01, 3.19441877e+00, 6.68573758e+01
6.02340119e-03, 2.60808300e-03, 9.94012663e-01, 5.99024413e-03, 9.28244964e-01, 3.19427518e+00, 6.68653830e+01
6.17125367e-03, 2.67190537e-03, 9.93866597e-01, 6.13645450e-03, 9.28098754e-01, 3.19412807e+00, 6.68735854e+01
6.32273539e-03, 2.73728462e-03, 9.93716990e-01, 6.28621293e-03, 9.27948995e-01, 3.19397738e+00, 6.68819876e+01
6.47793543e-03, 2.80425848e-03, 9.93563758e-01, 6.43960449e-03, 9.27795604e-01, 3.19382301e+00, 6.68905946e+01
6.63694507e-03, 2.87286561e-03, 9.93406814e-01, 6.59671626e-03, 9.27638492e-01, 3.19366487e+00, 6.68994112e+01
6.79985781e-03, 2.94314554e-03, 9.93246068e-01, 6.75763735e-03, 9.27477571e-01, 3.19350286e+00, 6.69084424e+01
6.96676946e-03, 3.01513880e-03, 9.93081431e-01, 6.92245894e-03, 9.27312749e-01, 3.19333691e+00, 6.69176936e+01
7.13777819e-03, 3.08888685e-03, 9.92912809e-01, 7.09127434e-03, 9.27143934e-01, 3.19316690e+00, 6.69271700e+01
7.31298455e-03, 3.16443217e-03, 9.92740107e-01, 7.26417904e-03, 9.26971029e-01, 3.19299275e+00, 6.69368770e+01
7.49249159e-03, 3.24181822e-03, 9.92563228e-01, 7.44127073e-03, 9.26793938e-01, 3.19281434e+00, 6.69468203e+01
7.67640488e-03, 3.32108951e-03, 9.92382073e-01, 7.62264938e-03, 9.26612559e-01, 3.19263159e+00, 6.69570054e+01
7.86483256e-03, 3.40229162e-03, 9.92196540e-01, 7.80841728e-03, 9.26426791e-01, 3.19244438e+00, 6.69674383e+01
8.05788545e-03, 3.48547120e-03, 9.92006525e-01, 7.99867909e-03, 9.26236529e-01, 3.19225260e+00, 6.69781249e+01
8.25567708e-03, 3.57067602e-03, 9.91811921e-01, 8.19354187e-03, 9.26041666e-01, 3.19205615e+00, 6.69890713e+01
8.45832378e-03, 3.65795498e-03, 9.91612619e-01, 8.39311517e-03, 9.25842093e-01, 3.19185491e+00, 6.70002838e+01
8.66594471e-03, 3.74735812e-03, 9.91408509e-01, 8.59751105e-03, 9.25637697e-01, 3.19164876e+00, 6.70117687e+01
8.87866197e-03, 3.83893670e-03, 9.91199475e-01, 8.80684415e-03, 9.25428364e-01, 3.19143759e+00, 6.70235327e+01
9.09660067e-03, 3.93274317e-03, 9.90985402e-01, 9.02123176e-03, 9.25213977e-01, 3.19122128e+00, 6.70355824e+01
9.31988897e-03, 4.02883125e-03, 9.90766169e-01, 9.24079384e-03, 9.24994414e-01, 3.19099969e+00, 6.70479248e+01
9.54865817e-03, 4.12725589e-03, 9.90541656e-01, 9.46565309e-03, 9.24769555e-01, 3.19077271e+00, 6.70605668e+01
9.78304283e-03, 4.22807336e-03, 9.90311738e-01, 9.69593504e-03, 9.24539273e-01, 3.19054021e+00, 6.70735156e+01
1.00231808e-02, 4.33134127e-03, 9.90076286e-01, 9.93176805e-03, 9.24303440e-01, 3.19030204e+00, 6.70867786e+01
1.02692132e-02, 4.43711857e-03, 9.89835172e-01, 1.01732834e-02, 9.24061925e-01, 3.19005807e+00, 6.71003633e+01
1.05212849e-02, 4.54546560e-03, 9.89588260e-01, 1.04206154e-02, 9.23814593e-01, 3.18980817e+00, 6.71142774e+01
1.07795440e-02, 4.65644413e-03, 9.89335415e-01, 1.06739014e-02, 9.23561307e-01, 3.18955219e+00, 6.71285289e+01
1.10441424e-02, 4.77011737e-03, 9.89076498e-01, 1.09332818e-02, 9.23301927e-01, 3.18928997e+00, 6.71431258e+01
1.13152357e-02, 4.88655003e-03, 9.88811366e-01, 1.11989002e-02, 9.23036308e-01, 3.18902139e+00, 6.71580764e+01
1.15929834e-02, 5.00580832e-03, 9.88539874e-01, 1.14709034e-02, 9.22764305e-01, 3.18874627e+00, 6.71733891e+01
1.18775487e-02, 5.12796000e-03, 9.88261871e-01, 1.17494415e-02, 9.22485767e-01, 3.18846446e+00, 6.71890726e+01
1.21690991e-02, 5.25307444e-03, 9.87977207e-01, 1.20346682e-02, 9.22200540e-01, 3.18817581e+00, 6.72051357e+01
1.24678060e-02, 5.38122262e-03, 9.87685726e-01, 1.23267403e-02, 9.21908468e-01, 3.18788014e+00, 6.72215876e+01
1.27738451e-02, 5.51247715e-03, 9.87387268e-01, 1.26258182e-02, 9.21609390e-01, 3.18757728e+00, 6.72384374e+01
1.30873963e-02, 5.64691238e-03, 9.87081671e-01, 1.29320660e-02, 9.21303142e-01, 3.18726707e+00, 6.72556946e+01
1.34086440e-02, 5.78460436e-03, 9.86768769e-01, 1.32456513e-02, 9.20989557e-01, 3.18694934e+00, 6.72733691e+01
1.37377772e-02, 5.92563091e-03, 9.86448392e-01, 1.35667455e-02, 9.20668463e-01, 3.18662388e+00, 6.72914706e+01
1.40749895e-02, 6.07007167e-03, 9.86120366e-01, 1.38955238e-02, 9.20339685e-01, 3.18629053e+00, 6.73100094e+01
1.44204790e-02, 6.21800811e-03, 9.85784515e-01, 1.42321652e-02, 9.20003043e-01, 3.18594909e+00, 6.73289958e+01
1.47744490e-02, 6.36952361e-03, 9.85440657e-01, 1.45768526e-02, 9.19658356e-01, 3.18559938e+00, 6.73484405e+01
1.51371078e-02, 6.52470346e-03, 9.85088608e-01, 1.49297730e-02, 9.19305435e-01, 3.18524118e+00, 6.73683544e+01
1.55086684e-02, 6.68363492e-03, 9.84728177e-01, 1.52911175e-02, 9.18944091e-01, 3.18487430e+00, 6.73887486e+01
1.58893496e-02, 6.84640726e-03, 9.84359173e-01, 1.56610812e-02, 9.18574127e-01, 3.18449852e+00, 6.74096344e+01
1.62793750e-02, 7.01311183e-03, 9.83981398e-01, 1.60398637e-02, 9.18195345e-01, 3.18411365e+00, 6.74310235e+01
1.66789742e-02, 7.18384205e-03, 9.83594650e-01, 1.64276686e-02, 9.17807540e-01, 3.18371945e+00, 6.74529279e+01
1.70883820e-02, 7.35869348e-03, 9.83198725e-01, 1.68247041e-02, 9.17410504e-01, 3.18331571e+00, 6.74753597e+01
1.75078393e-02, 7.53776390e-03, 9.82793411e-01, 1.72311830e-02, 9.17004025e-01, 3.18290220e+00, 6.74983313e+01
1.79375928e-02, 7.72115330e-03, 9.82378495e-01, 1.76473223e-02, 9.16587886e-01, 3.18247869e+00, 6.75218555e+01
1.83778951e-02, 7.90896396e-03, 9.81953757e-01, 1.80733439e-02, 9.16161864e-01, 3.18204493e+00, 6.75459453e+01
1.88290053e-02, 8.10130049e-03, 9.81518974e-01, 1.85094743e-02, 9.15725734e-01, 3.18160069e+00, 6.75706140e+01
1.92911885e-02, 8.29826988e-03, 9.81073918e-01, 1.89559450e-02, 9.15279263e-01, 3.18114571e+00, 6.75958754e+01
1.97647167e-02, 8.49998153e-03, 9.80618356e-01, 1.94129920e-02, 9.14822216e-01, 3.18067974e+00, 6.76217432e+01
2.02498682e-02, 8.70654736e-03, 9.80152050e-01, 1.98808567e-02, 9.14354352e-01, 3.18020251e+00, 6.76482318e+01
2.07469285e-02, 8.91808177e-03, 9.79674758e-01, 2.03597853e-02, 9.13875423e-01, 3.17971376e+00, 6.76753556e+01
2.12561897e-02, 9.13470177e-03, 9.79186232e-01, 2.08500291e-02, 9.13385179e-01, 3.17921323e+00, 6.77031297e+01
2.17779515e-02, 9.35652700e-03, 9.78686219e-01, 2.13518448e-02, 9.12883364e-01, 3.17870061e+00, 6.77315692e+01
2.23125206e-02, 9.58367978e-03, 9.78174462e-01, 2.18654942e-02, 9.12369714e-01, 3.17817564e+00, 6.77606898e+01
2.28602114e-02, 9.81628518e-03, 9.77650698e-01, 2.23912446e-02, 9.11843964e-01, 3.17763801e+00, 6.77905072e+01
2.34213461e-02, 1.00544710e-02, 9.77114659e-01, 2.29293688e-02, 9.11305839e-01, 3.17708744e+00, 6.78210378e+01
2.39962545e-02, 1.02983681e-02, 9.76566072e-01, 2.34801452e-02, 9.10755063e-01, 3.17652360e+00, 6.78522982e+01
2.45852748e-02, 1.05481100e-02, 9.76004657e-01, 2.40438576e-02, 9.10191351e-01, 3.17594620e+00, 6.78843054e+01
2.51887535e-02, 1.08038332e-02, 9.75430131e-01, 2.46207957e-02, 9.09614413e-01, 3.17535490e+00, 6.79170768e+01
2.58070453e-02, 1.10656775e-02, 9.74842203e-01, 2.52112551e-02, 9.09023953e-01, 3.17474939e+00, 6.79506301e+01
2.64405139e-02, 1.13337854e-02, 9.74240578e-01, 2.58155371e-02, 9.08419671e-01, 3.17412932e+00, 6.79849835e+01
2.70895319e-02, 1.16083029e-02, 9.73624956e-01, 2.64339490e-02, 9.07801259e-01, 3.17349435e+00, 6.80201555e+01
2.77544809e-02, 1.18893789e-02, 9.72995028e-01, 2.70668044e-02, 9.07168404e-01, 3.17284414e+00, 6.80561652e+01
2.84357519e-02, 1.21771658e-02, 9.72350483e-01, 2.77144227e-02, 9.06520786e-01, 3.17217833e+00, 6.80930318e+01
2.91337457e-02, 1.24718191e-02, 9.71691001e-01, 2.83771297e-02, 9.05858079e-01, 3.17149655e+00, 6.81307751e+01
2.98488727e-02, 1.27734979e-02, 9.71016259e-01, 2.90552575e-02, 9.05179951e-01, 3.17079842e+00, 6.81694154e+01
3.05815534e-02, 1.30823647e-02, 9.70325926e-01, 2.97491446e-02, 9.04486064e-01, 3.17008357e+00, 6.82089733e+01
3.13322187e-02, 1.33985853e-02, 9.69619665e-01, 3.04591358e-02, 9.03776073e-01, 3.16935160e+00, 6.82494700e+01
3.21013102e-02, 1.37223294e-02, 9.68897133e-01, 3.11855827e-02, 9.03049626e-01, 3.16860211e+00, 6.82909270e+01
3.28892800e-02, 1.40537701e-02, 9.68157981e-01, 3.19288434e-02, 9.02306365e-01, 3.16783470e+00, 6.83333663e+01
3.36965916e-02, 1.43930843e-02, 9.67401855e-01, 3.26892825e-02, 9.01545926e-01, 3.16704894e+00, 6.83768105e+01
3.45237198e-02, 1.47404527e-02, 9.66628392e-01, 3.34672716e-02, 9.00767937e-01, 3.16624442e+00, 6.84212826e+01
3.53711509e-02, 1.50960598e-02, 9.65837226e-01, 3.42631890e-02, 8.99972019e-01, 3.16542068e+00, 6.84668060e+01
3.62393833e-02, 1.54600941e-02, 9.65027981e-01, 3.50774200e-02, 8.99157788e-01, 3.16457730e+00, 6.85134047e+01
3.71289277e-02, 1.58327478e-02, 9.64200278e-01, 3.59103568e-02, 8.98324852e-01, 3.16371381e+00, 6.85611032e+01
3.80403072e-02, 1.62142175e-02, 9.63353728e-01, 3.67623985e-02, 8.97472810e-01, 3.16282974e+00, 6.86099266e+01
3.89740577e-02, 1.66047037e-02, 9.62487940e-01, 3.76339516e-02, 8.96601257e-01, 3.16192463e+00, 6.86599003e+01
3.99307284e-02, 1.70044111e-02, 9.61602511e-01, 3.85254293e-02, 8.95709779e-01, 3.16099798e+00, 6.87110506e+01
4.09108818e-02, 1.74135487e-02, 9.60697037e-01, 3.94372524e-02, 8.94797956e-01, 3.16004930e+00, 6.87634040e+01
4.19150944e-02, 1.78323298e-02, 9.59771104e-01, 4.03698488e-02, 8.93865360e-01, 3.15907808e+00, 6.88169877e+01
4.29439567e-02, 1.82609720e-02, 9.58824291e-01, 4.13236535e-02, 8.92911555e-01, 3.15808381e+00, 6.88718296e+01
4.39980739e-02, 1.86996974e-02, 9.57856173e-01, 4.22991092e-02, 8.91936099e-01, 3.15706595e+00, 6.89279579e+01
4.50780658e-02, 1.91487328e-02, 9.56866317e-01, 4.32966656e-02, 8.90938543e-01, 3.15602396e+00, 6.89854017e+01
4.61845675e-02, 1.96083094e-02, 9.55854283e-01, 4.43167800e-02, 8.89918428e-01, 3.15495730e+00, 6.90441906e+01
4.73182299e-02, 2.00786630e-02, 9.54819625e-01, 4.53599172e-02, 8.88875291e-01, 3.15386539e+00, 6.91043546e+01
4.84797194e-02, 2.05600344e-02, 9.53761891e-01, 4.64265493e-02, 8.87808659e-01, 3.15274767e+00, 6.91659247e+01
4.96697193e-02, 2.10526689e-02, 9.52680621e-01, 4.75171560e-02, 8.86718052e-01, 3.15160354e+00, 6.92289322e+01
5.08889294e-02, 2.15568170e-02, 9.51575349e-01, 4.86322244e-02, 8.85602984e-01, 3.15043241e+00, 6.92934094e+01
5.21380666e-02, 2.20727338e-02, 9.50445604e-01, 4.97722491e-02, 8.84462959e-01, 3.14923366e+00, 6.93593889e+01
5.34178656e-02, 2.26006795e-02, 9.49290906e-01, 5.09377322e-02, 8.83297476e-01, 3.14800666e+00, 6.94269042e+01
5.47290789e-02, 2.31409197e-02, 9.48110771e-01, 5.21291834e-02, 8.82106025e-01, 3.14675079e+00, 6.94959896e+01
5.60724777e-02, 2.36937246e-02, 9.46904707e-01, 5.33471198e-02, 8.80888089e-01, 3.14546538e+00, 6.95666798e+01
5.74488521e-02, 2.42593701e-02, 9.45672217e-01, 5.45920660e-02, 8.79643142e-01, 3.14414977e+00, 6.96390104e+01
5.88590114e-02, 2.48381370e-02, 9.44412796e-01, 5.58645539e-02, 8.78370654e-01, 3.14280328e+00, 6.97130177e+01
6.03037850e-02, 2.54303117e-02, 9.43125936e-01, 5.71651229e-02, 8.77070085e-01, 3.14142522e+00, 6.97887388e+01
6.17840225e-02, 2.60361859e-02, 9.41811121e-01, 5.84943199e-02, 8.75740888e-01, 3.14001488e+00, 6.98662116e+01
6.33005944e-02, 2.66560567e-02, 9.40467827e-01, 5.98526989e-02, 8.74382509e-01, 3.13857155e+00, 6.99454747e+01
6.48543926e-02, 2.72902267e-02, 9.39095530e-01, 6.12408211e-02, 8.72994387e-01, 3.13709448e+00, 7.00265673e+01
6.64463309e-02, 2.79390044e-02, 9.37693694e-01, 6.26592551e-02, 8.71575953e-01, 3.13558293e+00, 7.01095299e+01
6.80773455e-02, 2.86027035e-02, 9.36261783e-01, 6.41085763e-02, 8.70126632e-01, 3.13403612e+00, 7.01944034e+01
6.97483955e-02, 2.92816437e-02, 9.34799252e-01, 6.55893674e-02, 8.68645841e-01, 3.13245329e+00, 7.02812297e+01
7.14604636e-02, 2.99761504e-02, 9.33305553e-01, 6.71022179e-02, 8.67132990e-01, 3.13083362e+00, 7.03700517e+01
7.32145568e-02, 3.06865547e-02, 9.31780131e-01, 6.86477238e-02, 8.65587484e-01, 3.12917632e+00, 7.04609130e+01
7.50117065e-02, 3.14131936e-02, 9.30222428e-01, 7.02264882e-02, 8.64008720e-01, 3.12748055e+00, 7.05538581e+01
7.68529697e-02, 3.21564101e-02, 9.28631882e-01, 7.18391204e-02, 8.62396088e-01, 3.12574547e+00, 7.06489326e+01
7.87394292e-02, 3.29165530e-02, 9.27007925e-01, 7.34862362e-02, 8.60748972e-01, 3.12397021e+00, 7.07461829e+01
8.06721944e-02, 3.36939773e-02, 9.25349986e-01, 7.51684576e-02, 8.59066751e-01, 3.12215391e+00, 7.08456566e+01
8.26524019e-02, 3.44890437e-02, 9.23657490e-01, 7.68864125e-02, 8.57348796e-01, 3.12029566e+00, 7.09474019e+01
8.46812162e-02, 3.53021194e-02, 9.21929858e-01, 7.86407348e-02, 8.55594474e-01, 3.11839456e+00, 7.10514684e+01
8.67598306e-02, 3.61335774e-02, 9.20166510e-01, 8.04320639e-02, 8.53803144e-01, 3.11644968e+00, 7.11579066e+01
8.88894673e-02, 3.69837969e-02, 9.18366859e-01, 8.22610447e-02, 8.51974164e-01, 3.11446007e+00, 7.12667682e+01
9.10713788e-02, 3.78531634e-02, 9.16530320e-01, 8.41283272e-02, 8.50106881e-01, 3.11242477e+00, 7.13781058e+01
9.33068482e-02, 3.87420684e-02, 9.14656303e-01, 8.60345664e-02, 8.48200642e-01, 3.11034280e+00, 7.14919732e+01
9.55971903e-02, 3.96509098e-02, 9.12744217e-01, 8.79804218e-02, 8.46254787e-01, 3.10821315e+00, 7.16084257e+01
9.79437519e-02, 4.05800916e-02, 9.10793470e-01, 8.99665574e-02, 8.44268651e-01, 3.10603482e+00, 7.17275193e+01
1.00347913e-01, 4.15300241e-02, 9.08803469e-01, 9.19936412e-02, 8.42241567e-01, 3.10380676e+00, 7.18493117e+01
1.02811087e-01, 4.25011238e-02, 9.06773618e-01, 9.40623449e-02, 8.40172863e-01, 3.10152792e+00, 7.19738616e+01
1.05334724e-01, 4.34938135e-02, 9.04703325e-01, 9.61733436e-02, 8.38061865e-01, 3.09919723e+00, 7.21012292e+01
1.07920306e-01, 4.45085223e-02, 9.02591995e-01, 9.83273156e-02, 8.35907893e-01, 3.09681358e+00, 7.22314760e+01
1.10569355e-01, 4.55456855e-02, 9.00439036e-01, 1.00524941e-01, 8.33710267e-01, 3.09437588e+00, 7.23646649e+01
1.13283429e-01, 4.66057447e-02, 8.98243856e-01, 1.02766904e-01, 8.31468304e-01, 3.09188299e+00, 7.25008603e+01
1.16064123e-01, 4.76891475e-02, 8.96005865e-01, 1.05053889e-01, 8.29181319e-01, 3.08933375e+00, 7.26401283e+01
1.18913073e-01, 4.87963480e-02, 8.93724476e-01, 1.07386582e-01, 8.26848626e-01, 3.08672699e+00, 7.27825363e+01
1.21831954e-01, 4.99278063e-02, 8.91399105e-01, 1.09765670e-01, 8.24469538e-01, 3.08406153e+00, 7.29281536e+01
1.24822483e-01, 5.10839886e-02, 8.89029171e-01, 1.12191841e-01, 8.22043367e-01, 3.08133615e+00, 7.30770511e+01
1.27886419e-01, 5.22653673e-02, 8.86614098e-01, 1.14665782e-01, 8.19569426e-01, 3.07854962e+00, 7.32293014e+01
1.31025563e-01, 5.34724209e-02, 8.84153314e-01, 1.17188181e-01, 8.17047028e-01, 3.07570068e+00, 7.33849791e+01
1.34241762e-01, 5.47056336e-02, 8.81646254e-01, 1.19759722e-01, 8.14475486e-01, 3.07278807e+00, 7.35441608e+01
1.37536906e-01, 5.59654959e-02, 8.79092357e-01, 1.22381090e-01, 8.11854118e-01, 3.06981049e+00, 7.37069249e+01
1.40912935e-01, 5.72525038e-02, 8.76491071e-01, 1.25052967e-01, 8.09182242e-01, 3.06676663e+00, 7.38733520e+01
1.44371832e-01, 5.85671594e-02, 8.73841851e-01, 1.27776030e-01, 8.06459178e-01, 3.06365514e+00, 7.40435251e+01
1.47915633e-01, 5.99099704e-02, 8.71144160e-01, 1.30550955e-01, 8.03684253e-01, 3.06047468e+00, 7.42175292e+01
1.51546421e-01, 6.12814499e-02, 8.68397471e-01, 1.33378413e-01, 8.00856795e-01, 3.05722387e+00, 7.43954519e+01
1.55266332e-01, 6.26821168e-02, 8.65601267e-01, 1.36259068e-01, 7.97976140e-01, 3.05390131e+00, 7.45773834e+01
1.59077553e-01, 6.41124951e-02, 8.62755040e-01, 1.39193581e-01, 7.95041627e-01, 3.05050558e+00, 7.47634165e+01
1.62982325e-01, 6.55731144e-02, 8.59858296e-01, 1.42182605e-01, 7.92052604e-01, 3.04703524e+00, 7.49536467e+01
1.66982945e-01, 6.70645092e-02, 8.56910552e-01, 1.45226784e-01, 7.89008424e-01, 3.04348883e+00, 7.51481725e+01
1.71081766e-01, 6.85872191e-02, 8.53911340e-01, 1.48326757e-01, 7.85908451e-01, 3.03986487e+00, 7.53470956e+01
1.75281198e-01, 7.01417886e-02, 8.50860204e-01, 1.51483153e-01, 7.82752056e-01, 3.03616185e+00, 7.55505209e+01
1.79583711e-01, 7.17287667e-02, 8.47756705e-01, 1.54696588e-01, 7.79538620e-01, 3.03237825e+00, 7.57585567e+01
1.83991835e-01, 7.33487074e-02, 8.44600419e-01, 1.57967672e-01, 7.76267536e-01, 3.02851254e+00, 7.59713149e+01
1.88508162e-01, 7.50021685e-02, 8.41390940e-01, 1.61297000e-01, 7.72938208e-01, 3.02456313e+00, 7.61889114e+01
1.93135348e-01, 7.66897124e-02, 8.38127880e-01, 1.64685155e-01, 7.69550053e-01, 3.02052845e+00, 7.64114657e+01
1.97876115e-01, 7.84119054e-02, 8.34810869e-01, 1.68132705e-01, 7.66102503e-01, 3.01640689e+00, 7.66391022e+01
2.02733250e-01, 8.01693175e-02, 8.31439556e-01, 1.71640206e-01, 7.62595002e-01, 3.01219683e+00, 7.68719491e+01
2.07709611e-01, 8.19625223e-02, 8.28013615e-01, 1.75208195e-01, 7.59027013e-01, 3.00789663e+00, 7.71101399e+01
2.12808122e-01, 8.37920968e-02, 8.24532737e-01, 1.78837194e-01, 7.55398014e-01, 3.00350461e+00, 7.73538128e+01
2.18031784e-01, 8.56586211e-02, 8.20996638e-01, 1.82527706e-01, 7.51707502e-01, 2.99901910e+00, 7.76031115e+01
2.23383667e-01, 8.75626781e-02, 8.17405060e-01, 1.86280214e-01, 7.47954994e-01, 2.99443840e+00, 7.78581851e+01
2.28866920e-01, 8.95048534e-02, 8.13757767e-01, 1.90095181e-01, 7.44140027e-01, 2.98976078e+00, 7.81191889e+01
2.34484766e-01, 9.14857349e-02, 8.10054549e-01, 1.93973049e-01, 7.40262159e-01, 2.98498452e+00, 7.83862843e+01
2.40240510e-01, 9.35059125e-02, 8.06295224e-01, 1.97914236e-01, 7.36320972e-01, 2.98010786e+00, 7.86596393e+01
2.46137536e-01, 9.55659780e-02, 8.02479639e-01, 2.01919135e-01, 7.32316074e-01, 2.97512903e+00, 7.89394293e+01
2.52179313e-01, 9.76665246e-02, 7.98607667e-01, 2.05988113e-01, 7.28247095e-01, 2.97004625e+00, 7.92258366e+01
2.58369393e-01, 9.98081466e-02, 7.94679214e-01, 2.10121512e-01, 7.24113696e-01, 2.96485772e+00, 7.95190519e+01
2.64711418e-01, 1.01991439e-01, 7.90694214e-01, 2.14319644e-01, 7.19915564e-01, 2.95956162e+00, 7.98192741e+01
2.71209115e-01, 1.04216998e-01, 7.86652635e-01, 2.18582790e-01, 7.15652419e-01, 2.95415615e+00, 8.01267107e+01
2.77866308e-01, 1.06485420e-01, 7.82554477e-01, 2.22911200e-01, 7.11324009e-01, 2.94863945e+00, 8.04415788e+01
2.84686910e-01, 1.08797299e-01, 7.78399774e-01, 2.27305091e-01, 7.06930117e-01, 2.94300968e+00, 8.07641055e+01
2.91674933e-01, 1.11153231e-01, 7.74188594e-01, 2.31764647e-01, 7.02470561e-01, 2.93726499e+00, 8.10945280e+01
2.98834486e-01, 1.13553811e-01, 7.69921041e-01, 2.36290013e-01, 6.97945196e-01, 2.93140351e+00, 8.14330950e+01
3.06169781e-01, 1.15999632e-01, 7.65597256e-01, 2.40881297e-01, 6.93353912e-01, 2.92542338e+00, 8.17800665e+01
3.13685130e-01, 1.18491284e-01, 7.61217416e-01, 2.45538568e-01, 6.88696640e-01, 2.91932273e+00, 8.21357152e+01
3.21384953e-01, 1.21029357e-01, 7.56781737e-01, 2.50261853e-01, 6.83973355e-01, 2.91309966e+00, 8.25003267e+01
3.29273779e-01, 1.23614438e-01, 7.52290473e-01, 2.55051137e-01, 6.79184071e-01, 2.90675232e+00, 8.28742005e+01
3.37356246e-01, 1.26247111e-01, 7.47743918e-01, 2.59906360e-01, 6.74328849e-01, 2.90027881e+00, 8.32576505e+01
3.45637109e-01, 1.28927955e-01, 7.43142407e-01, 2.64827414e-01, 6.69407795e-01, 2.89367727e+00, 8.36510061e+01
3.54121237e-01, 1.31657549e-01, 7.38486313e-01, 2.69814143e-01, 6.64421065e-01, 2.88694583e+00, 8.40546130e+01
3.62813619e-01, 1.34436465e-01, 7.33776054e-01, 2.74866344e-01, 6.59368864e-01, 2.88008262e+00, 8.44688339e+01
3.71719367e-01, 1.37265270e-01, 7.29012088e-01, 2.79983758e-01, 6.54251451e-01, 2.87308579e+00, 8.48940494e+01
3.80843719e-01, 1.40144529e-01, 7.24194915e-01, 2.85166073e-01, 6.49069135e-01, 2.86595351e+00, 8.53306592e+01
3.90192040e-01, 1.43074797e-01, 7.19325080e-01, 2.90412924e-01, 6.43822285e-01, 2.85868396e+00, 8.57790829e+01
3.99769828e-01, 1.46056628e-01, 7.14403168e-01, 2.95723884e-01, 6.38511324e-01, 2.85127532e+00, 8.62397610e+01
4.09582716e-01, 1.49090566e-01, 7.09429811e-01, 3.01098471e-01, 6.33136737e-01, 2.84372582e+00, 8.67131560e+01
4.19636475e-01, 1.52177149e-01, 7.04405683e-01, 3.06536138e-01, 6.27699070e-01, 2.83603370e+00, 8.71997536e+01
4.29937016e-01, 1.55316909e-01, 6.99331501e-01, 3.12036278e-01, 6.22198931e-01, 2.82819724e+00, 8.77000637e+01
4.40490399e-01, 1.58510368e-01, 6.94208029e-01, 3.17598215e-01, 6.16636993e-01, 2.82021473e+00, 8.82146216e+01
4.51302828e-01, 1.61758041e-01, 6.89036072e-01, 3.23221211e-01, 6.11013998e-01, 2.81208453e+00, 8.87439892e+01
4.62380662e-01, 1.65060436e-01, 6.83816482e-01, 3.28904454e-01, 6.05330754e-01, 2.80380502e+00, 8.92887563e+01
4.73730418e-01, 1.68418047e-01, 6.78550153e-01, 3.34647067e-01, 5.99588141e-01, 2.79537462e+00, 8.98495416e+01
4.85358768e-01, 1.71831364e-01, 6.73238023e-01, 3.40448097e-01, 5.93787112e-01, 2.78679182e+00, 9.04269945e+01
4.97272551e-01, 1.75300863e-01, 6.67881074e-01, 3.46306519e-01, 5.87928690e-01, 2.77805515e+00, 9.10217958e+01
5.09478775e-01, 1.78827011e-01, 6.62480332e-01, 3.52221232e-01, 5.82013976e-01, 2.76916320e+00, 9.16346596e+01
5.21984616e-01, 1.82410263e-01, 6.57036864e-01, 3.58191059e-01, 5.76044149e-01, 2.76011464e+00, 9.22663342e+01
5.34797431e-01, 1.86051064e-01, 6.51551781e-01, 3.64214746e-01, 5.70020462e-01, 2.75090819e+00, 9.29176039e+01
5.47924753e-01, 1.89749845e-01, 6.46026235e-01, 3.70290957e-01, 5.63944251e-01, 2.74154266e+00, 9.35892900e+01
5.61374303e-01, 1.93507027e-01, 6.40461418e-01, 3.76418279e-01, 5.57816930e-01, 2.73201693e+00, 9.42822526e+01
5.75153990e-01, 1.97323018e-01, 6.34858564e-01, 3.82595214e-01, 5.51639995e-01, 2.72232998e+00, 9.49973918e+01
5.89271918e-01, 2.01198210e-01, 6.29218945e-01, 3.88820185e-01, 5.45415024e-01, 2.71248087e+00, 9.57356491e+01
6.03736390e-01, 2.05132984e-01, 6.23543873e-01, 3.95091531e-01, 5.39143678e-01, 2.70246877e+00, 9.64980089e+01
6.18555911e-01, 2.09127706e-01, 6.17834696e-01, 4.01407508e-01, 5.32827700e-01, 2.69229294e+00, 9.72855001e+01
6.33739198e-01, 2.13182729e-01, 6.12092800e-01, 4.07766289e-01, 5.26468919e-01, 2.68195277e+00, 9.80991971e+01
6.49295179e-01, 2.17298389e-01, 6.06319604e-01, 4.14165965e-01, 5.20069244e-01, 2.67144774e+00, 9.89402218e+01
6.65233002e-01, 2.21475009e-01, 6.00516564e-01, 4.20604541e-01, 5.13630668e-01, 2.66077748e+00, 9.98097445e+01
6.81562041e-01, 2.25712895e-01, 5.94685165e-01, 4.27079942e-01, 5.07155267e-01, 2.64994172e+00, 1.00708986e+02
6.98291897e-01, 2.30012338e-01, 5.88826928e-01, 4.33590011e-01, 5.00645197e-01, 2.63894035e+00, 1.01639217e+02
7.15432411e-01, 2.34373611e-01, 5.82943399e-01, 4.40132511e-01, 4.94102697e-01, 2.62777339e+00, 1.02601762e+02
7.32993662e-01, 2.38796974e-01, 5.77036156e-01, 4.46705126e-01, 4.87530083e-01, 2.61644099e+00, 1.03598001e+02
7.50985977e-01, 2.43282668e-01, 5.71106801e-01, 4.53305461e-01, 4.80929747e-01, 2.60494347e+00, 1.04629366e+02
7.69419937e-01, 2.47830916e-01, 5.65156964e-01, 4.59931050e-01, 4.74304158e-01, 2.59328130e+00, 1.05697349e+02
7.88306384e-01, 2.52441927e-01, 5.59188296e-01, 4.66579352e-01, 4.67655856e-01, 2.58145510e+00, 1.06803497e+02
8.07656425e-01, 2.57115889e-01, 5.53202471e-01, 4.73247756e-01, 4.60987452e-01, 2.56946567e+00, 1.07949419e+02
8.27481438e-01, 2.61852974e-01, 5.47201180e-01, 4.79933586e-01, 4.54301622e-01, 2.55731395e+00, 1.09136781e+02
8.47793082e-01, 2.66653337e-01, 5.41186137e-01, 4.86634104e-01, 4.47601105e-01, 2.54500108e+00, 1.10367314e+02
8.68603304e-01, 2.71517112e-01, 5.35159067e-01, 4.93346510e-01, 4.40888698e-01, 2.53252837e+00, 1.11642808e+02
8.89924340e-01, 2.76444418e-01, 5.29121711e-01, 5.00067954e-01, 4.34167254e-01, 2.51989728e+00, 1.12965119e+02
9.11768729e-01, 2.81435354e-01, 5.23075822e-01, 5.06795533e-01, 4.27439675e-01, 2.50710947e+00, 1.14336168e+02
9.34149319e-01, 2.86489999e-01, 5.17023164e-01, 5.13526300e-01, 4.20708908e-01, 2.49416678e+00, 1.15757940e+02
9.57079270e-01, 2.91608417e-01, 5.10965506e-01, 5.20257270e-01, 4.13977938e-01, 2.48107123e+00, 1.17232488e+02
9.80572068e-01, 2.96790650e-01, 5.04904626e-01, 5.26985424e-01, 4.07249785e-01, 2.46782499e+00, 1.18761934e+02
1.00464153e+00, 3.02036723e-01, 4.98842305e-01, 5.33707713e-01, 4.00527495e-01, 2.45443045e+00, 1.20348466e+02
1.02930180e+00, 3.07346642e-01, 4.92780324e-01, 5.40421071e-01, 3.93814137e-01, 2.44089016e+00, 1.21994347e+02
1.05456740e+00, 3.12720393e-01, 4.86720464e-01, 5.47122413e-01, 3.87112795e-01, 2.42720683e+00, 1.23701906e+02
1.08045318e+00, 3.18157946e-01, 4.80664507e-01, 5.53808649e-01, 3.80426559e-01, 2.41338335e+00, 1.25473548e+02
1.10697435e+00, 3.23659249e-01, 4.74614225e-01, 5.60476685e-01, 3.73758523e-01, 2.39942279e+00, 1.27311751e+02
1.13414653e+00, 3.29224234e-01, 4.68571388e-01, 5.67123436e-01, 3.67111773e-01, 2.38532837e+00, 1.29219067e+02
1.16198568e+00, 3.34852813e-01, 4.62537754e-01, 5.73745826e-01, 3.60489383e-01, 2.37110347e+00, 1.31198126e+02
1.19050818e+00, 3.40544879e-01, 4.56515072e-01, 5.80340802e-01, 3.53894407e-01, 2.35675163e+00, 1.33251635e+02
1.21973080e+00, 3.46300309e-01, 4.50505078e-01, 5.86905336e-01, 3.47329872e-01, 2.34227651e+00, 1.35382380e+02
1.24967074e+00, 3.52118959e-01, 4.44509494e-01, 5.93436437e-01, 3.40798771e-01, 2.32768193e+00, 1.37593228e+02
1.28034559e+00, 3.58000669e-01, 4.38530022e-01, 5.99931152e-01, 3.34304056e-01, 2.31297185e+00, 1.39887130e+02
1.31177339e+00, 3.63945260e-01, 4.32568350e-01, 6.06386579e-01, 3.27848630e-01, 2.29815032e+00, 1.42267121e+02
1.34397263e+00, 3.69952536e-01, 4.26626142e-01, 6.12799868e-01, 3.21435341e-01, 2.28322154e+00, 1.44736325e+02
1.37696225e+00, 3.76022284e-01, 4.20705041e-01, 6.19168233e-01, 3.15066976e-01, 2.26818977e+00, 1.47297953e+02
1.41076164e+00, 3.82154272e-01, 4.14806667e-01, 6.25488953e-01, 3.08746255e-01, 2.25305941e+00, 1.49955310e+02
1.44539068e+00, 3.88348252e-01, 4.08932613e-01, 6.31759384e-01, 3.02475824e-01, 2.23783491e+00, 1.52711796e+02
1.48086974e+00, 3.94603961e-01, 4.03084445e-01, 6.37976957e-01, 2.96258251e-01, 2.22252082e+00, 1.55570906e+02
1.51721968e+00, 4.00921118e-01, 3.97263699e-01, 6.44139192e-01, 2.90096017e-01, 2.20712175e+00, 1.58536240e+02
1.55446187e+00, 4.07299425e-01, 3.91471883e-01, 6.50243693e-01, 2.83991515e-01, 2.19164235e+00, 1.61611500e+02
1.59261823e+00, 4.13738570e-01, 3.85710472e-01, 6.56288162e-01, 2.77947047e-01, 2.17608733e+00, 1.64800497e+02
1.63171119e+00, 4.20238226e-01, 3.79980906e-01, 6.62270396e-01, 2.71964812e-01, 2.16046142e+00, 1.68107156e+02
1.67176373e+00, 4.26798050e-01, 3.74284593e-01, 6.68188295e-01, 2.66046913e-01, 2.14476941e+00, 1.71535515e+02
1.71279942e+00, 4.33417684e-01, 3.68622904e-01, 6.74039863e-01, 2.60195345e-01, 2.12901605e+00, 1.75089738e+02
1.75484238e+00, 4.40096756e-01, 3.62997174e-01, 6.79823210e-01, 2.54411998e-01, 2.11320615e+00, 1.78774112e+02
1.79791735e+00, 4.46834881e-01, 3.57408699e-01, 6.85536556e-01, 2.48698653e-01, 2.09734449e+00, 1.82593056e+02
1.84204965e+00, 4.53631661e-01, 3.51858737e-01, 6.91178230e-01, 2.43056978e-01, 2.08143583e+00, 1.86551126e+02
1.88726524e+00, 4.60486682e-01, 3.46348506e-01, 6.96746677e-01, 2.37488531e-01, 2.06548492e+00, 1.90653022e+02
1.93359070e+00, 4.67399520e-01, 3.40879183e-01, 7.02240451e-01, 2.31994758e-01, 2.04949649e+00, 1.94903589e+02
1.98105328e+00, 4.74369739e-01, 3.35451904e-01, 7.07658220e-01, 2.26576988e-01, 2.03347523e+00, 1.99307832e+02
2.02968090e+00, 4.81396889e-01, 3.30067764e-01, 7.12998767e-01, 2.21236441e-01, 2.01742576e+00, 2.03870914e+02
2.07950215e+00, 4.88480511e-01, 3.24727814e-01, 7.18260986e-01, 2.15974222e-01, 2.00135269e+00, 2.08598170e+02
2.13054632e+00, 4.95620134e-01, 3.19433063e-01, 7.23443883e-01, 2.10791325e-01, 1.98526054e+00, 2.13495109e+02
2.18284345e+00, 5.02815278e-01, 3.14184476e-01, 7.28546575e-01, 2.05688633e-01, 1.96915379e+00, 2.18567426e+02
2.23642428e+00, 5.10065450e-01, 3.08982975e-01, 7.33568288e-01, 2.00666921e-01, 1.95303684e+00, 2.23821007e+02
2.29132032e+00, 5.17370151e-01, 3.03829437e-01, 7.38508354e-01, 1.95726855e-01, 1.93691402e+00, 2.29261938e+02
2.34756385e+00, 5.24728870e-01, 2.98724698e-01, 7.43366211e-01, 1.90868997e-01, 1.92078958e+00, 2.34896515e+02
2.40518797e+00, 5.32141090e-01, 2.93669545e-01, 7.48141402e-01, 1.86093806e-01, 1.90466770e+00, 2.40731252e+02
2.46422654e+00, 5.39606284e-01, 2.88664725e-01, 7.52833566e-01, 1.81401643e-01, 1.88855246e+00, 2.46772891e+02
2.52471429e+00, 5.47123920e-01, 2.83710938e-01, 7.57442441e-01, 1.76792767e-01, 1.87244786e+00, 2.53028411e+02
2.58668680e+00, 5.54693455e-01, 2.78808844e-01, 7.61967860e-01, 1.72267348e-01, 1.85635783e+00, 2.59505037e+02
2.65018051e+00, 5.62314341e-01, 2.73959054e-01, 7.66409747e-01, 1.67825461e-01, 1.84028616e+00, 2.66210254e+02
2.71523275e+00, 5.69986027e-01, 2.69162141e-01, 7.70768113e-01, 1.63467096e-01, 1.82423661e+00, 2.73151813e+02
2.78188179e+00, 5.77707950e-01, 2.64418630e-01, 7.75043053e-01, 1.59192155e-01, 1.80821279e+00, 2.80337746e+02
2.85016682e+00, 5.85479547e-01, 2.59729006e-01, 7.79234746e-01, 1.55000462e-01, 1.79221824e+00, 2.87776375e+02
2.92012800e+00, 5.93300247e-01, 2.55093711e-01, 7.83343445e-01, 1.50891763e-01, 1.77625640e+00, 2.95476327e+02
2.99180647e+00, 6.01169477e-01, 2.50513147e-01, 7.87369480e-01, 1.46865729e-01, 1.76033061e+00, 3.03446541e+02
3.06524438e+00, 6.09086658e-01, 2.45987672e-01, 7.91313248e-01, 1.42921960e-01, 1.74444413e+00, 3.11696286e+02
3.14048492e+00, 6.17051208e-01, 2.41517604e-01, 7.95175217e-01, 1.39059991e-01, 1.72860009e+00, 3.20235171e+02
3.21757235e+00, 6.25062541e-01, 2.37103224e-01, 7.98955916e-01, 1.35279292e-01, 1.71280155e+00, 3.29073159e+02
3.29655199e+00, 6.33120071e-01, 2.32744769e-01, 8.02655934e-01, 1.31579275e-01, 1.69705147e+00, 3.38220582e+02
3.37747029e+00, 6.41223207e-01, 2.28442441e-01, 8.06275915e-01, 1.27959293e-01, 1.68135270e+00, 3.47688153e+02
3.46037484e+00, 6.49371357e-01, 2.24196404e-01, 8.09816559e-01, 1.24418649e-01, 1.66570800e+00, 3.57486985e+02
3.54531439e+00, 6.57563928e-01, 2.20006784e-01, 8.13278613e-01, 1.20956595e-01, 1.65012006e+00, 3.67628601e+02
3.63233890e+00, 6.65800325e-01, 2.15873670e-01, 8.16662871e-01, 1.17572337e-01, 1.63459144e+00, 3.78124954e+02
3.72149955e+00, 6.74079952e-01, 2.11797119e-01, 8.19970170e-01, 1.14265038e-01, 1.61912464e+00, 3.88988441e+02
3.81284876e+00, 6.82402214e-01, 2.07777150e-01, 8.23201385e-01, 1.11033823e-01, 1.60372204e+00, 4.00231922e+02
3.90644026e+00, 6.90766515e-01, 2.03813752e-01, 8.26357430e-01, 1.07877778e-01, 1.58838597e+00, 4.11868737e+02
4.00232909e+00, 6.99172259e-01, 1.99906880e-01, 8.29439252e-01, 1.04795957e-01, 1.57311862e+00, 4.23912720e+02
4.10057164e+00, 7.07618851e-01, 1.96056456e-01, 8.32447827e-01, 1.01787382e-01, 1.55792215e+00, 4.36378223e+02
4.20122568e+00, 7.16105698e-01, 1.92262375e-01, 8.35384160e-01, 9.88510480e-02, 1.54279859e+00, 4.49280135e+02
4.30435041e+00, 7.24632207e-01, 1.88524498e-01, 8.38249283e-01, 9.59859256e-02, 1.52774992e+00, 4.62633898e+02
4.41000648e+00, 7.33197786e-01, 1.84842662e-01, 8.41044247e-01, 9.31909616e-02, 1.51277800e+00, 4.76455531e+02
4.51825602e+00, 7.41801846e-01, 1.81216674e-01, 8.43770125e-01, 9.04650832e-02, 1.49788466e+00, 4.90761649e+02
4.62916269e+00, 7.50443801e-01, 1.77646313e-01, 8.46428008e-01, 8.78072000e-02, 1.48307161e+00, 5.05569487e+02
4.74279172e+00, 7.59123065e-01, 1.74131337e-01, 8.49019002e-01, 8.52162064e-02, 1.46834050e+00, 5.20896925e+02
4.85920992e+00, 7.67839058e-01, 1.70671475e-01, 8.51544225e-01, 8.26909834e-02, 1.45369291e+00, 5.36762506e+02
4.97848576e+00, 7.76591199e-01, 1.67266435e-01, 8.54004807e-01, 8.02304015e-02, 1.43913033e+00, 5.53185464e+02
5.10068939e+00, 7.85378914e-01, 1.63915901e-01, 8.56401887e-01, 7.78333217e-02, 1.42465419e+00, 5.70185750e+02
5.22589267e+00, 7.94201629e-01, 1.60619537e-01, 8.58736610e-01, 7.54985985e-02, 1.41026585e+00, 5.87784058e+02
5.35416923e+00, 8.03058777e-01, 1.57376986e-01, 8.61010128e-01, 7.32250808e-02, 1.39596659e+00, 6.06001850e+02
5.48559451e+00, 8.11949793e-01, 1.54187869e-01, 8.63223594e-01, 7.10116141e-02, 1.38175763e+00, 6.24861389e+02
5.62024581e+00, 8.20874115e-01, 1.51051793e-01, 8.65378166e-01, 6.88570422e-02, 1.36764014e+00, 6.44385762e+02
5.75820230e+00, 8.29831188e-01, 1.47968344e-01, 8.67475000e-01, 6.67602086e-02, 1.35361519e+00, 6.64598917e+02
5.89954512e+00, 8.38820459e-01, 1.44937091e-01, 8.69515251e-01, 6.47199577e-02, 1.33968381e+00, 6.85525689e+02
6.04435738e+00, 8.47841381e-01, 1.41957590e-01, 8.71500072e-01, 6.27351367e-02, 1.32584698e+00, 7.07191836e+02
6.19272426e+00, 8.56893412e-01, 1.39029381e-01, 8.73430612e-01, 6.08045966e-02, 1.31210560e+00, 7.29624073e+02
6.34473301e+00, 8.65976013e-01, 1.36151988e-01, 8.75308015e-01, 5.89271935e-02, 1.29846050e+00, 7.52850103e+02
6.50047301e+00, 8.75088653e-01, 1.33324925e-01, 8.77133419e-01, 5.71017896e-02, 1.28491250e+00, 7.76898660e+02
6.66003586e+00, 8.84230803e-01, 1.30547692e-01, 8.78907954e-01, 5.53272545e-02, 1.27146231e+00, 8.01799540e+02
6.82351540e+00, 8.93401942e-01, 1.27819778e-01, 8.80632742e-01, 5.36024660e-02, 1.25811063e+00, 8.27583646e+02
6.99100776e+00, 9.02601552e-01, 1.25140662e-01, 8.82308897e-01, 5.19263110e-02, 1.24485807e+00, 8.54283023e+02
7.16261145e+00, 9.11829124e-01, 1.22509813e-01, 8.83937522e-01, 5.02976868e-02, 1.23170522e+00, 8.81930905e+02
7.33842738e+00, 9.21084151e-01, 1.19926691e-01, 8.85519707e-01, 4.87155011e-02, 1.21865260e+00, 9.10561757e+02
7.51855895e+00, 9.30366133e-01, 1.17390747e-01, 8.87056535e-01, 4.71786735e-02, 1.20570069e+00, 9.40211317e+02
7.70311209e+00, 9.39674577e-01, 1.14901427e-01, 8.88549073e-01, 4.56861358e-02, 1.19284992e+00, 9.70916648e+02
7.89219533e+00, 9.49008994e-01, 1.12458168e-01, 8.89998376e-01, 4.42368325e-02, 1.18010068e+00, 1.00271618e+03
8.08591988e+00, 9.58368903e-01, 1.10060403e-01, 8.91405487e-01, 4.28297217e-02, 1.16745330e+00, 1.03564978e+03
8.28439965e+00, 9.67753827e-01, 1.07707556e-01, 8.92771433e-01, 4.14637754e-02, 1.15490809e+00, 1.06975877e+03
8.48775138e+00, 9.77163296e-01, 1.05399052e-01, 8.94097228e-01, 4.01379799e-02, 1.14246529e+00, 1.10508601e+03
8.69609466e+00, 9.86596847e-01, 1.03134307e-01, 8.95383872e-01, 3.88513366e-02, 1.13012512e+00, 1.14167594e+03
8.90955199e+00, 9.96054021e-01, 1.00912736e-01, 8.96632346e-01, 3.76028618e-02, 1.11788775e+00, 1.17957466e+03
9.12824893e+00, 1.00553437e+00, 9.87337502e-02, 8.97843621e-01, 3.63915874e-02, 1.10575332e+00, 1.21882994e+03
9.35231407e+00, 1.01503744e+00, 9.65967602e-02, 8.99018647e-01, 3.52165610e-02, 1.09372192e+00, 1.25949135e+03
9.58187920e+00, 1.02456280e+00, 9.45011733e-02, 9.00158362e-01, 3.40768464e-02, 1.08179361e+00, 1.30161028e+03
9.81707931e+00, 1.03411001e+00, 9.24463963e-02, 9.01263685e-01, 3.29715234e-02, 1.06996842e+00, 1.34524001e+03
1.00580527e+01, 1.04367866e+00, 9.04318351e-02, 9.02335520e-01, 3.18996883e-02, 1.05824634e+00, 1.39043581e+03
1.03049411e+01, 1.05326831e+00, 8.84568957e-02, 9.03374754e-01, 3.08604541e-02, 1.04662732e+00, 1.43725498e+03
1.05578898e+01, 1.06287855e+00, 8.65209842e-02, 9.04382258e-01, 2.98529502e-02, 1.03511130e+00, 1.48575692e+03
1.08170474e+01, 1.07250898e+00, 8.46235076e-02, 9.05358885e-01, 2.88763228e-02, 1.02369817e+00, 1.53600326e+03
1.10825664e+01, 1.08215919e+00, 8.27638740e-02, 9.06305473e-01, 2.79297349e-02, 1.01238779e+00, 1.58805789e+03
1.13546029e+01, 1.09182879e+00, 8.09414929e-02, 9.07222842e-01, 2.70123663e-02, 1.00118000e+00, 1.64198706e+03
1.16333169e+01, 1.10151739e+00, 7.91557761e-02, 9.08111795e-01, 2.61234134e-02, 9.90074611e-01, 1.69785946e+03
1.19188723e+01, 1.11122460e+00, 7.74061373e-02, 9.08973119e-01, 2.52620896e-02, 9.79071402e-01, 1.75574634e+03
1.22114370e+01, 1.12095006e+00, 7.56919932e-02, 9.09807584e-01, 2.44276248e-02, 9.68170129e-01, 1.81572157e+03
1.25111831e+01, 1.13069338e+00, 7.40127633e-02, 9.10615943e-01, 2.36192656e-02, 9.57370524e-01, 1.87786175e+03
1.28182870e+01, 1.14045421e+00, 7.23678704e-02, 9.11398933e-01, 2.28362753e-02, 9.46672294e-01, 1.94224630e+03
1.31329291e+01, 1.15023218e+00, 7.07567410e-02, 9.12157275e-01, 2.20779333e-02, 9.36075124e-01, 2.00895760e+03
1.34552945e+01, 1.16002694e+00, 6.91788052e-02, 9.12891673e-01, 2.13435357e-02, 9.25578674e-01, 2.07808106e+03
1.37855728e+01, 1.16983815e+00, 6.76334976e-02, 9.13602814e-01, 2.06323945e-02, 9.15182586e-01, 2.14970524e+03
1.41239582e+01, 1.17966547e+00, 6.61202569e-02, 9.14291371e-01, 1.99438378e-02, 9.04886481e-01, 2.22392198e+03
1.44706497e+01, 1.18950855e+00, 6.46385264e-02, 9.14957999e-01, 1.92772096e-02, 8.94689958e-01, 2.30082652e+03
1.48258513e+01, 1.19936708e+00, 6.31877542e-02, 9.15603339e-01, 1.86318696e-02, 8.84592600e-01, 2.38051762e+03
1.51897717e+01, 1.20924073e+00, 6.17673934e-02, 9.16228015e-01, 1.80071929e-02, 8.74593971e-01, 2.46309766e+03
1.55626251e+01, 1.21912917e+00, 6.03769024e-02, 9.16832638e-01, 1.74025701e-02, 8.64693617e-01, 2.54867286e+03
1.59446307e+01, 1.22903211e+00, 5.90157448e-02, 9.17417802e-01, 1.68174068e-02, 8.54891070e-01, 2.63735331e+03
1.63360131e+01, 1.23894923e+00, 5.76833898e-02, 9.17984085e-01, 1.62511233e-02, 8.45185843e-01, 2.72925320e+03
1.67370025e+01, 1.24888023e+00, 5.63793122e-02, 9.18532053e-01, 1.57031549e-02, 8.35577438e-01, 2.82449094e+03
1.71478347e+01, 1.25882482e+00, 5.51029925e-02, 9.19062257e-01, 1.51729511e-02, 8.26065339e-01, 2.92318931e+03
1.75687514e+01, 1.26878270e+00, 5.38539173e-02, 9.19575233e-01, 1.46599758e-02, 8.16649019e-01, 3.02547563e+03
1.80000000e+01, 1.27875360e+00, 5.26315789e-02, 9.20071502e-01, 1.41637067e-02, 8.07327937e-01, 3.13148193e+03
