 --- Cosmological Parameters --- 
	 H0: 2.1927e-18 (1/s) = 67.6600 (km/s/Mpc) 
	 OmegaM: 3.1110e-01 
	 OmegaR: 0.0000e+00 
	 OmegaL: 6.8890e-01 
	 OmegaK: 0.0000e+00 
		 w0: -1.0000e+00 
		 wa: 0.0000e+00 
	 rho_crit: 8.6009e-30 (g/cm^3) 
z, log10(1+z), a, H0*t_look, H0*t_age, H0*t_conf, H(z) 
1.00000000e-04, 4.34272769e-05, 9.99900010e-01, 9.99926672e-05, 9.54226437e-01, 3.25654047e+00, 6.76631576e+01
1.02454634e-04, 4.44932032e-05, 9.99897556e-01, 1.02446937e-04, 9.54223982e-01, 3.25653802e+00, 6.76632351e+01
1.04969521e-04, 4.55852914e-05, 9.99895041e-01, 1.04961442e-04, 9.54221468e-01, 3.25653550e+00, 6.76633145e+01
1.07546139e-04, 4.67041835e-05, 9.99892465e-01, 1.07537658e-04, 9.54218892e-01, 3.25653293e+00, 6.76633959e+01
1.10186004e-04, 4.78505373e-05, 9.99889826e-01, 1.10177101e-04, 9.54216252e-01, 3.25653029e+00, 6.76634793e+01
1.12890668e-04, 4.90250268e-05, 9.99887122e-01, 1.12881322e-04, 9.54213548e-01, 3.25652758e+00, 6.76635647e+01
1.15661721e-04, 5.02283424e-05, 9.99884352e-01, 1.15651911e-04, 9.54210777e-01, 3.25652481e+00, 6.76636522e+01
1.18500793e-04, 5.14611916e-05, 9.99881513e-01, 1.18490496e-04, 9.54207939e-01, 3.25652197e+00, 6.76637418e+01
1.21409555e-04, 5.27242991e-05, 9.99878605e-01, 1.21398746e-04, 9.54205030e-01, 3.25651906e+00, 6.76638337e+01
1.24389715e-04, 5.40184074e-05, 9.99875626e-01, 1.24378370e-04, 9.54202051e-01, 3.25651608e+00, 6.76639278e+01
1.27443028e-04, 5.53442774e-05, 9.99872573e-01, 1.27431119e-04, 9.54198998e-01, 3.25651303e+00, 6.76640242e+01
1.30571289e-04, 5.67026884e-05, 9.99869446e-01, 1.30558787e-04, 9.54195870e-01, 3.25650990e+00, 6.76641230e+01
1.33776337e-04, 5.80944390e-05, 9.99866242e-01, 1.33763214e-04, 9.54192666e-01, 3.25650670e+00, 6.76642242e+01
1.37060057e-04, 5.95203474e-05, 9.99862959e-01, 1.37046282e-04, 9.54189383e-01, 3.25650341e+00, 6.76643279e+01
1.40424380e-04, 6.09812518e-05, 9.99859595e-01, 1.40409921e-04, 9.54186019e-01, 3.25650005e+00, 6.76644342e+01
1.43871285e-04, 6.24780110e-05, 9.99856149e-01, 1.43856108e-04, 9.54182573e-01, 3.25649660e+00, 6.76645430e+01
1.47402799e-04, 6.40115048e-05, 9.99852619e-01, 1.47386867e-04, 9.54179042e-01, 3.25649307e+00, 6.76646546e+01
1.51020999e-04, 6.55826346e-05, 9.99849002e-01, 1.51004276e-04, 9.54175425e-01, 3.25648945e+00, 6.76647688e+01
1.54728013e-04, 6.71923241e-05, 9.99845296e-01, 1.54710458e-04, 9.54171719e-01, 3.25648575e+00, 6.76648859e+01
1.58526020e-04, 6.88415193e-05, 9.99841499e-01, 1.58507593e-04, 9.54167922e-01, 3.25648195e+00, 6.76650058e+01
1.62417254e-04, 7.05311897e-05, 9.99837609e-01, 1.62397912e-04, 9.54164031e-01, 3.25647806e+00, 6.76651287e+01
1.66404004e-04, 7.22623286e-05, 9.99833624e-01, 1.66383700e-04, 9.54160046e-01, 3.25647407e+00, 6.76652546e+01
1.70488614e-04, 7.40359535e-05, 9.99829540e-01, 1.70467301e-04, 9.54155962e-01, 3.25646999e+00, 6.76653836e+01
1.74673487e-04, 7.58531068e-05, 9.99825357e-01, 1.74651115e-04, 9.54151778e-01, 3.25646580e+00, 6.76655158e+01
1.78961082e-04, 7.77148567e-05, 9.99821071e-01, 1.78937599e-04, 9.54147492e-01, 3.25646152e+00, 6.76656512e+01
1.83353923e-04, 7.96222975e-05, 9.99816680e-01, 1.83329272e-04, 9.54143100e-01, 3.25645712e+00, 6.76657899e+01
1.87854591e-04, 8.15765504e-05, 9.99812181e-01, 1.87828716e-04, 9.54138601e-01, 3.25645262e+00, 6.76659321e+01
1.92465735e-04, 8.35787638e-05, 9.99807571e-01, 1.92438573e-04, 9.54133991e-01, 3.25644801e+00, 6.76660777e+01
1.97190065e-04, 8.56301147e-05, 9.99802849e-01, 1.97161554e-04, 9.54129268e-01, 3.25644329e+00, 6.76662269e+01
2.02030360e-04, 8.77318088e-05, 9.99798010e-01, 2.02000432e-04, 9.54124429e-01, 3.25643845e+00, 6.76663798e+01
2.06989467e-04, 8.98850811e-05, 9.99793053e-01, 2.06958052e-04, 9.54119471e-01, 3.25643349e+00, 6.76665364e+01
2.12070302e-04, 9.20911974e-05, 9.99787975e-01, 2.12037326e-04, 9.54114392e-01, 3.25642841e+00, 6.76666969e+01
2.17275853e-04, 9.43514542e-05, 9.99782771e-01, 2.17241238e-04, 9.54109188e-01, 3.25642321e+00, 6.76668613e+01
2.22609181e-04, 9.66671797e-05, 9.99777440e-01, 2.22572846e-04, 9.54103856e-01, 3.25641787e+00, 6.76670298e+01
2.28073423e-04, 9.90397351e-05, 9.99771979e-01, 2.28035282e-04, 9.54098394e-01, 3.25641241e+00, 6.76672023e+01
2.33671791e-04, 1.01470515e-04, 9.99766383e-01, 2.33631756e-04, 9.54092797e-01, 3.25640681e+00, 6.76673792e+01
2.39407580e-04, 1.03960947e-04, 9.99760650e-01, 2.39365555e-04, 9.54087064e-01, 3.25640108e+00, 6.76675603e+01
2.45284161e-04, 1.06512495e-04, 9.99754776e-01, 2.45240047e-04, 9.54081189e-01, 3.25639520e+00, 6.76677459e+01
2.51304990e-04, 1.09126659e-04, 9.99748758e-01, 2.51258685e-04, 9.54075171e-01, 3.25638918e+00, 6.76679361e+01
2.57473609e-04, 1.11804975e-04, 9.99742593e-01, 2.57425003e-04, 9.54069004e-01, 3.25638301e+00, 6.76681310e+01
2.63793645e-04, 1.14549016e-04, 9.99736276e-01, 2.63742623e-04, 9.54062687e-01, 3.25637669e+00, 6.76683306e+01
2.70268815e-04, 1.17360396e-04, 9.99729804e-01, 2.70215258e-04, 9.54056214e-01, 3.25637022e+00, 6.76685351e+01
2.76902926e-04, 1.20240766e-04, 9.99723174e-01, 2.76846708e-04, 9.54049583e-01, 3.25636359e+00, 6.76687447e+01
2.83699881e-04, 1.23191819e-04, 9.99716381e-01, 2.83640869e-04, 9.54042788e-01, 3.25635679e+00, 6.76689594e+01
2.90663676e-04, 1.26215288e-04, 9.99709421e-01, 2.90601732e-04, 9.54035827e-01, 3.25634983e+00, 6.76691793e+01
2.97798407e-04, 1.29312951e-04, 9.99702290e-01, 2.97733385e-04, 9.54028696e-01, 3.25634269e+00, 6.76694047e+01
3.05108269e-04, 1.32486627e-04, 9.99694985e-01, 3.05040016e-04, 9.54021389e-01, 3.25633538e+00, 6.76696356e+01
3.12597562e-04, 1.35738182e-04, 9.99687500e-01, 3.12525917e-04, 9.54013903e-01, 3.25632790e+00, 6.76698722e+01
3.20270690e-04, 1.39069524e-04, 9.99679832e-01, 3.20195485e-04, 9.54006234e-01, 3.25632022e+00, 6.76701146e+01
3.28132164e-04, 1.42482613e-04, 9.99671975e-01, 3.28053222e-04, 9.53998376e-01, 3.25631236e+00, 6.76703629e+01
3.36186610e-04, 1.45979453e-04, 9.99663926e-01, 3.36103745e-04, 9.53990325e-01, 3.25630431e+00, 6.76706173e+01
3.44438762e-04, 1.49562098e-04, 9.99655680e-01, 3.44351780e-04, 9.53982077e-01, 3.25629606e+00, 6.76708780e+01
3.52893475e-04, 1.53232653e-04, 9.99647231e-01, 3.52802170e-04, 9.53973627e-01, 3.25628761e+00, 6.76711451e+01
3.61555719e-04, 1.56993275e-04, 9.99638575e-01, 3.61459878e-04, 9.53964969e-01, 3.25627895e+00, 6.76714188e+01
3.70430591e-04, 1.60846172e-04, 9.99629707e-01, 3.70329987e-04, 9.53956099e-01, 3.25627007e+00, 6.76716991e+01
3.79523308e-04, 1.64793609e-04, 9.99620621e-01, 3.79417705e-04, 9.53947012e-01, 3.25626098e+00, 6.76719864e+01
3.88839218e-04, 1.68837903e-04, 9.99611312e-01, 3.88728368e-04, 9.53937701e-01, 3.25625167e+00, 6.76722807e+01
3.98383799e-04, 1.72981431e-04, 9.99601775e-01, 3.98267441e-04, 9.53928162e-01, 3.25624212e+00, 6.76725822e+01
4.08162665e-04, 1.77226627e-04, 9.99592004e-01, 4.08040526e-04, 9.53918389e-01, 3.25623235e+00, 6.76728912e+01
4.18181567e-04, 1.81575984e-04, 9.99581993e-01, 4.18053358e-04, 9.53908376e-01, 3.25622233e+00, 6.76732077e+01
4.28446396e-04, 1.86032056e-04, 9.99571737e-01, 4.28311817e-04, 9.53898117e-01, 3.25621207e+00, 6.76735320e+01
4.38963189e-04, 1.90597461e-04, 9.99561229e-01, 4.38821923e-04, 9.53887607e-01, 3.25620155e+00, 6.76738643e+01
4.49738130e-04, 1.95274880e-04, 9.99550464e-01, 4.49589845e-04, 9.53876839e-01, 3.25619078e+00, 6.76742047e+01
4.60777557e-04, 2.00067061e-04, 9.99539435e-01, 4.60621904e-04, 9.53865807e-01, 3.25617974e+00, 6.76745535e+01
4.72087962e-04, 2.04976817e-04, 9.99528135e-01, 4.71924575e-04, 9.53854505e-01, 3.25616843e+00, 6.76749109e+01
4.83675996e-04, 2.10007033e-04, 9.99516558e-01, 4.83504490e-04, 9.53842925e-01, 3.25615685e+00, 6.76752770e+01
4.95548474e-04, 2.15160661e-04, 9.99504697e-01, 4.95368446e-04, 9.53831061e-01, 3.25614498e+00, 6.76756522e+01
5.07712378e-04, 2.20440728e-04, 9.99492545e-01, 5.07523405e-04, 9.53818906e-01, 3.25613282e+00, 6.76760365e+01
5.20174861e-04, 2.25850336e-04, 9.99480096e-01, 5.19976498e-04, 9.53806453e-01, 3.25612036e+00, 6.76764303e+01
5.32943252e-04, 2.31392659e-04, 9.99467341e-01, 5.32735034e-04, 9.53793694e-01, 3.25610759e+00, 6.76768338e+01
5.46025061e-04, 2.37070953e-04, 9.99454273e-01, 5.45806497e-04, 9.53780623e-01, 3.25609451e+00, 6.76772472e+01
5.59427980e-04, 2.42888552e-04, 9.99440885e-01, 5.59198556e-04, 9.53767231e-01, 3.25608112e+00, 6.76776707e+01
5.73159892e-04, 2.48848870e-04, 9.99427168e-01, 5.72919069e-04, 9.53753510e-01, 3.25606739e+00, 6.76781046e+01
5.87228872e-04, 2.54955408e-04, 9.99413116e-01, 5.86976084e-04, 9.53739453e-01, 3.25605332e+00, 6.76785492e+01
6.01643195e-04, 2.61211749e-04, 9.99398719e-01, 6.01377846e-04, 9.53725051e-01, 3.25603891e+00, 6.76790048e+01
6.16411336e-04, 2.67621568e-04, 9.99383968e-01, 6.16132803e-04, 9.53710296e-01, 3.25602415e+00, 6.76794715e+01
6.31541981e-04, 2.74188626e-04, 9.99368857e-01, 6.31249609e-04, 9.53695180e-01, 3.25600902e+00, 6.76799497e+01
6.47044028e-04, 2.80916778e-04, 9.99353374e-01, 6.46737130e-04, 9.53679692e-01, 3.25599352e+00, 6.76804396e+01
6.62926594e-04, 2.87809974e-04, 9.99337513e-01, 6.62604447e-04, 9.53663825e-01, 3.25597765e+00, 6.76809416e+01
6.79199019e-04, 2.94872259e-04, 9.99321262e-01, 6.78860866e-04, 9.53647568e-01, 3.25596138e+00, 6.76814559e+01
6.95870872e-04, 3.02107778e-04, 9.99304613e-01, 6.95515919e-04, 9.53630913e-01, 3.25594471e+00, 6.76819828e+01
7.12951958e-04, 3.09520778e-04, 9.99287556e-01, 7.12579369e-04, 9.53613850e-01, 3.25592764e+00, 6.76825227e+01
7.30452323e-04, 3.17115608e-04, 9.99270081e-01, 7.30061222e-04, 9.53596368e-01, 3.25591014e+00, 6.76830759e+01
7.48382258e-04, 3.24896726e-04, 9.99252177e-01, 7.47971725e-04, 9.53578458e-01, 3.25589222e+00, 6.76836426e+01
7.66752306e-04, 3.32868698e-04, 9.99233835e-01, 7.66321377e-04, 9.53560108e-01, 3.25587386e+00, 6.76842233e+01
7.85573273e-04, 3.41036201e-04, 9.99215043e-01, 7.85120934e-04, 9.53541308e-01, 3.25585504e+00, 6.76848183e+01
8.04856225e-04, 3.49404026e-04, 9.99195791e-01, 8.04381412e-04, 9.53522048e-01, 3.25583577e+00, 6.76854278e+01
8.24612504e-04, 3.57977084e-04, 9.99176067e-01, 8.24114101e-04, 9.53502315e-01, 3.25581602e+00, 6.76860524e+01
8.44853726e-04, 3.66760404e-04, 9.99155859e-01, 8.44330562e-04, 9.53482099e-01, 3.25579578e+00, 6.76866923e+01
8.65591797e-04, 3.75759138e-04, 9.99135157e-01, 8.65042641e-04, 9.53461387e-01, 3.25577505e+00, 6.76873479e+01
8.86838912e-04, 3.84978564e-04, 9.99113947e-01, 8.86262472e-04, 9.53440167e-01, 3.25575381e+00, 6.76880197e+01
9.08607565e-04, 3.94424091e-04, 9.99092217e-01, 9.08002488e-04, 9.53418427e-01, 3.25573206e+00, 6.76887079e+01
9.30910560e-04, 4.04101257e-04, 9.99069955e-01, 9.30275421e-04, 9.53396154e-01, 3.25570976e+00, 6.76894131e+01
9.53761012e-04, 4.14015740e-04, 9.99047148e-01, 9.53094318e-04, 9.53373335e-01, 3.25568692e+00, 6.76901356e+01
9.77172358e-04, 4.24173351e-04, 9.99023782e-01, 9.76472543e-04, 9.53349957e-01, 3.25566352e+00, 6.76908759e+01
1.00115837e-03, 4.34580049e-04, 9.98999843e-01, 1.00042379e-03, 9.53326005e-01, 3.25563955e+00, 6.76916344e+01
1.02573315e-03, 4.45241935e-04, 9.98975318e-01, 1.02496207e-03, 9.53301467e-01, 3.25561498e+00, 6.76924115e+01
1.05091115e-03, 4.56165259e-04, 9.98950192e-01, 1.05010176e-03, 9.53276327e-01, 3.25558982e+00, 6.76932077e+01
1.07670717e-03, 4.67356426e-04, 9.98924451e-01, 1.07585758e-03, 9.53250572e-01, 3.25556403e+00, 6.76940235e+01
1.10313640e-03, 4.78821996e-04, 9.98898079e-01, 1.10224460e-03, 9.53224185e-01, 3.25553762e+00, 6.76948594e+01
1.13021436e-03, 4.90568690e-04, 9.98871062e-01, 1.12927826e-03, 9.53197151e-01, 3.25551055e+00, 6.76957158e+01
1.15795700e-03, 5.02603393e-04, 9.98843382e-01, 1.15697439e-03, 9.53169455e-01, 3.25548283e+00, 6.76965933e+01
1.18638061e-03, 5.14933158e-04, 9.98815025e-01, 1.18534919e-03, 9.53141080e-01, 3.25545442e+00, 6.76974923e+01
1.21550191e-03, 5.27565211e-04, 9.98785974e-01, 1.21441926e-03, 9.53112010e-01, 3.25542531e+00, 6.76984135e+01
1.24533804e-03, 5.40506953e-04, 9.98756211e-01, 1.24420161e-03, 9.53082228e-01, 3.25539549e+00, 6.76993573e+01
1.27590654e-03, 5.53765968e-04, 9.98725719e-01, 1.27471365e-03, 9.53051716e-01, 3.25536494e+00, 6.77003243e+01
1.30722538e-03, 5.67350024e-04, 9.98694481e-01, 1.30597324e-03, 9.53020456e-01, 3.25533364e+00, 6.77013151e+01
1.33931299e-03, 5.81267078e-04, 9.98662478e-01, 1.33799864e-03, 9.52988431e-01, 3.25530158e+00, 6.77023303e+01
1.37218823e-03, 5.95525282e-04, 9.98629692e-01, 1.37080859e-03, 9.52955621e-01, 3.25526872e+00, 6.77033704e+01
1.40587043e-03, 6.10132987e-04, 9.98596103e-01, 1.40442226e-03, 9.52922007e-01, 3.25523506e+00, 6.77044361e+01
1.44037941e-03, 6.25098748e-04, 9.98561692e-01, 1.43885931e-03, 9.52887570e-01, 3.25520058e+00, 6.77055281e+01
1.47573546e-03, 6.40431330e-04, 9.98526439e-01, 1.47413985e-03, 9.52852289e-01, 3.25516524e+00, 6.77066469e+01
1.51195937e-03, 6.56139709e-04, 9.98490323e-01, 1.51028450e-03, 9.52816145e-01, 3.25512904e+00, 6.77077932e+01
1.54907245e-03, 6.72233082e-04, 9.98453323e-01, 1.54731438e-03, 9.52779115e-01, 3.25509196e+00, 6.77089678e+01
1.58709651e-03, 6.88720870e-04, 9.98415418e-01, 1.58525113e-03, 9.52741178e-01, 3.25505396e+00, 6.77101712e+01
1.62605393e-03, 7.05612723e-04, 9.98376586e-01, 1.62411688e-03, 9.52702312e-01, 3.25501503e+00, 6.77114043e+01
1.66596761e-03, 7.22918529e-04, 9.98336803e-01, 1.66393435e-03, 9.52662495e-01, 3.25497515e+00, 6.77126677e+01
1.70686103e-03, 7.40648414e-04, 9.98296047e-01, 1.70472677e-03, 9.52621702e-01, 3.25493429e+00, 6.77139622e+01
1.74875823e-03, 7.58812752e-04, 9.98254295e-01, 1.74651797e-03, 9.52579911e-01, 3.25489243e+00, 6.77152885e+01
1.79168385e-03, 7.77422170e-04, 9.98211521e-01, 1.78933232e-03, 9.52537097e-01, 3.25484954e+00, 6.77166475e+01
1.83566314e-03, 7.96487554e-04, 9.98167700e-01, 1.83319482e-03, 9.52493234e-01, 3.25480559e+00, 6.77180399e+01
1.88072196e-03, 8.16020056e-04, 9.98122809e-01, 1.87813104e-03, 9.52448298e-01, 3.25476057e+00, 6.77194667e+01
1.92688681e-03, 8.36031098e-04, 9.98076819e-01, 1.92416721e-03, 9.52402262e-01, 3.25471445e+00, 6.77209285e+01
1.97418484e-03, 8.56532382e-04, 9.98029705e-01, 1.97133017e-03, 9.52355099e-01, 3.25466720e+00, 6.77224263e+01
2.02264386e-03, 8.77535894e-04, 9.97981439e-01, 2.01964742e-03, 9.52306782e-01, 3.25461878e+00, 6.77239610e+01
2.07229237e-03, 8.99053912e-04, 9.97931993e-01, 2.06914711e-03, 9.52257282e-01, 3.25456918e+00, 6.77255335e+01
2.12315957e-03, 9.21099013e-04, 9.97881339e-01, 2.11985811e-03, 9.52206571e-01, 3.25451836e+00, 6.77271448e+01
2.17527538e-03, 9.43684080e-04, 9.97829446e-01, 2.17180996e-03, 9.52154619e-01, 3.25446630e+00, 6.77287957e+01
2.22867044e-03, 9.66822310e-04, 9.97776285e-01, 2.22503292e-03, 9.52101396e-01, 3.25441296e+00, 6.77304872e+01
2.28337615e-03, 9.90527220e-04, 9.97721826e-01, 2.27955800e-03, 9.52046871e-01, 3.25435831e+00, 6.77322205e+01
2.33942469e-03, 1.01481266e-03, 9.97666035e-01, 2.33541693e-03, 9.51991012e-01, 3.25430232e+00, 6.77339964e+01
2.39684902e-03, 1.03969281e-03, 9.97608882e-01, 2.39264223e-03, 9.51933787e-01, 3.25424496e+00, 6.77358161e+01
2.45568290e-03, 1.06518219e-03, 9.97550333e-01, 2.45126721e-03, 9.51875162e-01, 3.25418620e+00, 6.77376806e+01
2.51596094e-03, 1.09129570e-03, 9.97490353e-01, 2.51132598e-03, 9.51815103e-01, 3.25412599e+00, 6.77395910e+01
2.57771858e-03, 1.11804857e-03, 9.97428909e-01, 2.57285347e-03, 9.51753576e-01, 3.25406430e+00, 6.77415485e+01
2.64099215e-03, 1.14545641e-03, 9.97365964e-01, 2.63588546e-03, 9.51690544e-01, 3.25400111e+00, 6.77435543e+01
2.70581886e-03, 1.17353523e-03, 9.97301483e-01, 2.70045859e-03, 9.51625971e-01, 3.25393636e+00, 6.77456095e+01
2.77223682e-03, 1.20230139e-03, 9.97235427e-01, 2.76661040e-03, 9.51559819e-01, 3.25387003e+00, 6.77477153e+01
2.84028510e-03, 1.23177168e-03, 9.97167759e-01, 2.83437932e-03, 9.51492050e-01, 3.25380207e+00, 6.77498731e+01
2.91000372e-03, 1.26196329e-03, 9.97098440e-01, 2.90380471e-03, 9.51422625e-01, 3.25373244e+00, 6.77520841e+01
2.98143367e-03, 1.29289381e-03, 9.97027429e-01, 2.97492688e-03, 9.51351502e-01, 3.25366111e+00, 6.77543496e+01
3.05461697e-03, 1.32458128e-03, 9.96954685e-01, 3.04778712e-03, 9.51278642e-01, 3.25358803e+00, 6.77566709e+01
3.12959665e-03, 1.35704416e-03, 9.96880167e-01, 3.12242772e-03, 9.51204002e-01, 3.25351316e+00, 6.77590495e+01
3.20641681e-03, 1.39030137e-03, 9.96803831e-01, 3.19889196e-03, 9.51127537e-01, 3.25343645e+00, 6.77614868e+01
3.28512262e-03, 1.42437229e-03, 9.96725634e-01, 3.27722420e-03, 9.51049205e-01, 3.25335787e+00, 6.77639842e+01
3.36576037e-03, 1.45927674e-03, 9.96645530e-01, 3.35746984e-03, 9.50968959e-01, 3.25327735e+00, 6.77665432e+01
3.44837749e-03, 1.49503507e-03, 9.96563473e-01, 3.43967539e-03, 9.50886754e-01, 3.25319487e+00, 6.77691653e+01
3.53302255e-03, 1.53166808e-03, 9.96479416e-01, 3.52388846e-03, 9.50802541e-01, 3.25311036e+00, 6.77718521e+01
3.61974534e-03, 1.56919709e-03, 9.96393310e-01, 3.61015783e-03, 9.50716271e-01, 3.25302378e+00, 6.77746053e+01
3.70859686e-03, 1.60764394e-03, 9.96305106e-01, 3.69853344e-03, 9.50627896e-01, 3.25293508e+00, 6.77774264e+01
3.79962935e-03, 1.64703099e-03, 9.96214753e-01, 3.78906641e-03, 9.50537363e-01, 3.25284421e+00, 6.77803172e+01
3.89289636e-03, 1.68738114e-03, 9.96122200e-01, 3.88180911e-03, 9.50444620e-01, 3.25275111e+00, 6.77832793e+01
3.98845274e-03, 1.72871785e-03, 9.96027392e-01, 3.97681518e-03, 9.50349614e-01, 3.25265573e+00, 6.77863146e+01
4.08635468e-03, 1.77106515e-03, 9.95930276e-01, 4.07413950e-03, 9.50252290e-01, 3.25255801e+00, 6.77894248e+01
4.18665975e-03, 1.81444763e-03, 9.95830795e-01, 4.17383831e-03, 9.50152591e-01, 3.25245790e+00, 6.77926119e+01
4.28942694e-03, 1.85889051e-03, 9.95728894e-01, 4.27596917e-03, 9.50050460e-01, 3.25235534e+00, 6.77958777e+01
4.39471669e-03, 1.90441958e-03, 9.95624512e-01, 4.38059103e-03, 9.49945838e-01, 3.25225026e+00, 6.77992242e+01
4.50259092e-03, 1.95106127e-03, 9.95517592e-01, 4.48776424e-03, 9.49838665e-01, 3.25214261e+00, 6.78026534e+01
4.61311307e-03, 1.99884264e-03, 9.95408070e-01, 4.59755061e-03, 9.49728879e-01, 3.25203233e+00, 6.78061674e+01
4.72634814e-03, 2.04779143e-03, 9.95295885e-01, 4.71001341e-03, 9.49616416e-01, 3.25191934e+00, 6.78097682e+01
4.84236271e-03, 2.09793601e-03, 9.95180973e-01, 4.82521742e-03, 9.49501212e-01, 3.25180358e+00, 6.78134580e+01
4.96122501e-03, 2.14930545e-03, 9.95063267e-01, 4.94322897e-03, 9.49383200e-01, 3.25168499e+00, 6.78172392e+01
5.08300495e-03, 2.20192952e-03, 9.94942701e-01, 5.06411597e-03, 9.49262313e-01, 3.25156350e+00, 6.78211138e+01
5.20777414e-03, 2.25583871e-03, 9.94819206e-01, 5.18794796e-03, 9.49138481e-01, 3.25143903e+00, 6.78250843e+01
5.33560596e-03, 2.31106423e-03, 9.94692712e-01, 5.31479611e-03, 9.49011633e-01, 3.25131151e+00, 6.78291530e+01
5.46657559e-03, 2.36763806e-03, 9.94563145e-01, 5.44473330e-03, 9.48881696e-01, 3.25118087e+00, 6.78333224e+01
5.60076003e-03, 2.42559292e-03, 9.94430434e-01, 5.57783415e-03, 9.48748595e-01, 3.25104704e+00, 6.78375950e+01
5.73823822e-03, 2.48496234e-03, 9.94294501e-01, 5.71417501e-03, 9.48612254e-01, 3.25090992e+00, 6.78419734e+01
5.87909099e-03, 2.54578065e-03, 9.94155271e-01, 5.85383410e-03, 9.48472595e-01, 3.25076945e+00, 6.78464602e+01
6.02340119e-03, 2.60808300e-03, 9.94012663e-01, 5.99689144e-03, 9.48329538e-01, 3.25062554e+00, 6.78510582e+01
6.17125367e-03, 2.67190537e-03, 9.93866597e-01, 6.14342899e-03, 9.48183000e-01, 3.25047811e+00, 6.78557700e+01
6.32273539e-03, 2.73728462e-03, 9.93716990e-01, 6.29353061e-03, 9.48032899e-01, 3.25032707e+00, 6.78605986e+01
6.47793543e-03, 2.80425848e-03, 9.93563758e-01, 6.44728218e-03, 9.47879147e-01, 3.25017234e+00, 6.78655469e+01
6.63694507e-03, 2.87286561e-03, 9.93406814e-01, 6.60477157e-03, 9.47721658e-01, 3.25001382e+00, 6.78706179e+01
6.79985781e-03, 2.94314554e-03, 9.93246068e-01, 6.76608874e-03, 9.47560340e-01, 3.24985142e+00, 6.78758146e+01
6.96676946e-03, 3.01513880e-03, 9.93081431e-01, 6.93132579e-03, 9.47395103e-01, 3.24968504e+00, 6.78811402e+01
7.13777819e-03, 3.08888685e-03, 9.92912809e-01, 7.10057695e-03, 9.47225852e-01, 3.24951460e+00, 6.78865979e+01
7.31298455e-03, 3.16443217e-03, 9.92740107e-01, 7.27393870e-03, 9.47052491e-01, 3.24933998e+00, 6.78921911e+01
7.49249159e-03, 3.24181822e-03, 9.92563228e-01, 7.45150976e-03, 9.46874919e-01, 3.24916110e+00, 6.78979230e+01
7.67640488e-03, 3.32108951e-03, 9.92382073e-01, 7.63339119e-03, 9.46693038e-01, 3.24897784e+00, 6.79037973e+01
7.86483256e-03, 3.40229162e-03, 9.92196540e-01, 7.81968640e-03, 9.46506743e-01, 3.24879009e+00, 6.79098175e+01
8.05788545e-03, 3.48547120e-03, 9.92006525e-01, 8.01050124e-03, 9.46315928e-01, 3.24859776e+00, 6.79159873e+01
8.25567708e-03, 3.57067602e-03, 9.91811921e-01, 8.20594401e-03, 9.46120485e-01, 3.24840072e+00, 6.79223103e+01
8.45832378e-03, 3.65795498e-03, 9.91612619e-01, 8.40612555e-03, 9.45920304e-01, 3.24819887e+00, 6.79287906e+01
8.66594471e-03, 3.74735812e-03, 9.91408509e-01, 8.61115930e-03, 9.45715270e-01, 3.24799208e+00, 6.79354319e+01
8.87866197e-03, 3.83893670e-03, 9.91199475e-01, 8.82116134e-03, 9.45505268e-01, 3.24778023e+00, 6.79422384e+01
9.09660067e-03, 3.93274317e-03, 9.90985402e-01, 9.03625041e-03, 9.45290179e-01, 3.24756321e+00, 6.79492143e+01
9.31988897e-03, 4.02883125e-03, 9.90766169e-01, 9.25654807e-03, 9.45069881e-01, 3.24734089e+00, 6.79563638e+01
9.54865817e-03, 4.12725589e-03, 9.90541656e-01, 9.48217866e-03, 9.44844251e-01, 3.24711313e+00, 6.79636913e+01
9.78304283e-03, 4.22807336e-03, 9.90311738e-01, 9.71326940e-03, 9.44613160e-01, 3.24687980e+00, 6.79712013e+01
1.00231808e-02, 4.33134127e-03, 9.90076286e-01, 9.94995048e-03, 9.44376479e-01, 3.24664078e+00, 6.79788984e+01
1.02692132e-02, 4.43711857e-03, 9.89835172e-01, 1.01923551e-02, 9.44134074e-01, 3.24639591e+00, 6.79867873e+01
1.05212849e-02, 4.54546560e-03, 9.89588260e-01, 1.04406194e-02, 9.43885810e-01, 3.24614507e+00, 6.79948729e+01
1.07795440e-02, 4.65644413e-03, 9.89335415e-01, 1.06948829e-02, 9.43631546e-01, 3.24588810e+00, 6.80031601e+01
1.10441424e-02, 4.77011737e-03, 9.89076498e-01, 1.09552882e-02, 9.43371141e-01, 3.24562485e+00, 6.80116541e+01
1.13152357e-02, 4.88655003e-03, 9.88811366e-01, 1.12219810e-02, 9.43104448e-01, 3.24535517e+00, 6.80203601e+01
1.15929834e-02, 5.00580832e-03, 9.88539874e-01, 1.14951106e-02, 9.42831319e-01, 3.24507892e+00, 6.80292835e+01
1.18775487e-02, 5.12796000e-03, 9.88261871e-01, 1.17748297e-02, 9.42551600e-01, 3.24479592e+00, 6.80384299e+01
1.21690991e-02, 5.25307444e-03, 9.87977207e-01, 1.20612943e-02, 9.42265135e-01, 3.24450601e+00, 6.80478047e+01
1.24678060e-02, 5.38122262e-03, 9.87685726e-01, 1.23546640e-02, 9.41971765e-01, 3.24420902e+00, 6.80574140e+01
1.27738451e-02, 5.51247715e-03, 9.87387268e-01, 1.26551022e-02, 9.41671327e-01, 3.24390479e+00, 6.80672636e+01
1.30873963e-02, 5.64691238e-03, 9.87081671e-01, 1.29627758e-02, 9.41363653e-01, 3.24359314e+00, 6.80773597e+01
1.34086440e-02, 5.78460436e-03, 9.86768769e-01, 1.32778557e-02, 9.41048574e-01, 3.24327389e+00, 6.80877085e+01
1.37377772e-02, 5.92563091e-03, 9.86448392e-01, 1.36005163e-02, 9.40725913e-01, 3.24294685e+00, 6.80983165e+01
1.40749895e-02, 6.07007167e-03, 9.86120366e-01, 1.39309364e-02, 9.40395493e-01, 3.24261183e+00, 6.81091904e+01
1.44204790e-02, 6.21800811e-03, 9.85784515e-01, 1.42692984e-02, 9.40057131e-01, 3.24226865e+00, 6.81203368e+01
1.47744490e-02, 6.36952361e-03, 9.85440657e-01, 1.46157891e-02, 9.39710640e-01, 3.24191710e+00, 6.81317629e+01
1.51371078e-02, 6.52470346e-03, 9.85088608e-01, 1.49705993e-02, 9.39355830e-01, 3.24155698e+00, 6.81434757e+01
1.55086684e-02, 6.68363492e-03, 9.84728177e-01, 1.53339240e-02, 9.38992505e-01, 3.24118809e+00, 6.81554826e+01
1.58893496e-02, 6.84640726e-03, 9.84359173e-01, 1.57059629e-02, 9.38620466e-01, 3.24081021e+00, 6.81677911e+01
1.62793750e-02, 7.01311183e-03, 9.83981398e-01, 1.60869197e-02, 9.38239510e-01, 3.24042313e+00, 6.81804091e+01
1.66789742e-02, 7.18384205e-03, 9.83594650e-01, 1.64770030e-02, 9.37849426e-01, 3.24002662e+00, 6.81933444e+01
1.70883820e-02, 7.35869348e-03, 9.83198725e-01, 1.68764256e-02, 9.37450004e-01, 3.23962045e+00, 6.82066052e+01
1.75078393e-02, 7.53776390e-03, 9.82793411e-01, 1.72854054e-02, 9.37041024e-01, 3.23920440e+00, 6.82201999e+01
1.79375928e-02, 7.72115330e-03, 9.82378495e-01, 1.77041648e-02, 9.36622264e-01, 3.23877821e+00, 6.82341371e+01
1.83778951e-02, 7.90896396e-03, 9.81953757e-01, 1.81329312e-02, 9.36193498e-01, 3.23834166e+00, 6.82484257e+01
1.88290053e-02, 8.10130049e-03, 9.81518974e-01, 1.85719370e-02, 9.35754492e-01, 3.23789449e+00, 6.82630747e+01
1.92911885e-02, 8.29826988e-03, 9.81073918e-01, 1.90214195e-02, 9.35305010e-01, 3.23743644e+00, 6.82780935e+01
1.97647167e-02, 8.49998153e-03, 9.80618356e-01, 1.94816213e-02, 9.34844808e-01, 3.23696725e+00, 6.82934917e+01
2.02498682e-02, 8.70654736e-03, 9.80152050e-01, 1.99527902e-02, 9.34373639e-01, 3.23648666e+00, 6.83092790e+01
2.07469285e-02, 8.91808177e-03, 9.79674758e-01, 2.04351794e-02, 9.33891250e-01, 3.23599438e+00, 6.83254657e+01
2.12561897e-02, 9.13470177e-03, 9.79186232e-01, 2.09290474e-02, 9.33397382e-01, 3.23549014e+00, 6.83420621e+01
2.17779515e-02, 9.35652700e-03, 9.78686219e-01, 2.14346584e-02, 9.32891771e-01, 3.23497365e+00, 6.83590789e+01
2.23125206e-02, 9.58367978e-03, 9.78174462e-01, 2.19522821e-02, 9.32374147e-01, 3.23444461e+00, 6.83765269e+01
2.28602114e-02, 9.81628518e-03, 9.77650698e-01, 2.24821939e-02, 9.31844235e-01, 3.23390273e+00, 6.83944176e+01
2.34213461e-02, 1.00544710e-02, 9.77114659e-01, 2.30246753e-02, 9.31301754e-01, 3.23334770e+00, 6.84127625e+01
2.39962545e-02, 1.02983681e-02, 9.76566072e-01, 2.35800133e-02, 9.30746416e-01, 3.23277919e+00, 6.84315734e+01
2.45852748e-02, 1.05481100e-02, 9.76004657e-01, 2.41485014e-02, 9.30177928e-01, 3.23219690e+00, 6.84508626e+01
2.51887535e-02, 1.08038332e-02, 9.75430131e-01, 2.47304388e-02, 9.29595990e-01, 3.23160048e+00, 6.84706427e+01
2.58070453e-02, 1.10656775e-02, 9.74842203e-01, 2.53261311e-02, 9.29000298e-01, 3.23098960e+00, 6.84909265e+01
2.64405139e-02, 1.13337854e-02, 9.74240578e-01, 2.59358904e-02, 9.28390539e-01, 3.23036391e+00, 6.85117273e+01
2.70895319e-02, 1.16083029e-02, 9.73624956e-01, 2.65600349e-02, 9.27766394e-01, 3.22972306e+00, 6.85330588e+01
2.77544809e-02, 1.18893789e-02, 9.72995028e-01, 2.71988896e-02, 9.27127540e-01, 3.22906668e+00, 6.85549350e+01
2.84357519e-02, 1.21771658e-02, 9.72350483e-01, 2.78527859e-02, 9.26473643e-01, 3.22839442e+00, 6.85773703e+01
2.91337457e-02, 1.24718191e-02, 9.71691001e-01, 2.85220621e-02, 9.25804367e-01, 3.22770588e+00, 6.86003796e+01
2.98488727e-02, 1.27734979e-02, 9.71016259e-01, 2.92070632e-02, 9.25119366e-01, 3.22700067e+00, 6.86239780e+01
3.05815534e-02, 1.30823647e-02, 9.70325926e-01, 2.99081413e-02, 9.24418288e-01, 3.22627841e+00, 6.86481812e+01
3.13322187e-02, 1.33985853e-02, 9.69619665e-01, 3.06256552e-02, 9.23700774e-01, 3.22553869e+00, 6.86730054e+01
3.21013102e-02, 1.37223294e-02, 9.68897133e-01, 3.13599712e-02, 9.22966458e-01, 3.22478108e+00, 6.86984671e+01
3.28892800e-02, 1.40537701e-02, 9.68157981e-01, 3.21114625e-02, 9.22214967e-01, 3.22400517e+00, 6.87245834e+01
3.36965916e-02, 1.43930843e-02, 9.67401855e-01, 3.28805098e-02, 9.21445919e-01, 3.22321052e+00, 6.87513718e+01
3.45237198e-02, 1.47404527e-02, 9.66628392e-01, 3.36675010e-02, 9.20658928e-01, 3.22239668e+00, 6.87788503e+01
3.53711509e-02, 1.50960598e-02, 9.65837226e-01, 3.44728318e-02, 9.19853597e-01, 3.22156321e+00, 6.88070375e+01
3.62393833e-02, 1.54600941e-02, 9.65027981e-01, 3.52969051e-02, 9.19029524e-01, 3.22070963e+00, 6.88359526e+01
3.71289277e-02, 1.58327478e-02, 9.64200278e-01, 3.61401318e-02, 9.18186297e-01, 3.21983547e+00, 6.88656150e+01
3.80403072e-02, 1.62142175e-02, 9.63353728e-01, 3.70029303e-02, 9.17323499e-01, 3.21894024e+00, 6.88960451e+01
3.89740577e-02, 1.66047037e-02, 9.62487940e-01, 3.78857271e-02, 9.16440702e-01, 3.21802345e+00, 6.89272636e+01
3.99307284e-02, 1.70044111e-02, 9.61602511e-01, 3.87889564e-02, 9.15537473e-01, 3.21708459e+00, 6.89592920e+01
4.09108818e-02, 1.74135487e-02, 9.60697037e-01, 3.97130604e-02, 9.14613369e-01, 3.21612313e+00, 6.89921523e+01
4.19150944e-02, 1.78323298e-02, 9.59771104e-01, 4.06584894e-02, 9.13667940e-01, 3.21513855e+00, 6.90258671e+01
4.29439567e-02, 1.82609720e-02, 9.58824291e-01, 4.16257021e-02, 9.12700727e-01, 3.21413030e+00, 6.90604599e+01
4.39980739e-02, 1.86996974e-02, 9.57856173e-01, 4.26151650e-02, 9.11711264e-01, 3.21309782e+00, 6.90959546e+01
4.50780658e-02, 1.91487328e-02, 9.56866317e-01, 4.36273532e-02, 9.10699076e-01, 3.21204055e+00, 6.91323761e+01
4.61845675e-02, 1.96083094e-02, 9.55854283e-01, 4.46627498e-02, 9.09663679e-01, 3.21095791e+00, 6.91697497e+01
4.73182299e-02, 2.00786630e-02, 9.54819625e-01, 4.57218467e-02, 9.08604583e-01, 3.20984930e+00, 6.92081019e+01
4.84797194e-02, 2.05600344e-02, 9.53761891e-01, 4.68051438e-02, 9.07521285e-01, 3.20871411e+00, 6.92474595e+01
4.96697193e-02, 2.10526689e-02, 9.52680621e-01, 4.79131499e-02, 9.06413279e-01, 3.20755173e+00, 6.92878505e+01
5.08889294e-02, 2.15568170e-02, 9.51575349e-01, 4.90463819e-02, 9.05280047e-01, 3.20636152e+00, 6.93293036e+01
5.21380666e-02, 2.20727338e-02, 9.50445604e-01, 5.02053657e-02, 9.04121064e-01, 3.20514283e+00, 6.93718482e+01
5.34178656e-02, 2.26006795e-02, 9.49290906e-01, 5.13906353e-02, 9.02935794e-01, 3.20389501e+00, 6.94155150e+01
5.47290789e-02, 2.31409197e-02, 9.48110771e-01, 5.26027337e-02, 9.01723696e-01, 3.20261737e+00, 6.94603352e+01
5.60724777e-02, 2.36937246e-02, 9.46904707e-01, 5.38422123e-02, 9.00484217e-01, 3.20130922e+00, 6.95063411e+01
5.74488521e-02, 2.42593701e-02, 9.45672217e-01, 5.51096311e-02, 8.99216798e-01, 3.19996986e+00, 6.95535663e+01
5.88590114e-02, 2.48381370e-02, 9.44412796e-01, 5.64055588e-02, 8.97920870e-01, 3.19859857e+00, 6.96020449e+01
6.03037850e-02, 2.54303117e-02, 9.43125936e-01, 5.77305726e-02, 8.96595857e-01, 3.19719461e+00, 6.96518125e+01
6.17840225e-02, 2.60361859e-02, 9.41811121e-01, 5.90852583e-02, 8.95241171e-01, 3.19575723e+00, 6.97029056e+01
6.33005944e-02, 2.66560567e-02, 9.40467827e-01, 6.04702102e-02, 8.93856219e-01, 3.19428566e+00, 6.97553617e+01
6.48543926e-02, 2.72902267e-02, 9.39095530e-01, 6.18860311e-02, 8.92440398e-01, 3.19277912e+00, 6.98092198e+01
6.64463309e-02, 2.79390044e-02, 9.37693694e-01, 6.33333323e-02, 8.90993097e-01, 3.19123680e+00, 6.98645200e+01
6.80773455e-02, 2.86027035e-02, 9.36261783e-01, 6.48127334e-02, 8.89513696e-01, 3.18965790e+00, 6.99213035e+01
6.97483955e-02, 2.92816437e-02, 9.34799252e-01, 6.63248622e-02, 8.88001567e-01, 3.18804156e+00, 6.99796129e+01
7.14604636e-02, 2.99761504e-02, 9.33305553e-01, 6.78703549e-02, 8.86456074e-01, 3.18638695e+00, 7.00394923e+01
7.32145568e-02, 3.06865547e-02, 9.31780131e-01, 6.94498555e-02, 8.84876574e-01, 3.18469320e+00, 7.01009869e+01
7.50117065e-02, 3.14131936e-02, 9.30222428e-01, 7.10640162e-02, 8.83262413e-01, 3.18295940e+00, 7.01641437e+01
7.68529697e-02, 3.21564101e-02, 9.28631882e-01, 7.27134970e-02, 8.81612932e-01, 3.18118468e+00, 7.02290109e+01
7.87394292e-02, 3.29165530e-02, 9.27007925e-01, 7.43989653e-02, 8.79927464e-01, 3.17936808e+00, 7.02956384e+01
8.06721944e-02, 3.36939773e-02, 9.25349986e-01, 7.61210964e-02, 8.78205333e-01, 3.17750869e+00, 7.03640777e+01
8.26524019e-02, 3.44890437e-02, 9.23657490e-01, 7.78805727e-02, 8.76445857e-01, 3.17560553e+00, 7.04343820e+01
8.46812162e-02, 3.53021194e-02, 9.21929858e-01, 7.96780837e-02, 8.74648346e-01, 3.17365763e+00, 7.05066060e+01
8.67598306e-02, 3.61335774e-02, 9.20166510e-01, 8.15143258e-02, 8.72812103e-01, 3.17166399e+00, 7.05808066e+01
8.88894673e-02, 3.69837969e-02, 9.18366859e-01, 8.33900021e-02, 8.70936427e-01, 3.16962358e+00, 7.06570422e+01
9.10713788e-02, 3.78531634e-02, 9.16530320e-01, 8.53058221e-02, 8.69020607e-01, 3.16753537e+00, 7.07353732e+01
9.33068482e-02, 3.87420684e-02, 9.14656303e-01, 8.72625012e-02, 8.67063928e-01, 3.16539831e+00, 7.08158621e+01
9.55971903e-02, 3.96509098e-02, 9.12744217e-01, 8.92607610e-02, 8.65065668e-01, 3.16321131e+00, 7.08985735e+01
9.79437519e-02, 4.05800916e-02, 9.10793470e-01, 9.13013281e-02, 8.63025101e-01, 3.16097328e+00, 7.09835739e+01
1.00347913e-01, 4.15300241e-02, 9.08803469e-01, 9.33849346e-02, 8.60941495e-01, 3.15868310e+00, 7.10709323e+01
1.02811087e-01, 4.25011238e-02, 9.06773618e-01, 9.55123169e-02, 8.58814112e-01, 3.15633962e+00, 7.11607198e+01
1.05334724e-01, 4.34938135e-02, 9.04703325e-01, 9.76842161e-02, 8.56642213e-01, 3.15394168e+00, 7.12530101e+01
1.07920306e-01, 4.45085223e-02, 9.02591995e-01, 9.99013771e-02, 8.54425052e-01, 3.15148811e+00, 7.13478791e+01
1.10569355e-01, 4.55456855e-02, 9.00439036e-01, 1.02164548e-01, 8.52161881e-01, 3.14897770e+00, 7.14454056e+01
1.13283429e-01, 4.66057447e-02, 8.98243856e-01, 1.04474480e-01, 8.49851949e-01, 3.14640923e+00, 7.15456708e+01
1.16064123e-01, 4.76891475e-02, 8.96005865e-01, 1.06831927e-01, 8.47494502e-01, 3.14378145e+00, 7.16487588e+01
1.18913073e-01, 4.87963480e-02, 8.93724476e-01, 1.09237644e-01, 8.45088785e-01, 3.14109309e+00, 7.17547566e+01
1.21831954e-01, 4.99278063e-02, 8.91399105e-01, 1.11692388e-01, 8.42634041e-01, 3.13834287e+00, 7.18637540e+01
1.24822483e-01, 5.10839886e-02, 8.89029171e-01, 1.14196917e-01, 8.40129513e-01, 3.13552946e+00, 7.19758442e+01
1.27886419e-01, 5.22653673e-02, 8.86614098e-01, 1.16751987e-01, 8.37574442e-01, 3.13265155e+00, 7.20911234e+01
1.31025563e-01, 5.34724209e-02, 8.84153314e-01, 1.19358356e-01, 8.34968073e-01, 3.12970777e+00, 7.22096912e+01
1.34241762e-01, 5.47056336e-02, 8.81646254e-01, 1.22016780e-01, 8.32309650e-01, 3.12669676e+00, 7.23316506e+01
1.37536906e-01, 5.59654959e-02, 8.79092357e-01, 1.24728010e-01, 8.29598419e-01, 3.12361710e+00, 7.24571083e+01
1.40912935e-01, 5.72525038e-02, 8.76491071e-01, 1.27492798e-01, 8.26833631e-01, 3.12046739e+00, 7.25861746e+01
1.44371832e-01, 5.85671594e-02, 8.73841851e-01, 1.30311891e-01, 8.24014539e-01, 3.11724618e+00, 7.27189639e+01
1.47915633e-01, 5.99099704e-02, 8.71144160e-01, 1.33186029e-01, 8.21140400e-01, 3.11395201e+00, 7.28555943e+01
1.51546421e-01, 6.12814499e-02, 8.68397471e-01, 1.36115950e-01, 8.18210479e-01, 3.11058339e+00, 7.29961885e+01
1.55266332e-01, 6.26821168e-02, 8.65601267e-01, 1.39102384e-01, 8.15224045e-01, 3.10713883e+00, 7.31408731e+01
1.59077553e-01, 6.41124951e-02, 8.62755040e-01, 1.42146052e-01, 8.12180377e-01, 3.10361678e+00, 7.32897796e+01
1.62982325e-01, 6.55731144e-02, 8.59858296e-01, 1.45247669e-01, 8.09078760e-01, 3.10001572e+00, 7.34430439e+01
1.66982945e-01, 6.70645092e-02, 8.56910552e-01, 1.48407940e-01, 8.05918490e-01, 3.09633406e+00, 7.36008069e+01
1.71081766e-01, 6.85872191e-02, 8.53911340e-01, 1.51627557e-01, 8.02698872e-01, 3.09257023e+00, 7.37632144e+01
1.75281198e-01, 7.01417886e-02, 8.50860204e-01, 1.54907202e-01, 7.99419227e-01, 3.08872262e+00, 7.39304177e+01
1.79583711e-01, 7.17287667e-02, 8.47756705e-01, 1.58247545e-01, 7.96078884e-01, 3.08478960e+00, 7.41025734e+01
1.83991835e-01, 7.33487074e-02, 8.44600419e-01, 1.61649240e-01, 7.92677190e-01, 3.08076953e+00, 7.42798438e+01
1.88508162e-01, 7.50021685e-02, 8.41390940e-01, 1.65112924e-01, 7.89213505e-01, 3.07666074e+00, 7.44623969e+01
1.93135348e-01, 7.66897124e-02, 8.38127880e-01, 1.68639221e-01, 7.85687208e-01, 3.07246156e+00, 7.46504071e+01
1.97876115e-01, 7.84119054e-02, 8.34810869e-01, 1.72228734e-01, 7.82097695e-01, 3.06817028e+00, 7.48440549e+01
2.02733250e-01, 8.01693175e-02, 8.31439556e-01, 1.75882047e-01, 7.78444383e-01, 3.06378521e+00, 7.50435276e+01
2.07709611e-01, 8.19625223e-02, 8.28013615e-01, 1.79599721e-01, 7.74726708e-01, 3.05930459e+00, 7.52490191e+01
2.12808122e-01, 8.37920968e-02, 8.24532737e-01, 1.83382297e-01, 7.70944132e-01, 3.05472671e+00, 7.54607306e+01
2.18031784e-01, 8.56586211e-02, 8.20996638e-01, 1.87230292e-01, 7.67096138e-01, 3.05004979e+00, 7.56788707e+01
2.23383667e-01, 8.75626781e-02, 8.17405060e-01, 1.91144193e-01, 7.63182236e-01, 3.04527208e+00, 7.59036554e+01
2.28866920e-01, 8.95048534e-02, 8.13757767e-01, 1.95124465e-01, 7.59201965e-01, 3.04039178e+00, 7.61353090e+01
2.34484766e-01, 9.14857349e-02, 8.10054549e-01, 1.99171539e-01, 7.55154890e-01, 3.03540711e+00, 7.63740638e+01
2.40240510e-01, 9.35059125e-02, 8.06295224e-01, 2.03285819e-01, 7.51040611e-01, 3.03031627e+00, 7.66201609e+01
2.46137536e-01, 9.55659780e-02, 8.02479639e-01, 2.07467674e-01, 7.46858755e-01, 3.02511745e+00, 7.68738502e+01
2.52179313e-01, 9.76665246e-02, 7.98607667e-01, 2.11717440e-01, 7.42608990e-01, 3.01980884e+00, 7.71353907e+01
2.58369393e-01, 9.98081466e-02, 7.94679214e-01, 2.16035415e-01, 7.38291014e-01, 3.01438861e+00, 7.74050514e+01
2.64711418e-01, 1.01991439e-01, 7.90694214e-01, 2.20421863e-01, 7.33904566e-01, 3.00885495e+00, 7.76831109e+01
2.71209115e-01, 1.04216998e-01, 7.86652635e-01, 2.24877004e-01, 7.29449425e-01, 3.00320603e+00, 7.79698583e+01
2.77866308e-01, 1.06485420e-01, 7.82554477e-01, 2.29401018e-01, 7.24925411e-01, 2.99744002e+00, 7.82655936e+01
2.84686910e-01, 1.08797299e-01, 7.78399774e-01, 2.33994042e-01, 7.20332387e-01, 2.99155511e+00, 7.85706277e+01
2.91674933e-01, 1.11153231e-01, 7.74188594e-01, 2.38656167e-01, 7.15670262e-01, 2.98554948e+00, 7.88852833e+01
2.98834486e-01, 1.13553811e-01, 7.69921041e-01, 2.43387436e-01, 7.10938993e-01, 2.97942131e+00, 7.92098949e+01
3.06169781e-01, 1.15999632e-01, 7.65597256e-01, 2.48187845e-01, 7.06138584e-01, 2.97316879e+00, 7.95448096e+01
3.13685130e-01, 1.18491284e-01, 7.61217416e-01, 2.53057336e-01, 7.01269093e-01, 2.96679014e+00, 7.98903874e+01
3.21384953e-01, 1.21029357e-01, 7.56781737e-01, 2.57995800e-01, 6.96330629e-01, 2.96028358e+00, 8.02470018e+01
3.29273779e-01, 1.23614438e-01, 7.52290473e-01, 2.63003073e-01, 6.91323357e-01, 2.95364733e+00, 8.06150401e+01
3.37356246e-01, 1.26247111e-01, 7.47743918e-01, 2.68078931e-01, 6.86247498e-01, 2.94687965e+00, 8.09949040e+01
3.45637109e-01, 1.28927955e-01, 7.43142407e-01, 2.73223097e-01, 6.81103332e-01, 2.93997880e+00, 8.13870102e+01
3.54121237e-01, 1.31657549e-01, 7.38486313e-01, 2.78435228e-01, 6.75891201e-01, 2.93294310e+00, 8.17917910e+01
3.62813619e-01, 1.34436465e-01, 7.33776054e-01, 2.83714923e-01, 6.70611506e-01, 2.92577085e+00, 8.22096947e+01
3.71719367e-01, 1.37265270e-01, 7.29012088e-01, 2.89061714e-01, 6.65264715e-01, 2.91846041e+00, 8.26411863e+01
3.80843719e-01, 1.40144529e-01, 7.24194915e-01, 2.94475068e-01, 6.59851361e-01, 2.91101016e+00, 8.30867478e+01
3.90192040e-01, 1.43074797e-01, 7.19325080e-01, 2.99954387e-01, 6.54372043e-01, 2.90341852e+00, 8.35468795e+01
3.99769828e-01, 1.46056628e-01, 7.14403168e-01, 3.05499000e-01, 6.48827429e-01, 2.89568394e+00, 8.40221000e+01
4.09582716e-01, 1.49090566e-01, 7.09429811e-01, 3.11108169e-01, 6.43218260e-01, 2.88780493e+00, 8.45129469e+01
4.19636475e-01, 1.52177149e-01, 7.04405683e-01, 3.16781083e-01, 6.37545346e-01, 2.87978004e+00, 8.50199781e+01
4.29937016e-01, 1.55316909e-01, 6.99331501e-01, 3.22516859e-01, 6.31809570e-01, 2.87160784e+00, 8.55437718e+01
4.40490399e-01, 1.58510368e-01, 6.94208029e-01, 3.28314538e-01, 6.26011891e-01, 2.86328701e+00, 8.60849273e+01
4.51302828e-01, 1.61758041e-01, 6.89036072e-01, 3.34173087e-01, 6.20153342e-01, 2.85481622e+00, 8.66440663e+01
4.62380662e-01, 1.65060436e-01, 6.83816482e-01, 3.40091396e-01, 6.14235033e-01, 2.84619426e+00, 8.72218331e+01
4.73730418e-01, 1.68418047e-01, 6.78550153e-01, 3.46068280e-01, 6.08258150e-01, 2.83741995e+00, 8.78188956e+01
4.85358768e-01, 1.71831364e-01, 6.73238023e-01, 3.52102472e-01, 6.02223957e-01, 2.82849218e+00, 8.84359460e+01
4.97272551e-01, 1.75300863e-01, 6.67881074e-01, 3.58192632e-01, 5.96133797e-01, 2.81940992e+00, 8.90737018e+01
5.09478775e-01, 1.78827011e-01, 6.62480332e-01, 3.64337338e-01, 5.89989091e-01, 2.81017221e+00, 8.97329067e+01
5.21984616e-01, 1.82410263e-01, 6.57036864e-01, 3.70535091e-01, 5.83791338e-01, 2.80077819e+00, 9.04143312e+01
5.34797431e-01, 1.86051064e-01, 6.51551781e-01, 3.76784311e-01, 5.77542118e-01, 2.79122704e+00, 9.11187735e+01
5.47924753e-01, 1.89749845e-01, 6.46026235e-01, 3.83083341e-01, 5.71243088e-01, 2.78151807e+00, 9.18470609e+01
5.61374303e-01, 1.93507027e-01, 6.40461418e-01, 3.89430448e-01, 5.64895982e-01, 2.77165067e+00, 9.26000503e+01
5.75153990e-01, 1.97323018e-01, 6.34858564e-01, 3.95823816e-01, 5.58502613e-01, 2.76162430e+00, 9.33786293e+01
5.89271918e-01, 2.01198210e-01, 6.29218945e-01, 4.02261558e-01, 5.52064871e-01, 2.75143856e+00, 9.41837172e+01
6.03736390e-01, 2.05132984e-01, 6.23543873e-01, 4.08741708e-01, 5.45584721e-01, 2.74109311e+00, 9.50162662e+01
6.18555911e-01, 2.09127706e-01, 6.17834696e-01, 4.15262226e-01, 5.39064203e-01, 2.73058775e+00, 9.58772623e+01
6.33739198e-01, 2.13182729e-01, 6.12092800e-01, 4.21821000e-01, 5.32505430e-01, 2.71992237e+00, 9.67677263e+01
6.49295179e-01, 2.17298389e-01, 6.06319604e-01, 4.28415845e-01, 5.25910584e-01, 2.70909698e+00, 9.76887153e+01
6.65233002e-01, 2.21475009e-01, 6.00516564e-01, 4.35044509e-01, 5.19281920e-01, 2.69811170e+00, 9.86413235e+01
6.81562041e-01, 2.25712895e-01, 5.94685165e-01, 4.41704671e-01, 5.12621758e-01, 2.68696678e+00, 9.96266834e+01
6.98291897e-01, 2.30012338e-01, 5.88826928e-01, 4.48393947e-01, 5.05932482e-01, 2.67566258e+00, 1.00645968e+02
7.15432411e-01, 2.34373611e-01, 5.82943399e-01, 4.55109890e-01, 4.99216539e-01, 2.66419959e+00, 1.01700389e+02
7.32993662e-01, 2.38796974e-01, 5.77036156e-01, 4.61849994e-01, 4.92476435e-01, 2.65257842e+00, 1.02791203e+02
7.50985977e-01, 2.43282668e-01, 5.71106801e-01, 4.68611698e-01, 4.85714731e-01, 2.64079982e+00, 1.03919710e+02
7.69419937e-01, 2.47830916e-01, 5.65156964e-01, 4.75392387e-01, 4.78934042e-01, 2.62886465e+00, 1.05087252e+02
7.88306384e-01, 2.52441927e-01, 5.59188296e-01, 4.82189398e-01, 4.72137031e-01, 2.61677394e+00, 1.06295221e+02
8.07656425e-01, 2.57115889e-01, 5.53202471e-01, 4.89000024e-01, 4.65326405e-01, 2.60452880e+00, 1.07545054e+02
8.27481438e-01, 2.61852974e-01, 5.47201180e-01, 4.95821515e-01, 4.58504914e-01, 2.59213053e+00, 1.08838241e+02
8.47793082e-01, 2.66653337e-01, 5.41186137e-01, 5.02651085e-01, 4.51675344e-01, 2.57958053e+00, 1.10176318e+02
8.68603304e-01, 2.71517112e-01, 5.35159067e-01, 5.09485917e-01, 4.44840512e-01, 2.56688034e+00, 1.11560879e+02
8.89924340e-01, 2.76444418e-01, 5.29121711e-01, 5.16323164e-01, 4.38003265e-01, 2.55403164e+00, 1.12993569e+02
9.11768729e-01, 2.81435354e-01, 5.23075822e-01, 5.23159957e-01, 4.31166473e-01, 2.54103625e+00, 1.14476089e+02
9.34149319e-01, 2.86489999e-01, 5.17023164e-01, 5.29993408e-01, 4.24333021e-01, 2.52789612e+00, 1.16010199e+02
9.57079270e-01, 2.91608417e-01, 5.10965506e-01, 5.36820618e-01, 4.17505812e-01, 2.51461334e+00, 1.17597720e+02
9.80572068e-01, 2.96790650e-01, 5.04904626e-01, 5.43638676e-01, 4.10687753e-01, 2.50119011e+00, 1.19240531e+02
1.00464153e+00, 3.02036723e-01, 4.98842305e-01, 5.50444673e-01, 4.03881756e-01, 2.48762879e+00, 1.20940580e+02
1.02930180e+00, 3.07346642e-01, 4.92780324e-01, 5.57235698e-01, 3.97090731e-01, 2.47393186e+00, 1.22699875e+02
1.05456740e+00, 3.12720393e-01, 4.86720464e-01, 5.64008850e-01, 3.90317580e-01, 2.46010192e+00, 1.24520497e+02
1.08045318e+00, 3.18157946e-01, 4.80664507e-01, 5.70761239e-01, 3.83565190e-01, 2.44614168e+00, 1.26404595e+02
1.10697435e+00, 3.23659249e-01, 4.74614225e-01, 5.77489995e-01, 3.76836434e-01, 2.43205401e+00, 1.28354390e+02
1.13414653e+00, 3.29224234e-01, 4.68571388e-01, 5.84192272e-01, 3.70134157e-01, 2.41784186e+00, 1.30372179e+02
1.16198568e+00, 3.34852813e-01, 4.62537754e-01, 5.90865250e-01, 3.63461179e-01, 2.40350831e+00, 1.32460338e+02
1.19050818e+00, 3.40544879e-01, 4.56515072e-01, 5.97506145e-01, 3.56820285e-01, 2.38905654e+00, 1.34621321e+02
1.21973080e+00, 3.46300309e-01, 4.50505078e-01, 6.04112211e-01, 3.50214219e-01, 2.37448985e+00, 1.36857666e+02
1.24967074e+00, 3.52118959e-01, 4.44509494e-01, 6.10680746e-01, 3.43645683e-01, 2.35981164e+00, 1.39171998e+02
1.28034559e+00, 3.58000669e-01, 4.38530022e-01, 6.17209099e-01, 3.37117330e-01, 2.34502538e+00, 1.41567028e+02
1.31177339e+00, 3.63945260e-01, 4.32568350e-01, 6.23694668e-01, 3.30631761e-01, 2.33013465e+00, 1.44045563e+02
1.34397263e+00, 3.69952536e-01, 4.26626142e-01, 6.30134913e-01, 3.24191516e-01, 2.31514312e+00, 1.46610502e+02
1.37696225e+00, 3.76022284e-01, 4.20705041e-01, 6.36527355e-01, 3.17799075e-01, 2.30005453e+00, 1.49264843e+02
1.41076164e+00, 3.82154272e-01, 4.14806667e-01, 6.42869579e-01, 3.11456850e-01, 2.28487270e+00, 1.52011689e+02
1.44539068e+00, 3.88348252e-01, 4.08932613e-01, 6.49159244e-01, 3.05167185e-01, 2.26960151e+00, 1.54854245e+02
1.48086974e+00, 3.94603961e-01, 4.03084445e-01, 6.55394081e-01, 2.98932348e-01, 2.25424491e+00, 1.57795827e+02
1.51721968e+00, 4.00921118e-01, 3.97263699e-01, 6.61571899e-01, 2.92754531e-01, 2.23880690e+00, 1.60839866e+02
1.55446187e+00, 4.07299425e-01, 3.91471883e-01, 6.67690585e-01, 2.86635844e-01, 2.22329153e+00, 1.63989909e+02
1.59261823e+00, 4.13738570e-01, 3.85710472e-01, 6.73748113e-01, 2.80578316e-01, 2.20770290e+00, 1.67249626e+02
1.63171119e+00, 4.20238226e-01, 3.79980906e-01, 6.79742541e-01, 2.74583888e-01, 2.19204515e+00, 1.70622811e+02
1.67176373e+00, 4.26798050e-01, 3.74284593e-01, 6.85672015e-01, 2.68654415e-01, 2.17632244e+00, 1.74113393e+02
1.71279942e+00, 4.33417684e-01, 3.68622904e-01, 6.91534771e-01, 2.62791658e-01, 2.16053897e+00, 1.77725433e+02
1.75484238e+00, 4.40096756e-01, 3.62997174e-01, 6.97329139e-01, 2.56997290e-01, 2.14469894e+00, 1.81463136e+02
1.79791735e+00, 4.46834881e-01, 3.57408699e-01, 7.03053541e-01, 2.51272889e-01, 2.12880658e+00, 1.85330851e+02
1.84204965e+00, 4.53631661e-01, 3.51858737e-01, 7.08706492e-01, 2.45619937e-01, 2.11286612e+00, 1.89333080e+02
1.88726524e+00, 4.60486682e-01, 3.46348506e-01, 7.14286606e-01, 2.40039823e-01, 2.09688179e+00, 1.93474481e+02
1.93359070e+00, 4.67399520e-01, 3.40879183e-01, 7.19792590e-01, 2.34533839e-01, 2.08085782e+00, 1.97759877e+02
1.98105328e+00, 4.74369739e-01, 3.35451904e-01, 7.25223249e-01, 2.29103181e-01, 2.06479844e+00, 2.02194257e+02
2.02968090e+00, 4.81396889e-01, 3.30067764e-01, 7.30577483e-01, 2.23748946e-01, 2.04870784e+00, 2.06782790e+02
2.07950215e+00, 4.88480511e-01, 3.24727814e-01, 7.35854291e-01, 2.18472138e-01, 2.03259020e+00, 2.11530823e+02
2.13054632e+00, 4.95620134e-01, 3.19433063e-01, 7.41052765e-01, 2.13273664e-01, 2.01644968e+00, 2.16443895e+02
2.18284345e+00, 5.02815278e-01, 3.14184476e-01, 7.46172092e-01, 2.08154337e-01, 2.00029042e+00, 2.21527739e+02
2.23642428e+00, 5.10065450e-01, 3.08982975e-01, 7.51211555e-01, 2.03114874e-01, 1.98411649e+00, 2.26788293e+02
2.29132032e+00, 5.17370151e-01, 3.03829437e-01, 7.56170529e-01, 1.98155900e-01, 1.96793195e+00, 2.32231705e+02
2.34756385e+00, 5.24728870e-01, 2.98724698e-01, 7.61048480e-01, 1.93277950e-01, 1.95174081e+00, 2.37864344e+02
2.40518797e+00, 5.32141090e-01, 2.93669545e-01, 7.65844964e-01, 1.88481466e-01, 1.93554703e+00, 2.43692803e+02
2.46422654e+00, 5.39606284e-01, 2.88664725e-01, 7.70559626e-01, 1.83766803e-01, 1.91935451e+00, 2.49723915e+02
2.52471429e+00, 5.47123920e-01, 2.83710938e-01, 7.75192197e-01, 1.79134232e-01, 1.90316711e+00, 2.55964756e+02
2.58668680e+00, 5.54693455e-01, 2.78808844e-01, 7.79742492e-01, 1.74583937e-01, 1.88698862e+00, 2.62422654e+02
2.65018051e+00, 5.62314341e-01, 2.73959054e-01, 7.84210409e-01, 1.70116020e-01, 1.87082277e+00, 2.69105205e+02
2.71523275e+00, 5.69986027e-01, 2.69162141e-01, 7.88595924e-01, 1.65730505e-01, 1.85467322e+00, 2.76020275e+02
2.78188179e+00, 5.77707950e-01, 2.64418630e-01, 7.92899092e-01, 1.61427337e-01, 1.83854359e+00, 2.83176016e+02
2.85016682e+00, 5.85479547e-01, 2.59729006e-01, 7.97120042e-01, 1.57206387e-01, 1.82243739e+00, 2.90580873e+02
2.92012800e+00, 5.93300247e-01, 2.55093711e-01, 8.01258975e-01, 1.53067455e-01, 1.80635809e+00, 2.98243599e+02
2.99180647e+00, 6.01169477e-01, 2.50513147e-01, 8.05316161e-01, 1.49010268e-01, 1.79030907e+00, 3.06173260e+02
3.06524438e+00, 6.09086658e-01, 2.45987672e-01, 8.09291938e-01, 1.45034491e-01, 1.77429364e+00, 3.14379256e+02
3.14048492e+00, 6.17051208e-01, 2.41517604e-01, 8.13186707e-01, 1.41139722e-01, 1.75831502e+00, 3.22871324e+02
3.21757235e+00, 6.25062541e-01, 2.37103224e-01, 8.17000931e-01, 1.37325498e-01, 1.74237638e+00, 3.31659559e+02
3.29655199e+00, 6.33120071e-01, 2.32744769e-01, 8.20735129e-01, 1.33591300e-01, 1.72648079e+00, 3.40754421e+02
3.37747029e+00, 6.41223207e-01, 2.28442441e-01, 8.24389878e-01, 1.29936552e-01, 1.71063124e+00, 3.50166752e+02
3.46037484e+00, 6.49371357e-01, 2.24196404e-01, 8.27965805e-01, 1.26360624e-01, 1.69483063e+00, 3.59907789e+02
3.54531439e+00, 6.57563928e-01, 2.20006784e-01, 8.31463588e-01, 1.22862841e-01, 1.67908181e+00, 3.69989180e+02
3.63233890e+00, 6.65800325e-01, 2.15873670e-01, 8.34883952e-01, 1.19442477e-01, 1.66338751e+00, 3.80422999e+02
3.72149955e+00, 6.74079952e-01, 2.11797119e-01, 8.38227665e-01, 1.16098764e-01, 1.64775041e+00, 3.91221760e+02
3.81284876e+00, 6.82402214e-01, 2.07777150e-01, 8.41495536e-01, 1.12830893e-01, 1.63217307e+00, 4.02398436e+02
3.90644026e+00, 6.90766515e-01, 2.03813752e-01, 8.44688414e-01, 1.09638015e-01, 1.61665801e+00, 4.13966475e+02
4.00232909e+00, 6.99172259e-01, 1.99906880e-01, 8.47807181e-01, 1.06519248e-01, 1.60120763e+00, 4.25939819e+02
4.10057164e+00, 7.07618851e-01, 1.96056456e-01, 8.50852753e-01, 1.03473676e-01, 1.58582427e+00, 4.38332918e+02
4.20122568e+00, 7.16105698e-01, 1.92262375e-01, 8.53826078e-01, 1.00500351e-01, 1.57051018e+00, 4.51160756e+02
4.30435041e+00, 7.24632207e-01, 1.88524498e-01, 8.56728130e-01, 9.75982993e-02, 1.55526753e+00, 4.64438863e+02
4.41000648e+00, 7.33197786e-01, 1.84842662e-01, 8.59559908e-01, 9.47665214e-02, 1.54009841e+00, 4.78183344e+02
4.51825602e+00, 7.41801846e-01, 1.81216674e-01, 8.62322435e-01, 9.20039947e-02, 1.52500483e+00, 4.92410892e+02
4.62916269e+00, 7.50443801e-01, 1.77646313e-01, 8.65016753e-01, 8.93096762e-02, 1.50998871e+00, 5.07138814e+02
4.74279172e+00, 7.59123065e-01, 1.74131337e-01, 8.67643925e-01, 8.66825045e-02, 1.49505190e+00, 5.22385056e+02
4.85920992e+00, 7.67839058e-01, 1.70671475e-01, 8.70205027e-01, 8.41214024e-02, 1.48019619e+00, 5.38168220e+02
4.97848576e+00, 7.76591199e-01, 1.67266435e-01, 8.72701151e-01, 8.16252787e-02, 1.46542325e+00, 5.54507596e+02
5.10068939e+00, 7.85378914e-01, 1.63915901e-01, 8.75133399e-01, 7.91930302e-02, 1.45073472e+00, 5.71423181e+02
5.22589267e+00, 7.94201629e-01, 1.60619537e-01, 8.77502885e-01, 7.68235439e-02, 1.43613214e+00, 5.88935712e+02
5.35416923e+00, 8.03058777e-01, 1.57376986e-01, 8.79810731e-01, 7.45156987e-02, 1.42161697e+00, 6.07066686e+02
5.48559451e+00, 8.11949793e-01, 1.54187869e-01, 8.82058062e-01, 7.22683675e-02, 1.40719062e+00, 6.25838393e+02
5.62024581e+00, 8.20874115e-01, 1.51051793e-01, 8.84246011e-01, 7.00804183e-02, 1.39285442e+00, 6.45273945e+02
5.75820230e+00, 8.29831188e-01, 1.47968344e-01, 8.86375713e-01, 6.79507167e-02, 1.37860963e+00, 6.65397305e+02
5.89954512e+00, 8.38820459e-01, 1.44937091e-01, 8.88448303e-01, 6.58781265e-02, 1.36445743e+00, 6.86233320e+02
6.04435738e+00, 8.47841381e-01, 1.41957590e-01, 8.90464917e-01, 6.38615122e-02, 1.35039895e+00, 7.07807750e+02
6.19272426e+00, 8.56893412e-01, 1.39029381e-01, 8.92426690e-01, 6.18997394e-02, 1.33643525e+00, 7.30147308e+02
6.34473301e+00, 8.65976013e-01, 1.36151988e-01, 8.94334752e-01, 5.99916770e-02, 1.32256732e+00, 7.53279692e+02
6.50047301e+00, 8.75088653e-01, 1.33324925e-01, 8.96190231e-01, 5.81361979e-02, 1.30879609e+00, 7.77233619e+02
6.66003586e+00, 8.84230803e-01, 1.30547692e-01, 8.97994249e-01, 5.63321803e-02, 1.29512244e+00, 8.02038867e+02
6.82351540e+00, 8.93401942e-01, 1.27819778e-01, 8.99747920e-01, 5.45785090e-02, 1.28154717e+00, 8.27726312e+02
6.99100776e+00, 9.02601552e-01, 1.25140662e-01, 9.01452353e-01, 5.28740763e-02, 1.26807103e+00, 8.54327970e+02
7.16261145e+00, 9.11829124e-01, 1.22509813e-01, 9.03108646e-01, 5.12177828e-02, 1.25469472e+00, 8.81877037e+02
7.33842738e+00, 9.21084151e-01, 1.19926691e-01, 9.04717891e-01, 4.96085385e-02, 1.24141887e+00, 9.10407934e+02
7.51855895e+00, 9.30366133e-01, 1.17390747e-01, 9.06281165e-01, 4.80452639e-02, 1.22824407e+00, 9.39956353e+02
7.70311209e+00, 9.39674577e-01, 1.14901427e-01, 9.07799539e-01, 4.65268900e-02, 1.21517085e+00, 9.70559303e+02
7.89219533e+00, 9.49008994e-01, 1.12458168e-01, 9.09274069e-01, 4.50523599e-02, 1.20219969e+00, 1.00225516e+03
8.08591988e+00, 9.58368903e-01, 1.10060403e-01, 9.10705800e-01, 4.36206289e-02, 1.18933102e+00, 1.03508372e+03
8.28439965e+00, 9.67753827e-01, 1.07707556e-01, 9.12095764e-01, 4.22306652e-02, 1.17656523e+00, 1.06908623e+03
8.48775138e+00, 9.77163296e-01, 1.05399052e-01, 9.13444979e-01, 4.08814506e-02, 1.16390263e+00, 1.10430549e+03
8.69609466e+00, 9.86596847e-01, 1.03134307e-01, 9.14754448e-01, 3.95719808e-02, 1.15134353e+00, 1.14078585e+03
8.90955199e+00, 9.96054021e-01, 1.00912736e-01, 9.16025163e-01, 3.83012660e-02, 1.13888817e+00, 1.17857332e+03
9.12824893e+00, 1.00553437e+00, 9.87337502e-02, 9.17258098e-01, 3.70683312e-02, 1.12653674e+00, 1.21771560e+03
9.35231407e+00, 1.01503744e+00, 9.65967602e-02, 9.18454213e-01, 3.58722165e-02, 1.11428941e+00, 1.25826216e+03
9.58187920e+00, 1.02456280e+00, 9.45011733e-02, 9.19614451e-01, 3.47119778e-02, 1.10214629e+00, 1.30026427e+03
9.81707931e+00, 1.03411001e+00, 9.24463963e-02, 9.20739743e-01, 3.35866864e-02, 1.09010747e+00, 1.34377513e+03
1.00580527e+01, 1.04367866e+00, 9.04318351e-02, 9.21830999e-01, 3.24954298e-02, 1.07817299e+00, 1.38884987e+03
1.03049411e+01, 1.05326831e+00, 8.84568957e-02, 9.22889118e-01, 3.14373116e-02, 1.06634284e+00, 1.43554569e+03
1.05578898e+01, 1.06287855e+00, 8.65209842e-02, 9.23914977e-01, 3.04114518e-02, 1.05461701e+00, 1.48392188e+03
1.08170474e+01, 1.07250898e+00, 8.46235076e-02, 9.24909442e-01, 2.94169868e-02, 1.04299542e+00, 1.53403993e+03
1.10825664e+01, 1.08215919e+00, 8.27638740e-02, 9.25873360e-01, 2.84530695e-02, 1.03147798e+00, 1.58596360e+03
1.13546029e+01, 1.09182879e+00, 8.09414929e-02, 9.26807560e-01, 2.75188696e-02, 1.02006456e+00, 1.63975900e+03
1.16333169e+01, 1.10151739e+00, 7.91557761e-02, 9.27712856e-01, 2.66135733e-02, 1.00875499e+00, 1.69549469e+03
1.19188723e+01, 1.11122460e+00, 7.74061373e-02, 9.28590046e-01, 2.57363835e-02, 9.97549096e-01, 1.75324176e+03
1.22114370e+01, 1.12095006e+00, 7.56919932e-02, 9.29439910e-01, 2.48865196e-02, 9.86446652e-01, 1.81307393e+03
1.25111831e+01, 1.13069338e+00, 7.40127633e-02, 9.30263211e-01, 2.40632177e-02, 9.75447414e-01, 1.87506763e+03
1.28182870e+01, 1.14045421e+00, 7.23678704e-02, 9.31060699e-01, 2.32657306e-02, 9.64551111e-01, 1.93930213e+03
1.31329291e+01, 1.15023218e+00, 7.07567410e-02, 9.31833102e-01, 2.24933274e-02, 9.53757444e-01, 2.00585964e+03
1.34552945e+01, 1.16002694e+00, 6.91788052e-02, 9.32581136e-01, 2.17452933e-02, 9.43066095e-01, 2.07482537e+03
1.37855728e+01, 1.16983815e+00, 6.76334976e-02, 9.33305499e-01, 2.10209302e-02, 9.32476718e-01, 2.14628772e+03
1.41239582e+01, 1.17966547e+00, 6.61202569e-02, 9.34006873e-01, 2.03195559e-02, 9.21988947e-01, 2.22033833e+03
1.44706497e+01, 1.18950855e+00, 6.46385264e-02, 9.34685925e-01, 1.96405040e-02, 9.11602395e-01, 2.29707224e+03
1.48258513e+01, 1.19936708e+00, 6.31877542e-02, 9.35343305e-01, 1.89831240e-02, 9.01316653e-01, 2.37658799e+03
1.51897717e+01, 1.20924073e+00, 6.17673934e-02, 9.35979648e-01, 1.83467812e-02, 8.91131294e-01, 2.45898779e+03
1.55626251e+01, 1.21912917e+00, 6.03769024e-02, 9.36595573e-01, 1.77308561e-02, 8.81045871e-01, 2.54437760e+03
1.59446307e+01, 1.22903211e+00, 5.90157448e-02, 9.37191685e-01, 1.71347446e-02, 8.71059921e-01, 2.63286732e+03
1.63360131e+01, 1.23894923e+00, 5.76833898e-02, 9.37768572e-01, 1.65578574e-02, 8.61172963e-01, 2.72457087e+03
1.67370025e+01, 1.24888023e+00, 5.63793122e-02, 9.38326809e-01, 1.59996203e-02, 8.51384500e-01, 2.81960645e+03
1.71478347e+01, 1.25882482e+00, 5.51029925e-02, 9.38866956e-01, 1.54594735e-02, 8.41694018e-01, 2.91809656e+03
1.75687514e+01, 1.26878270e+00, 5.38539173e-02, 9.39389557e-01, 1.49368717e-02, 8.32100993e-01, 3.02016828e+03
1.80000000e+01, 1.27875360e+00, 5.26315789e-02, 9.39895145e-01, 1.44312838e-02, 8.22604882e-01, 3.12595336e+03
