 --- Cosmological Parameters --- 
	 H0: 2.2685e-18 (1/s) = 70.0000 (km/s/Mpc) 
	 OmegaM: 3.0000e-01 
	 OmegaR: 0.0000e+00 
	 OmegaL: 7.0000e-01 
	 OmegaK: 0.0000e+00 
		 w0: -1.0000e+00 
		 wa: 0.0000e+00 
	 rho_crit: 9.2061e-30 (g/cm^3) 
z, log10(1+z), a, H0*t_look, H0*t_age, H0*t_conf, H(z) 
1.00000000e-04, 4.34272769e-05, 9.99900010e-01, 9.99927504e-05, 9.63999389e-01, 3.30497218e+00, 7.00031502e+01
1.02454634e-04, 4.44932032e-05, 9.99897556e-01, 1.02447025e-04, 9.63996935e-01, 3.30496972e+00, 7.00032276e+01
1.04969521e-04, 4.55852914e-05, 9.99895041e-01, 1.04961533e-04, 9.63994420e-01, 3.30496721e+00, 7.00033068e+01
1.07546139e-04, 4.67041835e-05, 9.99892465e-01, 1.07537754e-04, 9.63991844e-01, 3.30496463e+00, 7.00033880e+01
1.10186004e-04, 4.78505373e-05, 9.99889826e-01, 1.10177202e-04, 9.63989204e-01, 3.30496199e+00, 7.00034712e+01
1.12890668e-04, 4.90250268e-05, 9.99887122e-01, 1.12881429e-04, 9.63986500e-01, 3.30495929e+00, 7.00035564e+01
1.15661721e-04, 5.02283424e-05, 9.99884352e-01, 1.15652023e-04, 9.63983730e-01, 3.30495652e+00, 7.00036437e+01
1.18500793e-04, 5.14611916e-05, 9.99881513e-01, 1.18490613e-04, 9.63980891e-01, 3.30495368e+00, 7.00037331e+01
1.21409555e-04, 5.27242991e-05, 9.99878605e-01, 1.21398869e-04, 9.63977983e-01, 3.30495077e+00, 7.00038248e+01
1.24389715e-04, 5.40184074e-05, 9.99875626e-01, 1.24378498e-04, 9.63975003e-01, 3.30494779e+00, 7.00039187e+01
1.27443028e-04, 5.53442774e-05, 9.99872573e-01, 1.27431254e-04, 9.63971950e-01, 3.30494474e+00, 7.00040149e+01
1.30571289e-04, 5.67026884e-05, 9.99869446e-01, 1.30558929e-04, 9.63968823e-01, 3.30494161e+00, 7.00041134e+01
1.33776337e-04, 5.80944390e-05, 9.99866242e-01, 1.33763363e-04, 9.63965618e-01, 3.30493840e+00, 7.00042144e+01
1.37060057e-04, 5.95203474e-05, 9.99862959e-01, 1.37046438e-04, 9.63962335e-01, 3.30493512e+00, 7.00043179e+01
1.40424380e-04, 6.09812518e-05, 9.99859595e-01, 1.40410085e-04, 9.63958972e-01, 3.30493176e+00, 7.00044238e+01
1.43871285e-04, 6.24780110e-05, 9.99856149e-01, 1.43856280e-04, 9.63955525e-01, 3.30492831e+00, 7.00045325e+01
1.47402799e-04, 6.40115048e-05, 9.99852619e-01, 1.47387048e-04, 9.63951995e-01, 3.30492478e+00, 7.00046437e+01
1.51020999e-04, 6.55826346e-05, 9.99849002e-01, 1.51004466e-04, 9.63948377e-01, 3.30492116e+00, 7.00047577e+01
1.54728013e-04, 6.71923241e-05, 9.99845296e-01, 1.54710657e-04, 9.63944671e-01, 3.30491745e+00, 7.00048745e+01
1.58526020e-04, 6.88415193e-05, 9.99841499e-01, 1.58507802e-04, 9.63940874e-01, 3.30491366e+00, 7.00049942e+01
1.62417254e-04, 7.05311897e-05, 9.99837609e-01, 1.62398131e-04, 9.63936984e-01, 3.30490977e+00, 7.00051168e+01
1.66404004e-04, 7.22623286e-05, 9.99833624e-01, 1.66383931e-04, 9.63932998e-01, 3.30490578e+00, 7.00052424e+01
1.70488614e-04, 7.40359535e-05, 9.99829540e-01, 1.70467543e-04, 9.63928914e-01, 3.30490169e+00, 7.00053711e+01
1.74673487e-04, 7.58531068e-05, 9.99825357e-01, 1.74651369e-04, 9.63924730e-01, 3.30489751e+00, 7.00055030e+01
1.78961082e-04, 7.77148567e-05, 9.99821071e-01, 1.78937865e-04, 9.63920444e-01, 3.30489322e+00, 7.00056381e+01
1.83353923e-04, 7.96222975e-05, 9.99816680e-01, 1.83329552e-04, 9.63916052e-01, 3.30488883e+00, 7.00057765e+01
1.87854591e-04, 8.15765504e-05, 9.99812181e-01, 1.87829009e-04, 9.63911553e-01, 3.30488433e+00, 7.00059183e+01
1.92465735e-04, 8.35787638e-05, 9.99807571e-01, 1.92438882e-04, 9.63906943e-01, 3.30487972e+00, 7.00060636e+01
1.97190065e-04, 8.56301147e-05, 9.99802849e-01, 1.97161878e-04, 9.63902220e-01, 3.30487500e+00, 7.00062124e+01
2.02030360e-04, 8.77318088e-05, 9.99798010e-01, 2.02000772e-04, 9.63897381e-01, 3.30487016e+00, 7.00063650e+01
2.06989467e-04, 8.98850811e-05, 9.99793053e-01, 2.06958409e-04, 9.63892423e-01, 3.30486520e+00, 7.00065212e+01
2.12070302e-04, 9.20911974e-05, 9.99787975e-01, 2.12037700e-04, 9.63887344e-01, 3.30486012e+00, 7.00066813e+01
2.17275853e-04, 9.43514542e-05, 9.99782771e-01, 2.17241631e-04, 9.63882140e-01, 3.30485491e+00, 7.00068453e+01
2.22609181e-04, 9.66671797e-05, 9.99777440e-01, 2.22573258e-04, 9.63876808e-01, 3.30484958e+00, 7.00070134e+01
2.28073423e-04, 9.90397351e-05, 9.99771979e-01, 2.28035715e-04, 9.63871346e-01, 3.30484412e+00, 7.00071856e+01
2.33671791e-04, 1.01470515e-04, 9.99766383e-01, 2.33632210e-04, 9.63865749e-01, 3.30483852e+00, 7.00073620e+01
2.39407580e-04, 1.03960947e-04, 9.99760650e-01, 2.39366032e-04, 9.63860016e-01, 3.30483278e+00, 7.00075427e+01
2.45284161e-04, 1.06512495e-04, 9.99754776e-01, 2.45240548e-04, 9.63854141e-01, 3.30482691e+00, 7.00077279e+01
2.51304990e-04, 1.09126659e-04, 9.99748758e-01, 2.51259210e-04, 9.63848122e-01, 3.30482089e+00, 7.00079176e+01
2.57473609e-04, 1.11804975e-04, 9.99742593e-01, 2.57425554e-04, 9.63841956e-01, 3.30481472e+00, 7.00081120e+01
2.63793645e-04, 1.14549016e-04, 9.99736276e-01, 2.63743202e-04, 9.63835638e-01, 3.30480840e+00, 7.00083112e+01
2.70268815e-04, 1.17360396e-04, 9.99729804e-01, 2.70215866e-04, 9.63829166e-01, 3.30480192e+00, 7.00085153e+01
2.76902926e-04, 1.20240766e-04, 9.99723174e-01, 2.76847346e-04, 9.63822534e-01, 3.30479529e+00, 7.00087243e+01
2.83699881e-04, 1.23191819e-04, 9.99716381e-01, 2.83641539e-04, 9.63815740e-01, 3.30478850e+00, 7.00089385e+01
2.90663676e-04, 1.26215288e-04, 9.99709421e-01, 2.90602435e-04, 9.63808779e-01, 3.30478153e+00, 7.00091580e+01
2.97798407e-04, 1.29312951e-04, 9.99702290e-01, 2.97734123e-04, 9.63801648e-01, 3.30477440e+00, 7.00093828e+01
3.05108269e-04, 1.32486627e-04, 9.99694985e-01, 3.05040791e-04, 9.63794341e-01, 3.30476709e+00, 7.00096132e+01
3.12597562e-04, 1.35738182e-04, 9.99687500e-01, 3.12526730e-04, 9.63786855e-01, 3.30475960e+00, 7.00098492e+01
3.20270690e-04, 1.39069524e-04, 9.99679832e-01, 3.20196338e-04, 9.63779185e-01, 3.30475193e+00, 7.00100910e+01
3.28132164e-04, 1.42482613e-04, 9.99671975e-01, 3.28054118e-04, 9.63771328e-01, 3.30474407e+00, 7.00103388e+01
3.36186610e-04, 1.45979453e-04, 9.99663926e-01, 3.36104686e-04, 9.63763277e-01, 3.30473602e+00, 7.00105926e+01
3.44438762e-04, 1.49562098e-04, 9.99655680e-01, 3.44352767e-04, 9.63755029e-01, 3.30472776e+00, 7.00108527e+01
3.52893475e-04, 1.53232653e-04, 9.99647231e-01, 3.52803207e-04, 9.63746578e-01, 3.30471931e+00, 7.00111192e+01
3.61555719e-04, 1.56993275e-04, 9.99638575e-01, 3.61460966e-04, 9.63737921e-01, 3.30471065e+00, 7.00113922e+01
3.70430591e-04, 1.60846172e-04, 9.99629707e-01, 3.70331129e-04, 9.63729051e-01, 3.30470178e+00, 7.00116719e+01
3.79523308e-04, 1.64793609e-04, 9.99620621e-01, 3.79418904e-04, 9.63719963e-01, 3.30469269e+00, 7.00119585e+01
3.88839218e-04, 1.68837903e-04, 9.99611312e-01, 3.88729626e-04, 9.63710652e-01, 3.30468337e+00, 7.00122521e+01
3.98383799e-04, 1.72981431e-04, 9.99601775e-01, 3.98268762e-04, 9.63701113e-01, 3.30467383e+00, 7.00125530e+01
4.08162665e-04, 1.77226627e-04, 9.99592004e-01, 4.08041912e-04, 9.63691340e-01, 3.30466405e+00, 7.00128612e+01
4.18181567e-04, 1.81575984e-04, 9.99581993e-01, 4.18054814e-04, 9.63681327e-01, 3.30465403e+00, 7.00131770e+01
4.28446396e-04, 1.86032056e-04, 9.99571737e-01, 4.28313344e-04, 9.63671068e-01, 3.30464377e+00, 7.00135005e+01
4.38963189e-04, 1.90597461e-04, 9.99561229e-01, 4.38823526e-04, 9.63660558e-01, 3.30463326e+00, 7.00138320e+01
4.49738130e-04, 1.95274880e-04, 9.99550464e-01, 4.49591528e-04, 9.63649790e-01, 3.30462248e+00, 7.00141717e+01
4.60777557e-04, 2.00067061e-04, 9.99539435e-01, 4.60623671e-04, 9.63638758e-01, 3.30461145e+00, 7.00145197e+01
4.72087962e-04, 2.04976817e-04, 9.99528135e-01, 4.71926429e-04, 9.63627455e-01, 3.30460014e+00, 7.00148762e+01
4.83675996e-04, 2.10007033e-04, 9.99516558e-01, 4.83506437e-04, 9.63615875e-01, 3.30458855e+00, 7.00152415e+01
4.95548474e-04, 2.15160661e-04, 9.99504697e-01, 4.95370490e-04, 9.63604011e-01, 3.30457668e+00, 7.00156158e+01
5.07712378e-04, 2.20440728e-04, 9.99492545e-01, 5.07525550e-04, 9.63591856e-01, 3.30456452e+00, 7.00159992e+01
5.20174861e-04, 2.25850336e-04, 9.99480096e-01, 5.19978750e-04, 9.63579403e-01, 3.30455206e+00, 7.00163921e+01
5.32943252e-04, 2.31392659e-04, 9.99467341e-01, 5.32737397e-04, 9.63566644e-01, 3.30453930e+00, 7.00167946e+01
5.46025061e-04, 2.37070953e-04, 9.99454273e-01, 5.45808978e-04, 9.63553573e-01, 3.30452622e+00, 7.00172071e+01
5.59427980e-04, 2.42888552e-04, 9.99440885e-01, 5.59201160e-04, 9.63540180e-01, 3.30451282e+00, 7.00176296e+01
5.73159892e-04, 2.48848870e-04, 9.99427168e-01, 5.72921803e-04, 9.63526460e-01, 3.30449909e+00, 7.00180626e+01
5.87228872e-04, 2.54955408e-04, 9.99413116e-01, 5.86978953e-04, 9.63512403e-01, 3.30448503e+00, 7.00185061e+01
6.01643195e-04, 2.61211749e-04, 9.99398719e-01, 6.01380858e-04, 9.63498001e-01, 3.30447062e+00, 7.00189606e+01
6.16411336e-04, 2.67621568e-04, 9.99383968e-01, 6.16135965e-04, 9.63483246e-01, 3.30445585e+00, 7.00194262e+01
6.31541981e-04, 2.74188626e-04, 9.99368857e-01, 6.31252928e-04, 9.63468129e-01, 3.30444072e+00, 7.00199033e+01
6.47044028e-04, 2.80916778e-04, 9.99353374e-01, 6.46740613e-04, 9.63452641e-01, 3.30442523e+00, 7.00203921e+01
6.62926594e-04, 2.87809974e-04, 9.99337513e-01, 6.62608104e-04, 9.63436774e-01, 3.30440935e+00, 7.00208929e+01
6.79199019e-04, 2.94872259e-04, 9.99321262e-01, 6.78864704e-04, 9.63420517e-01, 3.30439308e+00, 7.00214060e+01
6.95870872e-04, 3.02107778e-04, 9.99304613e-01, 6.95519947e-04, 9.63403862e-01, 3.30437642e+00, 7.00219318e+01
7.12951958e-04, 3.09520778e-04, 9.99287556e-01, 7.12583598e-04, 9.63386798e-01, 3.30435934e+00, 7.00224704e+01
7.30452323e-04, 3.17115608e-04, 9.99270081e-01, 7.30065661e-04, 9.63369316e-01, 3.30434184e+00, 7.00230223e+01
7.48382258e-04, 3.24896726e-04, 9.99252177e-01, 7.47976385e-04, 9.63351405e-01, 3.30432392e+00, 7.00235877e+01
7.66752306e-04, 3.32868698e-04, 9.99233835e-01, 7.66326268e-04, 9.63333055e-01, 3.30430556e+00, 7.00241670e+01
7.85573273e-04, 3.41036201e-04, 9.99215043e-01, 7.85126068e-04, 9.63314256e-01, 3.30428674e+00, 7.00247606e+01
8.04856225e-04, 3.49404026e-04, 9.99195791e-01, 8.04386801e-04, 9.63294995e-01, 3.30426747e+00, 7.00253688e+01
8.24612504e-04, 3.57977084e-04, 9.99176067e-01, 8.24119757e-04, 9.63275262e-01, 3.30424772e+00, 7.00259919e+01
8.44853726e-04, 3.66760404e-04, 9.99155859e-01, 8.44336499e-04, 9.63255045e-01, 3.30422748e+00, 7.00266303e+01
8.65591797e-04, 3.75759138e-04, 9.99135157e-01, 8.65048873e-04, 9.63234333e-01, 3.30420675e+00, 7.00272844e+01
8.86838912e-04, 3.84978564e-04, 9.99113947e-01, 8.86269014e-04, 9.63213113e-01, 3.30418552e+00, 7.00279546e+01
9.08607565e-04, 3.94424091e-04, 9.99092217e-01, 9.08009355e-04, 9.63191372e-01, 3.30416376e+00, 7.00286413e+01
9.30910560e-04, 4.04101257e-04, 9.99069955e-01, 9.30282629e-04, 9.63169099e-01, 3.30414146e+00, 7.00293448e+01
9.53761012e-04, 4.14015740e-04, 9.99047148e-01, 9.53101885e-04, 9.63146280e-01, 3.30411862e+00, 7.00300657e+01
9.77172358e-04, 4.24173351e-04, 9.99023782e-01, 9.76480486e-04, 9.63122901e-01, 3.30409522e+00, 7.00308042e+01
1.00115837e-03, 4.34580049e-04, 9.98999843e-01, 1.00043212e-03, 9.63098950e-01, 3.30407124e+00, 7.00315610e+01
1.02573315e-03, 4.45241935e-04, 9.98975318e-01, 1.02497082e-03, 9.63074411e-01, 3.30404668e+00, 7.00323363e+01
1.05091115e-03, 4.56165259e-04, 9.98950192e-01, 1.05011095e-03, 9.63049271e-01, 3.30402151e+00, 7.00331307e+01
1.07670717e-03, 4.67356426e-04, 9.98924451e-01, 1.07586722e-03, 9.63023514e-01, 3.30399573e+00, 7.00339446e+01
1.10313640e-03, 4.78821996e-04, 9.98898079e-01, 1.10225472e-03, 9.62997127e-01, 3.30396931e+00, 7.00347785e+01
1.13021436e-03, 4.90568690e-04, 9.98871062e-01, 1.12928889e-03, 9.62970093e-01, 3.30394225e+00, 7.00356329e+01
1.15795700e-03, 5.02603393e-04, 9.98843382e-01, 1.15698554e-03, 9.62942396e-01, 3.30391452e+00, 7.00365084e+01
1.18638061e-03, 5.14933158e-04, 9.98815025e-01, 1.18536090e-03, 9.62914021e-01, 3.30388611e+00, 7.00374053e+01
1.21550191e-03, 5.27565211e-04, 9.98785974e-01, 1.21443155e-03, 9.62884950e-01, 3.30385701e+00, 7.00383244e+01
1.24533804e-03, 5.40506953e-04, 9.98756211e-01, 1.24421450e-03, 9.62855167e-01, 3.30382719e+00, 7.00392660e+01
1.27590654e-03, 5.53765968e-04, 9.98725719e-01, 1.27472719e-03, 9.62824654e-01, 3.30379664e+00, 7.00402308e+01
1.30722538e-03, 5.67350024e-04, 9.98694481e-01, 1.30598744e-03, 9.62793394e-01, 3.30376534e+00, 7.00412193e+01
1.33931299e-03, 5.81267078e-04, 9.98662478e-01, 1.33801356e-03, 9.62761368e-01, 3.30373327e+00, 7.00422321e+01
1.37218823e-03, 5.95525282e-04, 9.98629692e-01, 1.37082424e-03, 9.62728557e-01, 3.30370041e+00, 7.00432699e+01
1.40587043e-03, 6.10132987e-04, 9.98596103e-01, 1.40443870e-03, 9.62694943e-01, 3.30366675e+00, 7.00443332e+01
1.44037941e-03, 6.25098748e-04, 9.98561692e-01, 1.43887656e-03, 9.62660505e-01, 3.30363226e+00, 7.00454226e+01
1.47573546e-03, 6.40431330e-04, 9.98526439e-01, 1.47415795e-03, 9.62625224e-01, 3.30359693e+00, 7.00465388e+01
1.51195937e-03, 6.56139709e-04, 9.98490323e-01, 1.51030351e-03, 9.62589078e-01, 3.30356073e+00, 7.00476825e+01
1.54907245e-03, 6.72233082e-04, 9.98453323e-01, 1.54733433e-03, 9.62552047e-01, 3.30352364e+00, 7.00488544e+01
1.58709651e-03, 6.88720870e-04, 9.98415418e-01, 1.58527207e-03, 9.62514110e-01, 3.30348565e+00, 7.00500550e+01
1.62605393e-03, 7.05612723e-04, 9.98376586e-01, 1.62413886e-03, 9.62475243e-01, 3.30344672e+00, 7.00512852e+01
1.66596761e-03, 7.22918529e-04, 9.98336803e-01, 1.66395742e-03, 9.62435424e-01, 3.30340683e+00, 7.00525457e+01
1.70686103e-03, 7.40648414e-04, 9.98296047e-01, 1.70475099e-03, 9.62394631e-01, 3.30336597e+00, 7.00538372e+01
1.74875823e-03, 7.58812752e-04, 9.98254295e-01, 1.74654339e-03, 9.62352838e-01, 3.30332411e+00, 7.00551605e+01
1.79168385e-03, 7.77422170e-04, 9.98211521e-01, 1.78935900e-03, 9.62310023e-01, 3.30328122e+00, 7.00565164e+01
1.83566314e-03, 7.96487554e-04, 9.98167700e-01, 1.83322282e-03, 9.62266159e-01, 3.30323727e+00, 7.00579056e+01
1.88072196e-03, 8.16020056e-04, 9.98122809e-01, 1.87816044e-03, 9.62221221e-01, 3.30319225e+00, 7.00593291e+01
1.92688681e-03, 8.36031098e-04, 9.98076819e-01, 1.92419807e-03, 9.62175184e-01, 3.30314613e+00, 7.00607876e+01
1.97418484e-03, 8.56532382e-04, 9.98029705e-01, 1.97136256e-03, 9.62128019e-01, 3.30309887e+00, 7.00622820e+01
2.02264386e-03, 8.77535894e-04, 9.97981439e-01, 2.01968141e-03, 9.62079700e-01, 3.30305045e+00, 7.00638132e+01
2.07229237e-03, 8.99053912e-04, 9.97931993e-01, 2.06918280e-03, 9.62030199e-01, 3.30300085e+00, 7.00653820e+01
2.12315957e-03, 9.21099013e-04, 9.97881339e-01, 2.11989557e-03, 9.61979486e-01, 3.30295003e+00, 7.00669896e+01
2.17527538e-03, 9.43684080e-04, 9.97829446e-01, 2.17184928e-03, 9.61927532e-01, 3.30289797e+00, 7.00686367e+01
2.22867044e-03, 9.66822310e-04, 9.97776285e-01, 2.22507419e-03, 9.61874307e-01, 3.30284462e+00, 7.00703244e+01
2.28337615e-03, 9.90527220e-04, 9.97721826e-01, 2.27960131e-03, 9.61819780e-01, 3.30278997e+00, 7.00720536e+01
2.33942469e-03, 1.01481266e-03, 9.97666035e-01, 2.33546239e-03, 9.61763919e-01, 3.30273398e+00, 7.00738255e+01
2.39684902e-03, 1.03969281e-03, 9.97608882e-01, 2.39268995e-03, 9.61706692e-01, 3.30267662e+00, 7.00756410e+01
2.45568290e-03, 1.06518219e-03, 9.97550333e-01, 2.45131730e-03, 9.61648064e-01, 3.30261785e+00, 7.00775012e+01
2.51596094e-03, 1.09129570e-03, 9.97490353e-01, 2.51137856e-03, 9.61588003e-01, 3.30255764e+00, 7.00794073e+01
2.57771858e-03, 1.11804857e-03, 9.97428909e-01, 2.57290866e-03, 9.61526473e-01, 3.30249595e+00, 7.00813603e+01
2.64099215e-03, 1.14545641e-03, 9.97365964e-01, 2.63594339e-03, 9.61463438e-01, 3.30243276e+00, 7.00833615e+01
2.70581886e-03, 1.17353523e-03, 9.97301483e-01, 2.70051940e-03, 9.61398862e-01, 3.30236801e+00, 7.00854120e+01
2.77223682e-03, 1.20230139e-03, 9.97235427e-01, 2.76667422e-03, 9.61332707e-01, 3.30230167e+00, 7.00875131e+01
2.84028510e-03, 1.23177168e-03, 9.97167759e-01, 2.83444630e-03, 9.61264935e-01, 3.30223371e+00, 7.00896659e+01
2.91000372e-03, 1.26196329e-03, 9.97098440e-01, 2.90387502e-03, 9.61195507e-01, 3.30216408e+00, 7.00918718e+01
2.98143367e-03, 1.29289381e-03, 9.97027429e-01, 2.97500068e-03, 9.61124381e-01, 3.30209274e+00, 7.00941321e+01
3.05461697e-03, 1.32458128e-03, 9.96954685e-01, 3.04786459e-03, 9.61051517e-01, 3.30201966e+00, 7.00964482e+01
3.12959665e-03, 1.35704416e-03, 9.96880167e-01, 3.12250902e-03, 9.60976873e-01, 3.30194479e+00, 7.00988214e+01
3.20641681e-03, 1.39030137e-03, 9.96803831e-01, 3.19897730e-03, 9.60900404e-01, 3.30186808e+00, 7.01012531e+01
3.28512262e-03, 1.42437229e-03, 9.96725634e-01, 3.27731377e-03, 9.60822068e-01, 3.30178948e+00, 7.01037448e+01
3.36576037e-03, 1.45927674e-03, 9.96645530e-01, 3.35756386e-03, 9.60741818e-01, 3.30170897e+00, 7.01062980e+01
3.44837749e-03, 1.49503507e-03, 9.96563473e-01, 3.43977407e-03, 9.60659608e-01, 3.30162648e+00, 7.01089142e+01
3.53302255e-03, 1.53166808e-03, 9.96479416e-01, 3.52399204e-03, 9.60575390e-01, 3.30154197e+00, 7.01115949e+01
3.61974534e-03, 1.56919709e-03, 9.96393310e-01, 3.61026655e-03, 9.60489115e-01, 3.30145538e+00, 7.01143418e+01
3.70859686e-03, 1.60764394e-03, 9.96305106e-01, 3.69864755e-03, 9.60400734e-01, 3.30136668e+00, 7.01171565e+01
3.79962935e-03, 1.64703099e-03, 9.96214753e-01, 3.78918618e-03, 9.60310195e-01, 3.30127580e+00, 7.01200407e+01
3.89289636e-03, 1.68738114e-03, 9.96122200e-01, 3.88193483e-03, 9.60217447e-01, 3.30118269e+00, 7.01229962e+01
3.98845274e-03, 1.72871785e-03, 9.96027392e-01, 3.97694712e-03, 9.60122435e-01, 3.30108731e+00, 7.01260246e+01
4.08635468e-03, 1.77106515e-03, 9.95930276e-01, 4.07427799e-03, 9.60025104e-01, 3.30098958e+00, 7.01291278e+01
4.18665975e-03, 1.81444763e-03, 9.95830795e-01, 4.17398367e-03, 9.59925398e-01, 3.30088946e+00, 7.01323077e+01
4.28942694e-03, 1.85889051e-03, 9.95728894e-01, 4.27612174e-03, 9.59823260e-01, 3.30078689e+00, 7.01355661e+01
4.39471669e-03, 1.90441958e-03, 9.95624512e-01, 4.38075117e-03, 9.59718630e-01, 3.30068181e+00, 7.01389050e+01
4.50259092e-03, 1.95106127e-03, 9.95517592e-01, 4.48793232e-03, 9.59611449e-01, 3.30057415e+00, 7.01423265e+01
4.61311307e-03, 1.99884264e-03, 9.95408070e-01, 4.59772703e-03, 9.59501655e-01, 3.30046386e+00, 7.01458325e+01
4.72634814e-03, 2.04779143e-03, 9.95295885e-01, 4.71019857e-03, 9.59389183e-01, 3.30035086e+00, 7.01494252e+01
4.84236271e-03, 2.09793601e-03, 9.95180973e-01, 4.82541176e-03, 9.59273970e-01, 3.30023510e+00, 7.01531068e+01
4.96122501e-03, 2.14930545e-03, 9.95063267e-01, 4.94343295e-03, 9.59155949e-01, 3.30011650e+00, 7.01568794e+01
5.08300495e-03, 2.20192952e-03, 9.94942701e-01, 5.06433006e-03, 9.59035052e-01, 3.29999499e+00, 7.01607453e+01
5.20777414e-03, 2.25583871e-03, 9.94819206e-01, 5.18817267e-03, 9.58911209e-01, 3.29987051e+00, 7.01647069e+01
5.33560596e-03, 2.31106423e-03, 9.94692712e-01, 5.31503196e-03, 9.58784350e-01, 3.29974298e+00, 7.01687665e+01
5.46657559e-03, 2.36763806e-03, 9.94563145e-01, 5.44498084e-03, 9.58654401e-01, 3.29961233e+00, 7.01729266e+01
5.60076003e-03, 2.42559292e-03, 9.94430434e-01, 5.57809395e-03, 9.58521288e-01, 3.29947848e+00, 7.01771896e+01
5.73823822e-03, 2.48496234e-03, 9.94294501e-01, 5.71444769e-03, 9.58384934e-01, 3.29934136e+00, 7.01815582e+01
5.87909099e-03, 2.54578065e-03, 9.94155271e-01, 5.85412029e-03, 9.58245261e-01, 3.29920087e+00, 7.01860350e+01
6.02340119e-03, 2.60808300e-03, 9.94012663e-01, 5.99719182e-03, 9.58102190e-01, 3.29905695e+00, 7.01906227e+01
6.17125367e-03, 2.67190537e-03, 9.93866597e-01, 6.14374425e-03, 9.57955637e-01, 3.29890950e+00, 7.01953241e+01
6.32273539e-03, 2.73728462e-03, 9.93716990e-01, 6.29386150e-03, 9.57805520e-01, 3.29875845e+00, 7.02001420e+01
6.47793543e-03, 2.80425848e-03, 9.93563758e-01, 6.44762945e-03, 9.57651752e-01, 3.29860370e+00, 7.02050793e+01
6.63694507e-03, 2.87286561e-03, 9.93406814e-01, 6.60513605e-03, 9.57494246e-01, 3.29844516e+00, 7.02101390e+01
6.79985781e-03, 2.94314554e-03, 9.93246068e-01, 6.76647128e-03, 9.57332910e-01, 3.29828274e+00, 7.02153241e+01
6.96676946e-03, 3.01513880e-03, 9.93081431e-01, 6.93172727e-03, 9.57167654e-01, 3.29811634e+00, 7.02206379e+01
7.13777819e-03, 3.08888685e-03, 9.92912809e-01, 7.10099832e-03, 9.56998383e-01, 3.29794588e+00, 7.02260836e+01
7.31298455e-03, 3.16443217e-03, 9.92740107e-01, 7.27438094e-03, 9.56825001e-01, 3.29777124e+00, 7.02316644e+01
7.49249159e-03, 3.24181822e-03, 9.92563228e-01, 7.45197391e-03, 9.56647408e-01, 3.29759234e+00, 7.02373837e+01
7.67640488e-03, 3.32108951e-03, 9.92382073e-01, 7.63387832e-03, 9.56465503e-01, 3.29740905e+00, 7.02432451e+01
7.86483256e-03, 3.40229162e-03, 9.92196540e-01, 7.82019765e-03, 9.56279184e-01, 3.29722129e+00, 7.02492520e+01
8.05788545e-03, 3.48547120e-03, 9.92006525e-01, 8.01103779e-03, 9.56088344e-01, 3.29702893e+00, 7.02554082e+01
8.25567708e-03, 3.57067602e-03, 9.91811921e-01, 8.20650712e-03, 9.55892875e-01, 3.29683186e+00, 7.02617174e+01
8.45832378e-03, 3.65795498e-03, 9.91612619e-01, 8.40671654e-03, 9.55692665e-01, 3.29662998e+00, 7.02681834e+01
8.66594471e-03, 3.74735812e-03, 9.91408509e-01, 8.61177955e-03, 9.55487602e-01, 3.29642316e+00, 7.02748103e+01
8.87866197e-03, 3.83893670e-03, 9.91199475e-01, 8.82181227e-03, 9.55277569e-01, 3.29621129e+00, 7.02816019e+01
9.09660067e-03, 3.93274317e-03, 9.90985402e-01, 9.03693356e-03, 9.55062448e-01, 3.29599423e+00, 7.02885626e+01
9.31988897e-03, 4.02883125e-03, 9.90766169e-01, 9.25726502e-03, 9.54842117e-01, 3.29577187e+00, 7.02956966e+01
9.54865817e-03, 4.12725589e-03, 9.90541656e-01, 9.48293108e-03, 9.54616451e-01, 3.29554408e+00, 7.03030081e+01
9.78304283e-03, 4.22807336e-03, 9.90311738e-01, 9.71405905e-03, 9.54385323e-01, 3.29531071e+00, 7.03105018e+01
1.00231808e-02, 4.33134127e-03, 9.90076286e-01, 9.95077918e-03, 9.54148602e-01, 3.29507165e+00, 7.03181822e+01
1.02692132e-02, 4.43711857e-03, 9.89835172e-01, 1.01932248e-02, 9.53906157e-01, 3.29482674e+00, 7.03260541e+01
1.05212849e-02, 4.54546560e-03, 9.89588260e-01, 1.04415321e-02, 9.53657850e-01, 3.29457586e+00, 7.03341223e+01
1.07795440e-02, 4.65644413e-03, 9.89335415e-01, 1.06958407e-02, 9.53403541e-01, 3.29431884e+00, 7.03423917e+01
1.10441424e-02, 4.77011737e-03, 9.89076498e-01, 1.09562933e-02, 9.53143088e-01, 3.29405554e+00, 7.03508674e+01
1.13152357e-02, 4.88655003e-03, 9.88811366e-01, 1.12230359e-02, 9.52876346e-01, 3.29378582e+00, 7.03595548e+01
1.15929834e-02, 5.00580832e-03, 9.88539874e-01, 1.14962176e-02, 9.52603164e-01, 3.29350951e+00, 7.03684591e+01
1.18775487e-02, 5.12796000e-03, 9.88261871e-01, 1.17759914e-02, 9.52323390e-01, 3.29322645e+00, 7.03775859e+01
1.21690991e-02, 5.25307444e-03, 9.87977207e-01, 1.20625134e-02, 9.52036868e-01, 3.29293648e+00, 7.03869408e+01
1.24678060e-02, 5.38122262e-03, 9.87685726e-01, 1.23559434e-02, 9.51743438e-01, 3.29263944e+00, 7.03965297e+01
1.27738451e-02, 5.51247715e-03, 9.87387268e-01, 1.26564448e-02, 9.51442937e-01, 3.29233515e+00, 7.04063584e+01
1.30873963e-02, 5.64691238e-03, 9.87081671e-01, 1.29641847e-02, 9.51135197e-01, 3.29202343e+00, 7.04164331e+01
1.34086440e-02, 5.78460436e-03, 9.86768769e-01, 1.32793341e-02, 9.50820048e-01, 3.29170410e+00, 7.04267602e+01
1.37377772e-02, 5.92563091e-03, 9.86448392e-01, 1.36020678e-02, 9.50497314e-01, 3.29137699e+00, 7.04373459e+01
1.40749895e-02, 6.07007167e-03, 9.86120366e-01, 1.39325644e-02, 9.50166817e-01, 3.29104189e+00, 7.04481969e+01
1.44204790e-02, 6.21800811e-03, 9.85784515e-01, 1.42710068e-02, 9.49828375e-01, 3.29069863e+00, 7.04593200e+01
1.47744490e-02, 6.36952361e-03, 9.85440657e-01, 1.46175818e-02, 9.49481800e-01, 3.29034700e+00, 7.04707223e+01
1.51371078e-02, 6.52470346e-03, 9.85088608e-01, 1.49724804e-02, 9.49126901e-01, 3.28998679e+00, 7.04824107e+01
1.55086684e-02, 6.68363492e-03, 9.84728177e-01, 1.53358980e-02, 9.48763484e-01, 3.28961780e+00, 7.04943927e+01
1.58893496e-02, 6.84640726e-03, 9.84359173e-01, 1.57080342e-02, 9.48391347e-01, 3.28923983e+00, 7.05066758e+01
1.62793750e-02, 7.01311183e-03, 9.83981398e-01, 1.60890932e-02, 9.48010288e-01, 3.28885264e+00, 7.05192677e+01
1.66789742e-02, 7.18384205e-03, 9.83594650e-01, 1.64792836e-02, 9.47620098e-01, 3.28845602e+00, 7.05321764e+01
1.70883820e-02, 7.35869348e-03, 9.83198725e-01, 1.68788187e-02, 9.47220563e-01, 3.28804974e+00, 7.05454100e+01
1.75078393e-02, 7.53776390e-03, 9.82793411e-01, 1.72879165e-02, 9.46811465e-01, 3.28763356e+00, 7.05589770e+01
1.79375928e-02, 7.72115330e-03, 9.82378495e-01, 1.77067996e-02, 9.46392582e-01, 3.28720725e+00, 7.05728859e+01
1.83778951e-02, 7.90896396e-03, 9.81953757e-01, 1.81356958e-02, 9.45963686e-01, 3.28677057e+00, 7.05871455e+01
1.88290053e-02, 8.10130049e-03, 9.81518974e-01, 1.85748378e-02, 9.45524544e-01, 3.28632326e+00, 7.06017649e+01
1.92911885e-02, 8.29826988e-03, 9.81073918e-01, 1.90244631e-02, 9.45074918e-01, 3.28586506e+00, 7.06167535e+01
1.97647167e-02, 8.49998153e-03, 9.80618356e-01, 1.94848148e-02, 9.44614567e-01, 3.28539572e+00, 7.06321208e+01
2.02498682e-02, 8.70654736e-03, 9.80152050e-01, 1.99561410e-02, 9.44143241e-01, 3.28491497e+00, 7.06478767e+01
2.07469285e-02, 8.91808177e-03, 9.79674758e-01, 2.04386951e-02, 9.43660687e-01, 3.28442252e+00, 7.06640312e+01
2.12561897e-02, 9.13470177e-03, 9.79186232e-01, 2.09327361e-02, 9.43166646e-01, 3.28391810e+00, 7.06805947e+01
2.17779515e-02, 9.35652700e-03, 9.78686219e-01, 2.14385285e-02, 9.42660853e-01, 3.28340143e+00, 7.06975779e+01
2.23125206e-02, 9.58367978e-03, 9.78174462e-01, 2.19563425e-02, 9.42143039e-01, 3.28287220e+00, 7.07149917e+01
2.28602114e-02, 9.81628518e-03, 9.77650698e-01, 2.24864539e-02, 9.41612928e-01, 3.28233011e+00, 7.07328475e+01
2.34213461e-02, 1.00544710e-02, 9.77114659e-01, 2.30291447e-02, 9.41070237e-01, 3.28177487e+00, 7.07511567e+01
2.39962545e-02, 1.02983681e-02, 9.76566072e-01, 2.35847023e-02, 9.40514679e-01, 3.28120614e+00, 7.07699312e+01
2.45852748e-02, 1.05481100e-02, 9.76004657e-01, 2.41534207e-02, 9.39945961e-01, 3.28062360e+00, 7.07891833e+01
2.51887535e-02, 1.08038332e-02, 9.75430131e-01, 2.47355997e-02, 9.39363782e-01, 3.28002694e+00, 7.08089254e+01
2.58070453e-02, 1.10656775e-02, 9.74842203e-01, 2.53315454e-02, 9.38767836e-01, 3.27941579e+00, 7.08291706e+01
2.64405139e-02, 1.13337854e-02, 9.74240578e-01, 2.59415704e-02, 9.38157811e-01, 3.27878983e+00, 7.08499321e+01
2.70895319e-02, 1.16083029e-02, 9.73624956e-01, 2.65659936e-02, 9.37533388e-01, 3.27814870e+00, 7.08712234e+01
2.77544809e-02, 1.18893789e-02, 9.72995028e-01, 2.72051406e-02, 9.36894241e-01, 3.27749202e+00, 7.08930586e+01
2.84357519e-02, 1.21771658e-02, 9.72350483e-01, 2.78593434e-02, 9.36240038e-01, 3.27681944e+00, 7.09154522e+01
2.91337457e-02, 1.24718191e-02, 9.71691001e-01, 2.85289411e-02, 9.35570441e-01, 3.27613057e+00, 7.09384188e+01
2.98488727e-02, 1.27734979e-02, 9.71016259e-01, 2.92142793e-02, 9.34885102e-01, 3.27542502e+00, 7.09619739e+01
3.05815534e-02, 1.30823647e-02, 9.70325926e-01, 2.99157108e-02, 9.34183671e-01, 3.27470239e+00, 7.09861329e+01
3.13322187e-02, 1.33985853e-02, 9.69619665e-01, 3.06335954e-02, 9.33465786e-01, 3.27396229e+00, 7.10109121e+01
3.21013102e-02, 1.37223294e-02, 9.68897133e-01, 3.13683000e-02, 9.32731082e-01, 3.27320428e+00, 7.10363279e+01
3.28892800e-02, 1.40537701e-02, 9.68157981e-01, 3.21201989e-02, 9.31979183e-01, 3.27242795e+00, 7.10623975e+01
3.36965916e-02, 1.43930843e-02, 9.67401855e-01, 3.28896734e-02, 9.31209708e-01, 3.27163286e+00, 7.10891384e+01
3.45237198e-02, 1.47404527e-02, 9.66628392e-01, 3.36771127e-02, 9.30422269e-01, 3.27081856e+00, 7.11165685e+01
3.53711509e-02, 1.50960598e-02, 9.65837226e-01, 3.44829132e-02, 9.29616468e-01, 3.26998460e+00, 7.11447065e+01
3.62393833e-02, 1.54600941e-02, 9.65027981e-01, 3.53074790e-02, 9.28791903e-01, 3.26913051e+00, 7.11735714e+01
3.71289277e-02, 1.58327478e-02, 9.64200278e-01, 3.61512220e-02, 9.27948160e-01, 3.26825581e+00, 7.12031829e+01
3.80403072e-02, 1.62142175e-02, 9.63353728e-01, 3.70145618e-02, 9.27084820e-01, 3.26736002e+00, 7.12335611e+01
3.89740577e-02, 1.66047037e-02, 9.62487940e-01, 3.78979260e-02, 9.26201456e-01, 3.26644264e+00, 7.12647270e+01
3.99307284e-02, 1.70044111e-02, 9.61602511e-01, 3.88017501e-02, 9.25297632e-01, 3.26550316e+00, 7.12967018e+01
4.09108818e-02, 1.74135487e-02, 9.60697037e-01, 3.97264777e-02, 9.24372904e-01, 3.26454105e+00, 7.13295076e+01
4.19150944e-02, 1.78323298e-02, 9.59771104e-01, 4.06725604e-02, 9.23426821e-01, 3.26355579e+00, 7.13631672e+01
4.29439567e-02, 1.82609720e-02, 9.58824291e-01, 4.16404582e-02, 9.22458923e-01, 3.26254683e+00, 7.13977039e+01
4.39980739e-02, 1.86996974e-02, 9.57856173e-01, 4.26306393e-02, 9.21468742e-01, 3.26151360e+00, 7.14331416e+01
4.50780658e-02, 1.91487328e-02, 9.56866317e-01, 4.36435801e-02, 9.20455801e-01, 3.26045555e+00, 7.14695053e+01
4.61845675e-02, 1.96083094e-02, 9.55854283e-01, 4.46797657e-02, 9.19419616e-01, 3.25937208e+00, 7.15068203e+01
4.73182299e-02, 2.00786630e-02, 9.54819625e-01, 4.57396893e-02, 9.18359692e-01, 3.25826260e+00, 7.15451130e+01
4.84797194e-02, 2.05600344e-02, 9.53761891e-01, 4.68238529e-02, 9.17275529e-01, 3.25712651e+00, 7.15844103e+01
4.96697193e-02, 2.10526689e-02, 9.52680621e-01, 4.79327670e-02, 9.16166615e-01, 3.25596318e+00, 7.16247403e+01
5.08889294e-02, 2.15568170e-02, 9.51575349e-01, 4.90669505e-02, 9.15032431e-01, 3.25477197e+00, 7.16661315e+01
5.21380666e-02, 2.20727338e-02, 9.50445604e-01, 5.02269313e-02, 9.13872450e-01, 3.25355223e+00, 7.17086136e+01
5.34178656e-02, 2.26006795e-02, 9.49290906e-01, 5.14132457e-02, 9.12686136e-01, 3.25230331e+00, 7.17522170e+01
5.47290789e-02, 2.31409197e-02, 9.48110771e-01, 5.26264387e-02, 9.11472943e-01, 3.25102451e+00, 7.17969732e+01
5.60724777e-02, 2.36937246e-02, 9.46904707e-01, 5.38670642e-02, 9.10232317e-01, 3.24971515e+00, 7.18429145e+01
5.74488521e-02, 2.42593701e-02, 9.45672217e-01, 5.51356845e-02, 9.08963697e-01, 3.24837453e+00, 7.18900743e+01
5.88590114e-02, 2.48381370e-02, 9.44412796e-01, 5.64328709e-02, 9.07666511e-01, 3.24700190e+00, 7.19384870e+01
6.03037850e-02, 2.54303117e-02, 9.43125936e-01, 5.77592033e-02, 9.06340178e-01, 3.24559655e+00, 7.19881881e+01
6.17840225e-02, 2.60361859e-02, 9.41811121e-01, 5.91152703e-02, 9.04984111e-01, 3.24415770e+00, 7.20392141e+01
6.33005944e-02, 2.66560567e-02, 9.40467827e-01, 6.05016690e-02, 9.03597713e-01, 3.24268459e+00, 7.20916028e+01
6.48543926e-02, 2.72902267e-02, 9.39095530e-01, 6.19190053e-02, 9.02180376e-01, 3.24117644e+00, 7.21453930e+01
6.64463309e-02, 2.79390044e-02, 9.37693694e-01, 6.33678937e-02, 9.00731488e-01, 3.23963243e+00, 7.22006248e+01
6.80773455e-02, 2.86027035e-02, 9.36261783e-01, 6.48489570e-02, 8.99250425e-01, 3.23805175e+00, 7.22573397e+01
6.97483955e-02, 2.92816437e-02, 9.34799252e-01, 6.63628265e-02, 8.97736555e-01, 3.23643355e+00, 7.23155803e+01
7.14604636e-02, 2.99761504e-02, 9.33305553e-01, 6.79101419e-02, 8.96189240e-01, 3.23477699e+00, 7.23753907e+01
7.32145568e-02, 3.06865547e-02, 9.31780131e-01, 6.94915512e-02, 8.94607830e-01, 3.23308119e+00, 7.24368162e+01
7.50117065e-02, 3.14131936e-02, 9.30222428e-01, 7.11077102e-02, 8.92991671e-01, 3.23134525e+00, 7.24999039e+01
7.68529697e-02, 3.21564101e-02, 9.28631882e-01, 7.27592832e-02, 8.91340098e-01, 3.22956827e+00, 7.25647021e+01
7.87394292e-02, 3.29165530e-02, 9.27007925e-01, 7.44469418e-02, 8.89652440e-01, 3.22774932e+00, 7.26312608e+01
8.06721944e-02, 3.36939773e-02, 9.25349986e-01, 7.61713658e-02, 8.87928016e-01, 3.22588745e+00, 7.26996317e+01
8.26524019e-02, 3.44890437e-02, 9.23657490e-01, 7.79332421e-02, 8.86166140e-01, 3.22398170e+00, 7.27698678e+01
8.46812162e-02, 3.53021194e-02, 9.21929858e-01, 7.97332651e-02, 8.84366117e-01, 3.22203107e+00, 7.28420244e+01
8.67598306e-02, 3.61335774e-02, 9.20166510e-01, 8.15721363e-02, 8.82527245e-01, 3.22003457e+00, 7.29161581e+01
8.88894673e-02, 3.69837969e-02, 9.18366859e-01, 8.34505639e-02, 8.80648818e-01, 3.21799117e+00, 7.29923277e+01
9.10713788e-02, 3.78531634e-02, 9.16530320e-01, 8.53692630e-02, 8.78730119e-01, 3.21589983e+00, 7.30705937e+01
9.33068482e-02, 3.87420684e-02, 9.14656303e-01, 8.73289547e-02, 8.76770427e-01, 3.21375948e+00, 7.31510188e+01
9.55971903e-02, 3.96509098e-02, 9.12744217e-01, 8.93303664e-02, 8.74769015e-01, 3.21156903e+00, 7.32336676e+01
9.79437519e-02, 4.05800916e-02, 9.10793470e-01, 9.13742310e-02, 8.72725151e-01, 3.20932738e+00, 7.33186071e+01
1.00347913e-01, 4.15300241e-02, 9.08803469e-01, 9.34612868e-02, 8.70638095e-01, 3.20703340e+00, 7.34059063e+01
1.02811087e-01, 4.25011238e-02, 9.06773618e-01, 9.55922771e-02, 8.68507105e-01, 3.20468595e+00, 7.34956367e+01
1.05334724e-01, 4.34938135e-02, 9.04703325e-01, 9.77679499e-02, 8.66331432e-01, 3.20228385e+00, 7.35878720e+01
1.07920306e-01, 4.45085223e-02, 9.02591995e-01, 9.99890573e-02, 8.64110324e-01, 3.19982591e+00, 7.36826885e+01
1.10569355e-01, 4.55456855e-02, 9.00439036e-01, 1.02256355e-01, 8.61843027e-01, 3.19731093e+00, 7.37801652e+01
1.13283429e-01, 4.66057447e-02, 8.98243856e-01, 1.04570602e-01, 8.59528780e-01, 3.19473766e+00, 7.38803838e+01
1.16064123e-01, 4.76891475e-02, 8.96005865e-01, 1.06932560e-01, 8.57166822e-01, 3.19210485e+00, 7.39834285e+01
1.18913073e-01, 4.87963480e-02, 8.93724476e-01, 1.09342993e-01, 8.54756389e-01, 3.18941122e+00, 7.40893867e+01
1.21831954e-01, 4.99278063e-02, 8.91399105e-01, 1.11802666e-01, 8.52296715e-01, 3.18665547e+00, 7.41983486e+01
1.24822483e-01, 5.10839886e-02, 8.89029171e-01, 1.14312347e-01, 8.49787035e-01, 3.18383628e+00, 7.43104078e+01
1.27886419e-01, 5.22653673e-02, 8.86614098e-01, 1.16872801e-01, 8.47226581e-01, 3.18095230e+00, 7.44256608e+01
1.31025563e-01, 5.34724209e-02, 8.84153314e-01, 1.19484796e-01, 8.44614586e-01, 3.17800217e+00, 7.45442078e+01
1.34241762e-01, 5.47056336e-02, 8.81646254e-01, 1.22149097e-01, 8.41950285e-01, 3.17498450e+00, 7.46661521e+01
1.37536906e-01, 5.59654959e-02, 8.79092357e-01, 1.24866467e-01, 8.39232915e-01, 3.17189787e+00, 7.47916011e+01
1.40912935e-01, 5.72525038e-02, 8.76491071e-01, 1.27637669e-01, 8.36461713e-01, 3.16874085e+00, 7.49206655e+01
1.44371832e-01, 5.85671594e-02, 8.73841851e-01, 1.30463459e-01, 8.33635922e-01, 3.16551199e+00, 7.50534602e+01
1.47915633e-01, 5.99099704e-02, 8.71144160e-01, 1.33344592e-01, 8.30754789e-01, 3.16220980e+00, 7.51901042e+01
1.51546421e-01, 6.12814499e-02, 8.68397471e-01, 1.36281817e-01, 8.27817565e-01, 3.15883279e+00, 7.53307206e+01
1.55266332e-01, 6.26821168e-02, 8.65601267e-01, 1.39275874e-01, 8.24823507e-01, 3.15537943e+00, 7.54754367e+01
1.59077553e-01, 6.41124951e-02, 8.62755040e-01, 1.42327501e-01, 8.21771880e-01, 3.15184817e+00, 7.56243848e+01
1.62982325e-01, 6.55731144e-02, 8.59858296e-01, 1.45437424e-01, 8.18661957e-01, 3.14823747e+00, 7.57777016e+01
1.66982945e-01, 6.70645092e-02, 8.56910552e-01, 1.48606362e-01, 8.15493020e-01, 3.14454571e+00, 7.59355288e+01
1.71081766e-01, 6.85872191e-02, 8.53911340e-01, 1.51835022e-01, 8.12264360e-01, 3.14077131e+00, 7.60980132e+01
1.75281198e-01, 7.01417886e-02, 8.50860204e-01, 1.55124100e-01, 8.08975281e-01, 3.13691263e+00, 7.62653069e+01
1.79583711e-01, 7.17287667e-02, 8.47756705e-01, 1.58474282e-01, 8.05625100e-01, 3.13296803e+00, 7.64375675e+01
1.83991835e-01, 7.33487074e-02, 8.44600419e-01, 1.61886237e-01, 8.02213145e-01, 3.12893583e+00, 7.66149584e+01
1.88508162e-01, 7.50021685e-02, 8.41390940e-01, 1.65360619e-01, 7.98738762e-01, 3.12481435e+00, 7.67976489e+01
1.93135348e-01, 7.66897124e-02, 8.38127880e-01, 1.68898069e-01, 7.95201313e-01, 3.12060189e+00, 7.69858144e+01
1.97876115e-01, 7.84119054e-02, 8.34810869e-01, 1.72499205e-01, 7.91600177e-01, 3.11629672e+00, 7.71796368e+01
2.02733250e-01, 8.01693175e-02, 8.31439556e-01, 1.76164630e-01, 7.87934752e-01, 3.11189710e+00, 7.73793047e+01
2.07709611e-01, 8.19625223e-02, 8.28013615e-01, 1.79894924e-01, 7.84204458e-01, 3.10740128e+00, 7.75850136e+01
2.12808122e-01, 8.37920968e-02, 8.24532737e-01, 1.83690646e-01, 7.80408735e-01, 3.10280748e+00, 7.77969661e+01
2.18031784e-01, 8.56586211e-02, 8.20996638e-01, 1.87552331e-01, 7.76547050e-01, 3.09811393e+00, 7.80153724e+01
2.23383667e-01, 8.75626781e-02, 8.17405060e-01, 1.91480488e-01, 7.72618893e-01, 3.09331881e+00, 7.82404504e+01
2.28866920e-01, 8.95048534e-02, 8.13757767e-01, 1.95475600e-01, 7.68623782e-01, 3.08842032e+00, 7.84724261e+01
2.34484766e-01, 9.14857349e-02, 8.10054549e-01, 1.99538120e-01, 7.64561262e-01, 3.08341662e+00, 7.87115340e+01
2.40240510e-01, 9.35059125e-02, 8.06295224e-01, 2.03668471e-01, 7.60430910e-01, 3.07830589e+00, 7.89580170e+01
2.46137536e-01, 9.55659780e-02, 8.02479639e-01, 2.07867046e-01, 7.56232335e-01, 3.07308629e+00, 7.92121273e+01
2.52179313e-01, 9.76665246e-02, 7.98607667e-01, 2.12134202e-01, 7.51965180e-01, 3.06775595e+00, 7.94741264e+01
2.58369393e-01, 9.98081466e-02, 7.94679214e-01, 2.16470260e-01, 7.47629122e-01, 3.06231303e+00, 7.97442857e+01
2.64711418e-01, 1.01991439e-01, 7.90694214e-01, 2.20875504e-01, 7.43223877e-01, 3.05675566e+00, 8.00228863e+01
2.71209115e-01, 1.04216998e-01, 7.86652635e-01, 2.25350181e-01, 7.38749201e-01, 3.05108196e+00, 8.03102204e+01
2.77866308e-01, 1.06485420e-01, 7.82554477e-01, 2.29894492e-01, 7.34204889e-01, 3.04529009e+00, 8.06065907e+01
2.84686910e-01, 1.08797299e-01, 7.78399774e-01, 2.34508600e-01, 7.29590782e-01, 3.03937817e+00, 8.09123113e+01
2.91674933e-01, 1.11153231e-01, 7.74188594e-01, 2.39192619e-01, 7.24906763e-01, 3.03334433e+00, 8.12277083e+01
2.98834486e-01, 1.13553811e-01, 7.69921041e-01, 2.43946617e-01, 7.20152764e-01, 3.02718672e+00, 8.15531197e+01
3.06169781e-01, 1.15999632e-01, 7.65597256e-01, 2.48770615e-01, 7.15328767e-01, 3.02090348e+00, 8.18888963e+01
3.13685130e-01, 1.18491284e-01, 7.61217416e-01, 2.53664580e-01, 7.10434801e-01, 3.01449277e+00, 8.22354021e+01
3.21384953e-01, 1.21029357e-01, 7.56781737e-01, 2.58628429e-01, 7.05470953e-01, 3.00795276e+00, 8.25930148e+01
3.29273779e-01, 1.23614438e-01, 7.52290473e-01, 2.63662022e-01, 7.00437360e-01, 3.00128162e+00, 8.29621259e+01
3.37356246e-01, 1.26247111e-01, 7.47743918e-01, 2.68765163e-01, 6.95334219e-01, 2.99447756e+00, 8.33431421e+01
3.45637109e-01, 1.28927955e-01, 7.43142407e-01, 2.73937598e-01, 6.90161784e-01, 2.98753880e+00, 8.37364850e+01
3.54121237e-01, 1.31657549e-01, 7.38486313e-01, 2.79179012e-01, 6.84920369e-01, 2.98046356e+00, 8.41425919e+01
3.62813619e-01, 1.34436465e-01, 7.33776054e-01, 2.84489028e-01, 6.79610353e-01, 2.97325012e+00, 8.45619168e+01
3.71719367e-01, 1.37265270e-01, 7.29012088e-01, 2.89867205e-01, 6.74232176e-01, 2.96589677e+00, 8.49949304e+01
3.80843719e-01, 1.40144529e-01, 7.24194915e-01, 2.95313036e-01, 6.68786346e-01, 2.95840182e+00, 8.54421211e+01
3.90192040e-01, 1.43074797e-01, 7.19325080e-01, 3.00825945e-01, 6.63273436e-01, 2.95076364e+00, 8.59039955e+01
3.99769828e-01, 1.46056628e-01, 7.14403168e-01, 3.06405290e-01, 6.57694092e-01, 2.94298062e+00, 8.63810790e+01
4.09582716e-01, 1.49090566e-01, 7.09429811e-01, 3.12050355e-01, 6.52049027e-01, 2.93505118e+00, 8.68739167e+01
4.19636475e-01, 1.52177149e-01, 7.04405683e-01, 3.17760354e-01, 6.46339028e-01, 2.92697383e+00, 8.73830739e+01
4.29937016e-01, 1.55316909e-01, 6.99331501e-01, 3.23534426e-01, 6.40564956e-01, 2.91874707e+00, 8.79091368e+01
4.40490399e-01, 1.58510368e-01, 6.94208029e-01, 3.29371637e-01, 6.34727745e-01, 2.91036950e+00, 8.84527133e+01
4.51302828e-01, 1.61758041e-01, 6.89036072e-01, 3.35270974e-01, 6.28828407e-01, 2.90183974e+00, 8.90144340e+01
4.62380662e-01, 1.65060436e-01, 6.83816482e-01, 3.41231351e-01, 6.22868030e-01, 2.89315649e+00, 8.95949525e+01
4.73730418e-01, 1.68418047e-01, 6.78550153e-01, 3.47251601e-01, 6.16847780e-01, 2.88431851e+00, 9.01949465e+01
4.85358768e-01, 1.71831364e-01, 6.73238023e-01, 3.53330479e-01, 6.10768902e-01, 2.87532463e+00, 9.08151187e+01
4.97272551e-01, 1.75300863e-01, 6.67881074e-01, 3.59466661e-01, 6.04632720e-01, 2.86617373e+00, 9.14561975e+01
5.09478775e-01, 1.78827011e-01, 6.62480332e-01, 3.65658744e-01, 5.98440638e-01, 2.85686480e+00, 9.21189380e+01
5.21984616e-01, 1.82410263e-01, 6.57036864e-01, 3.71905243e-01, 5.92194139e-01, 2.84739689e+00, 9.28041225e+01
5.34797431e-01, 1.86051064e-01, 6.51551781e-01, 3.78204594e-01, 5.85894788e-01, 2.83776912e+00, 9.35125622e+01
5.47924753e-01, 1.89749845e-01, 6.46026235e-01, 3.84555153e-01, 5.79544229e-01, 2.82798073e+00, 9.42450974e+01
5.61374303e-01, 1.93507027e-01, 6.40461418e-01, 3.90955196e-01, 5.73144186e-01, 2.81803103e+00, 9.50025988e+01
5.75153990e-01, 1.97323018e-01, 6.34858564e-01, 3.97402920e-01, 5.66696461e-01, 2.80791942e+00, 9.57859686e+01
5.89271918e-01, 2.01198210e-01, 6.29218945e-01, 4.03896444e-01, 5.60202938e-01, 2.79764541e+00, 9.65961413e+01
6.03736390e-01, 2.05132984e-01, 6.23543873e-01, 4.10433808e-01, 5.53665574e-01, 2.78720863e+00, 9.74340850e+01
6.18555911e-01, 2.09127706e-01, 6.17834696e-01, 4.17012975e-01, 5.47086407e-01, 2.77660877e+00, 9.83008023e+01
6.33739198e-01, 2.13182729e-01, 6.12092800e-01, 4.23631836e-01, 5.40467546e-01, 2.76584568e+00, 9.91973316e+01
6.49295179e-01, 2.17298389e-01, 6.06319604e-01, 4.30288205e-01, 5.33811177e-01, 2.75491930e+00, 1.00124748e+02
6.65233002e-01, 2.21475009e-01, 6.00516564e-01, 4.36979827e-01, 5.27119554e-01, 2.74382968e+00, 1.01084164e+02
6.81562041e-01, 2.25712895e-01, 5.94685165e-01, 4.43704377e-01, 5.20395005e-01, 2.73257702e+00, 1.02076733e+02
6.98291897e-01, 2.30012338e-01, 5.88826928e-01, 4.50459462e-01, 5.13639920e-01, 2.72116161e+00, 1.03103648e+02
7.15432411e-01, 2.34373611e-01, 5.82943399e-01, 4.57242624e-01, 5.06856757e-01, 2.70958388e+00, 1.04166143e+02
7.32993662e-01, 2.38796974e-01, 5.77036156e-01, 4.64051347e-01, 5.00048035e-01, 2.69784440e+00, 1.05265497e+02
7.50985977e-01, 2.43282668e-01, 5.71106801e-01, 4.70883052e-01, 4.93216330e-01, 2.68594385e+00, 1.06403031e+02
7.69419937e-01, 2.47830916e-01, 5.65156964e-01, 4.77735107e-01, 4.86364275e-01, 2.67388307e+00, 1.07580114e+02
7.88306384e-01, 2.52441927e-01, 5.59188296e-01, 4.84604829e-01, 4.79494553e-01, 2.66166301e+00, 1.08798162e+02
8.07656425e-01, 2.57115889e-01, 5.53202471e-01, 4.91489486e-01, 4.72609896e-01, 2.64928477e+00, 1.10058639e+02
8.27481438e-01, 2.61852974e-01, 5.47201180e-01, 4.98386303e-01, 4.65713079e-01, 2.63674959e+00, 1.11363061e+02
8.47793082e-01, 2.66653337e-01, 5.41186137e-01, 5.05292465e-01, 4.58806917e-01, 2.62405884e+00, 1.12712994e+02
8.68603304e-01, 2.71517112e-01, 5.35159067e-01, 5.12205122e-01, 4.51894259e-01, 2.61121404e+00, 1.14110059e+02
8.89924340e-01, 2.76444418e-01, 5.29121711e-01, 5.19121394e-01, 4.44977987e-01, 2.59821683e+00, 1.15555933e+02
9.11768729e-01, 2.81435354e-01, 5.23075822e-01, 5.26038375e-01, 4.38061007e-01, 2.58506902e+00, 1.17052348e+02
9.34149319e-01, 2.86489999e-01, 5.17023164e-01, 5.32953137e-01, 4.31146244e-01, 2.57177253e+00, 1.18601098e+02
9.57079270e-01, 2.91608417e-01, 5.10965506e-01, 5.39862738e-01, 4.24236644e-01, 2.55832945e+00, 1.20204036e+02
9.80572068e-01, 2.96790650e-01, 5.04904626e-01, 5.46764224e-01, 4.17335157e-01, 2.54474197e+00, 1.21863077e+02
1.00464153e+00, 3.02036723e-01, 4.98842305e-01, 5.53654638e-01, 4.10444744e-01, 2.53101245e+00, 1.23580204e+02
1.02930180e+00, 3.07346642e-01, 4.92780324e-01, 5.60531019e-01, 4.03568363e-01, 2.51714336e+00, 1.25357463e+02
1.05456740e+00, 3.12720393e-01, 4.86720464e-01, 5.67390415e-01, 3.96708967e-01, 2.50313731e+00, 1.27196974e+02
1.08045318e+00, 3.18157946e-01, 4.80664507e-01, 5.74229883e-01, 3.89869498e-01, 2.48899704e+00, 1.29100925e+02
1.10697435e+00, 3.23659249e-01, 4.74614225e-01, 5.81046498e-01, 3.83052884e-01, 2.47472542e+00, 1.31071579e+02
1.13414653e+00, 3.29224234e-01, 4.68571388e-01, 5.87837355e-01, 3.76262027e-01, 2.46032543e+00, 1.33111276e+02
1.16198568e+00, 3.34852813e-01, 4.62537754e-01, 5.94599576e-01, 3.69499806e-01, 2.44580018e+00, 1.35222434e+02
1.19050818e+00, 3.40544879e-01, 4.56515072e-01, 6.01330317e-01, 3.62769065e-01, 2.43115290e+00, 1.37407553e+02
1.21973080e+00, 3.46300309e-01, 4.50505078e-01, 6.08026770e-01, 3.56072611e-01, 2.41638690e+00, 1.39669218e+02
1.24967074e+00, 3.52118959e-01, 4.44509494e-01, 6.14686172e-01, 3.49413210e-01, 2.40150563e+00, 1.42010101e+02
1.28034559e+00, 3.58000669e-01, 4.38530022e-01, 6.21305804e-01, 3.42793577e-01, 2.38651262e+00, 1.44432964e+02
1.31177339e+00, 3.63945260e-01, 4.32568350e-01, 6.27883004e-01, 3.36216377e-01, 2.37141151e+00, 1.46940663e+02
1.34397263e+00, 3.69952536e-01, 4.26626142e-01, 6.34415165e-01, 3.29684216e-01, 2.35620602e+00, 1.49536151e+02
1.37696225e+00, 3.76022284e-01, 4.20705041e-01, 6.40899743e-01, 3.23199639e-01, 2.34089995e+00, 1.52222480e+02
1.41076164e+00, 3.82154272e-01, 4.14806667e-01, 6.47334257e-01, 3.16765124e-01, 2.32549720e+00, 1.55002808e+02
1.44539068e+00, 3.88348252e-01, 4.08932613e-01, 6.53716301e-01, 3.10383080e-01, 2.31000171e+00, 1.57880397e+02
1.48086974e+00, 3.94603961e-01, 4.03084445e-01, 6.60043540e-01, 3.04055841e-01, 2.29441751e+00, 1.60858623e+02
1.51721968e+00, 4.00921118e-01, 3.97263699e-01, 6.66313718e-01, 2.97785664e-01, 2.27874870e+00, 1.63940977e+02
1.55446187e+00, 4.07299425e-01, 3.91471883e-01, 6.72524659e-01, 2.91574723e-01, 2.26299939e+00, 1.67131068e+02
1.59261823e+00, 4.13738570e-01, 3.85710472e-01, 6.78674271e-01, 2.85425111e-01, 2.24717379e+00, 1.70432631e+02
1.63171119e+00, 4.20238226e-01, 3.79980906e-01, 6.84760549e-01, 2.79338832e-01, 2.23127612e+00, 1.73849528e+02
1.67176373e+00, 4.26798050e-01, 3.74284593e-01, 6.90781579e-01, 2.73317803e-01, 2.21531064e+00, 1.77385753e+02
1.71279942e+00, 4.33417684e-01, 3.68622904e-01, 6.96735536e-01, 2.67363846e-01, 2.19928164e+00, 1.81045439e+02
1.75484238e+00, 4.40096756e-01, 3.62997174e-01, 7.02620689e-01, 2.61478692e-01, 2.18319343e+00, 1.84832863e+02
1.79791735e+00, 4.46834881e-01, 3.57408699e-01, 7.08435403e-01, 2.55663978e-01, 2.16705033e+00, 1.88752450e+02
1.84204965e+00, 4.53631661e-01, 3.51858737e-01, 7.14178139e-01, 2.49921243e-01, 2.15085669e+00, 1.92808776e+02
1.88726524e+00, 4.60486682e-01, 3.46348506e-01, 7.19847452e-01, 2.44251930e-01, 2.13461685e+00, 1.97006581e+02
1.93359070e+00, 4.67399520e-01, 3.40879183e-01, 7.25442000e-01, 2.38657382e-01, 2.11833514e+00, 2.01350767e+02
1.98105328e+00, 4.74369739e-01, 3.35451904e-01, 7.30960535e-01, 2.33138846e-01, 2.10201588e+00, 2.05846409e+02
2.02968090e+00, 4.81396889e-01, 3.30067764e-01, 7.36401911e-01, 2.27697471e-01, 2.08566340e+00, 2.10498761e+02
2.07950215e+00, 4.88480511e-01, 3.24727814e-01, 7.41765077e-01, 2.22334305e-01, 2.06928199e+00, 2.15313261e+02
2.13054632e+00, 4.95620134e-01, 3.19433063e-01, 7.47049082e-01, 2.17050300e-01, 2.05287591e+00, 2.20295538e+02
2.18284345e+00, 5.02815278e-01, 3.14184476e-01, 7.52253071e-01, 2.11846310e-01, 2.03644940e+00, 2.25451423e+02
2.23642428e+00, 5.10065450e-01, 3.08982975e-01, 7.57376287e-01, 2.06723095e-01, 2.02000667e+00, 2.30786949e+02
2.29132032e+00, 5.17370151e-01, 3.03829437e-01, 7.62418066e-01, 2.01681316e-01, 2.00355188e+00, 2.36308367e+02
2.34756385e+00, 5.24728870e-01, 2.98724698e-01, 7.67377839e-01, 1.96721542e-01, 1.98708915e+00, 2.42022150e+02
2.40518797e+00, 5.32141090e-01, 2.93669545e-01, 7.72255130e-01, 1.91844252e-01, 1.97062255e+00, 2.47935000e+02
2.46422654e+00, 5.39606284e-01, 2.88664725e-01, 7.77049552e-01, 1.87049829e-01, 1.95415609e+00, 2.54053860e+02
2.52471429e+00, 5.47123920e-01, 2.83710938e-01, 7.81760808e-01, 1.82338574e-01, 1.93769374e+00, 2.60385921e+02
2.58668680e+00, 5.54693455e-01, 2.78808844e-01, 7.86388687e-01, 1.77710695e-01, 1.92123940e+00, 2.66938632e+02
2.65018051e+00, 5.62314341e-01, 2.73959054e-01, 7.90933061e-01, 1.73166320e-01, 1.90479691e+00, 2.73719710e+02
2.71523275e+00, 5.69986027e-01, 2.69162141e-01, 7.95393887e-01, 1.68705494e-01, 1.88837004e+00, 2.80737149e+02
2.78188179e+00, 5.77707950e-01, 2.64418630e-01, 7.99771199e-01, 1.64328182e-01, 1.87196248e+00, 2.87999232e+02
2.85016682e+00, 5.85479547e-01, 2.59729006e-01, 8.04065109e-01, 1.60034272e-01, 1.85557789e+00, 2.95514541e+02
2.92012800e+00, 5.93300247e-01, 2.55093711e-01, 8.08275803e-01, 1.55823579e-01, 1.83921980e+00, 3.03291967e+02
2.99180647e+00, 6.01169477e-01, 2.50513147e-01, 8.12403538e-01, 1.51695843e-01, 1.82289171e+00, 3.11340726e+02
3.06524438e+00, 6.09086658e-01, 2.45987672e-01, 8.16448641e-01, 1.47650741e-01, 1.80659701e+00, 3.19670365e+02
3.14048492e+00, 6.17051208e-01, 2.41517604e-01, 8.20411503e-01, 1.43687879e-01, 1.79033904e+00, 3.28290778e+02
3.21757235e+00, 6.25062541e-01, 2.37103224e-01, 8.24292580e-01, 1.39806802e-01, 1.77412104e+00, 3.37212222e+02
3.29655199e+00, 6.33120071e-01, 2.32744769e-01, 8.28092386e-01, 1.36006996e-01, 1.75794617e+00, 3.46445322e+02
3.37747029e+00, 6.41223207e-01, 2.28442441e-01, 8.31811494e-01, 1.32287888e-01, 1.74181751e+00, 3.56001095e+02
3.46037484e+00, 6.49371357e-01, 2.24196404e-01, 8.35450529e-01, 1.28648852e-01, 1.72573805e+00, 3.65890957e+02
3.54531439e+00, 6.57563928e-01, 2.20006784e-01, 8.39010170e-01, 1.25089211e-01, 1.70971071e+00, 3.76126741e+02
3.63233890e+00, 6.65800325e-01, 2.15873670e-01, 8.42491142e-01, 1.21608240e-01, 1.69373832e+00, 3.86720712e+02
3.72149955e+00, 6.74079952e-01, 2.11797119e-01, 8.45894215e-01, 1.18205167e-01, 1.67782361e+00, 3.97685585e+02
3.81284876e+00, 6.82402214e-01, 2.07777150e-01, 8.49220204e-01, 1.14879178e-01, 1.66196924e+00, 4.09034539e+02
3.90644026e+00, 6.90766515e-01, 2.03813752e-01, 8.52469961e-01, 1.11629421e-01, 1.64617778e+00, 4.20781235e+02
4.00232909e+00, 6.99172259e-01, 1.99906880e-01, 8.55644376e-01, 1.08455006e-01, 1.63045172e+00, 4.32939836e+02
4.10057164e+00, 7.07618851e-01, 1.96056456e-01, 8.58744374e-01, 1.05355008e-01, 1.61479346e+00, 4.45525023e+02
4.20122568e+00, 7.16105698e-01, 1.92262375e-01, 8.61770909e-01, 1.02328472e-01, 1.59920530e+00, 4.58552017e+02
4.30435041e+00, 7.24632207e-01, 1.88524498e-01, 8.64724967e-01, 9.93744145e-02, 1.58368950e+00, 4.72036596e+02
4.41000648e+00, 7.33197786e-01, 1.84842662e-01, 8.67607558e-01, 9.64918239e-02, 1.56824819e+00, 4.85995119e+02
4.51825602e+00, 7.41801846e-01, 1.81216674e-01, 8.70419715e-01, 9.36796662e-02, 1.55288343e+00, 5.00444544e+02
4.62916269e+00, 7.50443801e-01, 1.77646313e-01, 8.73162496e-01, 9.09368858e-02, 1.53759722e+00, 5.15402454e+02
4.74279172e+00, 7.59123065e-01, 1.74131337e-01, 8.75836974e-01, 8.82624080e-02, 1.52239146e+00, 5.30887078e+02
4.85920992e+00, 7.67839058e-01, 1.70671475e-01, 8.78444240e-01, 8.56551414e-02, 1.50726797e+00, 5.46917316e+02
4.97848576e+00, 7.76591199e-01, 1.67266435e-01, 8.80985402e-01, 8.31139801e-02, 1.49222848e+00, 5.63512761e+02
5.10068939e+00, 7.85378914e-01, 1.63915901e-01, 8.83461576e-01, 8.06378057e-02, 1.47727468e+00, 5.80693730e+02
5.22589267e+00, 7.94201629e-01, 1.60619537e-01, 8.85873892e-01, 7.82254892e-02, 1.46240814e+00, 5.98481287e+02
5.35416923e+00, 8.03058777e-01, 1.57376986e-01, 8.88223488e-01, 7.58758934e-02, 1.44763038e+00, 6.16897272e+02
5.48559451e+00, 8.11949793e-01, 1.54187869e-01, 8.90511507e-01, 7.35878743e-02, 1.43294285e+00, 6.35964329e+02
5.62024581e+00, 8.20874115e-01, 1.51051793e-01, 8.92739099e-01, 7.13602830e-02, 1.41834690e+00, 6.55705935e+02
5.75820230e+00, 8.29831188e-01, 1.47968344e-01, 8.94907414e-01, 6.91919675e-02, 1.40384383e+00, 6.76146436e+02
5.89954512e+00, 8.38820459e-01, 1.44937091e-01, 8.97017607e-01, 6.70817742e-02, 1.38943486e+00, 6.97311070e+02
6.04435738e+00, 8.47841381e-01, 1.41957590e-01, 8.99070832e-01, 6.50285494e-02, 1.37512116e+00, 7.19226011e+02
6.19272426e+00, 8.56893412e-01, 1.39029381e-01, 9.01068241e-01, 6.30311408e-02, 1.36090381e+00, 7.41918393e+02
6.34473301e+00, 8.65976013e-01, 1.36151988e-01, 9.03010983e-01, 6.10883991e-02, 1.34678383e+00, 7.65416355e+02
6.50047301e+00, 8.75088653e-01, 1.33324925e-01, 9.04900203e-01, 5.91991788e-02, 1.33276218e+00, 7.89749070e+02
6.66003586e+00, 8.84230803e-01, 1.30547692e-01, 9.06737042e-01, 5.73623396e-02, 1.31883975e+00, 8.14946790e+02
6.82351540e+00, 8.93401942e-01, 1.27819778e-01, 9.08522634e-01, 5.55767479e-02, 1.30501738e+00, 8.41040882e+02
6.99100776e+00, 9.02601552e-01, 1.25140662e-01, 9.10258104e-01, 5.38412775e-02, 1.29129584e+00, 8.68063870e+02
7.16261145e+00, 9.11829124e-01, 1.22509813e-01, 9.11944571e-01, 5.21548105e-02, 1.27767585e+00, 8.96049478e+02
7.33842738e+00, 9.21084151e-01, 1.19926691e-01, 9.13583143e-01, 5.05162385e-02, 1.26415805e+00, 9.25032675e+02
7.51855895e+00, 9.30366133e-01, 1.17390747e-01, 9.15174918e-01, 4.89244635e-02, 1.25074306e+00, 9.55049720e+02
7.70311209e+00, 9.39674577e-01, 1.14901427e-01, 9.16720983e-01, 4.73783985e-02, 1.23743142e+00, 9.86138212e+02
7.89219533e+00, 9.49008994e-01, 1.12458168e-01, 9.18222414e-01, 4.58769681e-02, 1.22422363e+00, 1.01833714e+03
8.08591988e+00, 9.58368903e-01, 1.10060403e-01, 9.19680272e-01, 4.44191097e-02, 1.21112012e+00, 1.05168692e+03
8.28439965e+00, 9.67753827e-01, 1.07707556e-01, 9.21095608e-01, 4.30037736e-02, 1.19812129e+00, 1.08622947e+03
8.48775138e+00, 9.77163296e-01, 1.05399052e-01, 9.22469458e-01, 4.16299238e-02, 1.18522749e+00, 1.12200827e+03
8.69609466e+00, 9.86596847e-01, 1.03134307e-01, 9.23802843e-01, 4.02965385e-02, 1.17243902e+00, 1.15906837e+03
8.90955199e+00, 9.96054021e-01, 1.00912736e-01, 9.25096771e-01, 3.90026105e-02, 1.15975612e+00, 1.19745652e+03
9.12824893e+00, 1.00553437e+00, 9.87337502e-02, 9.26352234e-01, 3.77471476e-02, 1.14717901e+00, 1.23722117e+03
9.35231407e+00, 1.01503744e+00, 9.65967602e-02, 9.27570208e-01, 3.65291732e-02, 1.13470785e+00, 1.27841257e+03
9.58187920e+00, 1.02456280e+00, 9.45011733e-02, 9.28751655e-01, 3.53477262e-02, 1.12234277e+00, 1.32108284e+03
9.81707931e+00, 1.03411001e+00, 9.24463963e-02, 9.29897520e-01, 3.42018616e-02, 1.11008385e+00, 1.36528599e+03
1.00580527e+01, 1.04367866e+00, 9.04318351e-02, 9.31008731e-01, 3.30906505e-02, 1.09793113e+00, 1.41107806e+03
1.03049411e+01, 1.05326831e+00, 8.84568957e-02, 9.32086201e-01, 3.20131807e-02, 1.08588463e+00, 1.45851713e+03
1.05578898e+01, 1.06287855e+00, 8.65209842e-02, 9.33130825e-01, 3.09685564e-02, 1.07394431e+00, 1.50766346e+03
1.08170474e+01, 1.07250898e+00, 8.46235076e-02, 9.34143483e-01, 2.99558986e-02, 1.06211012e+00, 1.55857951e+03
1.10825664e+01, 1.08215919e+00, 8.27638740e-02, 9.35125037e-01, 2.89743450e-02, 1.05038195e+00, 1.61133005e+03
1.13546029e+01, 1.09182879e+00, 8.09414929e-02, 9.36076331e-01, 2.80230504e-02, 1.03875967e+00, 1.66598225e+03
1.16333169e+01, 1.10151739e+00, 7.91557761e-02, 9.36998195e-01, 2.71011863e-02, 1.02724313e+00, 1.72260577e+03
1.19188723e+01, 1.11122460e+00, 7.74061373e-02, 9.37891440e-01, 2.62079413e-02, 1.01583214e+00, 1.78127282e+03
1.22114370e+01, 1.12095006e+00, 7.56919932e-02, 9.38756861e-01, 2.53425208e-02, 1.00452646e+00, 1.84205829e+03
1.25111831e+01, 1.13069338e+00, 7.40127633e-02, 9.39595235e-01, 2.45041471e-02, 9.93325868e-01, 1.90503985e+03
1.28182870e+01, 1.14045421e+00, 7.23678704e-02, 9.40407322e-01, 2.36920594e-02, 9.82230072e-01, 1.97029803e+03
1.31329291e+01, 1.15023218e+00, 7.07567410e-02, 9.41193868e-01, 2.29055136e-02, 9.71238776e-01, 2.03791633e+03
1.34552945e+01, 1.16002694e+00, 6.91788052e-02, 9.41955599e-01, 2.21437821e-02, 9.60351654e-01, 2.10798134e+03
1.37855728e+01, 1.16983815e+00, 6.76334976e-02, 9.42693228e-01, 2.14061541e-02, 9.49568358e-01, 2.18058285e+03
1.41239582e+01, 1.17966547e+00, 6.61202569e-02, 9.43407447e-01, 2.06919349e-02, 9.38888516e-01, 2.25581399e+03
1.44706497e+01, 1.18950855e+00, 6.46385264e-02, 9.44098936e-01, 2.00004461e-02, 9.28311733e-01, 2.33377128e+03
1.48258513e+01, 1.19936708e+00, 6.31877542e-02, 9.44768356e-01, 1.93310255e-02, 9.17837596e-01, 2.41455487e+03
1.51897717e+01, 1.20924073e+00, 6.17673934e-02, 9.45416355e-01, 1.86830266e-02, 9.07465670e-01, 2.49826857e+03
1.55626251e+01, 1.21912917e+00, 6.03769024e-02, 9.46043563e-01, 1.80558189e-02, 8.97195500e-01, 2.58502004e+03
1.59446307e+01, 1.22903211e+00, 5.90157448e-02, 9.46650595e-01, 1.74487871e-02, 8.87026617e-01, 2.67492092e+03
1.63360131e+01, 1.23894923e+00, 5.76833898e-02, 9.47238050e-01, 1.68613314e-02, 8.76958530e-01, 2.76808698e+03
1.67370025e+01, 1.24888023e+00, 5.63793122e-02, 9.47806515e-01, 1.62928670e-02, 8.66990735e-01, 2.86463827e+03
1.71478347e+01, 1.25882482e+00, 5.51029925e-02, 9.48356558e-01, 1.57428239e-02, 8.57122710e-01, 2.96469927e+03
1.75687514e+01, 1.26878270e+00, 5.38539173e-02, 9.48888735e-01, 1.52106469e-02, 8.47353919e-01, 3.06839907e+03
1.80000000e+01, 1.27875360e+00, 5.26315789e-02, 9.49403586e-01, 1.46957952e-02, 8.37683812e-01, 3.17587153e+03
