 --- Cosmological Parameters --- 
	 H0: 2.1791e-18 (1/s) = 67.2400 (km/s/Mpc) 
	 OmegaM: 3.1600e-01 
	 OmegaR: 0.0000e+00 
	 OmegaL: 6.8400e-01 
	 OmegaK: 0.0000e+00 
		 w0: -7.2700e-01 
		 wa: -1.0500e+00 
	 rho_crit: 8.4944e-30 (g/cm^3) 
z, log10(1+z), a, H0*t_look, H0*t_age, H0*t_conf, H(z) 
1.00000000e-04, 4.34272769e-05, 9.99900010e-01, 9.99912304e-05, 9.43948630e-01, 3.23456715e+00, 6.72450703e+01
1.02454634e-04, 4.44932032e-05, 9.99897556e-01, 1.02445429e-04, 9.43946175e-01, 3.23456470e+00, 6.72451948e+01
1.04969521e-04, 4.55852914e-05, 9.99895041e-01, 1.04959858e-04, 9.43943661e-01, 3.23456219e+00, 6.72453223e+01
1.07546139e-04, 4.67041835e-05, 9.99892465e-01, 1.07535996e-04, 9.43941085e-01, 3.23455961e+00, 6.72454529e+01
1.10186004e-04, 4.78505373e-05, 9.99889826e-01, 1.10175357e-04, 9.43938446e-01, 3.23455697e+00, 6.72455867e+01
1.12890668e-04, 4.90250268e-05, 9.99887122e-01, 1.12879491e-04, 9.43935741e-01, 3.23455427e+00, 6.72457239e+01
1.15661721e-04, 5.02283424e-05, 9.99884352e-01, 1.15649989e-04, 9.43932971e-01, 3.23455149e+00, 6.72458644e+01
1.18500793e-04, 5.14611916e-05, 9.99881513e-01, 1.18488479e-04, 9.43930132e-01, 3.23454866e+00, 6.72460083e+01
1.21409555e-04, 5.27242991e-05, 9.99878605e-01, 1.21396628e-04, 9.43927224e-01, 3.23454575e+00, 6.72461558e+01
1.24389715e-04, 5.40184074e-05, 9.99875626e-01, 1.24376147e-04, 9.43924245e-01, 3.23454277e+00, 6.72463069e+01
1.27443028e-04, 5.53442774e-05, 9.99872573e-01, 1.27428785e-04, 9.43921192e-01, 3.23453971e+00, 6.72464617e+01
1.30571289e-04, 5.67026884e-05, 9.99869446e-01, 1.30556338e-04, 9.43918065e-01, 3.23453659e+00, 6.72466203e+01
1.33776337e-04, 5.80944390e-05, 9.99866242e-01, 1.33760643e-04, 9.43914860e-01, 3.23453338e+00, 6.72467828e+01
1.37060057e-04, 5.95203474e-05, 9.99862959e-01, 1.37043583e-04, 9.43911577e-01, 3.23453010e+00, 6.72469492e+01
1.40424380e-04, 6.09812518e-05, 9.99859595e-01, 1.40407088e-04, 9.43908214e-01, 3.23452673e+00, 6.72471198e+01
1.43871285e-04, 6.24780110e-05, 9.99856149e-01, 1.43853134e-04, 9.43904768e-01, 3.23452329e+00, 6.72472946e+01
1.47402799e-04, 6.40115048e-05, 9.99852619e-01, 1.47383746e-04, 9.43901237e-01, 3.23451976e+00, 6.72474736e+01
1.51020999e-04, 6.55826346e-05, 9.99849002e-01, 1.51000999e-04, 9.43897620e-01, 3.23451614e+00, 6.72476570e+01
1.54728013e-04, 6.71923241e-05, 9.99845296e-01, 1.54707019e-04, 9.43893914e-01, 3.23451243e+00, 6.72478450e+01
1.58526020e-04, 6.88415193e-05, 9.99841499e-01, 1.58503983e-04, 9.43890117e-01, 3.23450863e+00, 6.72480375e+01
1.62417254e-04, 7.05311897e-05, 9.99837609e-01, 1.62394122e-04, 9.43886227e-01, 3.23450474e+00, 6.72482348e+01
1.66404004e-04, 7.22623286e-05, 9.99833624e-01, 1.66379723e-04, 9.43882241e-01, 3.23450076e+00, 6.72484369e+01
1.70488614e-04, 7.40359535e-05, 9.99829540e-01, 1.70463126e-04, 9.43878158e-01, 3.23449667e+00, 6.72486440e+01
1.74673487e-04, 7.58531068e-05, 9.99825357e-01, 1.74646732e-04, 9.43873974e-01, 3.23449249e+00, 6.72488561e+01
1.78961082e-04, 7.77148567e-05, 9.99821071e-01, 1.78932998e-04, 9.43869688e-01, 3.23448820e+00, 6.72490735e+01
1.83353923e-04, 7.96222975e-05, 9.99816680e-01, 1.83324443e-04, 9.43865296e-01, 3.23448381e+00, 6.72492962e+01
1.87854591e-04, 8.15765504e-05, 9.99812181e-01, 1.87823647e-04, 9.43860797e-01, 3.23447931e+00, 6.72495244e+01
1.92465735e-04, 8.35787638e-05, 9.99807571e-01, 1.92433253e-04, 9.43856188e-01, 3.23447470e+00, 6.72497581e+01
1.97190065e-04, 8.56301147e-05, 9.99802849e-01, 1.97155969e-04, 9.43851465e-01, 3.23446998e+00, 6.72499977e+01
2.02030360e-04, 8.77318088e-05, 9.99798010e-01, 2.01994570e-04, 9.43846626e-01, 3.23446514e+00, 6.72502430e+01
2.06989467e-04, 8.98850811e-05, 9.99793053e-01, 2.06951898e-04, 9.43841669e-01, 3.23446018e+00, 6.72504944e+01
2.12070302e-04, 9.20911974e-05, 9.99787975e-01, 2.12030866e-04, 9.43836590e-01, 3.23445510e+00, 6.72507520e+01
2.17275853e-04, 9.43514542e-05, 9.99782771e-01, 2.17234458e-04, 9.43831386e-01, 3.23444989e+00, 6.72510159e+01
2.22609181e-04, 9.66671797e-05, 9.99777440e-01, 2.22565729e-04, 9.43826055e-01, 3.23444456e+00, 6.72512863e+01
2.28073423e-04, 9.90397351e-05, 9.99771979e-01, 2.28027811e-04, 9.43820593e-01, 3.23443910e+00, 6.72515633e+01
2.33671791e-04, 1.01470515e-04, 9.99766383e-01, 2.33623914e-04, 9.43814997e-01, 3.23443350e+00, 6.72518471e+01
2.39407580e-04, 1.03960947e-04, 9.99760650e-01, 2.39357323e-04, 9.43809264e-01, 3.23442777e+00, 6.72521379e+01
2.45284161e-04, 1.06512495e-04, 9.99754776e-01, 2.45231407e-04, 9.43803389e-01, 3.23442189e+00, 6.72524358e+01
2.51304990e-04, 1.09126659e-04, 9.99748758e-01, 2.51249615e-04, 9.43797371e-01, 3.23441587e+00, 6.72527410e+01
2.57473609e-04, 1.11804975e-04, 9.99742593e-01, 2.57415483e-04, 9.43791205e-01, 3.23440970e+00, 6.72530537e+01
2.63793645e-04, 1.14549016e-04, 9.99736276e-01, 2.63732630e-04, 9.43784888e-01, 3.23440338e+00, 6.72533741e+01
2.70268815e-04, 1.17360396e-04, 9.99729804e-01, 2.70204768e-04, 9.43778416e-01, 3.23439691e+00, 6.72537023e+01
2.76902926e-04, 1.20240766e-04, 9.99723174e-01, 2.76835698e-04, 9.43771785e-01, 3.23439028e+00, 6.72540386e+01
2.83699881e-04, 1.23191819e-04, 9.99716381e-01, 2.83629312e-04, 9.43764992e-01, 3.23438348e+00, 6.72543831e+01
2.90663676e-04, 1.26215288e-04, 9.99709421e-01, 2.90589600e-04, 9.43758031e-01, 3.23437652e+00, 6.72547361e+01
2.97798407e-04, 1.29312951e-04, 9.99702290e-01, 2.97720651e-04, 9.43750900e-01, 3.23436939e+00, 6.72550978e+01
3.05108269e-04, 1.32486627e-04, 9.99694985e-01, 3.05026649e-04, 9.43743594e-01, 3.23436208e+00, 6.72554683e+01
3.12597562e-04, 1.35738182e-04, 9.99687500e-01, 3.12511887e-04, 9.43736109e-01, 3.23435459e+00, 6.72558480e+01
3.20270690e-04, 1.39069524e-04, 9.99679832e-01, 3.20180757e-04, 9.43728440e-01, 3.23434692e+00, 6.72562369e+01
3.28132164e-04, 1.42482613e-04, 9.99671975e-01, 3.28037764e-04, 9.43720583e-01, 3.23433906e+00, 6.72566354e+01
3.36186610e-04, 1.45979453e-04, 9.99663926e-01, 3.36087518e-04, 9.43712533e-01, 3.23433101e+00, 6.72570437e+01
3.44438762e-04, 1.49562098e-04, 9.99655680e-01, 3.44334747e-04, 9.43704286e-01, 3.23432276e+00, 6.72574620e+01
3.52893475e-04, 1.53232653e-04, 9.99647231e-01, 3.52784292e-04, 9.43695837e-01, 3.23431430e+00, 6.72578905e+01
3.61555719e-04, 1.56993275e-04, 9.99638575e-01, 3.61441112e-04, 9.43687180e-01, 3.23430564e+00, 6.72583296e+01
3.70430591e-04, 1.60846172e-04, 9.99629707e-01, 3.70310289e-04, 9.43678311e-01, 3.23429677e+00, 6.72587794e+01
3.79523308e-04, 1.64793609e-04, 9.99620621e-01, 3.79397029e-04, 9.43669224e-01, 3.23428768e+00, 6.72592403e+01
3.88839218e-04, 1.68837903e-04, 9.99611312e-01, 3.88706664e-04, 9.43659914e-01, 3.23427837e+00, 6.72597125e+01
3.98383799e-04, 1.72981431e-04, 9.99601775e-01, 3.98244660e-04, 9.43650376e-01, 3.23426883e+00, 6.72601963e+01
4.08162665e-04, 1.77226627e-04, 9.99592004e-01, 4.08016613e-04, 9.43640604e-01, 3.23425905e+00, 6.72606919e+01
4.18181567e-04, 1.81575984e-04, 9.99581993e-01, 4.18028258e-04, 9.43630593e-01, 3.23424904e+00, 6.72611997e+01
4.28446396e-04, 1.86032056e-04, 9.99571737e-01, 4.28285470e-04, 9.43620335e-01, 3.23423877e+00, 6.72617200e+01
4.38963189e-04, 1.90597461e-04, 9.99561229e-01, 4.38794267e-04, 9.43609827e-01, 3.23422826e+00, 6.72622530e+01
4.49738130e-04, 1.95274880e-04, 9.99550464e-01, 4.49560816e-04, 9.43599060e-01, 3.23421749e+00, 6.72627991e+01
4.60777557e-04, 2.00067061e-04, 9.99539435e-01, 4.60591434e-04, 9.43588029e-01, 3.23420645e+00, 6.72633586e+01
4.72087962e-04, 2.04976817e-04, 9.99528135e-01, 4.71892591e-04, 9.43576728e-01, 3.23419515e+00, 6.72639319e+01
4.83675996e-04, 2.10007033e-04, 9.99516558e-01, 4.83470919e-04, 9.43565150e-01, 3.23418356e+00, 6.72645192e+01
4.95548474e-04, 2.15160661e-04, 9.99504697e-01, 4.95333208e-04, 9.43553288e-01, 3.23417170e+00, 6.72651209e+01
5.07712378e-04, 2.20440728e-04, 9.99492545e-01, 5.07486417e-04, 9.43541134e-01, 3.23415954e+00, 6.72657374e+01
5.20174861e-04, 2.25850336e-04, 9.99480096e-01, 5.19937673e-04, 9.43528683e-01, 3.23414708e+00, 6.72663689e+01
5.32943252e-04, 2.31392659e-04, 9.99467341e-01, 5.32694281e-04, 9.43515927e-01, 3.23413431e+00, 6.72670160e+01
5.46025061e-04, 2.37070953e-04, 9.99454273e-01, 5.45763721e-04, 9.43502857e-01, 3.23412124e+00, 6.72676790e+01
5.59427980e-04, 2.42888552e-04, 9.99440885e-01, 5.59153656e-04, 9.43489467e-01, 3.23410784e+00, 6.72683582e+01
5.73159892e-04, 2.48848870e-04, 9.99427168e-01, 5.72871940e-04, 9.43475749e-01, 3.23409411e+00, 6.72690541e+01
5.87228872e-04, 2.54955408e-04, 9.99413116e-01, 5.86926615e-04, 9.43461694e-01, 3.23408005e+00, 6.72697671e+01
6.01643195e-04, 2.61211749e-04, 9.99398719e-01, 6.01325921e-04, 9.43447295e-01, 3.23406564e+00, 6.72704975e+01
6.16411336e-04, 2.67621568e-04, 9.99383968e-01, 6.16078300e-04, 9.43432543e-01, 3.23405088e+00, 6.72712459e+01
6.31541981e-04, 2.74188626e-04, 9.99368857e-01, 6.31192401e-04, 9.43417428e-01, 3.23403576e+00, 6.72720127e+01
6.47044028e-04, 2.80916778e-04, 9.99353374e-01, 6.46677081e-04, 9.43401944e-01, 3.23402026e+00, 6.72727982e+01
6.62926594e-04, 2.87809974e-04, 9.99337513e-01, 6.62541418e-04, 9.43386079e-01, 3.23400439e+00, 6.72736030e+01
6.79199019e-04, 2.94872259e-04, 9.99321262e-01, 6.78794708e-04, 9.43369826e-01, 3.23398813e+00, 6.72744276e+01
6.95870872e-04, 3.02107778e-04, 9.99304613e-01, 6.95446476e-04, 9.43353174e-01, 3.23397146e+00, 6.72752723e+01
7.12951958e-04, 3.09520778e-04, 9.99287556e-01, 7.12506480e-04, 9.43336114e-01, 3.23395439e+00, 6.72761378e+01
7.30452323e-04, 3.17115608e-04, 9.99270081e-01, 7.29984714e-04, 9.43318636e-01, 3.23393690e+00, 6.72770246e+01
7.48382258e-04, 3.24896726e-04, 9.99252177e-01, 7.47891420e-04, 9.43300729e-01, 3.23391898e+00, 6.72779331e+01
7.66752306e-04, 3.32868698e-04, 9.99233835e-01, 7.66237086e-04, 9.43282384e-01, 3.23390062e+00, 6.72788638e+01
7.85573273e-04, 3.41036201e-04, 9.99215043e-01, 7.85032459e-04, 9.43263588e-01, 3.23388181e+00, 6.72798174e+01
8.04856225e-04, 3.49404026e-04, 9.99195791e-01, 8.04288547e-04, 9.43244332e-01, 3.23386254e+00, 6.72807944e+01
8.24612504e-04, 3.57977084e-04, 9.99176067e-01, 8.24016626e-04, 9.43224604e-01, 3.23384279e+00, 6.72817953e+01
8.44853726e-04, 3.66760404e-04, 9.99155859e-01, 8.44228250e-04, 9.43204393e-01, 3.23382257e+00, 6.72828208e+01
8.65591797e-04, 3.75759138e-04, 9.99135157e-01, 8.64935251e-04, 9.43183686e-01, 3.23380184e+00, 6.72838715e+01
8.86838912e-04, 3.84978564e-04, 9.99113947e-01, 8.86149754e-04, 9.43162471e-01, 3.23378061e+00, 6.72849479e+01
9.08607565e-04, 3.94424091e-04, 9.99092217e-01, 9.07884176e-04, 9.43140737e-01, 3.23375885e+00, 6.72860507e+01
9.30910560e-04, 4.04101257e-04, 9.99069955e-01, 9.30151239e-04, 9.43118470e-01, 3.23373657e+00, 6.72871806e+01
9.53761012e-04, 4.14015740e-04, 9.99047148e-01, 9.52963974e-04, 9.43095657e-01, 3.23371373e+00, 6.72883381e+01
9.77172358e-04, 4.24173351e-04, 9.99023782e-01, 9.76335732e-04, 9.43072285e-01, 3.23369034e+00, 6.72895241e+01
1.00115837e-03, 4.34580049e-04, 9.98999843e-01, 1.00028019e-03, 9.43048341e-01, 3.23366637e+00, 6.72907391e+01
1.02573315e-03, 4.45241935e-04, 9.98975318e-01, 1.02481135e-03, 9.43023810e-01, 3.23364181e+00, 6.72919839e+01
1.05091115e-03, 4.56165259e-04, 9.98950192e-01, 1.04994356e-03, 9.42998677e-01, 3.23361666e+00, 6.72932593e+01
1.07670717e-03, 4.67356426e-04, 9.98924451e-01, 1.07569153e-03, 9.42972929e-01, 3.23359088e+00, 6.72945659e+01
1.10313640e-03, 4.78821996e-04, 9.98898079e-01, 1.10207031e-03, 9.42946551e-01, 3.23356447e+00, 6.72959046e+01
1.13021436e-03, 4.90568690e-04, 9.98871062e-01, 1.12909533e-03, 9.42919526e-01, 3.23353742e+00, 6.72972761e+01
1.15795700e-03, 5.02603393e-04, 9.98843382e-01, 1.15678239e-03, 9.42891838e-01, 3.23350970e+00, 6.72986812e+01
1.18638061e-03, 5.14933158e-04, 9.98815025e-01, 1.18514766e-03, 9.42863473e-01, 3.23348130e+00, 6.73001207e+01
1.21550191e-03, 5.27565211e-04, 9.98785974e-01, 1.21420774e-03, 9.42834413e-01, 3.23345221e+00, 6.73015956e+01
1.24533804e-03, 5.40506953e-04, 9.98756211e-01, 1.24397959e-03, 9.42804641e-01, 3.23342240e+00, 6.73031066e+01
1.27590654e-03, 5.53765968e-04, 9.98725719e-01, 1.27448062e-03, 9.42774140e-01, 3.23339186e+00, 6.73046547e+01
1.30722538e-03, 5.67350024e-04, 9.98694481e-01, 1.30572865e-03, 9.42742892e-01, 3.23336057e+00, 6.73062407e+01
1.33931299e-03, 5.81267078e-04, 9.98662478e-01, 1.33774193e-03, 9.42710879e-01, 3.23332851e+00, 6.73078656e+01
1.37218823e-03, 5.95525282e-04, 9.98629692e-01, 1.37053915e-03, 9.42678082e-01, 3.23329567e+00, 6.73095303e+01
1.40587043e-03, 6.10132987e-04, 9.98596103e-01, 1.40413946e-03, 9.42644481e-01, 3.23326203e+00, 6.73112358e+01
1.44037941e-03, 6.25098748e-04, 9.98561692e-01, 1.43856249e-03, 9.42610058e-01, 3.23322755e+00, 6.73129832e+01
1.47573546e-03, 6.40431330e-04, 9.98526439e-01, 1.47382831e-03, 9.42574793e-01, 3.23319224e+00, 6.73147733e+01
1.51195937e-03, 6.56139709e-04, 9.98490323e-01, 1.50995752e-03, 9.42538663e-01, 3.23315605e+00, 6.73166074e+01
1.54907245e-03, 6.72233082e-04, 9.98453323e-01, 1.54697119e-03, 9.42501650e-01, 3.23311898e+00, 6.73184864e+01
1.58709651e-03, 6.88720870e-04, 9.98415418e-01, 1.58489092e-03, 9.42463730e-01, 3.23308100e+00, 6.73204114e+01
1.62605393e-03, 7.05612723e-04, 9.98376586e-01, 1.62373883e-03, 9.42424882e-01, 3.23304209e+00, 6.73223836e+01
1.66596761e-03, 7.22918529e-04, 9.98336803e-01, 1.66353756e-03, 9.42385083e-01, 3.23300223e+00, 6.73244042e+01
1.70686103e-03, 7.40648414e-04, 9.98296047e-01, 1.70431032e-03, 9.42344311e-01, 3.23296139e+00, 6.73264742e+01
1.74875823e-03, 7.58812752e-04, 9.98254295e-01, 1.74608087e-03, 9.42302540e-01, 3.23291954e+00, 6.73285950e+01
1.79168385e-03, 7.77422170e-04, 9.98211521e-01, 1.78887357e-03, 9.42259747e-01, 3.23287668e+00, 6.73307678e+01
1.83566314e-03, 7.96487554e-04, 9.98167700e-01, 1.83271333e-03, 9.42215908e-01, 3.23283276e+00, 6.73329938e+01
1.88072196e-03, 8.16020056e-04, 9.98122809e-01, 1.87762570e-03, 9.42170995e-01, 3.23278776e+00, 6.73352743e+01
1.92688681e-03, 8.36031098e-04, 9.98076819e-01, 1.92363684e-03, 9.42124984e-01, 3.23274166e+00, 6.73376108e+01
1.97418484e-03, 8.56532382e-04, 9.98029705e-01, 1.97077352e-03, 9.42077847e-01, 3.23269443e+00, 6.73400044e+01
2.02264386e-03, 8.77535894e-04, 9.97981439e-01, 2.01906319e-03, 9.42029558e-01, 3.23264605e+00, 6.73424567e+01
2.07229237e-03, 8.99053912e-04, 9.97931993e-01, 2.06853396e-03, 9.41980087e-01, 3.23259648e+00, 6.73449691e+01
2.12315957e-03, 9.21099013e-04, 9.97881339e-01, 2.11921459e-03, 9.41929406e-01, 3.23254569e+00, 6.73475430e+01
2.17527538e-03, 9.43684080e-04, 9.97829446e-01, 2.17113457e-03, 9.41877486e-01, 3.23249366e+00, 6.73501799e+01
2.22867044e-03, 9.66822310e-04, 9.97776285e-01, 2.22432409e-03, 9.41824297e-01, 3.23244035e+00, 6.73528815e+01
2.28337615e-03, 9.90527220e-04, 9.97721826e-01, 2.27881406e-03, 9.41769807e-01, 3.23238574e+00, 6.73556492e+01
2.33942469e-03, 1.01481266e-03, 9.97666035e-01, 2.33463616e-03, 9.41713985e-01, 3.23232979e+00, 6.73584847e+01
2.39684902e-03, 1.03969281e-03, 9.97608882e-01, 2.39182281e-03, 9.41656798e-01, 3.23227246e+00, 6.73613896e+01
2.45568290e-03, 1.06518219e-03, 9.97550333e-01, 2.45040724e-03, 9.41598214e-01, 3.23221374e+00, 6.73643657e+01
2.51596094e-03, 1.09129570e-03, 9.97490353e-01, 2.51042344e-03, 9.41538197e-01, 3.23215357e+00, 6.73674146e+01
2.57771858e-03, 1.11804857e-03, 9.97428909e-01, 2.57190626e-03, 9.41476715e-01, 3.23209193e+00, 6.73705382e+01
2.64099215e-03, 1.14545641e-03, 9.97365964e-01, 2.63489138e-03, 9.41413729e-01, 3.23202878e+00, 6.73737383e+01
2.70581886e-03, 1.17353523e-03, 9.97301483e-01, 2.69941533e-03, 9.41349206e-01, 3.23196409e+00, 6.73770167e+01
2.77223682e-03, 1.20230139e-03, 9.97235427e-01, 2.76551553e-03, 9.41283105e-01, 3.23189781e+00, 6.73803754e+01
2.84028510e-03, 1.23177168e-03, 9.97167759e-01, 2.83323028e-03, 9.41215391e-01, 3.23182990e+00, 6.73838163e+01
2.91000372e-03, 1.26196329e-03, 9.97098440e-01, 2.90259883e-03, 9.41146022e-01, 3.23176033e+00, 6.73873414e+01
2.98143367e-03, 1.29289381e-03, 9.97027429e-01, 2.97366137e-03, 9.41074960e-01, 3.23168906e+00, 6.73909528e+01
3.05461697e-03, 1.32458128e-03, 9.96954685e-01, 3.04645903e-03, 9.41002162e-01, 3.23161604e+00, 6.73946526e+01
3.12959665e-03, 1.35704416e-03, 9.96880167e-01, 3.12103395e-03, 9.40927587e-01, 3.23154124e+00, 6.73984429e+01
3.20641681e-03, 1.39030137e-03, 9.96803831e-01, 3.19742929e-03, 9.40851192e-01, 3.23146460e+00, 6.74023260e+01
3.28512262e-03, 1.42437229e-03, 9.96725634e-01, 3.27568923e-03, 9.40772932e-01, 3.23138609e+00, 6.74063040e+01
3.36576037e-03, 1.45927674e-03, 9.96645530e-01, 3.35585900e-03, 9.40692762e-01, 3.23130565e+00, 6.74103795e+01
3.44837749e-03, 1.49503507e-03, 9.96563473e-01, 3.43798494e-03, 9.40610636e-01, 3.23122324e+00, 6.74145546e+01
3.53302255e-03, 1.53166808e-03, 9.96479416e-01, 3.52211448e-03, 9.40526506e-01, 3.23113882e+00, 6.74188318e+01
3.61974534e-03, 1.56919709e-03, 9.96393310e-01, 3.60829621e-03, 9.40440325e-01, 3.23105233e+00, 6.74232137e+01
3.70859686e-03, 1.60764394e-03, 9.96305106e-01, 3.69657984e-03, 9.40352041e-01, 3.23096372e+00, 6.74277028e+01
3.79962935e-03, 1.64703099e-03, 9.96214753e-01, 3.78701632e-03, 9.40261605e-01, 3.23087295e+00, 6.74323016e+01
3.89289636e-03, 1.68738114e-03, 9.96122200e-01, 3.87965779e-03, 9.40168963e-01, 3.23077995e+00, 6.74370129e+01
3.98845274e-03, 1.72871785e-03, 9.96027392e-01, 3.97455762e-03, 9.40074063e-01, 3.23068468e+00, 6.74418394e+01
4.08635468e-03, 1.77106515e-03, 9.95930276e-01, 4.07177049e-03, 9.39976850e-01, 3.23058707e+00, 6.74467839e+01
4.18665975e-03, 1.81444763e-03, 9.95830795e-01, 4.17135236e-03, 9.39877269e-01, 3.23048708e+00, 6.74518493e+01
4.28942694e-03, 1.85889051e-03, 9.95728894e-01, 4.27336054e-03, 9.39775260e-01, 3.23038464e+00, 6.74570385e+01
4.39471669e-03, 1.90441958e-03, 9.95624512e-01, 4.37785367e-03, 9.39670767e-01, 3.23027969e+00, 6.74623545e+01
4.50259092e-03, 1.95106127e-03, 9.95517592e-01, 4.48489184e-03, 9.39563729e-01, 3.23017218e+00, 6.74678005e+01
4.61311307e-03, 1.99884264e-03, 9.95408070e-01, 4.59453652e-03, 9.39454084e-01, 3.23006203e+00, 6.74733796e+01
4.72634814e-03, 2.04779143e-03, 9.95295885e-01, 4.70685067e-03, 9.39341770e-01, 3.22994919e+00, 6.74790950e+01
4.84236271e-03, 2.09793601e-03, 9.95180973e-01, 4.82189872e-03, 9.39226722e-01, 3.22983359e+00, 6.74849500e+01
4.96122501e-03, 2.14930545e-03, 9.95063267e-01, 4.93974666e-03, 9.39108874e-01, 3.22971517e+00, 6.74909481e+01
5.08300495e-03, 2.20192952e-03, 9.94942701e-01, 5.06046203e-03, 9.38988159e-01, 3.22959385e+00, 6.74970926e+01
5.20777414e-03, 2.25583871e-03, 9.94819206e-01, 5.18411395e-03, 9.38864507e-01, 3.22946956e+00, 6.75033873e+01
5.33560596e-03, 2.31106423e-03, 9.94692712e-01, 5.31077320e-03, 9.38737848e-01, 3.22934223e+00, 6.75098357e+01
5.46657559e-03, 2.36763806e-03, 9.94563145e-01, 5.44051222e-03, 9.38608109e-01, 3.22921179e+00, 6.75164415e+01
5.60076003e-03, 2.42559292e-03, 9.94430434e-01, 5.57340518e-03, 9.38475216e-01, 3.22907816e+00, 6.75232086e+01
5.73823822e-03, 2.48496234e-03, 9.94294501e-01, 5.70952798e-03, 9.38339093e-01, 3.22894127e+00, 6.75301410e+01
5.87909099e-03, 2.54578065e-03, 9.94155271e-01, 5.84895830e-03, 9.38199663e-01, 3.22880103e+00, 6.75372425e+01
6.02340119e-03, 2.60808300e-03, 9.94012663e-01, 5.99177569e-03, 9.38056845e-01, 3.22865736e+00, 6.75445173e+01
6.17125367e-03, 2.67190537e-03, 9.93866597e-01, 6.13806152e-03, 9.37910559e-01, 3.22851018e+00, 6.75519697e+01
6.32273539e-03, 2.73728462e-03, 9.93716990e-01, 6.28789911e-03, 9.37760722e-01, 3.22835941e+00, 6.75596039e+01
6.47793543e-03, 2.80425848e-03, 9.93563758e-01, 6.44137372e-03, 9.37607247e-01, 3.22820495e+00, 6.75674243e+01
6.63694507e-03, 2.87286561e-03, 9.93406814e-01, 6.59857261e-03, 9.37450048e-01, 3.22804672e+00, 6.75754355e+01
6.79985781e-03, 2.94314554e-03, 9.93246068e-01, 6.75958509e-03, 9.37289036e-01, 3.22788463e+00, 6.75836420e+01
6.96676946e-03, 3.01513880e-03, 9.93081431e-01, 6.92450254e-03, 9.37124118e-01, 3.22771858e+00, 6.75920487e+01
7.13777819e-03, 3.08888685e-03, 9.92912809e-01, 7.09341850e-03, 9.36955202e-01, 3.22754847e+00, 6.76006603e+01
7.31298455e-03, 3.16443217e-03, 9.92740107e-01, 7.26642868e-03, 9.36782192e-01, 3.22737421e+00, 6.76094819e+01
7.49249159e-03, 3.24181822e-03, 9.92563228e-01, 7.44363101e-03, 9.36604990e-01, 3.22719570e+00, 6.76185184e+01
7.67640488e-03, 3.32108951e-03, 9.92382073e-01, 7.62512572e-03, 9.36423495e-01, 3.22701282e+00, 6.76277752e+01
7.86483256e-03, 3.40229162e-03, 9.92196540e-01, 7.81101535e-03, 9.36237606e-01, 3.22682549e+00, 6.76372574e+01
8.05788545e-03, 3.48547120e-03, 9.92006525e-01, 8.00140484e-03, 9.36047216e-01, 3.22663358e+00, 6.76469707e+01
8.25567708e-03, 3.57067602e-03, 9.91811921e-01, 8.19640154e-03, 9.35852219e-01, 3.22643700e+00, 6.76569205e+01
8.45832378e-03, 3.65795498e-03, 9.91612619e-01, 8.39611529e-03, 9.35652506e-01, 3.22623561e+00, 6.76671127e+01
8.66594471e-03, 3.74735812e-03, 9.91408509e-01, 8.60065849e-03, 9.35447962e-01, 3.22602932e+00, 6.76775529e+01
8.87866197e-03, 3.83893670e-03, 9.91199475e-01, 8.81014610e-03, 9.35238475e-01, 3.22581799e+00, 6.76882473e+01
9.09660067e-03, 3.93274317e-03, 9.90985402e-01, 9.02469574e-03, 9.35023925e-01, 3.22560152e+00, 6.76992020e+01
9.31988897e-03, 4.02883125e-03, 9.90766169e-01, 9.24442776e-03, 9.34804193e-01, 3.22537976e+00, 6.77104232e+01
9.54865817e-03, 4.12725589e-03, 9.90541656e-01, 9.46946523e-03, 9.34579156e-01, 3.22515260e+00, 6.77219174e+01
9.78304283e-03, 4.22807336e-03, 9.90311738e-01, 9.69993407e-03, 9.34348687e-01, 3.22491990e+00, 6.77336911e+01
1.00231808e-02, 4.33134127e-03, 9.90076286e-01, 9.93596308e-03, 9.34112658e-01, 3.22468154e+00, 6.77457512e+01
1.02692132e-02, 4.43711857e-03, 9.89835172e-01, 1.01776840e-02, 9.33870937e-01, 3.22443736e+00, 6.77581044e+01
1.05212849e-02, 4.54546560e-03, 9.89588260e-01, 1.04252315e-02, 9.33623389e-01, 3.22418724e+00, 6.77707579e+01
1.07795440e-02, 4.65644413e-03, 9.89335415e-01, 1.06787435e-02, 9.33369877e-01, 3.22393103e+00, 6.77837189e+01
1.10441424e-02, 4.77011737e-03, 9.89076498e-01, 1.09383609e-02, 9.33110260e-01, 3.22366858e+00, 6.77969947e+01
1.13152357e-02, 4.88655003e-03, 9.88811366e-01, 1.12042277e-02, 9.32844393e-01, 3.22339974e+00, 6.78105930e+01
1.15929834e-02, 5.00580832e-03, 9.88539874e-01, 1.14764915e-02, 9.32572129e-01, 3.22312436e+00, 6.78245215e+01
1.18775487e-02, 5.12796000e-03, 9.88261871e-01, 1.17553028e-02, 9.32293318e-01, 3.22284228e+00, 6.78387882e+01
1.21690991e-02, 5.25307444e-03, 9.87977207e-01, 1.20408159e-02, 9.32007805e-01, 3.22255333e+00, 6.78534011e+01
1.24678060e-02, 5.38122262e-03, 9.87685726e-01, 1.23331882e-02, 9.31715433e-01, 3.22225736e+00, 6.78683685e+01
1.27738451e-02, 5.51247715e-03, 9.87387268e-01, 1.26325810e-02, 9.31416040e-01, 3.22195419e+00, 6.78836991e+01
1.30873963e-02, 5.64691238e-03, 9.87081671e-01, 1.29391588e-02, 9.31109462e-01, 3.22164364e+00, 6.78994014e+01
1.34086440e-02, 5.78460436e-03, 9.86768769e-01, 1.32530901e-02, 9.30795531e-01, 3.22132555e+00, 6.79154844e+01
1.37377772e-02, 5.92563091e-03, 9.86448392e-01, 1.35745471e-02, 9.30474074e-01, 3.22099973e+00, 6.79319572e+01
1.40749895e-02, 6.07007167e-03, 9.86120366e-01, 1.39037056e-02, 9.30144915e-01, 3.22066600e+00, 6.79488291e+01
1.44204790e-02, 6.21800811e-03, 9.85784515e-01, 1.42407455e-02, 9.29807875e-01, 3.22032416e+00, 6.79661097e+01
1.47744490e-02, 6.36952361e-03, 9.85440657e-01, 1.45858507e-02, 9.29462770e-01, 3.21997401e+00, 6.79838088e+01
1.51371078e-02, 6.52470346e-03, 9.85088608e-01, 1.49392091e-02, 9.29109412e-01, 3.21961537e+00, 6.80019364e+01
1.55086684e-02, 6.68363492e-03, 9.84728177e-01, 1.53010125e-02, 9.28747608e-01, 3.21924802e+00, 6.80205026e+01
1.58893496e-02, 6.84640726e-03, 9.84359173e-01, 1.56714573e-02, 9.28377164e-01, 3.21887176e+00, 6.80395180e+01
1.62793750e-02, 7.01311183e-03, 9.83981398e-01, 1.60507439e-02, 9.27997877e-01, 3.21848637e+00, 6.80589933e+01
1.66789742e-02, 7.18384205e-03, 9.83594650e-01, 1.64390772e-02, 9.27609544e-01, 3.21809164e+00, 6.80789395e+01
1.70883820e-02, 7.35869348e-03, 9.83198725e-01, 1.68366665e-02, 9.27211954e-01, 3.21768734e+00, 6.80993677e+01
1.75078393e-02, 7.53776390e-03, 9.82793411e-01, 1.72437256e-02, 9.26804895e-01, 3.21727324e+00, 6.81202894e+01
1.79375928e-02, 7.72115330e-03, 9.82378495e-01, 1.76604729e-02, 9.26388148e-01, 3.21684911e+00, 6.81417165e+01
1.83778951e-02, 7.90896396e-03, 9.81953757e-01, 1.80871317e-02, 9.25961489e-01, 3.21641470e+00, 6.81636608e+01
1.88290053e-02, 8.10130049e-03, 9.81518974e-01, 1.85239297e-02, 9.25524691e-01, 3.21596978e+00, 6.81861347e+01
1.92911885e-02, 8.29826988e-03, 9.81073918e-01, 1.89710998e-02, 9.25077521e-01, 3.21551408e+00, 6.82091508e+01
1.97647167e-02, 8.49998153e-03, 9.80618356e-01, 1.94288797e-02, 9.24619741e-01, 3.21504736e+00, 6.82327220e+01
2.02498682e-02, 8.70654736e-03, 9.80152050e-01, 1.98975121e-02, 9.24151109e-01, 3.21456936e+00, 6.82568613e+01
2.07469285e-02, 8.91808177e-03, 9.79674758e-01, 2.03772450e-02, 9.23671376e-01, 3.21407979e+00, 6.82815823e+01
2.12561897e-02, 9.13470177e-03, 9.79186232e-01, 2.08683314e-02, 9.23180290e-01, 3.21357839e+00, 6.83068988e+01
2.17779515e-02, 9.35652700e-03, 9.78686219e-01, 2.13710296e-02, 9.22677591e-01, 3.21306487e+00, 6.83328247e+01
2.23125206e-02, 9.58367978e-03, 9.78174462e-01, 2.18856035e-02, 9.22163017e-01, 3.21253896e+00, 6.83593747e+01
2.28602114e-02, 9.81628518e-03, 9.77650698e-01, 2.24123222e-02, 9.21636299e-01, 3.21200034e+00, 6.83865632e+01
2.34213461e-02, 1.00544710e-02, 9.77114659e-01, 2.29514605e-02, 9.21097160e-01, 3.21144873e+00, 6.84144056e+01
2.39962545e-02, 1.02983681e-02, 9.76566072e-01, 2.35032989e-02, 9.20545322e-01, 3.21088380e+00, 6.84429171e+01
2.45852748e-02, 1.05481100e-02, 9.76004657e-01, 2.40681236e-02, 9.19980497e-01, 3.21030526e+00, 6.84721136e+01
2.51887535e-02, 1.08038332e-02, 9.75430131e-01, 2.46462264e-02, 9.19402394e-01, 3.20971277e+00, 6.85020111e+01
2.58070453e-02, 1.10656775e-02, 9.74842203e-01, 2.52379053e-02, 9.18810716e-01, 3.20910600e+00, 6.85326263e+01
2.64405139e-02, 1.13337854e-02, 9.74240578e-01, 2.58434642e-02, 9.18205157e-01, 3.20848463e+00, 6.85639758e+01
2.70895319e-02, 1.16083029e-02, 9.73624956e-01, 2.64632131e-02, 9.17585408e-01, 3.20784829e+00, 6.85960771e+01
2.77544809e-02, 1.18893789e-02, 9.72995028e-01, 2.70974680e-02, 9.16951153e-01, 3.20719664e+00, 6.86289478e+01
2.84357519e-02, 1.21771658e-02, 9.72350483e-01, 2.77465515e-02, 9.16302069e-01, 3.20652932e+00, 6.86626058e+01
2.91337457e-02, 1.24718191e-02, 9.71691001e-01, 2.84107922e-02, 9.15637829e-01, 3.20584596e+00, 6.86970697e+01
2.98488727e-02, 1.27734979e-02, 9.71016259e-01, 2.90905254e-02, 9.14958095e-01, 3.20514618e+00, 6.87323583e+01
3.05815534e-02, 1.30823647e-02, 9.70325926e-01, 2.97860927e-02, 9.14262528e-01, 3.20442960e+00, 6.87684909e+01
3.13322187e-02, 1.33985853e-02, 9.69619665e-01, 3.04978424e-02, 9.13550778e-01, 3.20369582e+00, 6.88054873e+01
3.21013102e-02, 1.37223294e-02, 9.68897133e-01, 3.12261295e-02, 9.12822491e-01, 3.20294443e+00, 6.88433675e+01
3.28892800e-02, 1.40537701e-02, 9.68157981e-01, 3.19713157e-02, 9.12077305e-01, 3.20217503e+00, 6.88821523e+01
3.36965916e-02, 1.43930843e-02, 9.67401855e-01, 3.27337697e-02, 9.11314851e-01, 3.20138719e+00, 6.89218626e+01
3.45237198e-02, 1.47404527e-02, 9.66628392e-01, 3.35138667e-02, 9.10534754e-01, 3.20058048e+00, 6.89625202e+01
3.53711509e-02, 1.50960598e-02, 9.65837226e-01, 3.43119895e-02, 9.09736631e-01, 3.19975447e+00, 6.90041469e+01
3.62393833e-02, 1.54600941e-02, 9.65027981e-01, 3.51285274e-02, 9.08920093e-01, 3.19890869e+00, 6.90467654e+01
3.71289277e-02, 1.58327478e-02, 9.64200278e-01, 3.59638772e-02, 9.08084744e-01, 3.19804270e+00, 6.90903986e+01
3.80403072e-02, 1.62142175e-02, 9.63353728e-01, 3.68184428e-02, 9.07230178e-01, 3.19715602e+00, 6.91350702e+01
3.89740577e-02, 1.66047037e-02, 9.62487940e-01, 3.76926353e-02, 9.06355986e-01, 3.19624816e+00, 6.91808042e+01
3.99307284e-02, 1.70044111e-02, 9.61602511e-01, 3.85868731e-02, 9.05461748e-01, 3.19531864e+00, 6.92276251e+01
4.09108818e-02, 1.74135487e-02, 9.60697037e-01, 3.95015823e-02, 9.04547039e-01, 3.19436696e+00, 6.92755582e+01
4.19150944e-02, 1.78323298e-02, 9.59771104e-01, 4.04371961e-02, 9.03611425e-01, 3.19339260e+00, 6.93246292e+01
4.29439567e-02, 1.82609720e-02, 9.58824291e-01, 4.13941554e-02, 9.02654465e-01, 3.19239504e+00, 6.93748643e+01
4.39980739e-02, 1.86996974e-02, 9.57856173e-01, 4.23729085e-02, 9.01675712e-01, 3.19137374e+00, 6.94262905e+01
4.50780658e-02, 1.91487328e-02, 9.56866317e-01, 4.33739116e-02, 9.00674709e-01, 3.19032815e+00, 6.94789351e+01
4.61845675e-02, 1.96083094e-02, 9.55854283e-01, 4.43976282e-02, 8.99650993e-01, 3.18925772e+00, 6.95328264e+01
4.73182299e-02, 2.00786630e-02, 9.54819625e-01, 4.54445297e-02, 8.98604091e-01, 3.18816188e+00, 6.95879929e+01
4.84797194e-02, 2.05600344e-02, 9.53761891e-01, 4.65150950e-02, 8.97533526e-01, 3.18704003e+00, 6.96444641e+01
4.96697193e-02, 2.10526689e-02, 9.52680621e-01, 4.76098111e-02, 8.96438810e-01, 3.18589159e+00, 6.97022698e+01
5.08889294e-02, 2.15568170e-02, 9.51575349e-01, 4.87291724e-02, 8.95319448e-01, 3.18471595e+00, 6.97614409e+01
5.21380666e-02, 2.20727338e-02, 9.50445604e-01, 4.98736812e-02, 8.94174940e-01, 3.18351249e+00, 6.98220085e+01
5.34178656e-02, 2.26006795e-02, 9.49290906e-01, 5.10438477e-02, 8.93004773e-01, 3.18228056e+00, 6.98840048e+01
5.47290789e-02, 2.31409197e-02, 9.48110771e-01, 5.22401897e-02, 8.91808431e-01, 3.18101953e+00, 6.99474625e+01
5.60724777e-02, 2.36937246e-02, 9.46904707e-01, 5.34632330e-02, 8.90585388e-01, 3.17972873e+00, 7.00124150e+01
5.74488521e-02, 2.42593701e-02, 9.45672217e-01, 5.47135108e-02, 8.89335110e-01, 3.17840748e+00, 7.00788967e+01
5.88590114e-02, 2.48381370e-02, 9.44412796e-01, 5.59915645e-02, 8.88057056e-01, 3.17705511e+00, 7.01469424e+01
6.03037850e-02, 2.54303117e-02, 9.43125936e-01, 5.72979429e-02, 8.86750678e-01, 3.17567089e+00, 7.02165880e+01
6.17840225e-02, 2.60361859e-02, 9.41811121e-01, 5.86332027e-02, 8.85415418e-01, 3.17425412e+00, 7.02878700e+01
6.33005944e-02, 2.66560567e-02, 9.40467827e-01, 5.99979080e-02, 8.84050713e-01, 3.17280407e+00, 7.03608259e+01
6.48543926e-02, 2.72902267e-02, 9.39095530e-01, 6.13926308e-02, 8.82655990e-01, 3.17131998e+00, 7.04354938e+01
6.64463309e-02, 2.79390044e-02, 9.37693694e-01, 6.28179504e-02, 8.81230671e-01, 3.16980108e+00, 7.05119128e+01
6.80773455e-02, 2.86027035e-02, 9.36261783e-01, 6.42744535e-02, 8.79774167e-01, 3.16824661e+00, 7.05901230e+01
6.97483955e-02, 2.92816437e-02, 9.34799252e-01, 6.57627344e-02, 8.78285887e-01, 3.16665577e+00, 7.06701653e+01
7.14604636e-02, 2.99761504e-02, 9.33305553e-01, 6.72833944e-02, 8.76765226e-01, 3.16502775e+00, 7.07520814e+01
7.32145568e-02, 3.06865547e-02, 9.31780131e-01, 6.88370423e-02, 8.75211579e-01, 3.16336171e+00, 7.08359141e+01
7.50117065e-02, 3.14131936e-02, 9.30222428e-01, 7.04242937e-02, 8.73624327e-01, 3.16165683e+00, 7.09217072e+01
7.68529697e-02, 3.21564101e-02, 9.28631882e-01, 7.20457710e-02, 8.72002850e-01, 3.15991223e+00, 7.10095054e+01
7.87394292e-02, 3.29165530e-02, 9.27007925e-01, 7.37021037e-02, 8.70346517e-01, 3.15812704e+00, 7.10993546e+01
8.06721944e-02, 3.36939773e-02, 9.25349986e-01, 7.53939277e-02, 8.68654693e-01, 3.15630037e+00, 7.11913016e+01
8.26524019e-02, 3.44890437e-02, 9.23657490e-01, 7.71218853e-02, 8.66926736e-01, 3.15443130e+00, 7.12853945e+01
8.46812162e-02, 3.53021194e-02, 9.21929858e-01, 7.88866252e-02, 8.65161996e-01, 3.15251891e+00, 7.13816822e+01
8.67598306e-02, 3.61335774e-02, 9.20166510e-01, 8.06888020e-02, 8.63359819e-01, 3.15056225e+00, 7.14802151e+01
8.88894673e-02, 3.69837969e-02, 9.18366859e-01, 8.25290762e-02, 8.61519545e-01, 3.14856036e+00, 7.15810446e+01
9.10713788e-02, 3.78531634e-02, 9.16530320e-01, 8.44081138e-02, 8.59640507e-01, 3.14651225e+00, 7.16842235e+01
9.33068482e-02, 3.87420684e-02, 9.14656303e-01, 8.63265863e-02, 8.57722035e-01, 3.14441691e+00, 7.17898057e+01
9.55971903e-02, 3.96509098e-02, 9.12744217e-01, 8.82851701e-02, 8.55763451e-01, 3.14227334e+00, 7.18978464e+01
9.79437519e-02, 4.05800916e-02, 9.10793470e-01, 9.02845465e-02, 8.53764074e-01, 3.14008048e+00, 7.20084025e+01
1.00347913e-01, 4.15300241e-02, 9.08803469e-01, 9.23254011e-02, 8.51723220e-01, 3.13783729e+00, 7.21215318e+01
1.02811087e-01, 4.25011238e-02, 9.06773618e-01, 9.44084239e-02, 8.49640197e-01, 3.13554267e+00, 7.22372941e+01
1.05334724e-01, 4.34938135e-02, 9.04703325e-01, 9.65343085e-02, 8.47514312e-01, 3.13319554e+00, 7.23557502e+01
1.07920306e-01, 4.45085223e-02, 9.02591995e-01, 9.87037519e-02, 8.45344869e-01, 3.13079478e+00, 7.24769628e+01
1.10569355e-01, 4.55456855e-02, 9.00439036e-01, 1.00917454e-01, 8.43131167e-01, 3.12833924e+00, 7.26009961e+01
1.13283429e-01, 4.66057447e-02, 8.98243856e-01, 1.03176118e-01, 8.40872503e-01, 3.12582778e+00, 7.27279161e+01
1.16064123e-01, 4.76891475e-02, 8.96005865e-01, 1.05480449e-01, 8.38568172e-01, 3.12325920e+00, 7.28577903e+01
1.18913073e-01, 4.87963480e-02, 8.93724476e-01, 1.07831153e-01, 8.36217468e-01, 3.12063232e+00, 7.29906882e+01
1.21831954e-01, 4.99278063e-02, 8.91399105e-01, 1.10228939e-01, 8.33819682e-01, 3.11794591e+00, 7.31266812e+01
1.24822483e-01, 5.10839886e-02, 8.89029171e-01, 1.12674514e-01, 8.31374107e-01, 3.11519873e+00, 7.32658426e+01
1.27886419e-01, 5.22653673e-02, 8.86614098e-01, 1.15168588e-01, 8.28880033e-01, 3.11238952e+00, 7.34082478e+01
1.31025563e-01, 5.34724209e-02, 8.84153314e-01, 1.17711870e-01, 8.26336751e-01, 3.10951700e+00, 7.35539741e+01
1.34241762e-01, 5.47056336e-02, 8.81646254e-01, 1.20305067e-01, 8.23743554e-01, 3.10657986e+00, 7.37031014e+01
1.37536906e-01, 5.59654959e-02, 8.79092357e-01, 1.22948885e-01, 8.21099736e-01, 3.10357678e+00, 7.38557116e+01
1.40912935e-01, 5.72525038e-02, 8.76491071e-01, 1.25644028e-01, 8.18404592e-01, 3.10050641e+00, 7.40118892e+01
1.44371832e-01, 5.85671594e-02, 8.73841851e-01, 1.28391198e-01, 8.15657422e-01, 3.09736738e+00, 7.41717212e+01
1.47915633e-01, 5.99099704e-02, 8.71144160e-01, 1.31191093e-01, 8.12857528e-01, 3.09415830e+00, 7.43352971e+01
1.51546421e-01, 6.12814499e-02, 8.68397471e-01, 1.34044404e-01, 8.10004216e-01, 3.09087777e+00, 7.45027093e+01
1.55266332e-01, 6.26821168e-02, 8.65601267e-01, 1.36951822e-01, 8.07096799e-01, 3.08752434e+00, 7.46740532e+01
1.59077553e-01, 6.41124951e-02, 8.62755040e-01, 1.39914029e-01, 8.04134592e-01, 3.08409656e+00, 7.48494270e+01
1.62982325e-01, 6.55731144e-02, 8.59858296e-01, 1.42931700e-01, 8.01116921e-01, 3.08059296e+00, 7.50289321e+01
1.66982945e-01, 6.70645092e-02, 8.56910552e-01, 1.46005504e-01, 7.98043117e-01, 3.07701204e+00, 7.52126735e+01
1.71081766e-01, 6.85872191e-02, 8.53911340e-01, 1.49136102e-01, 7.94912519e-01, 3.07335227e+00, 7.54007595e+01
1.75281198e-01, 7.01417886e-02, 8.50860204e-01, 1.52324145e-01, 7.91724476e-01, 3.06961213e+00, 7.55933019e+01
1.79583711e-01, 7.17287667e-02, 8.47756705e-01, 1.55570273e-01, 7.88478347e-01, 3.06579004e+00, 7.57904168e+01
1.83991835e-01, 7.33487074e-02, 8.44600419e-01, 1.58875117e-01, 7.85173504e-01, 3.06188442e+00, 7.59922240e+01
1.88508162e-01, 7.50021685e-02, 8.41390940e-01, 1.62239294e-01, 7.81809327e-01, 3.05789368e+00, 7.61988476e+01
1.93135348e-01, 7.66897124e-02, 8.38127880e-01, 1.65663408e-01, 7.78385213e-01, 3.05381618e+00, 7.64104164e+01
1.97876115e-01, 7.84119054e-02, 8.34810869e-01, 1.69148049e-01, 7.74900572e-01, 3.04965028e+00, 7.66270636e+01
2.02733250e-01, 8.01693175e-02, 8.31439556e-01, 1.72693791e-01, 7.71354829e-01, 3.04539432e+00, 7.68489278e+01
2.07709611e-01, 8.19625223e-02, 8.28013615e-01, 1.76301194e-01, 7.67747427e-01, 3.04104661e+00, 7.70761524e+01
2.12808122e-01, 8.37920968e-02, 8.24532737e-01, 1.79970797e-01, 7.64077824e-01, 3.03660545e+00, 7.73088865e+01
2.18031784e-01, 8.56586211e-02, 8.20996638e-01, 1.83703121e-01, 7.60345500e-01, 3.03206912e+00, 7.75472850e+01
2.23383667e-01, 8.75626781e-02, 8.17405060e-01, 1.87498667e-01, 7.56549954e-01, 3.02743588e+00, 7.77915089e+01
2.28866920e-01, 8.95048534e-02, 8.13757767e-01, 1.91357914e-01, 7.52690707e-01, 3.02270397e+00, 7.80417257e+01
2.34484766e-01, 9.14857349e-02, 8.10054549e-01, 1.95281319e-01, 7.48767301e-01, 3.01787162e+00, 7.82981095e+01
2.40240510e-01, 9.35059125e-02, 8.06295224e-01, 1.99269315e-01, 7.44779306e-01, 3.01293704e+00, 7.85608418e+01
2.46137536e-01, 9.55659780e-02, 8.02479639e-01, 2.03322306e-01, 7.40726314e-01, 3.00789842e+00, 7.88301114e+01
2.52179313e-01, 9.76665246e-02, 7.98607667e-01, 2.07440674e-01, 7.36607947e-01, 3.00275395e+00, 7.91061153e+01
2.58369393e-01, 9.98081466e-02, 7.94679214e-01, 2.11624767e-01, 7.32423854e-01, 2.99750178e+00, 7.93890587e+01
2.64711418e-01, 1.01991439e-01, 7.90694214e-01, 2.15874906e-01, 7.28173715e-01, 2.99214008e+00, 7.96791556e+01
2.71209115e-01, 1.04216998e-01, 7.86652635e-01, 2.20191381e-01, 7.23857240e-01, 2.98666698e+00, 7.99766294e+01
2.77866308e-01, 1.06485420e-01, 7.82554477e-01, 2.24574445e-01, 7.19474176e-01, 2.98108062e+00, 8.02817133e+01
2.84686910e-01, 1.08797299e-01, 7.78399774e-01, 2.29024320e-01, 7.15024301e-01, 2.97537913e+00, 8.05946509e+01
2.91674933e-01, 1.11153231e-01, 7.74188594e-01, 2.33541188e-01, 7.10507433e-01, 2.96956061e+00, 8.09156965e+01
2.98834486e-01, 1.13553811e-01, 7.69921041e-01, 2.38125195e-01, 7.05923425e-01, 2.96362318e+00, 8.12451159e+01
3.06169781e-01, 1.15999632e-01, 7.65597256e-01, 2.42776447e-01, 7.01272174e-01, 2.95756494e+00, 8.15831871e+01
3.13685130e-01, 1.18491284e-01, 7.61217416e-01, 2.47495005e-01, 6.96553616e-01, 2.95138400e+00, 8.19302008e+01
3.21384953e-01, 1.21029357e-01, 7.56781737e-01, 2.52280890e-01, 6.91767731e-01, 2.94507846e+00, 8.22864608e+01
3.29273779e-01, 1.23614438e-01, 7.52290473e-01, 2.57134075e-01, 6.86914546e-01, 2.93864642e+00, 8.26522852e+01
3.37356246e-01, 1.26247111e-01, 7.47743918e-01, 2.62054488e-01, 6.81994133e-01, 2.93208600e+00, 8.30280070e+01
3.45637109e-01, 1.28927955e-01, 7.43142407e-01, 2.67042006e-01, 6.77006615e-01, 2.92539530e+00, 8.34139744e+01
3.54121237e-01, 1.31657549e-01, 7.38486313e-01, 2.72096455e-01, 6.71952166e-01, 2.91857244e+00, 8.38105521e+01
3.62813619e-01, 1.34436465e-01, 7.33776054e-01, 2.77217610e-01, 6.66831011e-01, 2.91161556e+00, 8.42181220e+01
3.71719367e-01, 1.37265270e-01, 7.29012088e-01, 2.82405188e-01, 6.61643432e-01, 2.90452280e+00, 8.46370840e+01
3.80843719e-01, 1.40144529e-01, 7.24194915e-01, 2.87658853e-01, 6.56389768e-01, 2.89729233e+00, 8.50678567e+01
3.90192040e-01, 1.43074797e-01, 7.19325080e-01, 2.92978208e-01, 6.51070413e-01, 2.88992232e+00, 8.55108786e+01
3.99769828e-01, 1.46056628e-01, 7.14403168e-01, 2.98362795e-01, 6.45685826e-01, 2.88241097e+00, 8.59666090e+01
4.09582716e-01, 1.49090566e-01, 7.09429811e-01, 3.03812095e-01, 6.40236526e-01, 2.87475652e+00, 8.64355289e+01
4.19636475e-01, 1.52177149e-01, 7.04405683e-01, 3.09325524e-01, 6.34723096e-01, 2.86695723e+00, 8.69181419e+01
4.29937016e-01, 1.55316909e-01, 6.99331501e-01, 3.14902434e-01, 6.29146187e-01, 2.85901139e+00, 8.74149755e+01
4.40490399e-01, 1.58510368e-01, 6.94208029e-01, 3.20542105e-01, 6.23506516e-01, 2.85091732e+00, 8.79265821e+01
4.51302828e-01, 1.61758041e-01, 6.89036072e-01, 3.26243750e-01, 6.17804871e-01, 2.84267340e+00, 8.84535398e+01
4.62380662e-01, 1.65060436e-01, 6.83816482e-01, 3.32006511e-01, 6.12042110e-01, 2.83427804e+00, 8.89964539e+01
4.73730418e-01, 1.68418047e-01, 6.78550153e-01, 3.37829456e-01, 6.06219165e-01, 2.82572971e+00, 8.95559581e+01
4.85358768e-01, 1.71831364e-01, 6.73238023e-01, 3.43711578e-01, 6.00337043e-01, 2.81702693e+00, 9.01327152e+01
4.97272551e-01, 1.75300863e-01, 6.67881074e-01, 3.49651795e-01, 5.94396826e-01, 2.80816828e+00, 9.07274190e+01
5.09478775e-01, 1.78827011e-01, 6.62480332e-01, 3.55648947e-01, 5.88399674e-01, 2.79915240e+00, 9.13407947e+01
5.21984616e-01, 1.82410263e-01, 6.57036864e-01, 3.61701795e-01, 5.82346826e-01, 2.78997800e+00, 9.19736009e+01
5.34797431e-01, 1.86051064e-01, 6.51551781e-01, 3.67809019e-01, 5.76239602e-01, 2.78064387e+00, 9.26266306e+01
5.47924753e-01, 1.89749845e-01, 6.46026235e-01, 3.73969221e-01, 5.70079400e-01, 2.77114888e+00, 9.33007123e+01
5.61374303e-01, 1.93507027e-01, 6.40461418e-01, 3.80180919e-01, 5.63867702e-01, 2.76149198e+00, 9.39967115e+01
5.75153990e-01, 1.97323018e-01, 6.34858564e-01, 3.86442548e-01, 5.57606073e-01, 2.75167221e+00, 9.47155321e+01
5.89271918e-01, 2.01198210e-01, 6.29218945e-01, 3.92752461e-01, 5.51296160e-01, 2.74168871e+00, 9.54581173e+01
6.03736390e-01, 2.05132984e-01, 6.23543873e-01, 3.99108927e-01, 5.44939694e-01, 2.73154072e+00, 9.62254517e+01
6.18555911e-01, 2.09127706e-01, 6.17834696e-01, 4.05510133e-01, 5.38538488e-01, 2.72122758e+00, 9.70185617e+01
6.33739198e-01, 2.13182729e-01, 6.12092800e-01, 4.11954180e-01, 5.32094441e-01, 2.71074875e+00, 9.78385175e+01
6.49295179e-01, 2.17298389e-01, 6.06319604e-01, 4.18439088e-01, 5.25609533e-01, 2.70010382e+00, 9.86864343e+01
6.65233002e-01, 2.21475009e-01, 6.00516564e-01, 4.24962793e-01, 5.19085828e-01, 2.68929247e+00, 9.95634735e+01
6.81562041e-01, 2.25712895e-01, 5.94685165e-01, 4.31523151e-01, 5.12525469e-01, 2.67831455e+00, 1.00470844e+02
6.98291897e-01, 2.30012338e-01, 5.88826928e-01, 4.38117937e-01, 5.05930684e-01, 2.66717002e+00, 1.01409804e+02
7.15432411e-01, 2.34373611e-01, 5.82943399e-01, 4.44744847e-01, 4.99303774e-01, 2.65585899e+00, 1.02381661e+02
7.32993662e-01, 2.38796974e-01, 5.77036156e-01, 4.51401499e-01, 4.92647121e-01, 2.64438170e+00, 1.03387775e+02
7.50985977e-01, 2.43282668e-01, 5.71106801e-01, 4.58085439e-01, 4.85963182e-01, 2.63273855e+00, 1.04429559e+02
7.69419937e-01, 2.47830916e-01, 5.65156964e-01, 4.64794136e-01, 4.79254485e-01, 2.62093009e+00, 1.05508479e+02
7.88306384e-01, 2.52441927e-01, 5.59188296e-01, 4.71524994e-01, 4.72523627e-01, 2.60895704e+00, 1.06626058e+02
8.07656425e-01, 2.57115889e-01, 5.53202471e-01, 4.78275347e-01, 4.65773274e-01, 2.59682027e+00, 1.07783873e+02
8.27481438e-01, 2.61852974e-01, 5.47201180e-01, 4.85042467e-01, 4.59006154e-01, 2.58452080e+00, 1.08983562e+02
8.47793082e-01, 2.66653337e-01, 5.41186137e-01, 4.91823568e-01, 4.52225053e-01, 2.57205986e+00, 1.10226819e+02
8.68603304e-01, 2.71517112e-01, 5.35159067e-01, 4.98615808e-01, 4.45432813e-01, 2.55943880e+00, 1.11515402e+02
8.89924340e-01, 2.76444418e-01, 5.29121711e-01, 5.05416293e-01, 4.38632328e-01, 2.54665917e+00, 1.12851126e+02
9.11768729e-01, 2.81435354e-01, 5.23075822e-01, 5.12222086e-01, 4.31826534e-01, 2.53372270e+00, 1.14235874e+02
9.34149319e-01, 2.86489999e-01, 5.17023164e-01, 5.19030209e-01, 4.25018412e-01, 2.52063126e+00, 1.15671589e+02
9.57079270e-01, 2.91608417e-01, 5.10965506e-01, 5.25837645e-01, 4.18210976e-01, 2.50738694e+00, 1.17160281e+02
9.80572068e-01, 2.96790650e-01, 5.04904626e-01, 5.32641354e-01, 4.11407267e-01, 2.49399195e+00, 1.18704026e+02
1.00464153e+00, 3.02036723e-01, 4.98842305e-01, 5.39438267e-01, 4.04610354e-01, 2.48044873e+00, 1.20304968e+02
1.02930180e+00, 3.07346642e-01, 4.92780324e-01, 5.46225301e-01, 3.97823320e-01, 2.46675983e+00, 1.21965320e+02
1.05456740e+00, 3.12720393e-01, 4.86720464e-01, 5.52999362e-01, 3.91049259e-01, 2.45292802e+00, 1.23687367e+02
1.08045318e+00, 3.18157946e-01, 4.80664507e-01, 5.59757349e-01, 3.84291272e-01, 2.43895620e+00, 1.25473465e+02
1.10697435e+00, 3.23659249e-01, 4.74614225e-01, 5.66496168e-01, 3.77552453e-01, 2.42484745e+00, 1.27326041e+02
1.13414653e+00, 3.29224234e-01, 4.68571388e-01, 5.73212731e-01, 3.70835890e-01, 2.41060500e+00, 1.29247602e+02
1.16198568e+00, 3.34852813e-01, 4.62537754e-01, 5.79903967e-01, 3.64144654e-01, 2.39623222e+00, 1.31240728e+02
1.19050818e+00, 3.40544879e-01, 4.56515072e-01, 5.86566828e-01, 3.57481793e-01, 2.38173264e+00, 1.33308077e+02
1.21973080e+00, 3.46300309e-01, 4.50505078e-01, 5.93198297e-01, 3.50850324e-01, 2.36710993e+00, 1.35452391e+02
1.24967074e+00, 3.52118959e-01, 4.44509494e-01, 5.99795392e-01, 3.44253229e-01, 2.35236789e+00, 1.37676491e+02
1.28034559e+00, 3.58000669e-01, 4.38530022e-01, 6.06355175e-01, 3.37693445e-01, 2.33751043e+00, 1.39983283e+02
1.31177339e+00, 3.63945260e-01, 4.32568350e-01, 6.12874760e-01, 3.31173860e-01, 2.32254160e+00, 1.42375761e+02
1.34397263e+00, 3.69952536e-01, 4.26626142e-01, 6.19351315e-01, 3.24697305e-01, 2.30746554e+00, 1.44857006e+02
1.37696225e+00, 3.76022284e-01, 4.20705041e-01, 6.25782072e-01, 3.18266549e-01, 2.29228651e+00, 1.47430192e+02
1.41076164e+00, 3.82154272e-01, 4.14806667e-01, 6.32164330e-01, 3.11884291e-01, 2.27700884e+00, 1.50098587e+02
1.44539068e+00, 3.88348252e-01, 4.08932613e-01, 6.38495462e-01, 3.05553158e-01, 2.26163696e+00, 1.52865556e+02
1.48086974e+00, 3.94603961e-01, 4.03084445e-01, 6.44772924e-01, 2.99275697e-01, 2.24617537e+00, 1.55734566e+02
1.51721968e+00, 4.00921118e-01, 3.97263699e-01, 6.50994252e-01, 2.93054369e-01, 2.23062862e+00, 1.58709186e+02
1.55446187e+00, 4.07299425e-01, 3.91471883e-01, 6.57157073e-01, 2.86891548e-01, 2.21500134e+00, 1.61793094e+02
1.59261823e+00, 4.13738570e-01, 3.85710472e-01, 6.63259107e-01, 2.80789514e-01, 2.19929818e+00, 1.64990078e+02
1.63171119e+00, 4.20238226e-01, 3.79980906e-01, 6.69298170e-01, 2.74750451e-01, 2.18352384e+00, 1.68304043e+02
1.67176373e+00, 4.26798050e-01, 3.74284593e-01, 6.75272179e-01, 2.68776441e-01, 2.16768304e+00, 1.71739014e+02
1.71279942e+00, 4.33417684e-01, 3.68622904e-01, 6.81179156e-01, 2.62869465e-01, 2.15178052e+00, 1.75299139e+02
1.75484238e+00, 4.40096756e-01, 3.62997174e-01, 6.87017224e-01, 2.57031396e-01, 2.13582102e+00, 1.78988695e+02
1.79791735e+00, 4.46834881e-01, 3.57408699e-01, 6.92784619e-01, 2.51264002e-01, 2.11980930e+00, 1.82812097e+02
1.84204965e+00, 4.53631661e-01, 3.51858737e-01, 6.98479683e-01, 2.45568938e-01, 2.10375009e+00, 1.86773895e+02
1.88726524e+00, 4.60486682e-01, 3.46348506e-01, 7.04100868e-01, 2.39947753e-01, 2.08764812e+00, 1.90878789e+02
1.93359070e+00, 4.67399520e-01, 3.40879183e-01, 7.09646741e-01, 2.34401880e-01, 2.07150807e+00, 1.95131628e+02
1.98105328e+00, 4.74369739e-01, 3.35451904e-01, 7.15115977e-01, 2.28932644e-01, 2.05533461e+00, 1.99537421e+02
2.02968090e+00, 4.81396889e-01, 3.30067764e-01, 7.20507364e-01, 2.23541257e-01, 2.03913236e+00, 2.04101339e+02
2.07950215e+00, 4.88480511e-01, 3.24727814e-01, 7.25819801e-01, 2.18228820e-01, 2.02290590e+00, 2.08828728e+02
2.13054632e+00, 4.95620134e-01, 3.19433063e-01, 7.31052298e-01, 2.12996323e-01, 2.00665975e+00, 2.13725109e+02
2.18284345e+00, 5.02815278e-01, 3.14184476e-01, 7.36203973e-01, 2.07844648e-01, 1.99039838e+00, 2.18796192e+02
2.23642428e+00, 5.10065450e-01, 3.08982975e-01, 7.41274052e-01, 2.02774569e-01, 1.97412620e+00, 2.24047879e+02
2.29132032e+00, 5.17370151e-01, 3.03829437e-01, 7.46261869e-01, 1.97786752e-01, 1.95784753e+00, 2.29486278e+02
2.34756385e+00, 5.24728870e-01, 2.98724698e-01, 7.51166859e-01, 1.92881762e-01, 1.94156665e+00, 2.35117703e+02
2.40518797e+00, 5.32141090e-01, 2.93669545e-01, 7.55988561e-01, 1.88060060e-01, 1.92528773e+00, 2.40948690e+02
2.46422654e+00, 5.39606284e-01, 2.88664725e-01, 7.60726612e-01, 1.83322009e-01, 1.90901489e+00, 2.46986005e+02
2.52471429e+00, 5.47123920e-01, 2.83710938e-01, 7.65380748e-01, 1.78667873e-01, 1.89275214e+00, 2.53236649e+02
2.58668680e+00, 5.54693455e-01, 2.78808844e-01, 7.69950794e-01, 1.74097826e-01, 1.87650343e+00, 2.59707875e+02
2.65018051e+00, 5.62314341e-01, 2.73959054e-01, 7.74436672e-01, 1.69611949e-01, 1.86027260e+00, 2.66407190e+02
2.71523275e+00, 5.69986027e-01, 2.69162141e-01, 7.78838385e-01, 1.65210236e-01, 1.84406342e+00, 2.73342374e+02
2.78188179e+00, 5.77707950e-01, 2.64418630e-01, 7.83156026e-01, 1.60892595e-01, 1.82787954e+00, 2.80521483e+02
2.85016682e+00, 5.85479547e-01, 2.59729006e-01, 7.87389766e-01, 1.56658855e-01, 1.81172455e+00, 2.87952867e+02
2.92012800e+00, 5.93300247e-01, 2.55093711e-01, 7.91539854e-01, 1.52508766e-01, 1.79560192e+00, 2.95645177e+02
2.99180647e+00, 6.01169477e-01, 2.50513147e-01, 7.95606614e-01, 1.48442006e-01, 1.77951503e+00, 3.03607379e+02
3.06524438e+00, 6.09086658e-01, 2.45987672e-01, 7.99590440e-01, 1.44458181e-01, 1.76346719e+00, 3.11848767e+02
3.14048492e+00, 6.17051208e-01, 2.41517604e-01, 8.03491794e-01, 1.40556827e-01, 1.74746157e+00, 3.20378976e+02
3.21757235e+00, 6.25062541e-01, 2.37103224e-01, 8.07311199e-01, 1.36737421e-01, 1.73150129e+00, 3.29207991e+02
3.29655199e+00, 6.33120071e-01, 2.32744769e-01, 8.11049243e-01, 1.32999378e-01, 1.71558933e+00, 3.38346169e+02
3.37747029e+00, 6.41223207e-01, 2.28442441e-01, 8.14706567e-01, 1.29342053e-01, 1.69972862e+00, 3.47804246e+02
3.46037484e+00, 6.49371357e-01, 2.24196404e-01, 8.18283867e-01, 1.25764753e-01, 1.68392195e+00, 3.57593354e+02
3.54531439e+00, 6.57563928e-01, 2.20006784e-01, 8.21781889e-01, 1.22266732e-01, 1.66817206e+00, 3.67725038e+02
3.63233890e+00, 6.65800325e-01, 2.15873670e-01, 8.25201425e-01, 1.18847196e-01, 1.65248158e+00, 3.78211270e+02
3.72149955e+00, 6.74079952e-01, 2.11797119e-01, 8.28543310e-01, 1.15505311e-01, 1.63685302e+00, 3.89064465e+02
3.81284876e+00, 6.82402214e-01, 2.07777150e-01, 8.31808422e-01, 1.12240198e-01, 1.62128885e+00, 4.00297500e+02
3.90644026e+00, 6.90766515e-01, 2.03813752e-01, 8.34997674e-01, 1.09050946e-01, 1.60579141e+00, 4.11923729e+02
4.00232909e+00, 6.99172259e-01, 1.99906880e-01, 8.38112014e-01, 1.05936607e-01, 1.59036297e+00, 4.23957001e+02
4.10057164e+00, 7.07618851e-01, 1.96056456e-01, 8.41152421e-01, 1.02896200e-01, 1.57500571e+00, 4.36411681e+02
4.20122568e+00, 7.16105698e-01, 1.92262375e-01, 8.44119903e-01, 9.99287179e-02, 1.55972172e+00, 4.49302669e+02
4.30435041e+00, 7.24632207e-01, 1.88524498e-01, 8.47015493e-01, 9.70331278e-02, 1.54451302e+00, 4.62645415e+02
4.41000648e+00, 7.33197786e-01, 1.84842662e-01, 8.49840248e-01, 9.42083725e-02, 1.52938152e+00, 4.76455949e+02
4.51825602e+00, 7.41801846e-01, 1.81216674e-01, 8.52595246e-01, 9.14533748e-02, 1.51432908e+00, 4.90750891e+02
4.62916269e+00, 7.50443801e-01, 1.77646313e-01, 8.55281582e-01, 8.87670390e-02, 1.49935746e+00, 5.05547485e+02
4.74279172e+00, 7.59123065e-01, 1.74131337e-01, 8.57900367e-01, 8.61482537e-02, 1.48446834e+00, 5.20863611e+02
4.85920992e+00, 7.67839058e-01, 1.70671475e-01, 8.60452727e-01, 8.35958939e-02, 1.46966334e+00, 5.36717817e+02
4.97848576e+00, 7.76591199e-01, 1.67266435e-01, 8.62939798e-01, 8.11088231e-02, 1.45494399e+00, 5.53129340e+02
5.10068939e+00, 7.85378914e-01, 1.63915901e-01, 8.65362726e-01, 7.86858953e-02, 1.44031175e+00, 5.70118130e+02
5.22589267e+00, 7.94201629e-01, 1.60619537e-01, 8.67722664e-01, 7.63259572e-02, 1.42576801e+00, 5.87704879e+02
5.35416923e+00, 8.03058777e-01, 1.57376986e-01, 8.70020771e-01, 7.40278497e-02, 1.41131409e+00, 6.05911050e+02
5.48559451e+00, 8.11949793e-01, 1.54187869e-01, 8.72258211e-01, 7.17904100e-02, 1.39695125e+00, 6.24758900e+02
5.62024581e+00, 8.20874115e-01, 1.51051793e-01, 8.74436148e-01, 6.96124730e-02, 1.38268065e+00, 6.44271514e+02
5.75820230e+00, 8.29831188e-01, 1.47968344e-01, 8.76555748e-01, 6.74928731e-02, 1.36850343e+00, 6.64472832e+02
5.89954512e+00, 8.38820459e-01, 1.44937091e-01, 8.78618175e-01, 6.54304456e-02, 1.35442063e+00, 6.85387684e+02
6.04435738e+00, 8.47841381e-01, 1.41957590e-01, 8.80624593e-01, 6.34240280e-02, 1.34043324e+00, 7.07041821e+02
6.19272426e+00, 8.56893412e-01, 1.39029381e-01, 8.82576159e-01, 6.14724615e-02, 1.32654219e+00, 7.29461947e+02
6.34473301e+00, 8.65976013e-01, 1.36151988e-01, 8.84474029e-01, 5.95745923e-02, 1.31274835e+00, 7.52675759e+02
6.50047301e+00, 8.75088653e-01, 1.33324925e-01, 8.86319348e-01, 5.77292725e-02, 1.29905253e+00, 7.76711978e+02
6.66003586e+00, 8.84230803e-01, 1.30547692e-01, 8.88113259e-01, 5.59353614e-02, 1.28545548e+00, 8.01600391e+02
6.82351540e+00, 8.93401942e-01, 1.27819778e-01, 8.89856894e-01, 5.41917265e-02, 1.27195790e+00, 8.27371887e+02
6.99100776e+00, 9.02601552e-01, 1.25140662e-01, 8.91551377e-01, 5.24972444e-02, 1.25856044e+00, 8.54058499e+02
7.16261145e+00, 9.11829124e-01, 1.22509813e-01, 8.93197819e-01, 5.08508016e-02, 1.24526369e+00, 8.81693447e+02
7.33842738e+00, 9.21084151e-01, 1.19926691e-01, 8.94797325e-01, 4.92512956e-02, 1.23206818e+00, 9.10311181e+02
7.51855895e+00, 9.30366133e-01, 1.17390747e-01, 8.96350986e-01, 4.76976353e-02, 1.21897441e+00, 9.39947426e+02
7.70311209e+00, 9.39674577e-01, 1.14901427e-01, 8.97859879e-01, 4.61887420e-02, 1.20598282e+00, 9.70639228e+02
7.89219533e+00, 9.49008994e-01, 1.12458168e-01, 8.99325071e-01, 4.47235498e-02, 1.19309381e+00, 1.00242500e+03
8.08591988e+00, 9.58368903e-01, 1.10060403e-01, 9.00747615e-01, 4.33010063e-02, 1.18030772e+00, 1.03534459e+03
8.28439965e+00, 9.67753827e-01, 1.07707556e-01, 9.02128548e-01, 4.19200731e-02, 1.16762486e+00, 1.06943931e+03
8.48775138e+00, 9.77163296e-01, 1.05399052e-01, 9.03468895e-01, 4.05797262e-02, 1.15504549e+00, 1.10475199e+03
8.69609466e+00, 9.86596847e-01, 1.03134307e-01, 9.04769664e-01, 3.92789567e-02, 1.14256984e+00, 1.14132706e+03
8.90955199e+00, 9.96054021e-01, 1.00912736e-01, 9.06031850e-01, 3.80167707e-02, 1.13019807e+00, 1.17921059e+03
9.12824893e+00, 1.00553437e+00, 9.87337502e-02, 9.07256431e-01, 3.67921900e-02, 1.11793034e+00, 1.21845034e+03
9.35231407e+00, 1.01503744e+00, 9.65967602e-02, 9.08444369e-01, 3.56042523e-02, 1.10576673e+00, 1.25909586e+03
9.58187920e+00, 1.02456280e+00, 9.45011733e-02, 9.09596609e-01, 3.44520116e-02, 1.09370733e+00, 1.30119851e+03
9.81707931e+00, 1.03411001e+00, 9.24463963e-02, 9.10714083e-01, 3.33345380e-02, 1.08175215e+00, 1.34481156e+03
1.00580527e+01, 1.04367866e+00, 9.04318351e-02, 9.11797703e-01, 3.22509183e-02, 1.06990118e+00, 1.38999024e+03
1.03049411e+01, 1.05326831e+00, 8.84568957e-02, 9.12848365e-01, 3.12002558e-02, 1.05815440e+00, 1.43679183e+03
1.05578898e+01, 1.06287855e+00, 8.65209842e-02, 9.13866950e-01, 3.01816709e-02, 1.04651172e+00, 1.48527572e+03
1.08170474e+01, 1.07250898e+00, 8.46235076e-02, 9.14854320e-01, 2.91943005e-02, 1.03497304e+00, 1.53550350e+03
1.10825664e+01, 1.08215919e+00, 8.27638740e-02, 9.15811322e-01, 2.82372987e-02, 1.02353823e+00, 1.58753904e+03
1.13546029e+01, 1.09182879e+00, 8.09414929e-02, 9.16738784e-01, 2.73098365e-02, 1.01220712e+00, 1.64144857e+03
1.16333169e+01, 1.10151739e+00, 7.91557761e-02, 9.17637519e-01, 2.64111015e-02, 1.00097953e+00, 1.69730074e+03
1.19188723e+01, 1.11122460e+00, 7.74061373e-02, 9.18508322e-01, 2.55402988e-02, 9.89855227e-01, 1.75516679e+03
1.22114370e+01, 1.12095006e+00, 7.56919932e-02, 9.19351971e-01, 2.46966498e-02, 9.78833974e-01, 1.81512054e+03
1.25111831e+01, 1.13069338e+00, 7.40127633e-02, 9.20169228e-01, 2.38793930e-02, 9.67915499e-01, 1.87723857e+03
1.28182870e+01, 1.14045421e+00, 7.23678704e-02, 9.20960837e-01, 2.30877837e-02, 9.57099505e-01, 1.94160027e+03
1.31329291e+01, 1.15023218e+00, 7.07567410e-02, 9.21727527e-01, 2.23210935e-02, 9.46385675e-01, 2.00828800e+03
1.34552945e+01, 1.16002694e+00, 6.91788052e-02, 9.22470010e-01, 2.15786108e-02, 9.35773668e-01, 2.07738711e+03
1.37855728e+01, 1.16983815e+00, 6.76334976e-02, 9.23188981e-01, 2.08596400e-02, 9.25263122e-01, 2.14898616e+03
1.41239582e+01, 1.17966547e+00, 6.61202569e-02, 9.23885119e-01, 2.01635021e-02, 9.14853653e-01, 2.22317693e+03
1.44706497e+01, 1.18950855e+00, 6.46385264e-02, 9.24559087e-01, 1.94895338e-02, 9.04544858e-01, 2.30005464e+03
1.48258513e+01, 1.19936708e+00, 6.31877542e-02, 9.25211533e-01, 1.88370878e-02, 8.94336315e-01, 2.37971800e+03
1.51897717e+01, 1.20924073e+00, 6.17673934e-02, 9.25843088e-01, 1.82055324e-02, 8.84227584e-01, 2.46226938e+03
1.55626251e+01, 1.21912917e+00, 6.03769024e-02, 9.26454369e-01, 1.75942515e-02, 8.74218208e-01, 2.54781492e+03
1.59446307e+01, 1.22903211e+00, 5.90157448e-02, 9.27045977e-01, 1.70026441e-02, 8.64307711e-01, 2.63646471e+03
1.63360131e+01, 1.23894923e+00, 5.76833898e-02, 9.27618497e-01, 1.64301243e-02, 8.54495605e-01, 2.72833288e+03
1.67370025e+01, 1.24888023e+00, 5.63793122e-02, 9.28172500e-01, 1.58761212e-02, 8.44781382e-01, 2.82353780e+03
1.71478347e+01, 1.25882482e+00, 5.51029925e-02, 9.28708543e-01, 1.53400782e-02, 8.35164525e-01, 2.92220220e+03
1.75687514e+01, 1.26878270e+00, 5.38539173e-02, 9.29227168e-01, 1.48214533e-02, 8.25644500e-01, 3.02445336e+03
1.80000000e+01, 1.27875360e+00, 5.26315789e-02, 9.29728902e-01, 1.43197185e-02, 8.16220760e-01, 3.13042327e+03
