 --- Cosmological Parameters --- 
	 H0: 2.1561e-18 (1/s) = 66.5300 (km/s/Mpc) 
	 OmegaM: 3.2300e-01 
	 OmegaR: 0.0000e+00 
	 OmegaL: 6.7700e-01 
	 OmegaK: 0.0000e+00 
		 w0: -6.5000e-01 
		 wa: -1.2700e+00 
	 rho_crit: 8.3160e-30 (g/cm^3) 
z, log10(1+z), a, H0*t_look, H0*t_age, H0*t_conf, H0*t_conf_age, H(z) 
1.00000000e-04, 4.34272769e-05, 9.99900010e-01, 9.99908014e-05, 9.34135218e-01, 9.99958008e-05, 3.20018343e+00, 6.65355877e+01
1.02807322e-04, 4.46463579e-05, 9.99897203e-01, 1.02797600e-04, 9.34132411e-01, 1.02802884e-04, 3.20018063e+00, 6.65357445e+01
1.05693455e-04, 4.58996588e-05, 9.99894318e-01, 1.05683180e-04, 9.34129525e-01, 1.05688764e-04, 3.20017774e+00, 6.65359058e+01
1.08660611e-04, 4.71881402e-05, 9.99891351e-01, 1.08649751e-04, 9.34126559e-01, 1.08655653e-04, 3.20017477e+00, 6.65360716e+01
1.11711065e-04, 4.85127895e-05, 9.99888301e-01, 1.11699586e-04, 9.34123509e-01, 1.11705825e-04, 3.20017172e+00, 6.65362420e+01
1.14847155e-04, 4.98746217e-05, 9.99885166e-01, 1.14835022e-04, 9.34120373e-01, 1.14841616e-04, 3.20016859e+00, 6.65364172e+01
1.18071285e-04, 5.12746804e-05, 9.99881943e-01, 1.18058461e-04, 9.34117150e-01, 1.18065431e-04, 3.20016536e+00, 6.65365974e+01
1.21385926e-04, 5.27140387e-05, 9.99878629e-01, 1.21372373e-04, 9.34113836e-01, 1.21379739e-04, 3.20016205e+00, 6.65367826e+01
1.24793621e-04, 5.41937993e-05, 9.99875222e-01, 1.24779296e-04, 9.34110429e-01, 1.24787081e-04, 3.20015864e+00, 6.65369730e+01
1.28296980e-04, 5.57150964e-05, 9.99871719e-01, 1.28281839e-04, 9.34106926e-01, 1.28290068e-04, 3.20015514e+00, 6.65371687e+01
1.31898690e-04, 5.72790956e-05, 9.99868119e-01, 1.31882687e-04, 9.34103326e-01, 1.31891384e-04, 3.20015154e+00, 6.65373699e+01
1.35601511e-04, 5.88869955e-05, 9.99864417e-01, 1.35584598e-04, 9.34099624e-01, 1.35593790e-04, 3.20014783e+00, 6.65375768e+01
1.39408283e-04, 6.05400281e-05, 9.99860611e-01, 1.39390406e-04, 9.34095818e-01, 1.39400122e-04, 3.20014403e+00, 6.65377895e+01
1.43321923e-04, 6.22394601e-05, 9.99856699e-01, 1.43303028e-04, 9.34091905e-01, 1.43313297e-04, 3.20014011e+00, 6.65380082e+01
1.47345431e-04, 6.39865937e-05, 9.99852676e-01, 1.47325461e-04, 9.34087883e-01, 1.47336315e-04, 3.20013609e+00, 6.65382330e+01
1.51481892e-04, 6.57827676e-05, 9.99848541e-01, 1.51460786e-04, 9.34083748e-01, 1.51472257e-04, 3.20013196e+00, 6.65384641e+01
1.55734477e-04, 6.76293582e-05, 9.99844290e-01, 1.55712169e-04, 9.34079496e-01, 1.55724293e-04, 3.20012770e+00, 6.65387017e+01
1.60106446e-04, 6.95277803e-05, 9.99839919e-01, 1.60082868e-04, 9.34075125e-01, 1.60095682e-04, 3.20012333e+00, 6.65389459e+01
1.64601150e-04, 7.14794886e-05, 9.99835426e-01, 1.64576230e-04, 9.34070632e-01, 1.64589774e-04, 3.20011884e+00, 6.65391970e+01
1.69222035e-04, 7.34859785e-05, 9.99830807e-01, 1.69195696e-04, 9.34066013e-01, 1.69210011e-04, 3.20011422e+00, 6.65394552e+01
1.73972643e-04, 7.55487874e-05, 9.99826058e-01, 1.73944805e-04, 9.34061264e-01, 1.73959935e-04, 3.20010947e+00, 6.65397206e+01
1.78856616e-04, 7.76694958e-05, 9.99821175e-01, 1.78827193e-04, 9.34056381e-01, 1.78843184e-04, 3.20010458e+00, 6.65399935e+01
1.83877698e-04, 7.98497285e-05, 9.99816156e-01, 1.83846599e-04, 9.34051362e-01, 1.83863501e-04, 3.20009956e+00, 6.65402740e+01
1.89039738e-04, 8.20911560e-05, 9.99810996e-01, 1.89006869e-04, 9.34046201e-01, 1.89024733e-04, 3.20009440e+00, 6.65405624e+01
1.94346693e-04, 8.43954955e-05, 9.99805691e-01, 1.94311953e-04, 9.34040896e-01, 1.94330833e-04, 3.20008910e+00, 6.65408589e+01
1.99802631e-04, 8.67645125e-05, 9.99800237e-01, 1.99765913e-04, 9.34035442e-01, 1.99785869e-04, 3.20008364e+00, 6.65411637e+01
2.05411735e-04, 8.92000219e-05, 9.99794630e-01, 2.05372927e-04, 9.34029835e-01, 2.05394018e-04, 3.20007803e+00, 6.65414770e+01
2.11178304e-04, 9.17038897e-05, 9.99788866e-01, 2.11137287e-04, 9.34024071e-01, 2.11159579e-04, 3.20007227e+00, 6.65417992e+01
2.17106760e-04, 9.42780341e-05, 9.99782940e-01, 2.17063408e-04, 9.34018145e-01, 2.17086969e-04, 3.20006634e+00, 6.65421304e+01
2.23201647e-04, 9.69244272e-05, 9.99776848e-01, 2.23155827e-04, 9.34012052e-01, 2.23180729e-04, 3.20006025e+00, 6.65424709e+01
2.29467637e-04, 9.96450962e-05, 9.99770585e-01, 2.29419208e-04, 9.34005789e-01, 2.29445528e-04, 3.20005398e+00, 6.65428209e+01
2.35909533e-04, 1.02442125e-04, 9.99764146e-01, 2.35858347e-04, 9.33999350e-01, 2.35886166e-04, 3.20004754e+00, 6.65431808e+01
2.42532274e-04, 1.05317657e-04, 9.99757527e-01, 2.42478175e-04, 9.33992730e-01, 2.42507577e-04, 3.20004092e+00, 6.65435508e+01
2.49340937e-04, 1.08273895e-04, 9.99750721e-01, 2.49283758e-04, 9.33985925e-01, 2.49314834e-04, 3.20003411e+00, 6.65439311e+01
2.56340741e-04, 1.11313103e-04, 9.99743725e-01, 2.56280307e-04, 9.33978928e-01, 2.56313152e-04, 3.20002711e+00, 6.65443222e+01
2.63537052e-04, 1.14437609e-04, 9.99736532e-01, 2.63473177e-04, 9.33971735e-01, 2.63507892e-04, 3.20001992e+00, 6.65447242e+01
2.70935387e-04, 1.17649806e-04, 9.99729138e-01, 2.70867876e-04, 9.33964340e-01, 2.70904567e-04, 3.20001252e+00, 6.65451375e+01
2.78541416e-04, 1.20952156e-04, 9.99721536e-01, 2.78470063e-04, 9.33956738e-01, 2.78508842e-04, 3.20000492e+00, 6.65455624e+01
2.86360972e-04, 1.24347187e-04, 9.99713721e-01, 2.86285556e-04, 9.33948923e-01, 2.86326543e-04, 3.19999710e+00, 6.65459992e+01
2.94400048e-04, 1.27837499e-04, 9.99705687e-01, 2.94320339e-04, 9.33940888e-01, 2.94363659e-04, 3.19998906e+00, 6.65464482e+01
3.02664806e-04, 1.31425767e-04, 9.99697427e-01, 3.02580560e-04, 9.33932628e-01, 3.02626346e-04, 3.19998080e+00, 6.65469099e+01
3.11161583e-04, 1.35114738e-04, 9.99688935e-01, 3.11072541e-04, 9.33924136e-01, 3.11120934e-04, 3.19997231e+00, 6.65473845e+01
3.19896892e-04, 1.38907238e-04, 9.99680205e-01, 3.19802781e-04, 9.33915406e-01, 3.19853928e-04, 3.19996357e+00, 6.65478725e+01
3.28877429e-04, 1.42806171e-04, 9.99671231e-01, 3.28777961e-04, 9.33906430e-01, 3.28832020e-04, 3.19995460e+00, 6.65483741e+01
3.38110078e-04, 1.46814523e-04, 9.99662004e-01, 3.38004949e-04, 9.33897203e-01, 3.38062084e-04, 3.19994537e+00, 6.65488898e+01
3.47601918e-04, 1.50935364e-04, 9.99652519e-01, 3.47490804e-04, 9.33887718e-01, 3.47551192e-04, 3.19993588e+00, 6.65494200e+01
3.57360225e-04, 1.55171849e-04, 9.99642767e-01, 3.57242786e-04, 9.33877966e-01, 3.57306611e-04, 3.19992612e+00, 6.65499651e+01
3.67392478e-04, 1.59527223e-04, 9.99632742e-01, 3.67268355e-04, 9.33867940e-01, 3.67335813e-04, 3.19991609e+00, 6.65505254e+01
3.77706369e-04, 1.64004821e-04, 9.99622436e-01, 3.77575180e-04, 9.33857633e-01, 3.77646478e-04, 3.19990578e+00, 6.65511015e+01
3.88309805e-04, 1.68608072e-04, 9.99611841e-01, 3.88171148e-04, 9.33847037e-01, 3.88246505e-04, 3.19989518e+00, 6.65516938e+01
3.99210913e-04, 1.73340499e-04, 9.99600948e-01, 3.99064364e-04, 9.33836144e-01, 3.99144009e-04, 3.19988428e+00, 6.65523026e+01
4.10418050e-04, 1.78205728e-04, 9.99589750e-01, 4.10263159e-04, 9.33824945e-01, 4.10347338e-04, 3.19987308e+00, 6.65529286e+01
4.21939808e-04, 1.83207482e-04, 9.99578238e-01, 4.21776101e-04, 9.33813432e-01, 4.21865071e-04, 3.19986156e+00, 6.65535721e+01
4.33785019e-04, 1.88349591e-04, 9.99566403e-01, 4.33611993e-04, 9.33801596e-01, 4.33706028e-04, 3.19984972e+00, 6.65542337e+01
4.45962763e-04, 1.93635993e-04, 9.99554236e-01, 4.45779888e-04, 9.33789428e-01, 4.45879275e-04, 3.19983755e+00, 6.65549138e+01
4.58482375e-04, 1.99070734e-04, 9.99541728e-01, 4.58289091e-04, 9.33776919e-01, 4.58394135e-04, 3.19982503e+00, 6.65556130e+01
4.71353453e-04, 2.04657975e-04, 9.99528869e-01, 4.71149168e-04, 9.33764059e-01, 4.71260191e-04, 3.19981217e+00, 6.65563319e+01
4.84585864e-04, 2.10401992e-04, 9.99515649e-01, 4.84369951e-04, 9.33750838e-01, 4.84487293e-04, 3.19979894e+00, 6.65570709e+01
4.98189752e-04, 2.16307184e-04, 9.99502058e-01, 4.97961549e-04, 9.33737247e-01, 4.98085570e-04, 3.19978534e+00, 6.65578306e+01
5.12175544e-04, 2.22378069e-04, 9.99488087e-01, 5.11934353e-04, 9.33723274e-01, 5.12065432e-04, 3.19977136e+00, 6.65586117e+01
5.26553963e-04, 2.28619296e-04, 9.99473723e-01, 5.26299043e-04, 9.33708909e-01, 5.26437583e-04, 3.19975699e+00, 6.65594147e+01
5.41336030e-04, 2.35035640e-04, 9.99458957e-01, 5.41066601e-04, 9.33694142e-01, 5.41213026e-04, 3.19974221e+00, 6.65602401e+01
5.56533078e-04, 2.41632013e-04, 9.99443776e-01, 5.56248314e-04, 9.33678960e-01, 5.56403073e-04, 3.19972702e+00, 6.65610888e+01
5.72156756e-04, 2.48413463e-04, 9.99428170e-01, 5.71855784e-04, 9.33663353e-01, 5.72019351e-04, 3.19971141e+00, 6.65619613e+01
5.88219040e-04, 2.55385179e-04, 9.99412127e-01, 5.87900938e-04, 9.33647307e-01, 5.88073814e-04, 3.19969535e+00, 6.65628582e+01
6.04732245e-04, 2.62552498e-04, 9.99395633e-01, 6.04396038e-04, 9.33630812e-01, 6.04578753e-04, 3.19967885e+00, 6.65637803e+01
6.21709029e-04, 2.69920903e-04, 9.99378677e-01, 6.21353687e-04, 9.33613855e-01, 6.21546801e-04, 3.19966188e+00, 6.65647283e+01
6.39162405e-04, 2.77496033e-04, 9.99361246e-01, 6.38786840e-04, 9.33596421e-01, 6.38990944e-04, 3.19964444e+00, 6.65657028e+01
6.57105755e-04, 2.85283683e-04, 9.99343326e-01, 6.56708814e-04, 9.33578500e-01, 6.56924534e-04, 3.19962650e+00, 6.65667047e+01
6.75552832e-04, 2.93289812e-04, 9.99324903e-01, 6.75133300e-04, 9.33560075e-01, 6.75361297e-04, 3.19960807e+00, 6.65677347e+01
6.94517777e-04, 3.01520545e-04, 9.99305964e-01, 6.94074369e-04, 9.33541134e-01, 6.94315341e-04, 3.19958911e+00, 6.65687936e+01
7.14015130e-04, 3.09982178e-04, 9.99286494e-01, 7.13546487e-04, 9.33521662e-01, 7.13801173e-04, 3.19956963e+00, 6.65698822e+01
7.34059837e-04, 3.18681185e-04, 9.99266479e-01, 7.33564523e-04, 9.33501644e-01, 7.33833702e-04, 3.19954959e+00, 6.65710014e+01
7.54667263e-04, 3.27624220e-04, 9.99245902e-01, 7.54143760e-04, 9.33481065e-01, 7.54428258e-04, 3.19952900e+00, 6.65721519e+01
7.75853206e-04, 3.36818122e-04, 9.99224748e-01, 7.75299911e-04, 9.33459908e-01, 7.75600599e-04, 3.19950783e+00, 6.65733347e+01
7.97633907e-04, 3.46269924e-04, 9.99203002e-01, 7.97049124e-04, 9.33438159e-01, 7.97366923e-04, 3.19948606e+00, 6.65745506e+01
8.20026062e-04, 3.55986854e-04, 9.99180646e-01, 8.19408000e-04, 9.33415800e-01, 8.19743883e-04, 3.19946368e+00, 6.65758007e+01
8.43046837e-04, 3.65976343e-04, 9.99157663e-01, 8.42393603e-04, 9.33392815e-01, 8.42748599e-04, 3.19944068e+00, 6.65770858e+01
8.66713880e-04, 3.76246030e-04, 9.99134037e-01, 8.66023471e-04, 9.33369185e-01, 8.66398669e-04, 3.19941703e+00, 6.65784070e+01
8.91045332e-04, 3.86803767e-04, 9.99109748e-01, 8.90315636e-04, 9.33344893e-01, 8.90712183e-04, 3.19939272e+00, 6.65797652e+01
9.16059848e-04, 3.97657626e-04, 9.99084779e-01, 9.15288627e-04, 9.33319920e-01, 9.15707739e-04, 3.19936772e+00, 6.65811615e+01
9.41776601e-04, 4.08815904e-04, 9.99059110e-01, 9.40961494e-04, 9.33294247e-01, 9.41404454e-04, 3.19934202e+00, 6.65825970e+01
9.68215306e-04, 4.20287133e-04, 9.99032721e-01, 9.67353817e-04, 9.33267855e-01, 9.67821981e-04, 3.19931561e+00, 6.65840727e+01
9.95396231e-04, 4.32080081e-04, 9.99005594e-01, 9.94485721e-04, 9.33240723e-01, 9.94980524e-04, 3.19928845e+00, 6.65855898e+01
1.02334021e-03, 4.44203760e-04, 9.98977706e-01, 1.02237789e-03, 9.33212830e-01, 1.02290085e-03, 3.19926053e+00, 6.65871494e+01
1.05206867e-03, 4.56667438e-04, 9.98949037e-01, 1.05105159e-03, 9.33184157e-01, 1.05160431e-03, 3.19923182e+00, 6.65887527e+01
1.08160363e-03, 4.69480638e-04, 9.98919565e-01, 1.08052868e-03, 9.33154680e-01, 1.08111284e-03, 3.19920232e+00, 6.65904011e+01
1.11196773e-03, 4.82653152e-04, 9.98889267e-01, 1.11083162e-03, 9.33124377e-01, 1.11144901e-03, 3.19917198e+00, 6.65920956e+01
1.14318425e-03, 4.96195044e-04, 9.98858121e-01, 1.14198349e-03, 9.33093225e-01, 1.14263602e-03, 3.19914079e+00, 6.65938376e+01
1.17527712e-03, 5.10116661e-04, 9.98826103e-01, 1.17400804e-03, 9.33061200e-01, 1.17469769e-03, 3.19910873e+00, 6.65956285e+01
1.20827094e-03, 5.24428638e-04, 9.98793187e-01, 1.20692965e-03, 9.33028279e-01, 1.20765853e-03, 3.19907577e+00, 6.65974696e+01
1.24219100e-03, 5.39141905e-04, 9.98759350e-01, 1.24077340e-03, 9.32994435e-01, 1.24154375e-03, 3.19904188e+00, 6.65993622e+01
1.27706330e-03, 5.54267703e-04, 9.98724566e-01, 1.27556506e-03, 9.32959643e-01, 1.27637923e-03, 3.19900705e+00, 6.66013080e+01
1.31291459e-03, 5.69817580e-04, 9.98688807e-01, 1.31133110e-03, 9.32923877e-01, 1.31219159e-03, 3.19897124e+00, 6.66033082e+01
1.34977233e-03, 5.85803413e-04, 9.98652047e-01, 1.34809876e-03, 9.32887110e-01, 1.34900820e-03, 3.19893442e+00, 6.66053646e+01
1.38766479e-03, 6.02237406e-04, 9.98614258e-01, 1.38589601e-03, 9.32849312e-01, 1.38685718e-03, 3.19889657e+00, 6.66074785e+01
1.42662102e-03, 6.19132106e-04, 9.98575411e-01, 1.42475161e-03, 9.32810457e-01, 1.42576746e-03, 3.19885766e+00, 6.66096518e+01
1.46667087e-03, 6.36500410e-04, 9.98535477e-01, 1.46469511e-03, 9.32770513e-01, 1.46576874e-03, 3.19881766e+00, 6.66118859e+01
1.50784505e-03, 6.54355573e-04, 9.98494425e-01, 1.50575690e-03, 9.32729451e-01, 1.50689160e-03, 3.19877654e+00, 6.66141826e+01
1.55017512e-03, 6.72711224e-04, 9.98452224e-01, 1.54796819e-03, 9.32687240e-01, 1.54916743e-03, 3.19873426e+00, 6.66165437e+01
1.59369353e-03, 6.91581368e-04, 9.98408842e-01, 1.59136106e-03, 9.32643847e-01, 1.59262851e-03, -2.96439388e-323, 6.66189709e+01
1.63843365e-03, 7.10980403e-04, 9.98364246e-01, 1.63596850e-03, 9.32599240e-01, 1.63730804e-03, 3.19864612e+00, 6.66214662e+01
1.68442976e-03, 7.30923128e-04, 9.98318403e-01, 1.68182439e-03, 9.32553384e-01, 1.68324012e-03, 3.19860019e+00, 6.66240314e+01
1.73171713e-03, 7.51424755e-04, 9.98271277e-01, 1.72896358e-03, 9.32506245e-01, 1.73045982e-03, 3.19855297e+00, 6.66266684e+01
1.78033202e-03, 7.72500920e-04, 9.98222832e-01, 1.77742184e-03, 9.32457786e-01, 1.77900318e-03, 3.19850442e+00, 6.66293793e+01
1.83031168e-03, 7.94167695e-04, 9.98173032e-01, 1.82723598e-03, 9.32407972e-01, 1.82890725e-03, 3.19845452e+00, 6.66321661e+01
1.88169442e-03, 8.16441599e-04, 9.98121840e-01, 1.87844380e-03, 9.32356765e-01, 1.88021011e-03, 3.19840322e+00, 6.66350310e+01
1.93451965e-03, 8.39339613e-04, 9.98069215e-01, 1.93108416e-03, 9.32304124e-01, 1.93295091e-03, 3.19835048e+00, 6.66379762e+01
1.98882786e-03, 8.62879189e-04, 9.98015120e-01, 1.98519698e-03, 9.32250011e-01, 1.98716989e-03, 3.19829626e+00, 6.66410038e+01
2.04466067e-03, 8.87078267e-04, 9.97959511e-01, 2.04082330e-03, 9.32194385e-01, 2.04290839e-03, 3.19824052e+00, 6.66441163e+01
2.10206088e-03, 9.11955285e-04, 9.97902349e-01, 2.09800530e-03, 9.32137203e-01, 2.10020895e-03, 3.19818322e+00, 6.66473159e+01
2.16107251e-03, 9.37529196e-04, 9.97843588e-01, 2.15678630e-03, 9.32078422e-01, 2.15911524e-03, 3.19812431e+00, 6.66506050e+01
2.22174078e-03, 9.63819479e-04, 9.97783184e-01, 2.21721084e-03, 9.32017997e-01, 2.21967220e-03, 3.19806376e+00, 6.66539863e+01
2.28411221e-03, 9.90846156e-04, 9.97721093e-01, 2.27932469e-03, 9.31955884e-01, 2.28192598e-03, 3.19800150e+00, 6.66574623e+01
2.34823460e-03, 1.01862981e-03, 9.97657267e-01, 2.34317486e-03, 9.31892033e-01, 2.34592405e-03, 3.19793750e+00, 6.66610355e+01
2.41415712e-03, 1.04719158e-03, 9.97591657e-01, 2.40880969e-03, 9.31826399e-01, 2.41171516e-03, 3.19787171e+00, 6.66647088e+01
2.48193029e-03, 1.07655322e-03, 9.97524214e-01, 2.47627883e-03, 9.31758929e-01, 2.47934947e-03, 3.19780408e+00, 6.66684849e+01
2.55160607e-03, 1.10673706e-03, 9.97454888e-01, 2.54563331e-03, 9.31689575e-01, 2.54887850e-03, 3.19773455e+00, 6.66723667e+01
2.62323788e-03, 1.13776607e-03, 9.97383625e-01, 2.61692556e-03, 9.31618283e-01, 2.62035521e-03, 3.19766307e+00, 6.66763572e+01
2.69688063e-03, 1.16966386e-03, 9.97310373e-01, 2.69020946e-03, 9.31544999e-01, 2.69383405e-03, 3.19758959e+00, 6.66804593e+01
2.77259076e-03, 1.20245468e-03, 9.97235075e-01, 2.76554036e-03, 9.31469668e-01, 2.76937096e-03, 3.19751406e+00, 6.66846762e+01
2.85042632e-03, 1.23616346e-03, 9.97157676e-01, 2.84297515e-03, 9.31392233e-01, 2.84702346e-03, 3.19743640e+00, 6.66890111e+01
2.93044698e-03, 1.27081583e-03, 9.97078115e-01, 2.92257227e-03, 9.31312636e-01, 2.92685065e-03, 3.19735658e+00, 6.66934672e+01
3.01271407e-03, 1.30643812e-03, 9.96996335e-01, 3.00439177e-03, 9.31230817e-01, 3.00891328e-03, 3.19727451e+00, 6.66980480e+01
3.09729067e-03, 1.34305740e-03, 9.96912273e-01, 3.08849536e-03, 9.31146713e-01, 3.09327381e-03, 3.19719015e+00, 6.67027570e+01
3.18424160e-03, 1.38070148e-03, 9.96825866e-01, 3.17494642e-03, 9.31060262e-01, 3.17999640e-03, 3.19710343e+00, 6.67075976e+01
3.27363353e-03, 1.41939895e-03, 9.96737048e-01, 3.26381010e-03, 9.30971398e-01, 3.26914701e-03, 3.19701428e+00, 6.67125736e+01
3.36553498e-03, 1.45917918e-03, 9.96645754e-01, 3.35515330e-03, 9.30880055e-01, 3.36079343e-03, 3.19692263e+00, 6.67176888e+01
3.46001639e-03, 1.50007238e-03, 9.96551914e-01, 3.44904478e-03, 9.30786164e-01, 3.45500535e-03, 3.19682842e+00, 6.67229470e+01
3.55715021e-03, 1.54210957e-03, 9.96455458e-01, 3.54555517e-03, 9.30689653e-01, 3.55185435e-03, 3.19673157e+00, 6.67283521e+01
3.65701088e-03, 1.58532264e-03, 9.96356314e-01, 3.64475703e-03, 9.30590451e-01, 3.65141404e-03, 3.19663201e+00, 6.67339084e+01
3.75967497e-03, 1.62974435e-03, 9.96254407e-01, 3.74672491e-03, 9.30488483e-01, 3.75376005e-03, 3.19652967e+00, 6.67396200e+01
3.86522116e-03, 1.67540839e-03, 9.96149661e-01, 3.85153539e-03, 9.30383673e-01, 3.85897011e-03, 3.19642446e+00, 6.67454912e+01
3.97373038e-03, 1.72234936e-03, 9.96041998e-01, 3.95926714e-03, 9.30275941e-01, 3.96712411e-03, 3.19631630e+00, 6.67515264e+01
4.08528580e-03, 1.77060283e-03, 9.95931336e-01, 4.07000098e-03, 9.30165207e-01, 4.07830415e-03, 3.19620512e+00, 6.67577303e+01
4.19997295e-03, 1.82020534e-03, 9.95817593e-01, 4.18381992e-03, 9.30051388e-01, 4.19259461e-03, 3.19609083e+00, 6.67641074e+01
4.31787973e-03, 1.87119444e-03, 9.95700684e-01, 4.30080925e-03, 9.29934399e-01, 4.31008218e-03, 3.19597335e+00, 6.67706627e+01
4.43909653e-03, 1.92360874e-03, 9.95580522e-01, 4.42105655e-03, 9.29814152e-01, 4.43085599e-03, 3.19585257e+00, 6.67774011e+01
4.56371628e-03, 1.97748788e-03, 9.95457017e-01, 4.54465181e-03, 9.29690557e-01, 4.55500760e-03, 3.19572842e+00, 6.67843276e+01
4.69183451e-03, 2.03287261e-03, 9.95330076e-01, 4.67168745e-03, 9.29563521e-01, 4.68263113e-03, 3.19560080e+00, 6.67914475e+01
4.82354943e-03, 2.08980480e-03, 9.95199606e-01, 4.80225838e-03, 9.29432950e-01, 4.81382328e-03, 3.19546960e+00, 6.67987662e+01
4.95896201e-03, 2.14832749e-03, 9.95065508e-01, 4.93646211e-03, 9.29298746e-01, 4.94868343e-03, 3.19533474e+00, 6.68062891e+01
5.09817606e-03, 2.20848488e-03, 9.94927683e-01, 5.07439877e-03, 9.29160810e-01, 5.08731371e-03, 3.19519611e+00, 6.68140220e+01
5.24129830e-03, 2.27032240e-03, 9.94786030e-01, 5.21617120e-03, 9.29019037e-01, 5.22981907e-03, 3.19505361e+00, 6.68219707e+01
5.38843844e-03, 2.33388671e-03, 9.94640441e-01, 5.36188503e-03, 9.28873323e-01, 5.37630734e-03, 3.19490712e+00, 6.68301411e+01
5.53970928e-03, 2.39922578e-03, 9.94490810e-01, 5.51164871e-03, 9.28723560e-01, 5.52688935e-03, 3.19475654e+00, 6.68385393e+01
5.69522678e-03, 2.46638889e-03, 9.94337025e-01, 5.66557365e-03, 9.28569635e-01, 5.68167895e-03, 3.19460175e+00, 6.68471718e+01
5.85511016e-03, 2.53542665e-03, 9.94178973e-01, 5.82377422e-03, 9.28411434e-01, 5.84079316e-03, 3.19444263e+00, 6.68560450e+01
6.01948197e-03, 2.60639109e-03, 9.94016535e-01, 5.98636791e-03, 9.28248840e-01, 6.00435221e-03, 3.19427908e+00, 6.68651656e+01
6.18846824e-03, 2.67933564e-03, 9.93849593e-01, 6.15347531e-03, 9.28081733e-01, 6.17247964e-03, 3.19411095e+00, 6.68745403e+01
6.36219849e-03, 2.75431521e-03, 9.93678023e-01, 6.32522030e-03, 9.27909988e-01, 6.34530238e-03, 3.19393813e+00, 6.68841763e+01
6.54080591e-03, 2.83138620e-03, 9.93501698e-01, 6.50173002e-03, 9.27733478e-01, 6.52295085e-03, 3.19376048e+00, 6.68940807e+01
6.72442742e-03, 2.91060657e-03, 9.93320488e-01, 6.68313506e-03, 9.27552073e-01, 6.70555908e-03, 3.19357787e+00, 6.69042611e+01
6.91320378e-03, 2.99203585e-03, 9.93134260e-01, 6.86956946e-03, 9.27365639e-01, 6.89326475e-03, 3.19339016e+00, 6.69147249e+01
7.10727970e-03, 3.07573520e-03, 9.92942877e-01, 7.06117087e-03, 9.27174037e-01, 7.08620932e-03, 3.19319722e+00, 6.69254801e+01
7.30680395e-03, 3.16176744e-03, 9.92746198e-01, 7.25808057e-03, 9.26977128e-01, 7.28453815e-03, 3.19299889e+00, 6.69365347e+01
7.51192949e-03, 3.25019713e-03, 9.92544079e-01, 7.46044361e-03, 9.26774765e-01, 7.48840058e-03, 3.19279503e+00, 6.69478969e+01
7.72281357e-03, 3.34109055e-03, 9.92336371e-01, 7.66840890e-03, 9.26566799e-01, 7.69795001e-03, 3.19258548e+00, 6.69595752e+01
7.93961785e-03, 3.43451582e-03, 9.92122923e-01, 7.88212928e-03, 9.26353079e-01, 7.91334409e-03, 3.19237008e+00, 6.69715784e+01
8.16250851e-03, 3.53054289e-03, 9.91903579e-01, 8.10176165e-03, 9.26133447e-01, 8.13474473e-03, 3.19214868e+00, 6.69839154e+01
8.39165644e-03, 3.62924361e-03, 9.91678177e-01, 8.32746704e-03, 9.25907741e-01, 8.36231830e-03, 3.19192111e+00, 6.69965954e+01
8.62723729e-03, 3.73069181e-03, 9.91446555e-01, 8.55941074e-03, 9.25675798e-01, 8.59623571e-03, 3.19168719e+00, 6.70096278e+01
8.86943166e-03, 3.83496328e-03, 9.91208544e-01, 8.79776236e-03, 9.25437446e-01, 8.83667251e-03, 3.19144676e+00, 6.70230223e+01
9.11842520e-03, 3.94213590e-03, 9.90963969e-01, 9.04269601e-03, 9.25192512e-01, 9.08380907e-03, 3.19119962e+00, 6.70367889e+01
9.37440879e-03, 4.05228964e-03, 9.90712655e-01, 9.29439032e-03, 9.24940818e-01, 9.33783065e-03, 3.19094560e+00, 6.70509379e+01
9.63757866e-03, 4.16550662e-03, 9.90454418e-01, 9.55302863e-03, 9.24682180e-01, 9.59892757e-03, 3.19068450e+00, 6.70654797e+01
9.90813657e-03, 4.28187121e-03, 9.90189071e-01, 9.81879905e-03, 9.24416409e-01, 9.86729532e-03, 3.19041613e+00, 6.70804250e+01
1.01862899e-02, 4.40147004e-03, 9.89916424e-01, 1.00918946e-02, 9.24143314e-01, 1.01431347e-02, 3.19014029e+00, 6.70957851e+01
1.04722519e-02, 4.52439206e-03, 9.89636280e-01, 1.03725133e-02, 9.23862695e-01, 1.04266520e-02, 3.18985678e+00, 6.71115712e+01
1.07662418e-02, 4.65072864e-03, 9.89348436e-01, 1.06608583e-02, 9.23574350e-01, 1.07180590e-02, 3.18956537e+00, 6.71277950e+01
1.10684849e-02, 4.78057359e-03, 9.89052685e-01, 1.09571380e-02, 9.23278070e-01, 1.10175733e-02, 3.18926585e+00, 6.71444685e+01
1.13792129e-02, 4.91402325e-03, 9.88748817e-01, 1.12615663e-02, 9.22973642e-01, 1.13254185e-02, 3.18895801e+00, 6.71616040e+01
1.16986641e-02, 5.05117654e-03, 9.88436612e-01, 1.15743625e-02, 9.22660846e-01, 1.16418240e-02, 3.18864160e+00, 6.71792142e+01
1.20270833e-02, 5.19213502e-03, 9.88115848e-01, 1.18957515e-02, 9.22339457e-01, 1.19670256e-02, 3.18831640e+00, 6.71973120e+01
1.23647224e-02, 5.33700299e-03, 9.87786297e-01, 1.22259641e-02, 9.22009244e-01, 1.23012654e-02, 3.18798216e+00, 6.72159107e+01
1.27118400e-02, 5.48588750e-03, 9.87447723e-01, 1.25652368e-02, 9.21669972e-01, 1.26447920e-02, 3.18763864e+00, 6.72350240e+01
1.30687023e-02, 5.63889849e-03, 9.87099885e-01, 1.29138122e-02, 9.21321396e-01, 1.29978607e-02, 3.18728557e+00, 6.72546659e+01
1.34355829e-02, 5.79614881e-03, 9.86742539e-01, 1.32719393e-02, 9.20963269e-01, 1.33607337e-02, 3.18692269e+00, 6.72748509e+01
1.38127630e-02, 5.95775431e-03, 9.86375430e-01, 1.36398731e-02, 9.20595335e-01, 1.37336803e-02, 3.18654975e+00, 6.72955937e+01
1.42005318e-02, 6.12383394e-03, 9.85998300e-01, 1.40178752e-02, 9.20217333e-01, 1.41169769e-02, 3.18616645e+00, 6.73169095e+01
1.45991865e-02, 6.29450978e-03, 9.85610883e-01, 1.44062137e-02, 9.19828995e-01, 1.45109074e-02, 3.18577252e+00, 6.73388138e+01
1.50090328e-02, 6.46990713e-03, 9.85212907e-01, 1.48051634e-02, 9.19430045e-01, 1.49157632e-02, 3.18536766e+00, 6.73613227e+01
1.54303847e-02, 6.65015464e-03, 9.84804094e-01, 1.52150063e-02, 9.19020202e-01, 1.53318437e-02, 3.18495158e+00, 6.73844525e+01
1.58635653e-02, 6.83538432e-03, 9.84384158e-01, 1.56360309e-02, 9.18599177e-01, 1.57594561e-02, 3.18452397e+00, 6.74082201e+01
1.63089068e-02, 7.02573168e-03, 9.83952805e-01, 1.60685333e-02, 9.18166675e-01, 1.61989158e-02, 3.18408451e+00, 6.74326427e+01
1.67667503e-02, 7.22133576e-03, 9.83509738e-01, 1.65128168e-02, 9.17722392e-01, 1.66505468e-02, 3.18363288e+00, 6.74577381e+01
1.72374471e-02, 7.42233928e-03, 9.83054648e-01, 1.69691920e-02, 9.17266016e-01, 1.71146813e-02, 3.18316875e+00, 6.74835245e+01
1.77213578e-02, 7.62888867e-03, 9.82587220e-01, 1.74379775e-02, 9.16797231e-01, 1.75916609e-02, 3.18269177e+00, 6.75100204e+01
1.82188534e-02, 7.84113421e-03, 9.82107134e-01, 1.79194993e-02, 9.16315709e-01, 1.80818357e-02, 3.18220159e+00, 6.75372452e+01
1.87303154e-02, 8.05923009e-03, 9.81614059e-01, 1.84140917e-02, 9.15821117e-01, 1.85855654e-02, 3.18169786e+00, 6.75652183e+01
1.92561357e-02, 8.28333450e-03, 9.81107658e-01, 1.89220968e-02, 9.15313112e-01, 1.91032192e-02, 3.18118021e+00, 6.75939600e+01
1.97967175e-02, 8.51360975e-03, 9.80587585e-01, 1.94438651e-02, 9.14791343e-01, 1.96351758e-02, 3.18064825e+00, 6.76234908e+01
2.03524752e-02, 8.75022235e-03, 9.80053486e-01, 1.99797557e-02, 9.14255453e-01, 2.01818241e-02, 3.18010160e+00, 6.76538321e+01
2.09238348e-02, 8.99334311e-03, 9.79504999e-01, 2.05301359e-02, 9.13705072e-01, 2.07435631e-02, 3.17953986e+00, 6.76850055e+01
2.15112343e-02, 9.24314725e-03, 9.78941755e-01, 2.10953821e-02, 9.13139826e-01, 2.13208024e-02, 3.17896263e+00, 6.77170334e+01
2.21151240e-02, 9.49981449e-03, 9.78363373e-01, 2.16758794e-02, 9.12559329e-01, 2.19139622e-02, 3.17836947e+00, 6.77499386e+01
2.27359668e-02, 9.76352916e-03, 9.77769466e-01, 2.22720222e-02, 9.11963186e-01, 2.25234737e-02, 3.17775995e+00, 6.77837446e+01
2.33742387e-02, 1.00344803e-02, 9.77159637e-01, 2.28842139e-02, 9.11350994e-01, 2.31497795e-02, 3.17713365e+00, 6.78184755e+01
2.40304289e-02, 1.03128618e-02, 9.76533482e-01, 2.35128674e-02, 9.10722341e-01, 2.37933336e-02, 3.17649009e+00, 6.78541558e+01
2.47050406e-02, 1.05988725e-02, 9.75890584e-01, 2.41584053e-02, 9.10076803e-01, 2.44546017e-02, 3.17582883e+00, 6.78908109e+01
2.53985907e-02, 1.08927162e-02, 9.75230519e-01, 2.48212597e-02, 9.09413949e-01, 2.51340618e-02, 3.17514937e+00, 6.79284667e+01
2.61116110e-02, 1.11946019e-02, 9.74552855e-01, 2.55018728e-02, 9.08733335e-01, 2.58322041e-02, 3.17445122e+00, 6.79671499e+01
2.68446481e-02, 1.15047439e-02, 9.73857148e-01, 2.62006968e-02, 9.08034511e-01, 2.65495316e-02, 3.17373390e+00, 6.80068876e+01
2.75982639e-02, 1.18233619e-02, 9.73142944e-01, 2.69181941e-02, 9.07317014e-01, 2.72865602e-02, 3.17299687e+00, 6.80477077e+01
2.83730362e-02, 1.21506810e-02, 9.72409782e-01, 2.76548375e-02, 9.06580371e-01, 2.80438189e-02, 3.17223961e+00, 6.80896391e+01
2.91695588e-02, 1.24869320e-02, 9.71657189e-01, 2.84111102e-02, 9.05824098e-01, 2.88218505e-02, 3.17146158e+00, 6.81327109e+01
2.99884423e-02, 1.28323514e-02, 9.70884681e-01, 2.91875064e-02, 9.05047702e-01, 2.96212116e-02, 3.17066222e+00, 6.81769532e+01
3.08303146e-02, 1.31871818e-02, 9.70091766e-01, 2.99845308e-02, 9.04250677e-01, 3.04424730e-02, 3.16984095e+00, 6.82223970e+01
3.16958209e-02, 1.35516713e-02, 9.69277940e-01, 3.08026995e-02, 9.03432509e-01, 3.12862200e-02, 3.16899721e+00, 6.82690738e+01
3.25856248e-02, 1.39260747e-02, 9.68442690e-01, 3.16425393e-02, 9.02592669e-01, 3.21530528e-02, 3.16813038e+00, 6.83170160e+01
3.35004083e-02, 1.43106525e-02, 9.67585491e-01, 3.25045886e-02, 9.01730620e-01, 3.30435868e-02, 3.16723984e+00, 6.83662567e+01
3.44408728e-02, 1.47056720e-02, 9.66705808e-01, 3.33893973e-02, 9.00845811e-01, 3.39584528e-02, 3.16632498e+00, 6.84168299e+01
3.54077391e-02, 1.51114068e-02, 9.65803096e-01, 3.42975265e-02, 8.99937682e-01, 3.48982977e-02, 3.16538513e+00, 6.84687706e+01
3.64017485e-02, 1.55281370e-02, 9.64876798e-01, 3.52295494e-02, 8.99005659e-01, 3.58637844e-02, 3.16441964e+00, 6.85221142e+01
3.74236629e-02, 1.59561497e-02, 9.63926345e-01, 3.61860507e-02, 8.98049158e-01, 3.68555927e-02, 3.16342784e+00, 6.85768975e+01
3.84742658e-02, 1.63957388e-02, 9.62951161e-01, 3.71676274e-02, 8.97067581e-01, 3.78744190e-02, 3.16240901e+00, 6.86331578e+01
3.95543624e-02, 1.68472053e-02, 9.61950655e-01, 3.81748882e-02, 8.96060320e-01, 3.89209773e-02, 3.16136245e+00, 6.86909335e+01
4.06647809e-02, 1.73108570e-02, 9.60924227e-01, 3.92084542e-02, 8.95026754e-01, 3.99959990e-02, 3.16028743e+00, 6.87502638e+01
4.18063724e-02, 1.77870096e-02, 9.59871264e-01, 4.02689589e-02, 8.93966249e-01, 4.11002340e-02, 3.15918319e+00, 6.88111891e+01
4.29800121e-02, 1.82759856e-02, 9.58791145e-01, 4.13570477e-02, 8.92878161e-01, 4.22344502e-02, 3.15804898e+00, 6.88737504e+01
4.41865996e-02, 1.87781154e-02, 9.57683234e-01, 4.24733789e-02, 8.91761829e-01, 4.33994346e-02, 3.15688399e+00, 6.89379900e+01
4.54270599e-02, 1.92937372e-02, 9.56546887e-01, 4.36186232e-02, 8.90616585e-01, 4.45959934e-02, 3.15568743e+00, 6.90039510e+01
4.67023439e-02, 1.98231967e-02, 9.55381447e-01, 4.47934638e-02, 8.89441744e-01, 4.58249524e-02, 3.15445848e+00, 6.90716777e+01
4.80134292e-02, 2.03668477e-02, 9.54186246e-01, 4.59985966e-02, 8.88236612e-01, 4.70871574e-02, 3.15319627e+00, 6.91412154e+01
4.93613210e-02, 2.09250522e-02, 9.52960606e-01, 4.72347303e-02, 8.87000478e-01, 4.83834748e-02, 3.15189995e+00, 6.92126104e+01
5.07470524e-02, 2.14981804e-02, 9.51703836e-01, 4.85025860e-02, 8.85732622e-01, 4.97147917e-02, 3.15056864e+00, 6.92859103e+01
5.21716858e-02, 2.20866106e-02, 9.50415235e-01, 4.98028979e-02, 8.84432310e-01, 5.10820164e-02, 3.14920141e+00, 6.93611635e+01
5.36363132e-02, 2.26907300e-02, 9.49094092e-01, 5.11364127e-02, 8.83098796e-01, 5.24860791e-02, 3.14779735e+00, 6.94384199e+01
5.51420574e-02, 2.33109341e-02, 9.47739684e-01, 5.25038900e-02, 8.81731318e-01, 5.39279320e-02, 3.14635550e+00, 6.95177304e+01
5.66900727e-02, 2.39476274e-02, 9.46351277e-01, 5.39061020e-02, 8.80329106e-01, 5.54085497e-02, 3.14487488e+00, 6.95991472e+01
5.82815458e-02, 2.46012230e-02, 9.44928128e-01, 5.53438336e-02, 8.78891375e-01, 5.69289299e-02, 3.14335450e+00, 6.96827234e+01
5.99176967e-02, 2.52721433e-02, 9.43469482e-01, 5.68178823e-02, 8.77417326e-01, 5.84900938e-02, 3.14179333e+00, 6.97685140e+01
6.15997796e-02, 2.59608197e-02, 9.41974574e-01, 5.83290581e-02, 8.75906150e-01, 6.00930861e-02, 3.14019034e+00, 6.98565746e+01
6.33290840e-02, 2.66676928e-02, 9.40442630e-01, 5.98781834e-02, 8.74357025e-01, 6.17389760e-02, 3.13854445e+00, 6.99469626e+01
6.51069356e-02, 2.73932126e-02, 9.38872865e-01, 6.14660931e-02, 8.72769115e-01, 6.34288574e-02, 3.13685457e+00, 7.00397365e+01
6.69346971e-02, 2.81378388e-02, 9.37264486e-01, 6.30936341e-02, 8.71141574e-01, 6.51638492e-02, 3.13511958e+00, 7.01349564e+01
6.88137699e-02, 2.89020403e-02, 9.35616689e-01, 6.47616654e-02, 8.69473543e-01, 6.69450960e-02, 3.13333833e+00, 7.02326836e+01
7.07455942e-02, 2.96862961e-02, 9.33928662e-01, 6.64710578e-02, 8.67764151e-01, 6.87737684e-02, 3.13150966e+00, 7.03329810e+01
7.27316511e-02, 3.04910947e-02, 9.32199585e-01, 6.82226937e-02, 8.66012515e-01, 7.06510632e-02, 3.12963236e+00, 7.04359128e+01
7.47734631e-02, 3.13169348e-02, 9.30428629e-01, 7.00174669e-02, 8.64217741e-01, 7.25782045e-02, 3.12770522e+00, 7.05415451e+01
7.68725952e-02, 3.21643250e-02, 9.28614958e-01, 7.18562825e-02, 8.62378926e-01, 7.45564436e-02, 3.12572698e+00, 7.06499452e+01
7.90306568e-02, 3.30337838e-02, 9.26757728e-01, 7.37400562e-02, 8.60495152e-01, 7.65870593e-02, 3.12369637e+00, 7.07611821e+01
8.12493021e-02, 3.39258402e-02, 9.24856088e-01, 7.56697144e-02, 8.58565494e-01, 7.86713590e-02, 3.12161207e+00, 7.08753267e+01
8.35302320e-02, 3.48410332e-02, 9.22909182e-01, 7.76461938e-02, 8.56589015e-01, 8.08106786e-02, 3.11947275e+00, 7.09924513e+01
8.58751948e-02, 3.57799125e-02, 9.20916146e-01, 7.96704405e-02, 8.54564768e-01, 8.30063830e-02, 3.11727705e+00, 7.11126301e+01
8.82859884e-02, 3.67430377e-02, 9.18876114e-01, 8.17434104e-02, 8.52491798e-01, 8.52598667e-02, 3.11502356e+00, 7.12359392e+01
9.07644607e-02, 3.77309793e-02, 9.16788212e-01, 8.38660682e-02, 8.50369140e-01, 8.75725541e-02, 3.11271087e+00, 7.13624564e+01
9.33125118e-02, 3.87443182e-02, 9.14651565e-01, 8.60393870e-02, 8.48195821e-01, 8.99459000e-02, 3.11033753e+00, 7.14922615e+01
9.59320948e-02, 3.97836456e-02, 9.12465293e-01, 8.82643480e-02, 8.45970860e-01, 9.23813899e-02, 3.10790204e+00, 7.16254363e+01
9.86252179e-02, 4.08495636e-02, 9.10228514e-01, 9.05419398e-02, 8.43693269e-01, 9.48805405e-02, 3.10540289e+00, 7.17620646e+01
1.01393946e-01, 4.19426849e-02, 9.07940346e-01, 9.28731576e-02, 8.41362051e-01, 9.74449000e-02, 3.10283853e+00, 7.19022326e+01
1.04240401e-01, 4.30636326e-02, 9.05599903e-01, 9.52590030e-02, 8.38976205e-01, 1.00076049e-01, 3.10020738e+00, 7.20460284e+01
1.07166765e-01, 4.42130406e-02, 9.03206303e-01, 9.77004831e-02, 8.36534725e-01, 1.02775599e-01, 3.09750783e+00, 7.21935424e+01
1.10175281e-01, 4.53915533e-02, 9.00758661e-01, 1.00198610e-01, 8.34036599e-01, 1.05545197e-01, 3.09473823e+00, 7.23448678e+01
1.13268257e-01, 4.65998259e-02, 8.98256098e-01, 1.02754398e-01, 8.31480810e-01, 1.08386519e-01, 3.09189691e+00, 7.25000997e+01
1.16448062e-01, 4.78385241e-02, 8.95697735e-01, 1.05368868e-01, 8.28866340e-01, 1.11301279e-01, 3.08898215e+00, 7.26593362e+01
1.19717134e-01, 4.91083240e-02, 8.93082699e-01, 1.08043041e-01, 8.26192168e-01, 1.14291221e-01, 3.08599221e+00, 7.28226781e+01
1.23077980e-01, 5.04099123e-02, 8.90410121e-01, 1.10777939e-01, 8.23457270e-01, 1.17358125e-01, 3.08292530e+00, 7.29902287e+01
1.26533176e-01, 5.17439860e-02, 8.87679139e-01, 1.13574585e-01, 8.20660623e-01, 1.20503804e-01, 3.07977962e+00, 7.31620945e+01
1.30085370e-01, 5.31112527e-02, 8.84888900e-01, 1.16434003e-01, 8.17801205e-01, 1.23730107e-01, 3.07655332e+00, 7.33383852e+01
1.33737286e-01, 5.45124297e-02, 8.82038557e-01, 1.19357214e-01, 8.14877994e-01, 1.27038918e-01, 3.07324451e+00, 7.35192133e+01
1.37491723e-01, 5.59482450e-02, 8.79127276e-01, 1.22345236e-01, 8.11889972e-01, 1.30432153e-01, 3.06985127e+00, 7.37046952e+01
1.41351558e-01, 5.74194362e-02, 8.76154234e-01, 1.25399083e-01, 8.08836125e-01, 1.33911767e-01, 3.06637166e+00, 7.38949505e+01
1.45319752e-01, 5.89267507e-02, 8.73118619e-01, 1.28519766e-01, 8.05715442e-01, 1.37479749e-01, 3.06280368e+00, 7.40901028e+01
1.49399346e-01, 6.04709458e-02, 8.70019635e-01, 1.31708287e-01, 8.02526921e-01, 1.41138122e-01, 3.05914531e+00, 7.42902794e+01
1.53593468e-01, 6.20527881e-02, 8.66856504e-01, 1.34965642e-01, 7.99269567e-01, 1.44888947e-01, 3.05539448e+00, 7.44956120e+01
1.57905331e-01, 6.36730536e-02, 8.63628462e-01, 1.38292817e-01, 7.95942392e-01, 1.48734319e-01, 3.05154911e+00, 7.47062366e+01
1.62338243e-01, 6.53325272e-02, 8.60334766e-01, 1.41690787e-01, 7.92544421e-01, 1.52676370e-01, 3.04760706e+00, 7.49222939e+01
1.66895601e-01, 6.70320026e-02, 8.56974693e-01, 1.45160517e-01, 7.89074691e-01, 1.56717267e-01, 3.04356616e+00, 7.51439294e+01
1.71580899e-01, 6.87722823e-02, 8.53547545e-01, 1.48702956e-01, 7.85532253e-01, 1.60859213e-01, 3.03942422e+00, 7.53712940e+01
1.76397728e-01, 7.05541769e-02, 8.50052645e-01, 1.52319038e-01, 7.81916170e-01, 1.65104445e-01, 3.03517898e+00, 7.56045441e+01
1.81349780e-01, 7.23785049e-02, 8.46489343e-01, 1.56009682e-01, 7.78225527e-01, 1.69455236e-01, 3.03082819e+00, 7.58438418e+01
1.86440853e-01, 7.42460926e-02, 8.42857018e-01, 1.59775785e-01, 7.74459424e-01, 1.73913896e-01, 3.02636953e+00, 7.60893556e+01
1.91674849e-01, 7.61577735e-02, 8.39155077e-01, 1.63618225e-01, 7.70616984e-01, 1.78482766e-01, 3.02180066e+00, 7.63412606e+01
1.97055780e-01, 7.81143880e-02, 8.35382959e-01, 1.67537857e-01, 7.66697352e-01, 1.83164225e-01, 3.01711920e+00, 7.65997390e+01
2.02587771e-01, 8.01167833e-02, 8.31540137e-01, 1.71535511e-01, 7.62699697e-01, 1.87960683e-01, 3.01232275e+00, 7.68649803e+01
2.08275063e-01, 8.21658124e-02, 8.27626118e-01, 1.75611991e-01, 7.58623217e-01, 1.92874584e-01, 3.00740884e+00, 7.71371823e+01
2.14122015e-01, 8.42623342e-02, 8.23640447e-01, 1.79768072e-01, 7.54467136e-01, 1.97908406e-01, 3.00237502e+00, 7.74165510e+01
2.20133111e-01, 8.64072127e-02, 8.19582709e-01, 1.84004497e-01, 7.50230712e-01, 2.03064657e-01, 2.99721877e+00, 7.77033018e+01
2.26312957e-01, 8.86013169e-02, 8.15452527e-01, 1.88321975e-01, 7.45913233e-01, 2.08345876e-01, 2.99193755e+00, 7.79976596e+01
2.32666291e-01, 9.08455198e-02, 8.11249571e-01, 1.92721181e-01, 7.41514027e-01, 2.13754633e-01, 2.98652879e+00, 7.82998595e+01
2.39197984e-01, 9.31406982e-02, 8.06973553e-01, 1.97202751e-01, 7.37032457e-01, 2.19293527e-01, 2.98098990e+00, 7.86101478e+01
2.45913043e-01, 9.54877322e-02, 8.02624233e-01, 2.01767279e-01, 7.32467929e-01, 2.24965183e-01, 2.97531825e+00, 7.89287826e+01
2.52816614e-01, 9.78875042e-02, 7.98201419e-01, 2.06415318e-01, 7.27819891e-01, 2.30772253e-01, 2.96951118e+00, 7.92560344e+01
2.59913992e-01, 1.00340899e-01, 7.93704972e-01, 2.11147372e-01, 7.23087837e-01, 2.36717413e-01, 2.96356601e+00, 7.95921871e+01
2.67210616e-01, 1.02848802e-01, 7.89134803e-01, 2.15963897e-01, 7.18271311e-01, 2.42803364e-01, 2.95748006e+00, 7.99375389e+01
2.74712079e-01, 1.05412101e-01, 7.84490880e-01, 2.20865300e-01, 7.13369909e-01, 2.49032825e-01, 2.95125060e+00, 8.02924033e+01
2.82424133e-01, 1.08031682e-01, 7.79773224e-01, 2.25851928e-01, 7.08383280e-01, 2.55408536e-01, 2.94487489e+00, 8.06571100e+01
2.90352688e-01, 1.10708431e-01, 7.74981917e-01, 2.30924076e-01, 7.03311132e-01, 2.61933252e-01, 2.93835018e+00, 8.10320060e+01
2.98503825e-01, 1.13443233e-01, 7.70117100e-01, 2.36081974e-01, 6.98153234e-01, 2.68609742e-01, 2.93167369e+00, 8.14174568e+01
3.06883789e-01, 1.16236971e-01, 7.65178976e-01, 2.41325790e-01, 6.92909418e-01, 2.75440788e-01, 2.92484264e+00, 8.18138476e+01
3.15499006e-01, 1.19090524e-01, 7.60167811e-01, 2.46655625e-01, 6.87579583e-01, 2.82429177e-01, 2.91785425e+00, 8.22215845e+01
3.24356081e-01, 1.22004770e-01, 7.55083934e-01, 2.52071509e-01, 6.82163699e-01, 2.89577704e-01, 2.91070572e+00, 8.26410961e+01
3.33461802e-01, 1.24980579e-01, 7.49927744e-01, 2.57573398e-01, 6.76661811e-01, 2.96889163e-01, 2.90339427e+00, 8.30728345e+01
3.42823149e-01, 1.28018820e-01, 7.44699703e-01, 2.63161171e-01, 6.71074038e-01, 3.04366345e-01, 2.89591708e+00, 8.35172774e+01
3.52447300e-01, 1.31120351e-01, 7.39400345e-01, 2.68834626e-01, 6.65400582e-01, 3.12012037e-01, 2.88827139e+00, 8.39749291e+01
3.62341632e-01, 1.34286029e-01, 7.34030273e-01, 2.74593479e-01, 6.59641729e-01, 3.19829011e-01, 2.88045442e+00, 8.44463225e+01
3.72513730e-01, 1.37516698e-01, 7.28590161e-01, 2.80437356e-01, 6.53797853e-01, 3.27820024e-01, 2.87246340e+00, 8.49320208e+01
3.82971391e-01, 1.40813196e-01, 7.23080757e-01, 2.86365791e-01, 6.47869417e-01, 3.35987812e-01, 2.86429562e+00, 8.54326193e+01
3.93722633e-01, 1.44176353e-01, 7.17502878e-01, 2.92378225e-01, 6.41856983e-01, 3.44335083e-01, 2.85594835e+00, 8.59487475e+01
4.04775697e-01, 1.47606985e-01, 7.11857418e-01, 2.98474000e-01, 6.35761208e-01, 3.52864512e-01, 2.84741892e+00, 8.64810705e+01
4.16139055e-01, 1.51105900e-01, 7.06145344e-01, 3.04652355e-01, 6.29582853e-01, 3.61578734e-01, 2.83870469e+00, 8.70302919e+01
4.27821420e-01, 1.54673893e-01, 7.00367697e-01, 3.10912424e-01, 6.23322785e-01, 3.70480338e-01, 2.82980309e+00, 8.75971553e+01
4.39831747e-01, 1.58311745e-01, 6.94525595e-01, 3.17253230e-01, 6.16981979e-01, 3.79571859e-01, 2.82071157e+00, 8.81824470e+01
4.52179242e-01, 1.62020224e-01, 6.88620228e-01, 3.23673684e-01, 6.10561524e-01, 3.88855770e-01, 2.81142766e+00, 8.87869978e+01
4.64873371e-01, 1.65800084e-01, 6.82652863e-01, 3.30172583e-01, 6.04062626e-01, 3.98334476e-01, 2.80194895e+00, 8.94116860e+01
4.77923865e-01, 1.69652062e-01, 6.76624841e-01, 3.36748599e-01, 5.97486609e-01, 4.08010303e-01, 2.79227313e+00, 9.00574392e+01
4.91340729e-01, 1.73576879e-01, 6.70537578e-01, 3.43400286e-01, 5.90834922e-01, 4.17885490e-01, 2.78239794e+00, 9.07252373e+01
5.05134247e-01, 1.77575238e-01, 6.64392563e-01, 3.50126068e-01, 5.84109140e-01, 4.27962179e-01, 2.77232125e+00, 9.14161149e+01
5.19314994e-01, 1.81647824e-01, 6.58191359e-01, 3.56924243e-01, 5.77310965e-01, 4.38242409e-01, 2.76204102e+00, 9.21311639e+01
5.33893840e-01, 1.85795303e-01, 6.51935600e-01, 3.63792976e-01, 5.70442233e-01, 4.48728100e-01, 2.75155533e+00, 9.28715363e+01
5.48881961e-01, 1.90018322e-01, 6.45626991e-01, 3.70730296e-01, 5.63504912e-01, 4.59421046e-01, 2.74086238e+00, 9.36384465e+01
5.64290847e-01, 1.94317504e-01, 6.39267309e-01, 3.77734099e-01, 5.56501109e-01, 4.70322905e-01, 2.72996052e+00, 9.44331748e+01
5.80132310e-01, 1.98693454e-01, 6.32858396e-01, 3.84802141e-01, 5.49433068e-01, 4.81435187e-01, 2.71884824e+00, 9.52570692e+01
5.96418495e-01, 2.03146750e-01, 6.26402164e-01, 3.91932037e-01, 5.42303171e-01, 4.92759241e-01, 2.70752419e+00, 9.61115492e+01
6.13161884e-01, 2.07677952e-01, 6.19900588e-01, 3.99121265e-01, 5.35113944e-01, 5.04296246e-01, 2.69598718e+00, 9.69981077e+01
6.30375315e-01, 2.12287591e-01, 6.13355704e-01, 4.06367158e-01, 5.27868051e-01, 5.16047199e-01, 2.68423623e+00, 9.79183142e+01
6.48071983e-01, 2.16976176e-01, 6.06769614e-01, 4.13666909e-01, 5.20568300e-01, 5.28012903e-01, 2.67227053e+00, 9.88738178e+01
6.66265452e-01, 2.21744190e-01, 6.00144472e-01, 4.21017570e-01, 5.13217638e-01, 5.40193955e-01, 2.66008947e+00, 9.98663493e+01
6.84969672e-01, 2.26592088e-01, 5.93482492e-01, 4.28416054e-01, 5.05819154e-01, 5.52590737e-01, 2.64769269e+00, 1.00897724e+02
7.04198979e-01, 2.31520301e-01, 5.86785940e-01, 4.35859134e-01, 4.98376074e-01, 5.65203402e-01, 2.63508003e+00, 1.01969846e+02
7.23968114e-01, 2.36529229e-01, 5.80057132e-01, 4.43343447e-01, 4.90891761e-01, 5.78031865e-01, 2.62225156e+00, 1.03084708e+02
7.44292233e-01, 2.41619247e-01, 5.73298431e-01, 4.50865500e-01, 4.83369709e-01, 5.91075791e-01, 2.60920764e+00, 1.04244396e+02
7.65186915e-01, 2.46790700e-01, 5.66512244e-01, 4.58421666e-01, 4.75813542e-01, 6.04334587e-01, 2.59594884e+00, 1.05451090e+02
7.86668179e-01, 2.52043903e-01, 5.59701019e-01, 4.66008197e-01, 4.68227011e-01, 6.17807392e-01, 2.58247604e+00, 1.06707069e+02
8.08752491e-01, 2.57379142e-01, 5.52867241e-01, 4.73621226e-01, 4.60613983e-01, 6.31493069e-01, 2.56879036e+00, 1.08014712e+02
8.31456781e-01, 2.62796674e-01, 5.46013431e-01, 4.81256769e-01, 4.52978439e-01, 6.45390196e-01, 2.55489323e+00, 1.09376500e+02
8.54798453e-01, 2.68296725e-01, 5.39142136e-01, 4.88910741e-01, 4.45324467e-01, 6.59497062e-01, 2.54078637e+00, 1.10795016e+02
8.78795401e-01, 2.73879488e-01, 5.32255933e-01, 4.96578954e-01, 4.37656254e-01, 6.73811659e-01, 2.52647177e+00, 1.12272954e+02
9.03466021e-01, 2.79545129e-01, 5.25357421e-01, 5.04257134e-01, 4.29978074e-01, 6.88331679e-01, 2.51195175e+00, 1.13813114e+02
9.28829225e-01, 2.85293778e-01, 5.18449216e-01, 5.11940924e-01, 4.22294284e-01, 7.03054513e-01, 2.49722892e+00, 1.15418407e+02
9.54904456e-01, 2.91125536e-01, 5.11533951e-01, 5.19625898e-01, 4.14609310e-01, 7.17977244e-01, 2.48230618e+00, 1.17091858e+02
9.81711702e-01, 2.97040474e-01, 5.04614268e-01, 5.27307570e-01, 4.06927638e-01, 7.33096655e-01, 2.46718677e+00, 1.18836607e+02
1.00927151e+00, 3.03038627e-01, 4.97692817e-01, 5.34981408e-01, 3.99253801e-01, 7.48409221e-01, 2.45187421e+00, 1.20655911e+02
1.03760502e+00, 3.09120002e-01, 4.90772250e-01, 5.42642841e-01, 3.91592368e-01, 7.63911123e-01, 2.43637231e+00, 1.22553146e+02
1.06673394e+00, 3.15284571e-01, 4.83855218e-01, 5.50287277e-01, 3.83947931e-01, 7.79598241e-01, 2.42068519e+00, 1.24531809e+02
1.09668060e+00, 3.21532276e-01, 4.76944367e-01, 5.57910115e-01, 3.76325093e-01, 7.95466172e-01, 2.40481726e+00, 1.26595523e+02
1.12746796e+00, 3.27863028e-01, 4.70042332e-01, 5.65506755e-01, 3.68728453e-01, 8.11510228e-01, 2.38877320e+00, 1.28748036e+02
1.15911962e+00, 3.34276704e-01, 4.63151736e-01, 5.73072617e-01, 3.61162592e-01, 8.27725452e-01, 2.37255798e+00, 1.30993224e+02
1.19165984e+00, 3.40773150e-01, 4.56275185e-01, 5.80603148e-01, 3.53632060e-01, 8.44106625e-01, 2.35617680e+00, 1.33335096e+02
1.22511358e+00, 3.47352184e-01, 4.49415262e-01, 5.88093844e-01, 3.46141364e-01, 8.60648283e-01, 2.33963514e+00, 1.35777795e+02
1.25950646e+00, 3.54013588e-01, 4.42574525e-01, 5.95540257e-01, 3.38694951e-01, 8.77344726e-01, 2.32293870e+00, 1.38325601e+02
1.29486487e+00, 3.60757118e-01, 4.35755505e-01, 6.02938013e-01, 3.31297195e-01, 8.94190036e-01, 2.30609339e+00, 1.40982939e+02
1.33121590e+00, 3.67582497e-01, 4.28960698e-01, 6.10282822e-01, 3.23952387e-01, 9.11178092e-01, 2.28910534e+00, 1.43754376e+02
1.36858742e+00, 3.74489419e-01, 4.22192565e-01, 6.17570492e-01, 3.16664717e-01, 9.28302587e-01, 2.27198084e+00, 1.46644631e+02
1.40700809e+00, 3.81477549e-01, 4.15453528e-01, 6.24796943e-01, 3.09438265e-01, 9.45557049e-01, 2.25472638e+00, 1.49658577e+02
1.44650734e+00, 3.88546523e-01, 4.08745964e-01, 6.31958218e-01, 3.02276990e-01, 9.62934855e-01, 2.23734857e+00, 1.52801246e+02
1.48711546e+00, 3.95695948e-01, 4.02072206e-01, 6.39050492e-01, 2.95184716e-01, 9.80429252e-01, 2.21985418e+00, 1.56077839e+02
1.52886359e+00, 4.02925403e-01, 3.95434536e-01, 6.46070083e-01, 2.88165125e-01, 9.98033379e-01, 2.20225005e+00, 1.59493725e+02
1.57178372e+00, 4.10234442e-01, 3.88835186e-01, 6.53013465e-01, 2.81221744e-01, 1.01574028e+00, 2.18454315e+00, 1.63054455e+02
1.61590875e+00, 4.17622591e-01, 3.82276331e-01, 6.59877269e-01, 2.74357939e-01, 1.03354294e+00, 2.16674049e+00, 1.66765764e+02
1.66127252e+00, 4.25089350e-01, 3.75760089e-01, 6.66658298e-01, 2.67576910e-01, 1.05143427e+00, 2.14884916e+00, 1.70633584e+02
1.70790980e+00, 4.32634194e-01, 3.69288519e-01, 6.73353530e-01, 2.60881678e-01, 1.06940717e+00, 2.13087626e+00, 1.74664046e+02
1.75585633e+00, 4.40256573e-01, 3.62863618e-01, 6.79960122e-01, 2.54275086e-01, 1.08745452e+00, 2.11282891e+00, 1.78863497e+02
1.80514888e+00, 4.47955916e-01, 3.56487318e-01, 6.86475418e-01, 2.47759790e-01, 1.10556919e+00, 2.09471424e+00, 1.83238505e+02
1.85582523e+00, 4.55731626e-01, 3.50161484e-01, 6.92896948e-01, 2.41338260e-01, 1.12374410e+00, 2.07653933e+00, 1.87795869e+02
1.90792422e+00, 4.63583085e-01, 3.43887915e-01, 6.99222434e-01, 2.35012774e-01, 1.14197218e+00, 2.05831125e+00, 1.92542635e+02
1.96148581e+00, 4.71509656e-01, 3.37668341e-01, 7.05449791e-01, 2.28785418e-01, 1.16024642e+00, 2.04003701e+00, 1.97486103e+02
2.01655104e+00, 4.79510678e-01, 3.31504419e-01, 7.11577123e-01, 2.22658085e-01, 1.17855989e+00, 2.02172354e+00, 2.02633843e+02
2.07316213e+00, 4.87585472e-01, 3.25397736e-01, 7.17602730e-01, 2.16632478e-01, 1.19690572e+00, 2.00337770e+00, 2.07993707e+02
2.13136247e+00, 4.95733342e-01, 3.19349807e-01, 7.23525099e-01, 2.10710109e-01, 1.21527717e+00, 1.98500626e+00, 2.13573842e+02
2.19119669e+00, 5.03953573e-01, 3.13362070e-01, 7.29342907e-01, 2.04892301e-01, 1.23366756e+00, 1.96661587e+00, 2.19382708e+02
2.25271064e+00, 5.12245431e-01, 3.07435893e-01, 7.35055016e-01, 1.99180192e-01, 1.25207035e+00, 1.94821308e+00, 2.25429090e+02
2.31595149e+00, 5.20608169e-01, 3.01572566e-01, 7.40660468e-01, 1.93574740e-01, 1.27047913e+00, 1.92980430e+00, 2.31722117e+02
2.38096772e+00, 5.29041024e-01, 2.95773306e-01, 7.46158485e-01, 1.88076723e-01, 1.28888761e+00, 1.91139582e+00, 2.38271278e+02
2.44780916e+00, 5.37543219e-01, 2.90039255e-01, 7.51548460e-01, 1.82686749e-01, 1.30728964e+00, 1.89299379e+00, 2.45086440e+02
2.51652705e+00, 5.46113963e-01, 2.84371479e-01, 7.56829952e-01, 1.77405256e-01, 1.32567923e+00, 1.87460420e+00, 2.52177864e+02
2.58717408e+00, 5.54752453e-01, 2.78770971e-01, 7.62002684e-01, 1.72232524e-01, 1.34405052e+00, 1.85623291e+00, 2.59556229e+02
2.65980440e+00, 5.63457874e-01, 2.73238647e-01, 7.67066535e-01, 1.67168674e-01, 1.36239781e+00, 1.83788561e+00, 2.67232648e+02
2.73447368e+00, 5.72229403e-01, 2.67775351e-01, 7.72021530e-01, 1.62213679e-01, 1.38071559e+00, 1.81956784e+00, 2.75218691e+02
2.81123917e+00, 5.81066203e-01, 2.62381854e-01, 7.76867839e-01, 1.57367370e-01, 1.39899846e+00, 1.80128496e+00, 2.83526405e+02
2.89015972e+00, 5.89967432e-01, 2.57058854e-01, 7.81605768e-01, 1.52629440e-01, 1.41724123e+00, 1.78304220e+00, 2.92168338e+02
2.97129582e+00, 5.98932239e-01, 2.51806978e-01, 7.86235752e-01, 1.47999456e-01, 1.43543884e+00, 1.76484458e+00, 3.01157561e+02
3.05470967e+00, 6.07959763e-01, 2.46626782e-01, 7.90758348e-01, 1.43476860e-01, 1.45358642e+00, 1.74669701e+00, 3.10507692e+02
3.14046522e+00, 6.17049141e-01, 2.41518754e-01, 7.95174229e-01, 1.39060980e-01, 1.47167924e+00, 1.72860418e+00, 3.20232924e+02
3.22862820e+00, 6.26199502e-01, 2.36483311e-01, 7.99484175e-01, 1.34751033e-01, 1.48971276e+00, 1.71057066e+00, 3.30348046e+02
3.31926620e+00, 6.35409971e-01, 2.31520808e-01, 8.03689070e-01, 1.30546139e-01, 1.50768259e+00, 1.69260084e+00, 3.40868475e+02
3.41244871e+00, 6.44679670e-01, 2.26631530e-01, 8.07789890e-01, 1.26445318e-01, 1.52558450e+00, 1.67469893e+00, 3.51810280e+02
3.50824714e+00, 6.54007716e-01, 2.21815701e-01, 8.11787701e-01, 1.22447507e-01, 1.54341443e+00, 1.65686900e+00, 3.63190212e+02
3.60673495e+00, 6.63393226e-01, 2.17073483e-01, 8.15683651e-01, 1.18551557e-01, 1.56116847e+00, 1.63911496e+00, 3.75025737e+02
3.70798763e+00, 6.72835313e-01, 2.12404976e-01, 8.19478962e-01, 1.14756246e-01, 1.57884287e+00, 1.62144055e+00, 3.87335062e+02
3.81208280e+00, 6.82333091e-01, 2.07810223e-01, 8.23174925e-01, 1.11060284e-01, 1.59643404e+00, 1.60384938e+00, 4.00137174e+02
3.91910025e+00, 6.91885673e-01, 2.03289209e-01, 8.26772894e-01, 1.07462314e-01, 1.61393854e+00, 1.58634489e+00, 4.13451865e+02
4.02912203e+00, 7.01492174e-01, 1.98841864e-01, 8.30274281e-01, 1.03960927e-01, 1.63135306e+00, 1.56893037e+00, 4.27299776e+02
4.14223247e+00, 7.11151707e-01, 1.94468065e-01, 8.33680549e-01, 1.00554659e-01, 1.64867446e+00, 1.55160897e+00, 4.41702426e+02
4.25851829e+00, 7.20863389e-01, 1.90167637e-01, 8.36993207e-01, 9.72420009e-02, 1.66589974e+00, 1.53438369e+00, 4.56682257e+02
4.37806863e+00, 7.30626340e-01, 1.85940357e-01, 8.40213805e-01, 9.40214030e-02, 1.68302602e+00, 1.51725740e+00, 4.72262664e+02
4.50097513e+00, 7.40439681e-01, 1.81785952e-01, 8.43343929e-01, 9.08912796e-02, 1.70005059e+00, 1.50023284e+00, 4.88468044e+02
4.62733201e+00, 7.50302539e-01, 1.77704105e-01, 8.46385195e-01, 8.78500136e-02, 1.71697085e+00, 1.48331258e+00, 5.05323835e+02
4.75723614e+00, 7.60214043e-01, 1.73694456e-01, 8.49339247e-01, 8.48959615e-02, 1.73378433e+00, 1.46649910e+00, 5.22856559e+02
4.89078709e+00, 7.70173327e-01, 1.69756602e-01, 8.52207751e-01, 8.20274575e-02, 1.75048871e+00, 1.44979472e+00, 5.41093872e+02
5.02808725e+00, 7.80179530e-01, 1.65890100e-01, 8.54992391e-01, 7.92428174e-02, 1.76708176e+00, 1.43320166e+00, 5.60064604e+02
5.16924187e+00, 7.90231798e-01, 1.62094471e-01, 8.57694865e-01, 7.65403429e-02, 1.78356141e+00, 1.41672202e+00, 5.79798820e+02
5.31435916e+00, 8.00329281e-01, 1.58369199e-01, 8.60316884e-01, 7.39183248e-02, 1.79992569e+00, 1.40035774e+00, 6.00327860e+02
5.46355035e+00, 8.10471136e-01, 1.54713732e-01, 8.62860161e-01, 7.13750469e-02, 1.81617273e+00, 1.38411070e+00, 6.21684401e+02
5.61692982e+00, 8.20656529e-01, 1.51127491e-01, 8.65326420e-01, 6.89087888e-02, 1.83230080e+00, 1.36798262e+00, 6.43902511e+02
5.77461515e+00, 8.30884629e-01, 1.47609861e-01, 8.67717379e-01, 6.65178293e-02, 1.84830828e+00, 1.35197515e+00, 6.67017705e+02
5.93672722e+00, 8.41154616e-01, 1.44160202e-01, 8.70034759e-01, 6.42004492e-02, 1.86419362e+00, 1.33608981e+00, 6.91067010e+02
6.10339029e+00, 8.51465677e-01, 1.40777848e-01, 8.72280275e-01, 6.19549337e-02, 1.87995542e+00, 1.32032800e+00, 7.16089024e+02
6.27473213e+00, 8.61817006e-01, 1.37462106e-01, 8.74455633e-01, 5.97795751e-02, 1.89559236e+00, 1.30469107e+00, 7.42123988e+02
6.45088409e+00, 8.72207807e-01, 1.34212261e-01, 8.76562533e-01, 5.76726754e-02, 1.91110321e+00, 1.28918022e+00, 7.69213848e+02
6.63198120e+00, 8.82637292e-01, 1.31027576e-01, 8.78602661e-01, 5.56325477e-02, 1.92648685e+00, 1.27379658e+00, 7.97402332e+02
6.81816229e+00, 8.93104682e-01, 1.27907296e-01, 8.80577689e-01, 5.36575189e-02, 1.94174224e+00, 1.25854119e+00, 8.26735022e+02
7.00957009e+00, 9.03609206e-01, 1.24850646e-01, 8.82489277e-01, 5.17459313e-02, 1.95686845e+00, 1.24341498e+00, 8.57259435e+02
7.20635132e+00, 9.14150106e-01, 1.21856835e-01, 8.84339064e-01, 4.98961440e-02, 1.97186461e+00, 1.22841882e+00, 8.89025101e+02
7.40865683e+00, 9.24726629e-01, 1.18925058e-01, 8.86128673e-01, 4.81065349e-02, 1.98672996e+00, 1.21355347e+00, 9.22083650e+02
7.61664172e+00, 9.35338035e-01, 1.16054495e-01, 8.87859707e-01, 4.63755018e-02, 2.00146380e+00, 1.19881962e+00, 9.56488899e+02
7.83046540e+00, 9.45983593e-01, 1.13244314e-01, 8.89533745e-01, 4.47014635e-02, 2.01606554e+00, 1.18421789e+00, 9.92296945e+02
8.05029181e+00, 9.56662583e-01, 1.10493675e-01, 8.91152347e-01, 4.30828616e-02, 2.03053463e+00, 1.16974880e+00, 1.02956626e+03
8.27628946e+00, 9.67374292e-01, 1.07801724e-01, 8.92717047e-01, 4.15181609e-02, 2.04487062e+00, 1.15541281e+00, 1.06835780e+03
8.50863158e+00, 9.78118021e-01, 1.05167604e-01, 8.94229358e-01, 4.00058505e-02, 2.05907313e+00, 1.14121030e+00, 1.10873508e+03
8.74749630e+00, 9.88893079e-01, 1.02590447e-01, 8.95690764e-01, 3.85444446e-02, 2.07314183e+00, 1.12714160e+00, 1.15076433e+03
8.99306672e+00, 9.99698787e-01, 1.00069381e-01, 8.97102725e-01, 3.71324835e-02, 2.08707649e+00, 1.11320694e+00, 1.19451457e+03
9.24553110e+00, 1.01053448e+00, 9.76035298e-02, 8.98466675e-01, 3.57685335e-02, 2.10087692e+00, 1.09940651e+00, 1.24005774e+03
9.50508296e+00, 1.02139949e+00, 9.51920136e-02, 8.99784020e-01, 3.44511884e-02, 2.11454299e+00, 1.08574043e+00, 1.28746882e+03
9.77192128e+00, 1.03229317e+00, 9.28339498e-02, 9.01056139e-01, 3.31790691e-02, 2.12807467e+00, 1.07220876e+00, 1.33682598e+03
1.00462506e+01, 1.04321489e+00, 9.05284548e-02, 9.02284384e-01, 3.19508243e-02, 2.14147193e+00, 1.05881150e+00, 1.38821068e+03
1.03282813e+01, 1.05416402e+00, 8.82746444e-02, 9.03470077e-01, 3.07651309e-02, 2.15473484e+00, 1.04554859e+00, 1.44170783e+03
1.06182294e+01, 1.06513995e+00, 8.60716349e-02, 9.04614515e-01, 2.96206937e-02, 2.16786351e+00, 1.03241992e+00, 1.49740593e+03
1.09163173e+01, 1.07614206e+00, 8.39185439e-02, 9.05718962e-01, 2.85162464e-02, 2.18085811e+00, 1.01942532e+00, 1.55539724e+03
1.12227736e+01, 1.08716977e+00, 8.18144912e-02, 9.06784657e-01, 2.74505509e-02, 2.19371884e+00, 1.00656459e+00, 1.61577789e+03
1.15378330e+01, 1.09822248e+00, 7.97585995e-02, 9.07812811e-01, 2.64223975e-02, 2.20644597e+00, 9.93837453e-01, 1.67864812e+03
1.18617372e+01, 1.10929963e+00, 7.77499950e-02, 9.08804603e-01, 2.54306054e-02, 2.21903981e+00, 9.81243613e-01, 1.74411237e+03
1.21947344e+01, 1.12040065e+00, 7.57878084e-02, 9.09761187e-01, 2.44740218e-02, 2.23150072e+00, 9.68782713e-01, 1.81227951e+03
1.25370799e+01, 1.13152499e+00, 7.38711753e-02, 9.10683686e-01, 2.35515224e-02, 2.24382907e+00, 9.56454356e-01, 1.88326303e+03
1.28890361e+01, 1.14267211e+00, 7.19992367e-02, 9.11573197e-01, 2.26620109e-02, 2.25602532e+00, 9.44258108e-01, 1.95718121e+03
1.32508729e+01, 1.15384147e+00, 7.01711401e-02, 9.12430789e-01, 2.18044191e-02, 2.26808994e+00, 9.32193492e-01, 2.03415732e+03
1.36228676e+01, 1.16503255e+00, 6.83860392e-02, 9.13257502e-01, 2.09777062e-02, 2.28002343e+00, 9.20259997e-01, 2.11431987e+03
1.40053055e+01, 1.17624484e+00, 6.66430952e-02, 9.14054349e-01, 2.01808590e-02, 2.29182636e+00, 9.08457073e-01, 2.19780279e+03
1.43984795e+01, 1.18747784e+00, 6.49414767e-02, 9.14822317e-01, 1.94128914e-02, 2.30349929e+00, 8.96784139e-01, 2.28474568e+03
1.48026913e+01, 1.19873106e+00, 6.32803605e-02, 9.15562364e-01, 1.86728440e-02, 2.31504285e+00, 8.85240580e-01, 2.37529404e+03
1.52182505e+01, 1.21000400e+00, 6.16589316e-02, 9.16275425e-01, 1.79597837e-02, 2.32645768e+00, 8.73825752e-01, 2.46959953e+03
1.56454759e+01, 1.22129622e+00, 6.00763839e-02, 9.16962405e-01, 1.72728036e-02, 2.33774445e+00, 8.62538979e-01, 2.56782024e+03
1.60846948e+01, 1.23260723e+00, 5.85319205e-02, 9.17624186e-01, 1.66110224e-02, 2.34890387e+00, 8.51379559e-01, 2.67012092e+03
1.65362441e+01, 1.24393658e+00, 5.70247538e-02, 9.18261624e-01, 1.59735839e-02, 2.35993666e+00, 8.40346764e-01, 2.77667332e+03
1.70004698e+01, 1.25528384e+00, 5.55541057e-02, 9.18875551e-01, 1.53596569e-02, 2.37084359e+00, 8.29439840e-01, 2.88765644e+03
1.74777277e+01, 1.26664856e+00, 5.41192085e-02, 9.19466774e-01, 1.47684343e-02, 2.38162542e+00, 8.18658011e-01, 3.00325685e+03
1.79683839e+01, 1.27803033e+00, 5.27193041e-02, 9.20036075e-01, 1.41991330e-02, 2.39228295e+00, 8.08000478e-01, 3.12366903e+03
1.84728144e+01, 1.28942872e+00, 5.13536452e-02, 9.20584215e-01, 1.36509935e-02, 2.40281701e+00, 7.97466419e-01, 3.24909569e+03
1.89914058e+01, 1.30084334e+00, 5.00214947e-02, 9.21111929e-01, 1.31232790e-02, 2.41322843e+00, 7.87054996e-01, 3.37974811e+03
1.95245558e+01, 1.31227377e+00, 4.87221263e-02, 9.21619933e-01, 1.26152752e-02, 2.42351808e+00, 7.76765351e-01, 3.51584651e+03
2.00726730e+01, 1.32371963e+00, 4.74548245e-02, 9.22108918e-01, 1.21262900e-02, 2.43368682e+00, 7.66596608e-01, 3.65762043e+03
2.06361777e+01, 1.33518054e+00, 4.62188846e-02, 9.22579556e-01, 1.16556527e-02, 2.44373555e+00, 7.56547875e-01, 3.80530914e+03
2.12155017e+01, 1.34665613e+00, 4.50136131e-02, 9.23032495e-01, 1.12027134e-02, 2.45366518e+00, 7.46618247e-01, 3.95916204e+03
2.18110892e+01, 1.35814602e+00, 4.38383275e-02, 9.23468365e-01, 1.07668432e-02, 2.46347662e+00, 7.36806803e-01, 4.11943905e+03
2.24233968e+01, 1.36964988e+00, 4.26923562e-02, 9.23887775e-01, 1.03474329e-02, 2.47317082e+00, 7.27112609e-01, 4.28641113e+03
2.30528939e+01, 1.38116734e+00, 4.15750390e-02, 9.24291315e-01, 9.94389286e-03, 2.48274871e+00, 7.17534721e-01, 4.46036071e+03
2.37000629e+01, 1.39269806e+00, 4.04857268e-02, 9.24679556e-01, 9.55565266e-03, 2.49221125e+00, 7.08072182e-01, 4.64158215e+03
2.43654001e+01, 1.40424172e+00, 3.94237819e-02, 9.25053048e-01, 9.18216038e-03, 2.50155940e+00, 6.98724026e-01, 4.83038230e+03
2.50494154e+01, 1.41579798e+00, 3.83885774e-02, 9.25412326e-01, 8.82288221e-03, 2.51079415e+00, 6.89489278e-01, 5.02708098e+03
2.57526333e+01, 1.42736654e+00, 3.73794979e-02, 9.25757906e-01, 8.47730196e-03, 2.51991647e+00, 6.80366954e-01, 5.23201157e+03
2.64755927e+01, 1.43894707e+00, 3.63959391e-02, 9.26090288e-01, 8.14492061e-03, 2.52892736e+00, 6.71356063e-01, 5.44552156e+03
2.72188479e+01, 1.45053928e+00, 3.54373078e-02, 9.26409953e-01, 7.82525582e-03, 2.53782782e+00, 6.62455609e-01, 5.66797313e+03
2.79829688e+01, 1.46214287e+00, 3.45030217e-02, 9.26717367e-01, 7.51784145e-03, 2.54661884e+00, 6.53664586e-01, 5.89974384e+03
2.87685409e+01, 1.47375755e+00, 3.35925097e-02, 9.27012981e-01, 7.22222717e-03, 2.55530144e+00, 6.44981987e-01, 6.14122721e+03
2.95761666e+01, 1.48538304e+00, 3.27052117e-02, 9.27297230e-01, 6.93797795e-03, 2.56387663e+00, 6.36406799e-01, 6.39283343e+03
3.04064649e+01, 1.49701906e+00, 3.18405781e-02, 9.27570535e-01, 6.66467364e-03, 2.57234542e+00, 6.27938006e-01, 6.65499006e+03
3.12600724e+01, 1.50866534e+00, 3.09980705e-02, 9.27833300e-01, 6.40190853e-03, 2.58070884e+00, 6.19574586e-01, 6.92814278e+03
3.21376434e+01, 1.52032162e+00, 3.01771610e-02, 9.28085917e-01, 6.14929095e-03, 2.58896791e+00, 6.11315520e-01, 7.21275612e+03
3.30398507e+01, 1.53198765e+00, 2.93773321e-02, 9.28328766e-01, 5.90644282e-03, 2.59712365e+00, 6.03159781e-01, 7.50931430e+03
3.39673858e+01, 1.54366317e+00, 2.85980772e-02, 9.28562209e-01, 5.67299926e-03, 2.60517708e+00, 5.95106346e-01, 7.81832206e+03
3.49209598e+01, 1.55534793e+00, 2.78388997e-02, 9.28786600e-01, 5.44860815e-03, 2.61312924e+00, 5.87154189e-01, 8.14030551e+03
3.59013038e+01, 1.56704171e+00, 2.70993135e-02, 9.29002279e-01, 5.23292982e-03, 2.62098115e+00, 5.79302282e-01, 8.47581303e+03
3.69091691e+01, 1.57874427e+00, 2.63788425e-02, 9.29209572e-01, 5.02563656e-03, 2.62873383e+00, 5.71549602e-01, 8.82541625e+03
3.79453285e+01, 1.59045537e+00, 2.56770206e-02, 9.29408796e-01, 4.82641231e-03, 2.63638831e+00, 5.63895122e-01, 9.18971101e+03
3.90105762e+01, 1.60217481e+00, 2.49933916e-02, 9.29600256e-01, 4.63495230e-03, 2.64394561e+00, 5.56337819e-01, 9.56931837e+03
4.01057288e+01, 1.61390235e+00, 2.43275093e-02, 9.29784246e-01, 4.45096264e-03, 2.65140676e+00, 5.48876672e-01, 9.96488574e+03
4.12316259e+01, 1.62563780e+00, 2.36789368e-02, 9.29961048e-01, 4.27415999e-03, 2.65877277e+00, 5.41510660e-01, 1.03770879e+04
4.23891306e+01, 1.63738095e+00, 2.30472468e-02, 9.30130937e-01, 4.10427126e-03, 2.66604466e+00, 5.34238767e-01, 1.08066283e+04
4.35791301e+01, 1.64913159e+00, 2.24320214e-02, 9.30294175e-01, 3.94103320e-03, 2.67322345e+00, 5.27059978e-01, 1.12542401e+04
4.48025368e+01, 1.66088953e+00, 2.18328518e-02, 9.30451016e-01, 3.78419215e-03, 2.68031015e+00, 5.19973282e-01, 1.17206875e+04
4.60602884e+01, 1.67265458e+00, 2.12493385e-02, 9.30601705e-01, 3.63350366e-03, 2.68730576e+00, 5.12977672e-01, 1.22067673e+04
4.73533492e+01, 1.68442656e+00, 2.06810907e-02, 9.30746476e-01, 3.48873223e-03, 2.69421128e+00, 5.06072145e-01, 1.27133098e+04
4.86827104e+01, 1.69620528e+00, 2.01277264e-02, 9.30885557e-01, 3.34965099e-03, 2.70102773e+00, 4.99255701e-01, 1.32411806e+04
5.00493910e+01, 1.70799057e+00, 1.95888723e-02, 9.31019167e-01, 3.21604140e-03, 2.70775608e+00, 4.92527346e-01, 1.37912819e+04
5.14544388e+01, 1.71978224e+00, 1.90641636e-02, 9.31147515e-01, 3.08769299e-03, 2.71439734e+00, 4.85886090e-01, 1.43645543e+04
5.28989308e+01, 1.73158015e+00, 1.85532437e-02, 9.31270805e-01, 2.96440307e-03, 2.72095248e+00, 4.79330949e-01, 1.49619780e+04
5.43839743e+01, 1.74338412e+00, 1.80557646e-02, 9.31389232e-01, 2.84597646e-03, 2.72742249e+00, 4.72860943e-01, 1.55845749e+04
5.59107078e+01, 1.75519399e+00, 1.75713858e-02, 9.31502983e-01, 2.73222524e-03, 2.73380833e+00, 4.66475098e-01, 1.62334103e+04
5.74803016e+01, 1.76700960e+00, 1.70997750e-02, 9.31612240e-01, 2.62296849e-03, 2.74011098e+00, 4.60172447e-01, 1.69095944e+04
5.90939590e+01, 1.77883082e+00, 1.66406078e-02, 9.31717176e-01, 2.51803206e-03, 2.74633140e+00, 4.53952027e-01, 1.76142846e+04
6.07529169e+01, 1.79065748e+00, 1.61935670e-02, 9.31817960e-01, 2.41724831e-03, 2.75247055e+00, 4.47812883e-01, 1.83486873e+04
6.24584471e+01, 1.80248944e+00, 1.57583434e-02, 9.31914752e-01, 2.32045590e-03, 2.75852936e+00, 4.41754065e-01, 1.91140600e+04
6.42118571e+01, 1.81432657e+00, 1.53346346e-02, 9.32007709e-01, 2.22749956e-03, 2.76450880e+00, 4.35774630e-01, 1.99117136e+04
6.60144909e+01, 1.82616872e+00, 1.49221457e-02, 9.32096978e-01, 2.13822989e-03, 2.77040979e+00, 4.29873643e-01, 2.07430144e+04
6.78677305e+01, 1.83801577e+00, 1.45205889e-02, 9.32182705e-01, 2.05250310e-03, 2.77623325e+00, 4.24050173e-01, 2.16093867e+04
6.97729965e+01, 1.84986758e+00, 1.41296829e-02, 9.32265027e-01, 1.97018090e-03, 2.78198013e+00, 4.18303298e-01, 2.25123152e+04
7.17317494e+01, 1.86172403e+00, 1.37491537e-02, 9.32344078e-01, 1.89113019e-03, 2.78765132e+00, 4.12632103e-01, 2.34533474e+04
7.37454909e+01, 1.87358500e+00, 1.33787335e-02, 9.32419985e-01, 1.81522298e-03, 2.79324775e+00, 4.07035680e-01, 2.44340964e+04
7.58157646e+01, 1.88545036e+00, 1.30181611e-02, 9.32492872e-01, 1.74233613e-03, 2.79877030e+00, 4.01513128e-01, 2.54562438e+04
7.79441575e+01, 1.89731999e+00, 1.26671819e-02, 9.32562857e-01, 1.67235121e-03, 2.80421988e+00, 3.96063553e-01, 2.65215423e+04
8.01323013e+01, 1.90919379e+00, 1.23255471e-02, 9.32630054e-01, 1.60515430e-03, 2.80959736e+00, 3.90686069e-01, 2.76318191e+04
8.23818733e+01, 1.92107165e+00, 1.19930143e-02, 9.32694572e-01, 1.54063588e-03, 2.81490363e+00, 3.85379798e-01, 2.87889786e+04
8.46945981e+01, 1.93295345e+00, 1.16693470e-02, 9.32756518e-01, 1.47869059e-03, 2.82013956e+00, 3.80143869e-01, 2.99950061e+04
8.70722485e+01, 1.94483908e+00, 1.13543144e-02, 9.32815991e-01, 1.41921716e-03, 2.82530601e+00, 3.74977420e-01, 3.12519709e+04
8.95166472e+01, 1.95672846e+00, 1.10476916e-02, 9.32873090e-01, 1.36211819e-03, 2.83040383e+00, 3.69879595e-01, 3.25620301e+04
9.20296681e+01, 1.96862147e+00, 1.07492590e-02, 9.32927908e-01, 1.30730003e-03, 2.83543388e+00, 3.64849546e-01, 3.39274322e+04
9.46132376e+01, 1.98051802e+00, 1.04588028e-02, 9.32980536e-01, 1.25467269e-03, 2.84039699e+00, 3.59886434e-01, 3.53505212e+04
9.72693362e+01, 1.99241802e+00, 1.01761143e-02, 9.33031059e-01, 1.20414960e-03, 2.84529400e+00, 3.54989427e-01, 3.68337400e+04
1.00000000e+02, 2.00432137e+00, 9.90099010e-03, 9.33079561e-01, 1.15564759e-03, 2.85012573e+00, 3.50157702e-01, 3.83796355e+04
