 --- Cosmological Parameters --- 
	 H0: 2.2027e-18 (1/s) = 67.9700 (km/s/Mpc) 
	 OmegaM: 3.0690e-01 
	 OmegaR: 0.0000e+00 
	 OmegaL: 6.9310e-01 
	 OmegaK: 0.0000e+00 
		 w0: -1.0000e+00 
		 wa: 0.0000e+00 
	 rho_crit: 8.6799e-30 (g/cm^3) 
z, log10(1+z), a, H0*t_look, H0*t_age, H0*t_conf, H0*t_conf_age, H(z) 
1.00000000e-04, 4.34272769e-05, 9.99900010e-01, 9.99926987e-05, 9.57877501e-01, 9.99976982e-05, 3.27458524e+00, 6.79731292e+01
1.02454634e-04, 4.44932032e-05, 9.99897556e-01, 1.02446970e-04, 9.57875046e-01, 1.02452218e-04, 3.27458278e+00, 6.79732061e+01
1.04969521e-04, 4.55852914e-05, 9.99895041e-01, 1.04961476e-04, 9.57872532e-01, 1.04966985e-04, 3.27458027e+00, 6.79732848e+01
1.07546139e-04, 4.67041835e-05, 9.99892465e-01, 1.07537695e-04, 9.57869956e-01, 1.07543477e-04, 3.27457769e+00, 6.79733654e+01
1.10186004e-04, 4.78505373e-05, 9.99889826e-01, 1.10177139e-04, 9.57867316e-01, 1.10183209e-04, 3.27457505e+00, 6.79734480e+01
1.12890668e-04, 4.90250268e-05, 9.99887122e-01, 1.12881363e-04, 9.57864612e-01, 1.12887734e-04, 3.27457235e+00, 6.79735327e+01
1.15661721e-04, 5.02283424e-05, 9.99884352e-01, 1.15651953e-04, 9.57861841e-01, 1.15658642e-04, 3.27456958e+00, 6.79736194e+01
1.18500793e-04, 5.14611916e-05, 9.99881513e-01, 1.18490541e-04, 9.57859003e-01, 1.18497561e-04, 3.27456674e+00, 6.79737082e+01
1.21409555e-04, 5.27242991e-05, 9.99878605e-01, 1.21398792e-04, 9.57856094e-01, 1.21406162e-04, 3.27456383e+00, 6.79737993e+01
1.24389715e-04, 5.40184074e-05, 9.99875626e-01, 1.24378418e-04, 9.57853115e-01, 1.24386154e-04, 3.27456085e+00, 6.79738925e+01
1.27443028e-04, 5.53442774e-05, 9.99872573e-01, 1.27431170e-04, 9.57850062e-01, 1.27439290e-04, 3.27455780e+00, 6.79739881e+01
1.30571289e-04, 5.67026884e-05, 9.99869446e-01, 1.30558841e-04, 9.57846934e-01, 1.30567364e-04, 3.27455467e+00, 6.79740860e+01
1.33776337e-04, 5.80944390e-05, 9.99866242e-01, 1.33763270e-04, 9.57843730e-01, 1.33772217e-04, 3.27455146e+00, 6.79741863e+01
1.37060057e-04, 5.95203474e-05, 9.99862959e-01, 1.37046341e-04, 9.57840447e-01, 1.37055733e-04, 3.27454818e+00, 6.79742891e+01
1.40424380e-04, 6.09812518e-05, 9.99859595e-01, 1.40409983e-04, 9.57837083e-01, 1.40419841e-04, 3.27454482e+00, 6.79743944e+01
1.43871285e-04, 6.24780110e-05, 9.99856149e-01, 1.43856173e-04, 9.57833637e-01, 1.43866521e-04, 3.27454137e+00, 6.79745022e+01
1.47402799e-04, 6.40115048e-05, 9.99852619e-01, 1.47386936e-04, 9.57830106e-01, 1.47397798e-04, 3.27453784e+00, 6.79746128e+01
1.51020999e-04, 6.55826346e-05, 9.99849002e-01, 1.51004348e-04, 9.57826489e-01, 1.51015750e-04, 3.27453422e+00, 6.79747260e+01
1.54728013e-04, 6.71923241e-05, 9.99845296e-01, 1.54710534e-04, 9.57822783e-01, 1.54722502e-04, 3.27453051e+00, 6.79748420e+01
1.58526020e-04, 6.88415193e-05, 9.99841499e-01, 1.58507672e-04, 9.57818986e-01, 1.58520235e-04, 3.27452672e+00, 6.79749609e+01
1.62417254e-04, 7.05311897e-05, 9.99837609e-01, 1.62397995e-04, 9.57815095e-01, 1.62411182e-04, 3.27452283e+00, 6.79750827e+01
1.66404004e-04, 7.22623286e-05, 9.99833624e-01, 1.66383788e-04, 9.57811109e-01, 1.66397630e-04, 3.27451884e+00, 6.79752074e+01
1.70488614e-04, 7.40359535e-05, 9.99829540e-01, 1.70467393e-04, 9.57807026e-01, 1.70481924e-04, 3.27451475e+00, 6.79753353e+01
1.74673487e-04, 7.58531068e-05, 9.99825357e-01, 1.74651211e-04, 9.57802842e-01, 1.74666464e-04, 3.27451057e+00, 6.79754663e+01
1.78961082e-04, 7.77148567e-05, 9.99821071e-01, 1.78937699e-04, 9.57798556e-01, 1.78953710e-04, 3.27450628e+00, 6.79756005e+01
1.83353923e-04, 7.96222975e-05, 9.99816680e-01, 1.83329378e-04, 9.57794164e-01, 1.83346184e-04, 3.27450189e+00, 6.79757380e+01
1.87854591e-04, 8.15765504e-05, 9.99812181e-01, 1.87828827e-04, 9.57789664e-01, 1.87846468e-04, 3.27449739e+00, 6.79758788e+01
1.92465735e-04, 8.35787638e-05, 9.99807571e-01, 1.92438690e-04, 9.57785055e-01, 1.92457208e-04, 3.27449278e+00, 6.79760231e+01
1.97190065e-04, 8.56301147e-05, 9.99802849e-01, 1.97161676e-04, 9.57780332e-01, 1.97181115e-04, 3.27448806e+00, 6.79761710e+01
2.02030360e-04, 8.77318088e-05, 9.99798010e-01, 2.02000561e-04, 9.57775493e-01, 2.02020965e-04, 3.27448322e+00, 6.79763225e+01
2.06989467e-04, 8.98850811e-05, 9.99793053e-01, 2.06958187e-04, 9.57770535e-01, 2.06979605e-04, 3.27447826e+00, 6.79764777e+01
2.12070302e-04, 9.20911974e-05, 9.99787975e-01, 2.12037468e-04, 9.57765456e-01, 2.12059950e-04, 3.27447318e+00, 6.79766368e+01
2.17275853e-04, 9.43514542e-05, 9.99782771e-01, 2.17241387e-04, 9.57760252e-01, 2.17264986e-04, 3.27446797e+00, 6.79767997e+01
2.22609181e-04, 9.66671797e-05, 9.99777440e-01, 2.22573002e-04, 9.57754920e-01, 2.22597774e-04, 3.27446264e+00, 6.79769666e+01
2.28073423e-04, 9.90397351e-05, 9.99771979e-01, 2.28035446e-04, 9.57749458e-01, 2.28061449e-04, 3.27445717e+00, 6.79771377e+01
2.33671791e-04, 1.01470515e-04, 9.99766383e-01, 2.33631928e-04, 9.57743861e-01, 2.33659223e-04, 3.27445158e+00, 6.79773129e+01
2.39407580e-04, 1.03960947e-04, 9.99760650e-01, 2.39365735e-04, 9.57738127e-01, 2.39394386e-04, 3.27444584e+00, 6.79774924e+01
2.45284161e-04, 1.06512495e-04, 9.99754776e-01, 2.45240237e-04, 9.57732253e-01, 2.45270312e-04, 3.27443997e+00, 6.79776764e+01
2.51304990e-04, 1.09126659e-04, 9.99748758e-01, 2.51258884e-04, 9.57726234e-01, 2.51290453e-04, 3.27443395e+00, 6.79778649e+01
2.57473609e-04, 1.11804975e-04, 9.99742593e-01, 2.57425211e-04, 9.57720068e-01, 2.57458349e-04, 3.27442778e+00, 6.79780579e+01
2.63793645e-04, 1.14549016e-04, 9.99736276e-01, 2.63742842e-04, 9.57713750e-01, 2.63777627e-04, 3.27442146e+00, 6.79782558e+01
2.70268815e-04, 1.17360396e-04, 9.99729804e-01, 2.70215488e-04, 9.57707278e-01, 2.70252001e-04, 3.27441498e+00, 6.79784585e+01
2.76902926e-04, 1.20240766e-04, 9.99723174e-01, 2.76846949e-04, 9.57700646e-01, 2.76885277e-04, 3.27440835e+00, 6.79786661e+01
2.83699881e-04, 1.23191819e-04, 9.99716381e-01, 2.83641123e-04, 9.57693852e-01, 2.83681354e-04, 3.27440155e+00, 6.79788789e+01
2.90663676e-04, 1.26215288e-04, 9.99709421e-01, 2.90601998e-04, 9.57686891e-01, 2.90644229e-04, 3.27439459e+00, 6.79790969e+01
2.97798407e-04, 1.29312951e-04, 9.99702290e-01, 2.97733664e-04, 9.57679760e-01, 2.97777993e-04, 3.27438746e+00, 6.79793202e+01
3.05108269e-04, 1.32486627e-04, 9.99694985e-01, 3.05040309e-04, 9.57672453e-01, 3.05086841e-04, 3.27438015e+00, 6.79795491e+01
3.12597562e-04, 1.35738182e-04, 9.99687500e-01, 3.12526225e-04, 9.57664967e-01, 3.12575069e-04, 3.27437266e+00, 6.79797835e+01
3.20270690e-04, 1.39069524e-04, 9.99679832e-01, 3.20195808e-04, 9.57657297e-01, 3.20247078e-04, 3.27436499e+00, 6.79800237e+01
3.28132164e-04, 1.42482613e-04, 9.99671975e-01, 3.28053561e-04, 9.57649440e-01, 3.28107380e-04, 3.27435713e+00, 6.79802698e+01
3.36186610e-04, 1.45979453e-04, 9.99663926e-01, 3.36104101e-04, 9.57641389e-01, 3.36160593e-04, 3.27434908e+00, 6.79805220e+01
3.44438762e-04, 1.49562098e-04, 9.99655680e-01, 3.44352153e-04, 9.57633141e-01, 3.44411453e-04, 3.27434082e+00, 6.79807803e+01
3.52893475e-04, 1.53232653e-04, 9.99647231e-01, 3.52802562e-04, 9.57624691e-01, 3.52864808e-04, 3.27433237e+00, 6.79810450e+01
3.61555719e-04, 1.56993275e-04, 9.99638575e-01, 3.61460290e-04, 9.57616033e-01, 3.61525628e-04, 3.27432371e+00, 6.79813162e+01
3.70430591e-04, 1.60846172e-04, 9.99629707e-01, 3.70330419e-04, 9.57607163e-01, 3.70399004e-04, 3.27431484e+00, 6.79815941e+01
3.79523308e-04, 1.64793609e-04, 9.99620621e-01, 3.79418159e-04, 9.57598075e-01, 3.79490151e-04, 3.27430575e+00, 6.79818787e+01
3.88839218e-04, 1.68837903e-04, 9.99611312e-01, 3.88728844e-04, 9.57588764e-01, 3.88804413e-04, 3.27429643e+00, 6.79821704e+01
3.98383799e-04, 1.72981431e-04, 9.99601775e-01, 3.98267941e-04, 9.57579225e-01, 3.98347265e-04, 3.27428689e+00, 6.79824692e+01
4.08162665e-04, 1.77226627e-04, 9.99592004e-01, 4.08041050e-04, 9.57569452e-01, 4.08124316e-04, 3.27427711e+00, 6.79827754e+01
4.18181567e-04, 1.81575984e-04, 9.99581993e-01, 4.18053909e-04, 9.57559439e-01, 4.18141311e-04, 3.27426709e+00, 6.79830891e+01
4.28446396e-04, 1.86032056e-04, 9.99571737e-01, 4.28312395e-04, 9.57549181e-01, 4.28404140e-04, 3.27425683e+00, 6.79834105e+01
4.38963189e-04, 1.90597461e-04, 9.99561229e-01, 4.38822529e-04, 9.57538671e-01, 4.38918832e-04, 3.27424632e+00, 6.79837398e+01
4.49738130e-04, 1.95274880e-04, 9.99550464e-01, 4.49590482e-04, 9.57527903e-01, 4.49691570e-04, 3.27423554e+00, 6.79840772e+01
4.60777557e-04, 2.00067061e-04, 9.99539435e-01, 4.60622573e-04, 9.57516871e-01, 4.60728683e-04, 3.27422451e+00, 6.79844228e+01
4.72087962e-04, 2.04976817e-04, 9.99528135e-01, 4.71925277e-04, 9.57505568e-01, 4.72036659e-04, 3.27421320e+00, 6.79847770e+01
4.83675996e-04, 2.10007033e-04, 9.99516558e-01, 4.83505227e-04, 9.57493988e-01, 4.83622143e-04, 3.27420161e+00, 6.79851399e+01
4.95548474e-04, 2.15160661e-04, 9.99504697e-01, 4.95369219e-04, 9.57482124e-01, 4.95491944e-04, 3.27418974e+00, 6.79855116e+01
5.07712378e-04, 2.20440728e-04, 9.99492545e-01, 5.07524216e-04, 9.57469969e-01, 5.07653039e-04, 3.27417758e+00, 6.79858925e+01
5.20174861e-04, 2.25850336e-04, 9.99480096e-01, 5.19977350e-04, 9.57457516e-01, 5.20112573e-04, 3.27416512e+00, 6.79862828e+01
5.32943252e-04, 2.31392659e-04, 9.99467341e-01, 5.32735928e-04, 9.57444757e-01, 5.32877869e-04, 3.27415236e+00, 6.79866826e+01
5.46025061e-04, 2.37070953e-04, 9.99454273e-01, 5.45807435e-04, 9.57431686e-01, 5.45956428e-04, 3.27413928e+00, 6.79870923e+01
5.59427980e-04, 2.42888552e-04, 9.99440885e-01, 5.59199542e-04, 9.57418294e-01, 5.59355936e-04, 3.27412588e+00, 6.79875120e+01
5.73159892e-04, 2.48848870e-04, 9.99427168e-01, 5.72920103e-04, 9.57404573e-01, 5.73084268e-04, 3.27411215e+00, 6.79879421e+01
5.87228872e-04, 2.54955408e-04, 9.99413116e-01, 5.86977170e-04, 9.57390516e-01, 5.87149490e-04, 3.27409809e+00, 6.79883827e+01
6.01643195e-04, 2.61211749e-04, 9.99398719e-01, 6.01378986e-04, 9.57376114e-01, 6.01559867e-04, 3.27408368e+00, 6.79888341e+01
6.16411336e-04, 2.67621568e-04, 9.99383968e-01, 6.16134000e-04, 9.57361359e-01, 6.16323867e-04, 3.27406891e+00, 6.79892967e+01
6.31541981e-04, 2.74188626e-04, 9.99368857e-01, 6.31250865e-04, 9.57346242e-01, 6.31450165e-04, 3.27405379e+00, 6.79897705e+01
6.47044028e-04, 2.80916778e-04, 9.99353374e-01, 6.46738448e-04, 9.57330755e-01, 6.46947649e-04, 3.27403829e+00, 6.79902561e+01
6.62926594e-04, 2.87809974e-04, 9.99337513e-01, 6.62605831e-04, 9.57314887e-01, 6.62825425e-04, 3.27402241e+00, 6.79907536e+01
6.79199019e-04, 2.94872259e-04, 9.99321262e-01, 6.78862319e-04, 9.57298631e-01, 6.79092822e-04, 3.27400614e+00, 6.79912632e+01
6.95870872e-04, 3.02107778e-04, 9.99304613e-01, 6.95517443e-04, 9.57281976e-01, 6.95759397e-04, 3.27398948e+00, 6.79917855e+01
7.12951958e-04, 3.09520778e-04, 9.99287556e-01, 7.12580969e-04, 9.57264912e-01, 7.12834943e-04, 3.27397240e+00, 6.79923205e+01
7.30452323e-04, 3.17115608e-04, 9.99270081e-01, 7.30062902e-04, 9.57247430e-01, 7.30329492e-04, 3.27395491e+00, 6.79928687e+01
7.48382258e-04, 3.24896726e-04, 9.99252177e-01, 7.47973488e-04, 9.57229520e-01, 7.48253322e-04, 3.27393698e+00, 6.79934304e+01
7.66752306e-04, 3.32868698e-04, 9.99233835e-01, 7.66323228e-04, 9.57211170e-01, 7.66616963e-04, 3.27391862e+00, 6.79940058e+01
7.85573273e-04, 3.41036201e-04, 9.99215043e-01, 7.85122876e-04, 9.57192370e-01, 7.85431203e-04, 3.27389981e+00, 6.79945954e+01
8.04856225e-04, 3.49404026e-04, 9.99195791e-01, 8.04383452e-04, 9.57173110e-01, 8.04707095e-04, 3.27388053e+00, 6.79951995e+01
8.24612504e-04, 3.57977084e-04, 9.99176067e-01, 8.24116241e-04, 9.57153377e-01, 8.24455961e-04, 3.27386078e+00, 6.79958185e+01
8.44853726e-04, 3.66760404e-04, 9.99155859e-01, 8.44332808e-04, 9.57133160e-01, 8.44689404e-04, 3.27384055e+00, 6.79964527e+01
8.65591797e-04, 3.75759138e-04, 9.99135157e-01, 8.65044999e-04, 9.57112448e-01, 8.65419308e-04, 3.27381982e+00, 6.79971024e+01
8.86838912e-04, 3.84978564e-04, 9.99113947e-01, 8.86264948e-04, 9.57091228e-01, 8.86657850e-04, 3.27379858e+00, 6.79977681e+01
9.08607565e-04, 3.94424091e-04, 9.99092217e-01, 9.08005086e-04, 9.57069488e-01, 9.08417505e-04, 3.27377682e+00, 6.79984502e+01
9.30910560e-04, 4.04101257e-04, 9.99069955e-01, 9.30278149e-04, 9.57047215e-01, 9.30711053e-04, 3.27375453e+00, 6.79991491e+01
9.53761012e-04, 4.14015740e-04, 9.99047148e-01, 9.53097181e-04, 9.57024396e-01, 9.53551589e-04, 3.27373168e+00, 6.79998651e+01
9.77172358e-04, 4.24173351e-04, 9.99023782e-01, 9.76475549e-04, 9.57001018e-01, 9.76952528e-04, 3.27370828e+00, 6.80005987e+01
1.00115837e-03, 4.34580049e-04, 9.98999843e-01, 1.00042694e-03, 9.56977066e-01, 1.00092761e-03, 3.27368431e+00, 6.80013504e+01
1.02573315e-03, 4.45241935e-04, 9.98975318e-01, 1.02496538e-03, 9.56952528e-01, 1.02549092e-03, 3.27365975e+00, 6.80021205e+01
1.05091115e-03, 4.56165259e-04, 9.98950192e-01, 1.05010524e-03, 9.56927388e-01, 1.05065688e-03, 3.27363458e+00, 6.80029096e+01
1.07670717e-03, 4.67356426e-04, 9.98924451e-01, 1.07586123e-03, 9.56901632e-01, 1.07644027e-03, 3.27360880e+00, 6.80037181e+01
1.10313640e-03, 4.78821996e-04, 9.98898079e-01, 1.10224843e-03, 9.56875245e-01, 1.10285623e-03, 3.27358238e+00, 6.80045464e+01
1.13021436e-03, 4.90568690e-04, 9.98871062e-01, 1.12928228e-03, 9.56848211e-01, 1.12992027e-03, 3.27355532e+00, 6.80053952e+01
1.15795700e-03, 5.02603393e-04, 9.98843382e-01, 1.15697861e-03, 9.56820515e-01, 1.15764829e-03, 3.27352759e+00, 6.80062648e+01
1.18638061e-03, 5.14933158e-04, 9.98815025e-01, 1.18535362e-03, 9.56792140e-01, 1.18605656e-03, 3.27349918e+00, 6.80071557e+01
1.21550191e-03, 5.27565211e-04, 9.98785974e-01, 1.21442391e-03, 9.56763069e-01, 1.21516176e-03, 3.27347007e+00, 6.80080686e+01
1.24533804e-03, 5.40506953e-04, 9.98756211e-01, 1.24420649e-03, 9.56733287e-01, 1.24498098e-03, 3.27344026e+00, 6.80090040e+01
1.27590654e-03, 5.53765968e-04, 9.98725719e-01, 1.27471877e-03, 9.56702774e-01, 1.27553173e-03, 3.27340970e+00, 6.80099623e+01
1.30722538e-03, 5.67350024e-04, 9.98694481e-01, 1.30597861e-03, 9.56671515e-01, 1.30683194e-03, 3.27337840e+00, 6.80109442e+01
1.33931299e-03, 5.81267078e-04, 9.98662478e-01, 1.33800428e-03, 9.56639489e-01, 1.33890000e-03, 3.27334634e+00, 6.80119503e+01
1.37218823e-03, 5.95525282e-04, 9.98629692e-01, 1.37081451e-03, 9.56606679e-01, 1.37175471e-03, 3.27331348e+00, 6.80129811e+01
1.40587043e-03, 6.10132987e-04, 9.98596103e-01, 1.40442848e-03, 9.56573065e-01, 1.40541536e-03, 3.27327982e+00, 6.80140373e+01
1.44037941e-03, 6.25098748e-04, 9.98561692e-01, 1.43886583e-03, 9.56538627e-01, 1.43990173e-03, 3.27324533e+00, 6.80151194e+01
1.47573546e-03, 6.40431330e-04, 9.98526439e-01, 1.47414670e-03, 9.56503347e-01, 1.47523403e-03, 3.27321000e+00, 6.80162282e+01
1.51195937e-03, 6.56139709e-04, 9.98490323e-01, 1.51029169e-03, 9.56467202e-01, 1.51143302e-03, 3.27317380e+00, 6.80173643e+01
1.54907245e-03, 6.72233082e-04, 9.98453323e-01, 1.54732193e-03, 9.56430171e-01, 1.54851994e-03, 3.27313672e+00, 6.80185283e+01
1.58709651e-03, 6.88720870e-04, 9.98415418e-01, 1.58525905e-03, 9.56392234e-01, 1.58651654e-03, 3.27309872e+00, 6.80197209e+01
1.62605393e-03, 7.05612723e-04, 9.98376586e-01, 1.62412520e-03, 9.56353368e-01, 1.62544513e-03, 3.27305979e+00, 6.80209429e+01
1.66596761e-03, 7.22918529e-04, 9.98336803e-01, 1.66394308e-03, 9.56313550e-01, 1.66532856e-03, 3.27301991e+00, 6.80221950e+01
1.70686103e-03, 7.40648414e-04, 9.98296047e-01, 1.70473594e-03, 9.56272757e-01, 1.70619021e-03, 3.27297905e+00, 6.80234778e+01
1.74875823e-03, 7.58812752e-04, 9.98254295e-01, 1.74652759e-03, 9.56230966e-01, 1.74805406e-03, 3.27293718e+00, 6.80247923e+01
1.79168385e-03, 7.77422170e-04, 9.98211521e-01, 1.78934242e-03, 9.56188151e-01, 1.79094469e-03, 3.27289429e+00, 6.80261391e+01
1.83566314e-03, 7.96487554e-04, 9.98167700e-01, 1.83320541e-03, 9.56144288e-01, 1.83488723e-03, 3.27285035e+00, 6.80275190e+01
1.88072196e-03, 8.16020056e-04, 9.98122809e-01, 1.87814217e-03, 9.56099351e-01, 1.87990749e-03, 3.27280533e+00, 6.80289330e+01
1.92688681e-03, 8.36031098e-04, 9.98076819e-01, 1.92417889e-03, 9.56053314e-01, 1.92603185e-03, 3.27275920e+00, 6.80303817e+01
1.97418484e-03, 8.56532382e-04, 9.98029705e-01, 1.97134242e-03, 9.56006151e-01, 1.97328739e-03, 3.27271195e+00, 6.80318661e+01
2.02264386e-03, 8.77535894e-04, 9.97981439e-01, 2.01966028e-03, 9.55957833e-01, 2.02170180e-03, 3.27266353e+00, 6.80333870e+01
2.07229237e-03, 8.99053912e-04, 9.97931993e-01, 2.06916062e-03, 9.55908333e-01, 2.07130349e-03, 3.27261393e+00, 6.80349454e+01
2.12315957e-03, 9.21099013e-04, 9.97881339e-01, 2.11987229e-03, 9.55857621e-01, 2.12212154e-03, 3.27256311e+00, 6.80365422e+01
2.17527538e-03, 9.43684080e-04, 9.97829446e-01, 2.17182484e-03, 9.55805668e-01, 2.17418575e-03, 3.27251105e+00, 6.80381783e+01
2.22867044e-03, 9.66822310e-04, 9.97776285e-01, 2.22504854e-03, 9.55752445e-01, 2.22752664e-03, 3.27245771e+00, 6.80398547e+01
2.28337615e-03, 9.90527220e-04, 9.97721826e-01, 2.27957439e-03, 9.55697919e-01, 2.28217550e-03, 3.27240306e+00, 6.80415724e+01
2.33942469e-03, 1.01481266e-03, 9.97666035e-01, 2.33543413e-03, 9.55642059e-01, 2.33816436e-03, 3.27234707e+00, 6.80433324e+01
2.39684902e-03, 1.03969281e-03, 9.97608882e-01, 2.39266029e-03, 9.55584833e-01, 2.39552604e-03, 3.27228971e+00, 6.80451358e+01
2.45568290e-03, 1.06518219e-03, 9.97550333e-01, 2.45128616e-03, 9.55526207e-01, 2.45429416e-03, 3.27223094e+00, 6.80469835e+01
2.51596094e-03, 1.09129570e-03, 9.97490353e-01, 2.51134587e-03, 9.55466147e-01, 2.51450316e-03, 3.27217073e+00, 6.80488769e+01
2.57771858e-03, 1.11804857e-03, 9.97428909e-01, 2.57287435e-03, 9.55404619e-01, 2.57618834e-03, 3.27210905e+00, 6.80508168e+01
2.64099215e-03, 1.14545641e-03, 9.97365964e-01, 2.63590738e-03, 9.55341586e-01, 2.63938585e-03, 3.27204585e+00, 6.80528046e+01
2.70581886e-03, 1.17353523e-03, 9.97301483e-01, 2.70048160e-03, 9.55277012e-01, 2.70413270e-03, 3.27198110e+00, 6.80548414e+01
2.77223682e-03, 1.20230139e-03, 9.97235427e-01, 2.76663455e-03, 9.55210859e-01, 2.77046685e-03, 3.27191477e+00, 6.80569284e+01
2.84028510e-03, 1.23177168e-03, 9.97167759e-01, 2.83440466e-03, 9.55143089e-01, 2.83842714e-03, 3.27184681e+00, 6.80590668e+01
2.91000372e-03, 1.26196329e-03, 9.97098440e-01, 2.90383131e-03, 9.55073662e-01, 2.90805340e-03, 3.27177718e+00, 6.80612579e+01
2.98143367e-03, 1.29289381e-03, 9.97027429e-01, 2.97495480e-03, 9.55002538e-01, 2.97938640e-03, 3.27170585e+00, 6.80635031e+01
3.05461697e-03, 1.32458128e-03, 9.96954685e-01, 3.04781643e-03, 9.54929677e-01, 3.05246793e-03, 3.27163277e+00, 6.80658037e+01
3.12959665e-03, 1.35704416e-03, 9.96880167e-01, 3.12245848e-03, 9.54855035e-01, 3.12734078e-03, 3.27155790e+00, 6.80681610e+01
3.20641681e-03, 1.39030137e-03, 9.96803831e-01, 3.19892425e-03, 9.54778569e-01, 3.20404879e-03, 3.27148119e+00, 6.80705764e+01
3.28512262e-03, 1.42437229e-03, 9.96725634e-01, 3.27725809e-03, 9.54700235e-01, 3.28263689e-03, 3.27140260e+00, 6.80730514e+01
3.36576037e-03, 1.45927674e-03, 9.96645530e-01, 3.35750541e-03, 9.54619988e-01, 3.36315107e-03, 3.27132209e+00, 6.80755875e+01
3.44837749e-03, 1.49503507e-03, 9.96563473e-01, 3.43971273e-03, 9.54537780e-01, 3.44563847e-03, 3.27123960e+00, 6.80781861e+01
3.53302255e-03, 1.53166808e-03, 9.96479416e-01, 3.52392765e-03, 9.54453566e-01, 3.53014736e-03, 3.27115509e+00, 6.80808489e+01
3.61974534e-03, 1.56919709e-03, 9.96393310e-01, 3.61019897e-03, 9.54367294e-01, 3.61672722e-03, 3.27106851e+00, 6.80835774e+01
3.70859686e-03, 1.60764394e-03, 9.96305106e-01, 3.69857661e-03, 9.54278917e-01, 3.70542869e-03, 3.27097981e+00, 6.80863732e+01
3.79962935e-03, 1.64703099e-03, 9.96214753e-01, 3.78911172e-03, 9.54188381e-01, 3.79630368e-03, 3.27088893e+00, 6.80892381e+01
3.89289636e-03, 1.68738114e-03, 9.96122200e-01, 3.88185668e-03, 9.54095637e-01, 3.88940536e-03, 3.27079583e+00, 6.80921737e+01
3.98845274e-03, 1.72871785e-03, 9.96027392e-01, 3.97686510e-03, 9.54000628e-01, 3.98478818e-03, 3.27070045e+00, 6.80951818e+01
4.08635468e-03, 1.77106515e-03, 9.95930276e-01, 4.07419190e-03, 9.53903301e-01, 4.08250792e-03, 3.27060273e+00, 6.80982642e+01
4.18665975e-03, 1.81444763e-03, 9.95830795e-01, 4.17389331e-03, 9.53803600e-01, 4.18262175e-03, 3.27050261e+00, 6.81014227e+01
4.28942694e-03, 1.85889051e-03, 9.95728894e-01, 4.27602690e-03, 9.53701466e-01, 4.28518818e-03, 3.27040005e+00, 6.81046593e+01
4.39471669e-03, 1.90441958e-03, 9.95624512e-01, 4.38065162e-03, 9.53596842e-01, 4.39026719e-03, 3.27029497e+00, 6.81079758e+01
4.50259092e-03, 1.95106127e-03, 9.95517592e-01, 4.48782784e-03, 9.53489665e-01, 4.49792020e-03, 3.27018732e+00, 6.81113743e+01
4.61311307e-03, 1.99884264e-03, 9.95408070e-01, 4.59761736e-03, 9.53379876e-01, 4.60821013e-03, 3.27007703e+00, 6.81148568e+01
4.72634814e-03, 2.04779143e-03, 9.95295885e-01, 4.71008347e-03, 9.53267410e-01, 4.72120142e-03, 3.26996403e+00, 6.81184254e+01
4.84236271e-03, 2.09793601e-03, 9.95180973e-01, 4.82529095e-03, 9.53152202e-01, 4.83696009e-03, 3.26984828e+00, 6.81220822e+01
4.96122501e-03, 2.14930545e-03, 9.95063267e-01, 4.94330615e-03, 9.53034187e-01, 4.95555378e-03, 3.26972968e+00, 6.81258295e+01
5.08300495e-03, 2.20192952e-03, 9.94942701e-01, 5.06419698e-03, 9.52913296e-01, 5.07705174e-03, 3.26960818e+00, 6.81296694e+01
5.20777414e-03, 2.25583871e-03, 9.94819206e-01, 5.18803298e-03, 9.52789460e-01, 5.20152492e-03, 3.26948371e+00, 6.81336044e+01
5.33560596e-03, 2.31106423e-03, 9.94692712e-01, 5.31488535e-03, 9.52662608e-01, 5.32904602e-03, 3.26935619e+00, 6.81376367e+01
5.46657559e-03, 2.36763806e-03, 9.94563145e-01, 5.44482696e-03, 9.52532666e-01, 5.45968946e-03, 3.26922555e+00, 6.81417688e+01
5.60076003e-03, 2.42559292e-03, 9.94430434e-01, 5.57793244e-03, 9.52399561e-01, 5.59353150e-03, 3.26909170e+00, 6.81460032e+01
5.73823822e-03, 2.48496234e-03, 9.94294501e-01, 5.71427818e-03, 9.52263215e-01, 5.73065025e-03, 3.26895459e+00, 6.81503424e+01
5.87909099e-03, 2.54578065e-03, 9.94155271e-01, 5.85394238e-03, 9.52123551e-01, 5.87112571e-03, 3.26881411e+00, 6.81547891e+01
6.02340119e-03, 2.60808300e-03, 9.94012663e-01, 5.99700509e-03, 9.51980488e-01, 6.01503983e-03, 3.26867020e+00, 6.81593459e+01
6.17125367e-03, 2.67190537e-03, 9.93866597e-01, 6.14354827e-03, 9.51833945e-01, 6.16247653e-03, 3.26852276e+00, 6.81640157e+01
6.32273539e-03, 2.73728462e-03, 9.93716990e-01, 6.29365581e-03, 9.51683837e-01, 6.31352178e-03, 3.26837171e+00, 6.81688011e+01
6.47793543e-03, 2.80425848e-03, 9.93563758e-01, 6.44741357e-03, 9.51530080e-01, 6.46826365e-03, 3.26821697e+00, 6.81737052e+01
6.63694507e-03, 2.87286561e-03, 9.93406814e-01, 6.60490947e-03, 9.51372584e-01, 6.62679231e-03, 0.00000000e+00, 6.81787308e+01
6.79985781e-03, 2.94314554e-03, 9.93246068e-01, 6.76623348e-03, 9.51211260e-01, 6.78920016e-03, 3.26789604e+00, 6.81838810e+01
6.96676946e-03, 3.01513880e-03, 9.93081431e-01, 6.93147769e-03, 9.51046016e-01, 6.95558180e-03, 3.26772965e+00, 6.81891590e+01
7.13777819e-03, 3.08888685e-03, 9.92912809e-01, 7.10073638e-03, 9.50876757e-01, 7.12603415e-03, 3.26755920e+00, 6.81945680e+01
7.31298455e-03, 3.16443217e-03, 9.92740107e-01, 7.27410602e-03, 9.50703387e-01, 7.30065645e-03, 3.26738458e+00, 6.82001112e+01
7.49249159e-03, 3.24181822e-03, 9.92563228e-01, 7.45168537e-03, 9.50525808e-01, 7.47955037e-03, 3.26720569e+00, 6.82057919e+01
7.67640488e-03, 3.32108951e-03, 9.92382073e-01, 7.63357550e-03, 9.50343918e-01, 7.66282003e-03, 3.26702242e+00, 6.82116137e+01
7.86483256e-03, 3.40229162e-03, 9.92196540e-01, 7.81987983e-03, 9.50157613e-01, 7.85057207e-03, 3.26683466e+00, 6.82175802e+01
8.05788545e-03, 3.48547120e-03, 9.92006525e-01, 8.01070424e-03, 9.49966789e-01, 8.04291570e-03, 3.26664232e+00, 6.82236948e+01
8.25567708e-03, 3.57067602e-03, 9.91811921e-01, 8.20615706e-03, 9.49771336e-01, 8.23996278e-03, 3.26644527e+00, 6.82299614e+01
8.45832378e-03, 3.65795498e-03, 9.91612619e-01, 8.40634915e-03, 9.49571144e-01, 8.44182788e-03, 3.26624341e+00, 6.82363838e+01
8.66594471e-03, 3.74735812e-03, 9.91408509e-01, 8.61139397e-03, 9.49366099e-01, 8.64862832e-03, 3.26603661e+00, 6.82429658e+01
8.87866197e-03, 3.83893670e-03, 9.91199475e-01, 8.82140761e-03, 9.49156086e-01, 8.86048426e-03, 3.26582475e+00, 6.82497116e+01
9.09660067e-03, 3.93274317e-03, 9.90985402e-01, 9.03650888e-03, 9.48940984e-01, 9.07751878e-03, 3.26560772e+00, 6.82566252e+01
9.31988897e-03, 4.02883125e-03, 9.90766169e-01, 9.25681933e-03, 9.48720674e-01, 9.29985790e-03, 3.26538538e+00, 6.82637109e+01
9.54865817e-03, 4.12725589e-03, 9.90541656e-01, 9.48246333e-03, 9.48495030e-01, 9.52763069e-03, 3.26515761e+00, 6.82709731e+01
9.78304283e-03, 4.22807336e-03, 9.90311738e-01, 9.71356816e-03, 9.48263925e-01, 9.76096934e-03, 3.26492427e+00, 6.82784160e+01
1.00231808e-02, 4.33134127e-03, 9.90076286e-01, 9.95026401e-03, 9.48027229e-01, 1.00000092e-02, 3.26468523e+00, 6.82860445e+01
1.02692132e-02, 4.43711857e-03, 9.89835172e-01, 1.01926841e-02, 9.47784809e-01, 1.02448890e-02, 3.26444035e+00, 6.82938630e+01
1.05212849e-02, 4.54546560e-03, 9.89588260e-01, 1.04409647e-02, 9.47536528e-01, 1.04957505e-02, 3.26418949e+00, 6.83018765e+01
1.07795440e-02, 4.65644413e-03, 9.89335415e-01, 1.06952453e-02, 9.47282248e-01, 1.07527393e-02, 3.26393250e+00, 6.83100899e+01
1.10441424e-02, 4.77011737e-03, 9.89076498e-01, 1.09556685e-02, 9.47021825e-01, 1.10160041e-02, 3.26366923e+00, 6.83185082e+01
1.13152357e-02, 4.88655003e-03, 9.88811366e-01, 1.12223801e-02, 9.46755113e-01, 1.12856975e-02, 3.26339954e+00, 6.83271367e+01
1.15929834e-02, 5.00580832e-03, 9.88539874e-01, 1.14955295e-02, 9.46481964e-01, 1.15619756e-02, 3.26312326e+00, 6.83359806e+01
1.18775487e-02, 5.12796000e-03, 9.88261871e-01, 1.17752692e-02, 9.46202224e-01, 1.18449981e-02, 3.26284024e+00, 6.83450454e+01
1.21690991e-02, 5.25307444e-03, 9.87977207e-01, 1.20617555e-02, 9.45915738e-01, 1.21349289e-02, 3.26255031e+00, 6.83543368e+01
1.24678060e-02, 5.38122262e-03, 9.87685726e-01, 1.23551480e-02, 9.45622345e-01, 1.24319356e-02, 3.26225330e+00, 6.83638605e+01
1.27738451e-02, 5.51247715e-03, 9.87387268e-01, 1.26556101e-02, 9.45321883e-01, 1.27361898e-02, 3.26194905e+00, 6.83736224e+01
1.30873963e-02, 5.64691238e-03, 9.87081671e-01, 1.29633089e-02, 9.45014184e-01, 1.30478672e-02, 3.26163737e+00, 6.83836287e+01
1.34086440e-02, 5.78460436e-03, 9.86768769e-01, 1.32784150e-02, 9.44699078e-01, 1.33671479e-02, 3.26131809e+00, 6.83938854e+01
1.37377772e-02, 5.92563091e-03, 9.86448392e-01, 1.36011033e-02, 9.44376390e-01, 1.36942161e-02, 3.26099102e+00, 6.84043991e+01
1.40749895e-02, 6.07007167e-03, 9.86120366e-01, 1.39315523e-02, 9.44045941e-01, 1.40292605e-02, 3.26065598e+00, 6.84151762e+01
1.44204790e-02, 6.21800811e-03, 9.85784515e-01, 1.42699447e-02, 9.43707548e-01, 1.43724742e-02, 3.26031276e+00, 6.84262236e+01
1.47744490e-02, 6.36952361e-03, 9.85440657e-01, 1.46164673e-02, 9.43361026e-01, 1.47240551e-02, 3.25996118e+00, 6.84375480e+01
1.51371078e-02, 6.52470346e-03, 9.85088608e-01, 1.49713109e-02, 9.43006182e-01, 1.50842057e-02, 3.25960103e+00, 6.84491567e+01
1.55086684e-02, 6.68363492e-03, 9.84728177e-01, 1.53346708e-02, 9.42642822e-01, 1.54531333e-02, 3.25923210e+00, 6.84610570e+01
1.58893496e-02, 6.84640726e-03, 9.84359173e-01, 1.57067465e-02, 9.42270747e-01, 1.58310502e-02, 3.25885419e+00, 6.84732562e+01
1.62793750e-02, 7.01311183e-03, 9.83981398e-01, 1.60877420e-02, 9.41889751e-01, 1.62181738e-02, 3.25846706e+00, 6.84857621e+01
1.66789742e-02, 7.18384205e-03, 9.83594650e-01, 1.64778658e-02, 9.41499627e-01, 1.66147265e-02, 3.25807051e+00, 6.84985825e+01
1.70883820e-02, 7.35869348e-03, 9.83198725e-01, 1.68773309e-02, 9.41100162e-01, 1.70209361e-02, 3.25766430e+00, 6.85117256e+01
1.75078393e-02, 7.53776390e-03, 9.82793411e-01, 1.72863553e-02, 9.40691138e-01, 1.74370358e-02, 3.25724820e+00, 6.85251997e+01
1.79375928e-02, 7.72115330e-03, 9.82378495e-01, 1.77051616e-02, 9.40272332e-01, 1.78632644e-02, 3.25682197e+00, 6.85390133e+01
1.83778951e-02, 7.90896396e-03, 9.81953757e-01, 1.81339771e-02, 9.39843516e-01, 1.82998662e-02, 3.25638537e+00, 6.85531752e+01
1.88290053e-02, 8.10130049e-03, 9.81518974e-01, 1.85730344e-02, 9.39404459e-01, 1.87470915e-02, 3.25593814e+00, 6.85676944e+01
1.92911885e-02, 8.29826988e-03, 9.81073918e-01, 1.90225709e-02, 9.38954922e-01, 1.92051962e-02, 3.25548004e+00, 6.85825801e+01
1.97647167e-02, 8.49998153e-03, 9.80618356e-01, 1.94828294e-02, 9.38494664e-01, 1.96744426e-02, 3.25501079e+00, 6.85978419e+01
2.02498682e-02, 8.70654736e-03, 9.80152050e-01, 1.99540578e-02, 9.38023435e-01, 2.01550990e-02, 3.25453014e+00, 6.86134894e+01
2.07469285e-02, 8.91808177e-03, 9.79674758e-01, 2.04365094e-02, 9.37540984e-01, 2.06474400e-02, 3.25403780e+00, 6.86295328e+01
2.12561897e-02, 9.13470177e-03, 9.79186232e-01, 2.09304428e-02, 9.37047050e-01, 2.11517469e-02, 3.25353349e+00, 6.86459823e+01
2.17779515e-02, 9.35652700e-03, 9.78686219e-01, 2.14361224e-02, 9.36541371e-01, 2.16683072e-02, 3.25301693e+00, 6.86628485e+01
2.23125206e-02, 9.58367978e-03, 9.78174462e-01, 2.19538181e-02, 9.36023675e-01, 2.21974156e-02, 3.25248782e+00, 6.86801423e+01
2.28602114e-02, 9.81628518e-03, 9.77650698e-01, 2.24838055e-02, 9.35493688e-01, 2.27393734e-02, 3.25194586e+00, 6.86978749e+01
2.34213461e-02, 1.00544710e-02, 9.77114659e-01, 2.30263660e-02, 9.34951127e-01, 2.32944892e-02, 3.25139075e+00, 6.87160576e+01
2.39962545e-02, 1.02983681e-02, 9.76566072e-01, 2.35817871e-02, 9.34395706e-01, 2.38630786e-02, 3.25082216e+00, 6.87347024e+01
2.45852748e-02, 1.05481100e-02, 9.76004657e-01, 2.41503623e-02, 9.33827131e-01, 2.44454649e-02, 3.25023977e+00, 6.87538213e+01
2.51887535e-02, 1.08038332e-02, 9.75430131e-01, 2.47323910e-02, 9.33245102e-01, 2.50419786e-02, 3.24964326e+00, 6.87734268e+01
2.58070453e-02, 1.10656775e-02, 9.74842203e-01, 2.53281792e-02, 9.32649314e-01, 2.56529581e-02, 3.24903228e+00, 6.87935317e+01
2.64405139e-02, 1.13337854e-02, 9.74240578e-01, 2.59380390e-02, 9.32039454e-01, 2.62787497e-02, 3.24840649e+00, 6.88141491e+01
2.70895319e-02, 1.16083029e-02, 9.73624956e-01, 2.65622889e-02, 9.31415204e-01, 2.69197077e-02, 3.24776553e+00, 6.88352926e+01
2.77544809e-02, 1.18893789e-02, 9.72995028e-01, 2.72012541e-02, 9.30776239e-01, 2.75761945e-02, 3.24710904e+00, 6.88569761e+01
2.84357519e-02, 1.21771658e-02, 9.72350483e-01, 2.78552664e-02, 9.30122227e-01, 2.82485813e-02, 3.24643665e+00, 6.88792139e+01
2.91337457e-02, 1.24718191e-02, 9.71691001e-01, 2.85246642e-02, 9.29452829e-01, 2.89372475e-02, 3.24574799e+00, 6.89020206e+01
2.98488727e-02, 1.27734979e-02, 9.71016259e-01, 2.92097928e-02, 9.28767700e-01, 2.96425814e-02, 3.24504265e+00, 6.89254115e+01
3.05815534e-02, 1.30823647e-02, 9.70325926e-01, 2.99110045e-02, 9.28066489e-01, 3.03649804e-02, 3.24432026e+00, 6.89494019e+01
3.13322187e-02, 1.33985853e-02, 9.69619665e-01, 3.06286587e-02, 9.27348835e-01, 3.11048508e-02, 3.24358039e+00, 6.89740080e+01
3.21013102e-02, 1.37223294e-02, 9.68897133e-01, 3.13631216e-02, 9.26614372e-01, 3.18626085e-02, 3.24282263e+00, 6.89992461e+01
3.28892800e-02, 1.40537701e-02, 9.68157981e-01, 3.21147670e-02, 9.25862726e-01, 3.26386788e-02, 3.24204656e+00, 6.90251331e+01
3.36965916e-02, 1.43930843e-02, 9.67401855e-01, 3.28839759e-02, 9.25093517e-01, 3.34334968e-02, 3.24125174e+00, 6.90516865e+01
3.45237198e-02, 1.47404527e-02, 9.66628392e-01, 3.36711366e-02, 9.24306357e-01, 3.42475076e-02, 3.24043773e+00, 6.90789241e+01
3.53711509e-02, 1.50960598e-02, 9.65837226e-01, 3.44766450e-02, 9.23500848e-01, 3.50811664e-02, 3.23960407e+00, 6.91068644e+01
3.62393833e-02, 1.54600941e-02, 9.65027981e-01, 3.53009045e-02, 9.22676589e-01, 3.59349387e-02, 3.23875030e+00, 6.91355262e+01
3.71289277e-02, 1.58327478e-02, 9.64200278e-01, 3.61443265e-02, 9.21833167e-01, 3.68093008e-02, 3.23787594e+00, 6.91649291e+01
3.80403072e-02, 1.62142175e-02, 9.63353728e-01, 3.70073297e-02, 9.20970163e-01, 3.77047396e-02, 3.23698050e+00, 6.91950930e+01
3.89740577e-02, 1.66047037e-02, 9.62487940e-01, 3.78903411e-02, 9.20087152e-01, 3.86217531e-02, 3.23606348e+00, 6.92260387e+01
3.99307284e-02, 1.70044111e-02, 9.61602511e-01, 3.87937952e-02, 9.19183698e-01, 3.95608506e-02, 3.23512439e+00, 6.92577874e+01
4.09108818e-02, 1.74135487e-02, 9.60697037e-01, 3.97181350e-02, 9.18259358e-01, 4.05225529e-02, 3.23416268e+00, 6.92903609e+01
4.19150944e-02, 1.78323298e-02, 9.59771104e-01, 4.06638113e-02, 9.17313682e-01, 4.15073923e-02, 3.23317784e+00, 6.93237817e+01
4.29439567e-02, 1.82609720e-02, 9.58824291e-01, 4.16312830e-02, 9.16346210e-01, 4.25159133e-02, 3.23216932e+00, 6.93580729e+01
4.39980739e-02, 1.86996974e-02, 9.57856173e-01, 4.26210175e-02, 9.15356476e-01, 4.35486724e-02, 3.23113656e+00, 6.93932586e+01
4.50780658e-02, 1.91487328e-02, 9.56866317e-01, 4.36334903e-02, 9.14344003e-01, 4.46062386e-02, 3.23007900e+00, 6.94293631e+01
4.61845675e-02, 1.96083094e-02, 9.55854283e-01, 4.46691852e-02, 9.13308308e-01, 4.56891935e-02, 3.22899604e+00, 6.94664118e+01
4.73182299e-02, 2.00786630e-02, 9.54819625e-01, 4.57285946e-02, 9.12248899e-01, 4.67981316e-02, 3.22788710e+00, 6.95044307e+01
4.84797194e-02, 2.05600344e-02, 9.53761891e-01, 4.68122194e-02, 9.11165274e-01, 4.79336607e-02, 3.22675158e+00, 6.95434467e+01
4.96697193e-02, 2.10526689e-02, 9.52680621e-01, 4.79205687e-02, 9.10056924e-01, 4.90964018e-02, 3.22558883e+00, 6.95834874e+01
5.08889294e-02, 2.15568170e-02, 9.51575349e-01, 4.90541606e-02, 9.08923333e-01, 5.02869897e-02, 3.22439825e+00, 6.96245812e+01
5.21380666e-02, 2.20727338e-02, 9.50445604e-01, 5.02135213e-02, 9.07763972e-01, 5.15060729e-02, 3.22317916e+00, 6.96667575e+01
5.34178656e-02, 2.26006795e-02, 9.49290906e-01, 5.13991859e-02, 9.06578307e-01, 5.27543142e-02, 3.22193092e+00, 6.97100465e+01
5.47290789e-02, 2.31409197e-02, 9.48110771e-01, 5.26116981e-02, 9.05365795e-01, 5.40323910e-02, 3.22065285e+00, 6.97544793e+01
5.60724777e-02, 2.36937246e-02, 9.46904707e-01, 5.38516103e-02, 9.04125883e-01, 5.53409950e-02, 3.21934424e+00, 6.98000881e+01
5.74488521e-02, 2.42593701e-02, 9.45672217e-01, 5.51194833e-02, 9.02858010e-01, 5.66808330e-02, 3.21800440e+00, 6.98469059e+01
5.88590114e-02, 2.48381370e-02, 9.44412796e-01, 5.64158868e-02, 9.01561606e-01, 5.80526272e-02, 3.21663261e+00, 6.98949668e+01
6.03037850e-02, 2.54303117e-02, 9.43125936e-01, 5.77413991e-02, 9.00236094e-01, 5.94571150e-02, 3.21522812e+00, 6.99443060e+01
6.17840225e-02, 2.60361859e-02, 9.41811121e-01, 5.90966069e-02, 8.98880886e-01, 6.08950497e-02, 3.21379019e+00, 6.99949597e+01
6.33005944e-02, 2.66560567e-02, 9.40467827e-01, 6.04821058e-02, 8.97495387e-01, 6.23672004e-02, 3.21231804e+00, 7.00469653e+01
6.48543926e-02, 2.72902267e-02, 9.39095530e-01, 6.18984995e-02, 8.96078994e-01, 6.38743527e-02, 3.21081088e+00, 7.01003614e+01
6.64463309e-02, 2.79390044e-02, 9.37693694e-01, 6.33464007e-02, 8.94631093e-01, 6.54173086e-02, 3.20926793e+00, 7.01551876e+01
6.80773455e-02, 2.86027035e-02, 9.36261783e-01, 6.48264300e-02, 8.93151063e-01, 6.69968870e-02, 3.20768835e+00, 7.02114850e+01
6.97483955e-02, 2.92816437e-02, 9.34799252e-01, 6.63392168e-02, 8.91638276e-01, 6.86139238e-02, 3.20607131e+00, 7.02692960e+01
7.14604636e-02, 2.99761504e-02, 9.33305553e-01, 6.78853984e-02, 8.90092095e-01, 7.02692721e-02, 3.20441596e+00, 7.03286640e+01
7.32145568e-02, 3.06865547e-02, 9.31780131e-01, 6.94656204e-02, 8.88511873e-01, 7.19638028e-02, 3.20272143e+00, 7.03896343e+01
7.50117065e-02, 3.14131936e-02, 9.30222428e-01, 7.10805364e-02, 8.86896957e-01, 7.36984047e-02, 3.20098683e+00, 7.04522531e+01
7.68529697e-02, 3.21564101e-02, 9.28631882e-01, 7.27308078e-02, 8.85246685e-01, 7.54739844e-02, 3.19921125e+00, 7.05165686e+01
7.87394292e-02, 3.29165530e-02, 9.27007925e-01, 7.44171039e-02, 8.83560389e-01, 7.72914673e-02, 3.19739377e+00, 7.05826302e+01
8.06721944e-02, 3.36939773e-02, 9.25349986e-01, 7.61401015e-02, 8.81837392e-01, 7.91517970e-02, 3.19553344e+00, 7.06504890e+01
8.26524019e-02, 3.44890437e-02, 9.23657490e-01, 7.79004847e-02, 8.80077008e-01, 8.10559364e-02, 3.19362930e+00, 7.07201978e+01
8.46812162e-02, 3.53021194e-02, 9.21929858e-01, 7.96989450e-02, 8.78278548e-01, 8.30048672e-02, 3.19168037e+00, 7.07918110e+01
8.67598306e-02, 3.61335774e-02, 9.20166510e-01, 8.15361805e-02, 8.76441313e-01, 8.49995906e-02, 3.18968565e+00, 7.08653850e+01
8.88894673e-02, 3.69837969e-02, 9.18366859e-01, 8.34128965e-02, 8.74564597e-01, 8.70411274e-02, 3.18764411e+00, 7.09409778e+01
9.10713788e-02, 3.78531634e-02, 9.16530320e-01, 8.53298043e-02, 8.72647689e-01, 8.91305184e-02, 3.18555472e+00, 7.10186495e+01
9.33068482e-02, 3.87420684e-02, 9.14656303e-01, 8.72876217e-02, 8.70689871e-01, 9.12688241e-02, 3.18341641e+00, 7.10984619e+01
9.55971903e-02, 3.96509098e-02, 9.12744217e-01, 8.92870724e-02, 8.68690421e-01, 9.34571256e-02, 3.18122811e+00, 7.11804794e+01
9.79437519e-02, 4.05800916e-02, 9.10793470e-01, 9.13288853e-02, 8.66648608e-01, 9.56965244e-02, 3.17898871e+00, 7.12647679e+01
1.00347913e-01, 4.15300241e-02, 9.08803469e-01, 9.34137949e-02, 8.64563698e-01, 9.79881427e-02, 3.17669709e+00, 7.13513959e+01
1.02811087e-01, 4.25011238e-02, 9.06773618e-01, 9.55425403e-02, 8.62434953e-01, 1.00333123e-01, 3.17435211e+00, 7.14404341e+01
1.05334724e-01, 4.34938135e-02, 9.04703325e-01, 9.77158650e-02, 8.60261628e-01, 1.02732631e-01, 3.17195261e+00, 7.15319555e+01
1.07920306e-01, 4.45085223e-02, 9.02591995e-01, 9.99345167e-02, 8.58042977e-01, 1.05187850e-01, 3.16949739e+00, 7.16260358e+01
1.10569355e-01, 4.55456855e-02, 9.00439036e-01, 1.02199246e-01, 8.55778247e-01, 1.07699988e-01, 3.16698525e+00, 7.17227530e+01
1.13283429e-01, 4.66057447e-02, 8.98243856e-01, 1.04510808e-01, 8.53466685e-01, 1.10270273e-01, 3.16441496e+00, 7.18221879e+01
1.16064123e-01, 4.76891475e-02, 8.96005865e-01, 1.06869959e-01, 8.51107534e-01, 1.12899954e-01, 3.16178528e+00, 7.19244239e+01
1.18913073e-01, 4.87963480e-02, 8.93724476e-01, 1.09277457e-01, 8.48700036e-01, 1.15590303e-01, 3.15909493e+00, 7.20295475e+01
1.21831954e-01, 4.99278063e-02, 8.91399105e-01, 1.11734063e-01, 8.46243430e-01, 1.18342615e-01, 3.15634262e+00, 7.21376481e+01
1.24822483e-01, 5.10839886e-02, 8.89029171e-01, 1.14240537e-01, 8.43736956e-01, 1.21158203e-01, 3.15352703e+00, 7.22488179e+01
1.27886419e-01, 5.22653673e-02, 8.86614098e-01, 1.16797641e-01, 8.41179852e-01, 1.24038405e-01, 3.15064683e+00, 7.23631527e+01
1.31025563e-01, 5.34724209e-02, 8.84153314e-01, 1.19406134e-01, 8.38571359e-01, 1.26984580e-01, 3.14770066e+00, 7.24807515e+01
1.34241762e-01, 5.47056336e-02, 8.81646254e-01, 1.22066777e-01, 8.35910716e-01, 1.29998111e-01, 3.14468713e+00, 7.26017165e+01
1.37536906e-01, 5.59654959e-02, 8.79092357e-01, 1.24780326e-01, 8.33197167e-01, 1.33080398e-01, 3.14160484e+00, 7.27261538e+01
1.40912935e-01, 5.72525038e-02, 8.76491071e-01, 1.27547535e-01, 8.30429958e-01, 1.36232869e-01, 3.13845237e+00, 7.28541731e+01
1.44371832e-01, 5.85671594e-02, 8.73841851e-01, 1.30369157e-01, 8.27608337e-01, 1.39456969e-01, 3.13522827e+00, 7.29858879e+01
1.47915633e-01, 5.99099704e-02, 8.71144160e-01, 1.33245936e-01, 8.24731557e-01, 1.42754167e-01, 3.13193107e+00, 7.31214157e+01
1.51546421e-01, 6.12814499e-02, 8.68397471e-01, 1.36178614e-01, 8.21798879e-01, 1.46125954e-01, 3.12855928e+00, 7.32608784e+01
1.55266332e-01, 6.26821168e-02, 8.65601267e-01, 1.39167925e-01, 8.18809568e-01, 1.49573840e-01, 3.12511140e+00, 7.34044018e+01
1.59077553e-01, 6.41124951e-02, 8.62755040e-01, 1.42214598e-01, 8.15762895e-01, 1.53099358e-01, 3.12158588e+00, 7.35521167e+01
1.62982325e-01, 6.55731144e-02, 8.59858296e-01, 1.45319350e-01, 8.12658143e-01, 1.56704063e-01, 3.11798117e+00, 7.37041581e+01
1.66982945e-01, 6.70645092e-02, 8.56910552e-01, 1.48482891e-01, 8.09494602e-01, 1.60389528e-01, 3.11429571e+00, 7.38606661e+01
1.71081766e-01, 6.85872191e-02, 8.53911340e-01, 1.51705921e-01, 8.06271572e-01, 1.64157348e-01, 3.11052789e+00, 7.40217857e+01
1.75281198e-01, 7.01417886e-02, 8.50860204e-01, 1.54989126e-01, 8.02988367e-01, 1.68009137e-01, 3.10667610e+00, 7.41876673e+01
1.79583711e-01, 7.17287667e-02, 8.47756705e-01, 1.58333182e-01, 7.99644311e-01, 1.71946529e-01, 3.10273871e+00, 7.43584666e+01
1.83991835e-01, 7.33487074e-02, 8.44600419e-01, 1.61738748e-01, 7.96238746e-01, 1.75971177e-01, 3.09871406e+00, 7.45343448e+01
1.88508162e-01, 7.50021685e-02, 8.41390940e-01, 1.65206469e-01, 7.92771025e-01, 1.80084753e-01, 3.09460048e+00, 7.47154694e+01
1.93135348e-01, 7.66897124e-02, 8.38127880e-01, 1.68736973e-01, 7.89240520e-01, 1.84288946e-01, 3.09039629e+00, 7.49020134e+01
1.97876115e-01, 7.84119054e-02, 8.34810869e-01, 1.72330871e-01, 7.85646623e-01, 1.88585462e-01, 3.08609977e+00, 7.50941566e+01
2.02733250e-01, 8.01693175e-02, 8.31439556e-01, 1.75988752e-01, 7.81988741e-01, 1.92976024e-01, 3.08170921e+00, 7.52920851e+01
2.07709611e-01, 8.19625223e-02, 8.28013615e-01, 1.79711186e-01, 7.78266307e-01, 1.97462371e-01, 3.07722286e+00, 7.54959920e+01
2.12808122e-01, 8.37920968e-02, 8.24532737e-01, 1.83498721e-01, 7.74478772e-01, 2.02046257e-01, 3.07263898e+00, 7.57060772e+01
2.18031784e-01, 8.56586211e-02, 8.20996638e-01, 1.87351878e-01, 7.70625615e-01, 2.06729450e-01, 3.06795579e+00, 7.59225483e+01
2.23383667e-01, 8.75626781e-02, 8.17405060e-01, 1.91271155e-01, 7.66706338e-01, 2.11513729e-01, 3.06317151e+00, 7.61456203e+01
2.28866920e-01, 8.95048534e-02, 8.13757767e-01, 1.95257022e-01, 7.62720471e-01, 2.16400888e-01, 3.05828435e+00, 7.63755163e+01
2.34484766e-01, 9.14857349e-02, 8.10054549e-01, 1.99309920e-01, 7.58667573e-01, 2.21392729e-01, 3.05329251e+00, 7.66124674e+01
2.40240510e-01, 9.35059125e-02, 8.06295224e-01, 2.03430259e-01, 7.54547234e-01, 2.26491067e-01, 3.04819417e+00, 7.68567136e+01
2.46137536e-01, 9.55659780e-02, 8.02479639e-01, 2.07618417e-01, 7.50359076e-01, 2.31697723e-01, 3.04298751e+00, 7.71085035e+01
2.52179313e-01, 9.76665246e-02, 7.98607667e-01, 2.11874738e-01, 7.46102755e-01, 2.37014524e-01, 3.03767071e+00, 7.73680950e+01
2.58369393e-01, 9.98081466e-02, 7.94679214e-01, 2.16199529e-01, 7.41777964e-01, 2.42443305e-01, 3.03224193e+00, 7.76357557e+01
2.64711418e-01, 1.01991439e-01, 7.90694214e-01, 2.20593061e-01, 7.37384433e-01, 2.47985903e-01, 3.02669933e+00, 7.79117631e+01
2.71209115e-01, 1.04216998e-01, 7.86652635e-01, 2.25055563e-01, 7.32921930e-01, 2.53644157e-01, 3.02104108e+00, 7.81964050e+01
2.77866308e-01, 1.06485420e-01, 7.82554477e-01, 2.29587225e-01, 7.28390268e-01, 2.59419909e-01, 3.01526533e+00, 7.84899799e+01
2.84686910e-01, 1.08797299e-01, 7.78399774e-01, 2.34188193e-01, 7.23789300e-01, 2.65314997e-01, 3.00937024e+00, 7.87927975e+01
2.91674933e-01, 1.11153231e-01, 7.74188594e-01, 2.38858566e-01, 7.19118927e-01, 2.71331257e-01, 3.00335398e+00, 7.91051789e+01
2.98834486e-01, 1.13553811e-01, 7.69921041e-01, 2.43598397e-01, 7.14379096e-01, 2.77470519e-01, 2.99721472e+00, 7.94274575e+01
3.06169781e-01, 1.15999632e-01, 7.65597256e-01, 2.48407691e-01, 7.09569803e-01, 2.83734605e-01, 2.99095063e+00, 7.97599788e+01
3.13685130e-01, 1.18491284e-01, 7.61217416e-01, 2.53286399e-01, 7.04691094e-01, 2.90125328e-01, 2.98455991e+00, 8.01031014e+01
3.21384953e-01, 1.21029357e-01, 7.56781737e-01, 2.58234422e-01, 6.99743071e-01, 2.96644490e-01, 2.97804075e+00, 8.04571973e+01
3.29273779e-01, 1.23614438e-01, 7.52290473e-01, 2.63251605e-01, 6.94725888e-01, 3.03293875e-01, 2.97139136e+00, 8.08226522e+01
3.37356246e-01, 1.26247111e-01, 7.47743918e-01, 2.68337735e-01, 6.89639758e-01, 3.10075252e-01, 2.96460998e+00, 8.11998665e+01
3.45637109e-01, 1.28927955e-01, 7.43142407e-01, 2.73492543e-01, 6.84484950e-01, 3.16990370e-01, 2.95769487e+00, 8.15892553e+01
3.54121237e-01, 1.31657549e-01, 7.38486313e-01, 2.78715696e-01, 6.79261797e-01, 3.24040955e-01, 2.95064428e+00, 8.19912493e+01
3.62813619e-01, 1.34436465e-01, 7.33776054e-01, 2.84006803e-01, 6.73970690e-01, 3.31228707e-01, 2.94345653e+00, 8.24062952e+01
3.71719367e-01, 1.37265270e-01, 7.29012088e-01, 2.89365405e-01, 6.68612088e-01, 3.38555297e-01, 2.93612994e+00, 8.28348563e+01
3.80843719e-01, 1.40144529e-01, 7.24194915e-01, 2.94790979e-01, 6.63186514e-01, 3.46022366e-01, 2.92866287e+00, 8.32774132e+01
3.90192040e-01, 1.43074797e-01, 7.19325080e-01, 3.00282935e-01, 6.57694558e-01, 3.53631517e-01, 2.92105372e+00, 8.37344645e+01
3.99769828e-01, 1.46056628e-01, 7.14403168e-01, 3.05840614e-01, 6.52136880e-01, 3.61384317e-01, 2.91330092e+00, 8.42065269e+01
4.09582716e-01, 1.49090566e-01, 7.09429811e-01, 3.11463284e-01, 6.46514209e-01, 3.69282290e-01, 2.90540295e+00, 8.46941367e+01
4.19636475e-01, 1.52177149e-01, 7.04405683e-01, 3.17150145e-01, 6.40827348e-01, 3.77326917e-01, 2.89735832e+00, 8.51978498e+01
4.29937016e-01, 1.55316909e-01, 6.99331501e-01, 3.22900322e-01, 6.35077171e-01, 3.85519626e-01, 2.88916561e+00, 8.57182428e+01
4.40490399e-01, 1.58510368e-01, 6.94208029e-01, 3.28712864e-01, 6.29264629e-01, 3.93861797e-01, 2.88082344e+00, 8.62559134e+01
4.51302828e-01, 1.61758041e-01, 6.89036072e-01, 3.34586747e-01, 6.23390746e-01, 4.02354751e-01, 2.87233049e+00, 8.68114813e+01
4.62380662e-01, 1.65060436e-01, 6.83816482e-01, 3.40520869e-01, 6.17456624e-01, 4.10999749e-01, 2.86368549e+00, 8.73855893e+01
4.73730418e-01, 1.68418047e-01, 6.78550153e-01, 3.46514051e-01, 6.11463443e-01, 4.19797991e-01, 2.85488725e+00, 8.79789034e+01
4.85358768e-01, 1.71831364e-01, 6.73238023e-01, 3.52565035e-01, 6.05412458e-01, 4.28750606e-01, 2.84593463e+00, 8.85921141e+01
4.97272551e-01, 1.75300863e-01, 6.67881074e-01, 3.58672487e-01, 5.99305006e-01, 4.37858652e-01, 2.83682658e+00, 8.92259371e+01
5.09478775e-01, 1.78827011e-01, 6.62480332e-01, 3.64834991e-01, 5.93142502e-01, 4.47123114e-01, 2.82756212e+00, 8.98811142e+01
5.21984616e-01, 1.82410263e-01, 6.57036864e-01, 3.71051053e-01, 5.86926440e-01, 4.56544895e-01, 2.81814034e+00, 9.05584142e+01
5.34797431e-01, 1.86051064e-01, 6.51551781e-01, 3.77319101e-01, 5.80658392e-01, 4.66124815e-01, 2.80856042e+00, 9.12586335e+01
5.47924753e-01, 1.89749845e-01, 6.46026235e-01, 3.83637481e-01, 5.74340012e-01, 4.75863606e-01, 2.79882163e+00, 9.19825976e+01
5.61374303e-01, 1.93507027e-01, 6.40461418e-01, 3.90004462e-01, 5.67973031e-01, 4.85761912e-01, 2.78892332e+00, 9.27311616e+01
5.75153990e-01, 1.97323018e-01, 6.34858564e-01, 3.96418236e-01, 5.61559257e-01, 4.95820277e-01, 2.77886496e+00, 9.35052111e+01
5.89271918e-01, 2.01198210e-01, 6.29218945e-01, 4.02876915e-01, 5.55100578e-01, 5.06039150e-01, 2.76864609e+00, 9.43056638e+01
6.03736390e-01, 2.05132984e-01, 6.23543873e-01, 4.09378536e-01, 5.48598957e-01, 5.16418875e-01, 2.75826636e+00, 9.51334699e+01
6.18555911e-01, 2.09127706e-01, 6.17834696e-01, 4.15921061e-01, 5.42056432e-01, 5.26959692e-01, 2.74772554e+00, 9.59896136e+01
6.33739198e-01, 2.13182729e-01, 6.12092800e-01, 4.22502377e-01, 5.35475116e-01, 5.37661730e-01, 2.73702351e+00, 9.68751139e+01
6.49295179e-01, 2.17298389e-01, 6.06319604e-01, 4.29120301e-01, 5.28857192e-01, 5.48525003e-01, 2.72616023e+00, 9.77910260e+01
6.65233002e-01, 2.21475009e-01, 6.00516564e-01, 4.35772577e-01, 5.22204916e-01, 5.59549411e-01, 2.71513582e+00, 9.87384422e+01
6.81562041e-01, 2.25712895e-01, 5.94685165e-01, 4.42456884e-01, 5.15520609e-01, 5.70734736e-01, 2.70395050e+00, 9.97184933e+01
6.98291897e-01, 2.30012338e-01, 5.88826928e-01, 4.49170834e-01, 5.08806659e-01, 5.82080633e-01, 2.69260460e+00, 1.00732350e+02
7.15432411e-01, 2.34373611e-01, 5.82943399e-01, 4.55911976e-01, 5.02065518e-01, 5.93586636e-01, 2.68109860e+00, 1.01781223e+02
7.32993662e-01, 2.38796974e-01, 5.77036156e-01, 4.62677799e-01, 4.95299695e-01, 6.05252151e-01, 2.66943309e+00, 1.02866366e+02
7.50985977e-01, 2.43282668e-01, 5.71106801e-01, 4.69465735e-01, 4.88511758e-01, 6.17076452e-01, 2.65760878e+00, 1.03989077e+02
7.69419937e-01, 2.47830916e-01, 5.65156964e-01, 4.76273165e-01, 4.81704329e-01, 6.29058683e-01, 2.64562655e+00, 1.05150697e+02
7.88306384e-01, 2.52441927e-01, 5.59188296e-01, 4.83097416e-01, 4.74880077e-01, 6.41197856e-01, 2.63348738e+00, 1.06352615e+02
8.07656425e-01, 2.57115889e-01, 5.53202471e-01, 4.89935772e-01, 4.68041722e-01, 6.53492846e-01, 2.62119239e+00, 1.07596268e+02
8.27481438e-01, 2.61852974e-01, 5.47201180e-01, 4.96785473e-01, 4.61192020e-01, 6.65942392e-01, 2.60874284e+00, 1.08883141e+02
8.47793082e-01, 2.66653337e-01, 5.41186137e-01, 5.03643724e-01, 4.54333770e-01, 6.78545100e-01, 2.59614014e+00, 1.10214771e+02
8.68603304e-01, 2.71517112e-01, 5.35159067e-01, 5.10507693e-01, 4.47469801e-01, 6.91299433e-01, 2.58338580e+00, 1.11592747e+02
8.89924340e-01, 2.76444418e-01, 5.29121711e-01, 5.17374521e-01, 4.40602972e-01, 7.04203722e-01, 2.57048151e+00, 1.13018713e+02
9.11768729e-01, 2.81435354e-01, 5.23075822e-01, 5.24241326e-01, 4.33736167e-01, 7.17256159e-01, 2.55742908e+00, 1.14494369e+02
9.34149319e-01, 2.86489999e-01, 5.17023164e-01, 5.31105205e-01, 4.26872288e-01, 7.30454799e-01, 2.54423044e+00, 1.16021472e+02
9.57079270e-01, 2.91608417e-01, 5.10965506e-01, 5.37963242e-01, 4.20014251e-01, 7.43797561e-01, 2.53088767e+00, 1.17601840e+02
9.80572068e-01, 2.96790650e-01, 5.04904626e-01, 5.44812511e-01, 4.13164982e-01, 7.57282233e-01, 2.51740300e+00, 1.19237351e+02
1.00464153e+00, 3.02036723e-01, 4.98842305e-01, 5.51650083e-01, 4.06327410e-01, 7.70906466e-01, 2.50377877e+00, 1.20929949e+02
1.02930180e+00, 3.07346642e-01, 4.92780324e-01, 5.58473030e-01, 3.99504464e-01, 7.84667783e-01, 2.49001745e+00, 1.22681640e+02
1.05456740e+00, 3.12720393e-01, 4.86720464e-01, 5.65278430e-01, 3.92699063e-01, 7.98563578e-01, 2.47612166e+00, 1.24494503e+02
1.08045318e+00, 3.18157946e-01, 4.80664507e-01, 5.72063376e-01, 3.85914117e-01, 8.12591121e-01, 2.46209412e+00, 1.26370683e+02
1.10697435e+00, 3.23659249e-01, 4.74614225e-01, 5.78824975e-01, 3.79152518e-01, 8.26747557e-01, 2.44793768e+00, 1.28312399e+02
1.13414653e+00, 3.29224234e-01, 4.68571388e-01, 5.85560359e-01, 3.72417134e-01, 8.41029913e-01, 2.43365532e+00, 1.30321946e+02
1.16198568e+00, 3.34852813e-01, 4.62537754e-01, 5.92266687e-01, 3.65710806e-01, 8.55435102e-01, 2.41925013e+00, 1.32401695e+02
1.19050818e+00, 3.40544879e-01, 4.56515072e-01, 5.98941153e-01, 3.59036340e-01, 8.69959924e-01, 2.40472531e+00, 1.34554098e+02
1.21973080e+00, 3.46300309e-01, 4.50505078e-01, 6.05580988e-01, 3.52396505e-01, 8.84601073e-01, 2.39008416e+00, 1.36781688e+02
1.24967074e+00, 3.52118959e-01, 4.44509494e-01, 6.12183466e-01, 3.45794027e-01, 8.99355140e-01, 2.37533010e+00, 1.39087088e+02
1.28034559e+00, 3.58000669e-01, 4.38530022e-01, 6.18745911e-01, 3.39231582e-01, 9.14218619e-01, 2.36046662e+00, 1.41473005e+02
1.31177339e+00, 3.63945260e-01, 4.32568350e-01, 6.25265699e-01, 3.32711794e-01, 9.29187912e-01, 2.34549732e+00, 1.43942241e+02
1.34397263e+00, 3.69952536e-01, 4.26626142e-01, 6.31740265e-01, 3.26237228e-01, 9.44259333e-01, 2.33042590e+00, 1.46497692e+02
1.37696225e+00, 3.76022284e-01, 4.20705041e-01, 6.38167105e-01, 3.19810389e-01, 9.59429115e-01, 2.31525612e+00, 1.49142352e+02
1.41076164e+00, 3.82154272e-01, 4.14806667e-01, 6.44543781e-01, 3.13433712e-01, 9.74693417e-01, 2.29999182e+00, 1.51879316e+02
1.44539068e+00, 3.88348252e-01, 4.08932613e-01, 6.50867926e-01, 3.07109567e-01, 9.90048327e-01, 2.28463691e+00, 1.54711788e+02
1.48086974e+00, 3.94603961e-01, 4.03084445e-01, 6.57137248e-01, 3.00840245e-01, 1.00548987e+00, 2.26919537e+00, 1.57643078e+02
1.51721968e+00, 4.00921118e-01, 3.97263699e-01, 6.63349530e-01, 2.94627963e-01, 1.02101401e+00, 2.25367123e+00, 1.60676610e+02
1.55446187e+00, 4.07299425e-01, 3.91471883e-01, 6.69502638e-01, 2.88474855e-01, 1.03661666e+00, 2.23806858e+00, 1.63815926e+02
1.59261823e+00, 4.13738570e-01, 3.85710472e-01, 6.75594520e-01, 2.82382973e-01, 1.05229369e+00, 2.22239154e+00, 1.67064689e+02
1.63171119e+00, 4.20238226e-01, 3.79980906e-01, 6.81623211e-01, 2.76354282e-01, 1.06804094e+00, 2.20664429e+00, 1.70426689e+02
1.67176373e+00, 4.26798050e-01, 3.74284593e-01, 6.87586834e-01, 2.70390659e-01, 1.08385420e+00, 2.19083103e+00, 1.73905846e+02
1.71279942e+00, 4.33417684e-01, 3.68622904e-01, 6.93483604e-01, 2.64493889e-01, 1.09972925e+00, 2.17495599e+00, 1.77506216e+02
1.75484238e+00, 4.40096756e-01, 3.62997174e-01, 6.99311827e-01, 2.58665666e-01, 1.11566183e+00, 2.15902341e+00, 1.81231995e+02
1.79791735e+00, 4.46834881e-01, 3.57408699e-01, 7.05069904e-01, 2.52907590e-01, 1.13164768e+00, 2.14303756e+00, 1.85087525e+02
1.84204965e+00, 4.53631661e-01, 3.51858737e-01, 7.10756330e-01, 2.47221164e-01, 1.14768253e+00, 2.12700270e+00, 1.89077298e+02
1.88726524e+00, 4.60486682e-01, 3.46348506e-01, 7.16369697e-01, 2.41607796e-01, 1.16376212e+00, 2.11092312e+00, 1.93205966e+02
1.93359070e+00, 4.67399520e-01, 3.40879183e-01, 7.21908695e-01, 2.36068798e-01, 1.17988216e+00, 2.09480307e+00, 1.97478341e+02
1.98105328e+00, 4.74369739e-01, 3.35451904e-01, 7.27372108e-01, 2.30605385e-01, 1.19603841e+00, 2.07864683e+00, 2.01899405e+02
2.02968090e+00, 4.81396889e-01, 3.30067764e-01, 7.32758821e-01, 2.25218673e-01, 1.21222661e+00, 2.06245862e+00, 2.06474313e+02
2.07950215e+00, 4.88480511e-01, 3.24727814e-01, 7.38067811e-01, 2.19909682e-01, 1.22844255e+00, 2.04624268e+00, 2.11208405e+02
2.13054632e+00, 4.95620134e-01, 3.19433063e-01, 7.43298157e-01, 2.14679336e-01, 1.24468203e+00, 2.03000321e+00, 2.16107207e+02
2.18284345e+00, 5.02815278e-01, 3.14184476e-01, 7.48449031e-01, 2.09528462e-01, 1.26094087e+00, 2.01374436e+00, 2.21176442e+02
2.23642428e+00, 5.10065450e-01, 3.08982975e-01, 7.53519699e-01, 2.04457795e-01, 1.27721495e+00, 1.99747029e+00, 2.26422035e+02
2.29132032e+00, 5.17370151e-01, 3.03829437e-01, 7.58509522e-01, 1.99467971e-01, 1.29350017e+00, 1.98118506e+00, 2.31850122e+02
2.34756385e+00, 5.24728870e-01, 2.98724698e-01, 7.63417954e-01, 1.94559539e-01, 1.30979249e+00, 1.96489275e+00, 2.37467057e+02
2.40518797e+00, 5.32141090e-01, 2.93669545e-01, 7.68244539e-01, 1.89732954e-01, 1.32608790e+00, 1.94859734e+00, 2.43279423e+02
2.46422654e+00, 5.39606284e-01, 2.88664725e-01, 7.72988910e-01, 1.84988583e-01, 1.34238245e+00, 1.93230278e+00, 2.49294036e+02
2.52471429e+00, 5.47123920e-01, 2.83710938e-01, 7.77650788e-01, 1.80326705e-01, 1.35867226e+00, 1.91601298e+00, 2.55517957e+02
2.58668680e+00, 5.54693455e-01, 2.78808844e-01, 7.82229978e-01, 1.75747515e-01, 1.37495349e+00, 1.89973175e+00, 2.61958500e+02
2.65018051e+00, 5.62314341e-01, 2.73959054e-01, 7.86726368e-01, 1.71251125e-01, 1.39122236e+00, 1.88346287e+00, 2.68623243e+02
2.71523275e+00, 5.69986027e-01, 2.69162141e-01, 7.91139929e-01, 1.66837565e-01, 1.40747518e+00, 1.86721006e+00, 2.75520037e+02
2.78188179e+00, 5.77707950e-01, 2.64418630e-01, 7.95470706e-01, 1.62506787e-01, 1.42370830e+00, 1.85097693e+00, 2.82657015e+02
2.85016682e+00, 5.85479547e-01, 2.59729006e-01, 7.99718823e-01, 1.58258671e-01, 1.43991817e+00, 1.83476707e+00, 2.90042604e+02
2.92012800e+00, 5.93300247e-01, 2.55093711e-01, 8.03884475e-01, 1.54093019e-01, 1.45610127e+00, 1.81858397e+00, 2.97685537e+02
2.99180647e+00, 6.01169477e-01, 2.50513147e-01, 8.07967927e-01, 1.50009566e-01, 1.47225419e+00, 1.80243104e+00, 3.05594862e+02
3.06524438e+00, 6.09086658e-01, 2.45987672e-01, 8.11969515e-01, 1.46007979e-01, 1.48837359e+00, 1.78631164e+00, 3.13779957e+02
3.14048492e+00, 6.17051208e-01, 2.41517604e-01, 8.15889634e-01, 1.42087859e-01, 1.50445621e+00, 1.77022903e+00, 3.22250538e+02
3.21757235e+00, 6.25062541e-01, 2.37103224e-01, 8.19728745e-01, 1.38248748e-01, 1.52049885e+00, 1.75418639e+00, 3.31016678e+02
3.29655199e+00, 6.33120071e-01, 2.32744769e-01, 8.23487366e-01, 1.34490127e-01, 1.53649840e+00, 1.73818683e+00, 3.40088812e+02
3.37747029e+00, 6.41223207e-01, 2.28442441e-01, 8.27166072e-01, 1.30811422e-01, 1.55245185e+00, 1.72223339e+00, 3.49477760e+02
3.46037484e+00, 6.49371357e-01, 2.24196404e-01, 8.30765490e-01, 1.27212004e-01, 1.56835625e+00, 1.70632899e+00, 3.59194733e+02
3.54531439e+00, 6.57563928e-01, 2.20006784e-01, 8.34286297e-01, 1.23691196e-01, 1.58420874e+00, 1.69047649e+00, 3.69251353e+02
3.63233890e+00, 6.65800325e-01, 2.15873670e-01, 8.37729220e-01, 1.20248274e-01, 1.60000655e+00, 1.67467869e+00, 3.79659666e+02
3.72149955e+00, 6.74079952e-01, 2.11797119e-01, 8.41095026e-01, 1.16882467e-01, 1.61574698e+00, 1.65893826e+00, 3.90432160e+02
3.81284876e+00, 6.82402214e-01, 2.07777150e-01, 8.44384528e-01, 1.13592966e-01, 1.63142742e+00, 1.64325782e+00, 4.01581778e+02
3.90644026e+00, 6.90766515e-01, 2.03813752e-01, 8.47598574e-01, 1.10378919e-01, 1.64704535e+00, 1.62763989e+00, 4.13121938e+02
4.00232909e+00, 6.99172259e-01, 1.99906880e-01, 8.50738051e-01, 1.07239442e-01, 1.66259833e+00, 1.61208691e+00, 4.25066549e+02
4.10057164e+00, 7.07618851e-01, 1.96056456e-01, 8.53803878e-01, 1.04173615e-01, 1.67808399e+00, 1.59660125e+00, 4.37430031e+02
4.20122568e+00, 7.16105698e-01, 1.92262375e-01, 8.56797005e-01, 1.01180488e-01, 1.69350007e+00, 1.58118517e+00, 4.50227332e+02
4.30435041e+00, 7.24632207e-01, 1.88524498e-01, 8.59718410e-01, 9.82590833e-02, 1.70884437e+00, 1.56584087e+00, 4.63473949e+02
4.41000648e+00, 7.33197786e-01, 1.84842662e-01, 8.62569097e-01, 9.54083966e-02, 1.72411478e+00, 1.55057046e+00, 4.77185949e+02
4.51825602e+00, 7.41801846e-01, 1.81216674e-01, 8.65350092e-01, 9.26274013e-02, 1.73930927e+00, 1.53537596e+00, 4.91379988e+02
4.62916269e+00, 7.50443801e-01, 1.77646313e-01, 8.68062444e-01, 8.99150495e-02, 1.75442589e+00, 1.52025934e+00, 5.06073335e+02
4.74279172e+00, 7.59123065e-01, 1.74131337e-01, 8.70707218e-01, 8.72702750e-02, 1.76946278e+00, 1.50522246e+00, 5.21283893e+02
4.85920992e+00, 7.67839058e-01, 1.70671475e-01, 8.73285498e-01, 8.46919952e-02, 1.78441814e+00, 1.49026710e+00, 5.37030225e+02
4.97848576e+00, 7.76591199e-01, 1.67266435e-01, 8.75798380e-01, 8.21791133e-02, 1.79929025e+00, 1.47539498e+00, 5.53331576e+02
5.10068939e+00, 7.85378914e-01, 1.63915901e-01, 8.78246973e-01, 7.97305205e-02, 1.81407749e+00, 1.46060775e+00, 5.70207899e+02
5.22589267e+00, 7.94201629e-01, 1.60619537e-01, 8.80632395e-01, 7.73450979e-02, 1.82877829e+00, 1.44590695e+00, 5.87679882e+02
5.35416923e+00, 8.03058777e-01, 1.57376986e-01, 8.82955775e-01, 7.50217183e-02, 1.84339116e+00, 1.43129408e+00, 6.05768976e+02
5.48559451e+00, 8.11949793e-01, 1.54187869e-01, 8.85218245e-01, 7.27592483e-02, 1.85791468e+00, 1.41677055e+00, 6.24497419e+02
5.62024581e+00, 8.20874115e-01, 1.51051793e-01, 8.87420944e-01, 7.05565496e-02, 1.87234753e+00, 1.40233771e+00, 6.43888272e+02
5.75820230e+00, 8.29831188e-01, 1.47968344e-01, 8.89565012e-01, 6.84124812e-02, 1.88668842e+00, 1.38799682e+00, 6.63965444e+02
5.89954512e+00, 8.38820459e-01, 1.44937091e-01, 8.91651593e-01, 6.63259005e-02, 1.90093615e+00, 1.37374909e+00, 6.84753724e+02
6.04435738e+00, 8.47841381e-01, 1.41957590e-01, 8.93681828e-01, 6.42956651e-02, 1.91508958e+00, 1.35959565e+00, 7.06278818e+02
6.19272426e+00, 8.56893412e-01, 1.39029381e-01, 8.95656859e-01, 6.23206340e-02, 1.92914766e+00, 1.34553758e+00, 7.28567376e+02
6.34473301e+00, 8.65976013e-01, 1.36151988e-01, 8.97577824e-01, 6.03996693e-02, 1.94310936e+00, 1.33157588e+00, 7.51647034e+02
6.50047301e+00, 8.75088653e-01, 1.33324925e-01, 8.99445856e-01, 5.85316369e-02, 1.95697375e+00, 1.31771148e+00, 7.75546445e+02
6.66003586e+00, 8.84230803e-01, 1.30547692e-01, 9.01262085e-01, 5.67154084e-02, 1.97073996e+00, 1.30394527e+00, 8.00295320e+02
6.82351540e+00, 8.93401942e-01, 1.27819778e-01, 9.03027632e-01, 5.49498615e-02, 1.98440716e+00, 1.29027807e+00, 8.25924467e+02
6.99100776e+00, 9.02601552e-01, 1.25140662e-01, 9.04743612e-01, 5.32338816e-02, 1.99797460e+00, 1.27671064e+00, 8.52465827e+02
7.16261145e+00, 9.11829124e-01, 1.22509813e-01, 9.06411131e-01, 5.15663626e-02, 2.01144157e+00, 1.26324367e+00, 8.79952524e+02
7.33842738e+00, 9.21084151e-01, 1.19926691e-01, 9.08031286e-01, 4.99462076e-02, 2.02480743e+00, 1.24987781e+00, 9.08418901e+02
7.51855895e+00, 9.30366133e-01, 1.17390747e-01, 9.09605163e-01, 4.83723300e-02, 2.03807159e+00, 1.23661365e+00, 9.37900570e+02
7.70311209e+00, 9.39674577e-01, 1.14901427e-01, 9.11133839e-01, 4.68436543e-02, 2.05123350e+00, 1.22345173e+00, 9.68434458e+02
7.89219533e+00, 9.49008994e-01, 1.12458168e-01, 9.12618377e-01, 4.53591167e-02, 2.06429270e+00, 1.21039254e+00, 1.00005885e+03
8.08591988e+00, 9.58368903e-01, 1.10060403e-01, 9.14059827e-01, 4.39176657e-02, 2.07724873e+00, 1.19743650e+00, 1.03281346e+03
8.28439965e+00, 9.67753827e-01, 1.07707556e-01, 9.15459230e-01, 4.25182630e-02, 2.09010122e+00, 1.18458401e+00, 1.06673944e+03
8.48775138e+00, 9.77163296e-01, 1.05399052e-01, 9.16817610e-01, 4.11598836e-02, 2.10284983e+00, 1.17183541e+00, 1.10187949e+03
8.69609466e+00, 9.86596847e-01, 1.03134307e-01, 9.18135976e-01, 3.98415168e-02, 2.11549426e+00, 1.15919098e+00, 1.13827788e+03
8.90955199e+00, 9.96054021e-01, 1.00912736e-01, 9.19415327e-01, 3.85621664e-02, 2.12803427e+00, 1.14665097e+00, 1.17598049e+03
9.12824893e+00, 1.00553437e+00, 9.87337502e-02, 9.20656642e-01, 3.73208508e-02, 2.14046965e+00, 1.13421558e+00, 1.21503492e+03
9.35231407e+00, 1.01503744e+00, 9.65967602e-02, 9.21860889e-01, 3.61166040e-02, 2.15280025e+00, 1.12188499e+00, 1.25549053e+03
9.58187920e+00, 1.02456280e+00, 9.45011733e-02, 9.23029018e-01, 3.49484756e-02, 2.16502594e+00, 1.10965930e+00, 1.29739850e+03
9.81707931e+00, 1.03411001e+00, 9.24463963e-02, 9.24161962e-01, 3.38155307e-02, 2.17714664e+00, 1.09753860e+00, 1.34081187e+03
1.00580527e+01, 1.04367866e+00, 9.04318351e-02, 9.25260642e-01, 3.27168509e-02, 2.18916231e+00, 1.08552293e+00, 1.38578568e+03
1.03049411e+01, 1.05326831e+00, 8.84568957e-02, 9.26325959e-01, 3.16515338e-02, 2.20107294e+00, 1.07361229e+00, 1.43237699e+03
1.05578898e+01, 1.06287855e+00, 8.65209842e-02, 9.27358800e-01, 3.06186934e-02, 2.21287857e+00, 1.06180667e+00, 1.48064496e+03
1.08170474e+01, 1.07250898e+00, 8.46235076e-02, 9.28360033e-01, 2.96174606e-02, 2.22457925e+00, 1.05010599e+00, 1.53065094e+03
1.10825664e+01, 1.08215919e+00, 8.27638740e-02, 9.29330511e-01, 2.86469825e-02, 2.23617508e+00, 1.03851016e+00, 1.58245854e+03
1.13546029e+01, 1.09182879e+00, 8.09414929e-02, 9.30271070e-01, 2.77064233e-02, 2.24766620e+00, 1.02701904e+00, 1.63613373e+03
1.16333169e+01, 1.10151739e+00, 7.91557761e-02, 9.31182529e-01, 2.67949637e-02, 2.25905275e+00, 1.01563248e+00, 1.69174492e+03
1.19188723e+01, 1.11122460e+00, 7.74061373e-02, 9.32065692e-01, 2.59118013e-02, 2.27033495e+00, 1.00435029e+00, 1.74936304e+03
1.22114370e+01, 1.12095006e+00, 7.56919932e-02, 9.32921343e-01, 2.50561503e-02, 2.28151299e+00, 9.93172243e-01, 1.80906165e+03
1.25111831e+01, 1.13069338e+00, 7.40127633e-02, 9.33750251e-01, 2.42272417e-02, 2.29258714e+00, 9.82098099e-01, 1.87091700e+03
1.28182870e+01, 1.14045421e+00, 7.23678704e-02, 9.34553170e-01, 2.34243232e-02, 2.30355765e+00, 9.71127584e-01, 1.93500819e+03
1.31329291e+01, 1.15023218e+00, 7.07567410e-02, 9.35330834e-01, 2.26466588e-02, 2.31442484e+00, 9.60260399e-01, 2.00141724e+03
1.34552945e+01, 1.16002694e+00, 6.91788052e-02, 9.36083964e-01, 2.18935294e-02, 2.32518901e+00, 9.49496222e-01, 2.07022918e+03
1.37855728e+01, 1.16983815e+00, 6.76334976e-02, 9.36813261e-01, 2.11642317e-02, 2.33585053e+00, 9.38834708e-01, 2.14153220e+03
1.41239582e+01, 1.17966547e+00, 6.61202569e-02, 9.37519414e-01, 2.04580791e-02, 2.34640975e+00, 9.28275486e-01, 2.21541775e+03
1.44706497e+01, 1.18950855e+00, 6.46385264e-02, 9.38203093e-01, 1.97744007e-02, 2.35686707e+00, 9.17818169e-01, 2.29198065e+03
1.48258513e+01, 1.19936708e+00, 6.31877542e-02, 9.38864952e-01, 1.91125416e-02, 2.36722289e+00, 9.07462344e-01, 2.37131923e+03
1.51897717e+01, 1.20924073e+00, 6.17673934e-02, 9.39505630e-01, 1.84718628e-02, 2.37747765e+00, 8.97207582e-01, 2.45353545e+03
1.55626251e+01, 1.21912917e+00, 6.03769024e-02, 9.40125753e-01, 1.78517406e-02, 2.38763180e+00, 8.87053434e-01, 2.53873506e+03
1.59446307e+01, 1.22903211e+00, 5.90157448e-02, 9.40725926e-01, 1.72515667e-02, 2.39768580e+00, 8.76999433e-01, 2.62702769e+03
1.63360131e+01, 1.23894923e+00, 5.76833898e-02, 9.41306745e-01, 1.66707481e-02, 2.40764014e+00, 8.67045096e-01, 2.71852704e+03
1.67370025e+01, 1.24888023e+00, 5.63793122e-02, 9.41868787e-01, 1.61087064e-02, 2.41749532e+00, 8.57189921e-01, 2.81335101e+03
1.71478347e+01, 1.25882482e+00, 5.51029925e-02, 9.42412615e-01, 1.55648782e-02, 2.42725184e+00, 8.47433394e-01, 2.91162186e+03
1.75687514e+01, 1.26878270e+00, 5.38539173e-02, 9.42938779e-01, 1.50387146e-02, 2.43691025e+00, 8.37774985e-01, 3.01346636e+03
1.80000000e+01, 1.27875360e+00, 5.26315789e-02, 9.43447813e-01, 1.45296805e-02, 2.44647109e+00, 8.28214148e-01, 3.11901599e+03
