 --- Cosmological Parameters --- 
	 H0: 2.1791e-18 (1/s) = 67.2400 (km/s/Mpc) 
	 OmegaM: 3.1600e-01 
	 OmegaR: 0.0000e+00 
	 OmegaL: 6.8400e-01 
	 OmegaK: 0.0000e+00 
		 w0: -7.2700e-01 
		 wa: -1.0500e+00 
	 rho_crit: 8.4944e-30 (g/cm^3) 
z, log10(1+z), a, H0*t_look, H0*t_age, H0*t_conf, H0*t_conf_age, H(z) 
1.00000000e-04, 4.34272769e-05, 9.99900010e-01, 9.99912304e-05, 9.43948630e-01, 9.99962298e-05, 3.23456715e+00, 6.72450703e+01
1.02807322e-04, 4.46463579e-05, 9.99897203e-01, 1.02798054e-04, 9.43945823e-01, 1.02803338e-04, 3.23456435e+00, 6.72452126e+01
1.05693455e-04, 4.58996588e-05, 9.99894318e-01, 1.05683659e-04, 9.43942937e-01, 1.05689244e-04, 3.23456146e+00, 6.72453590e+01
1.08660611e-04, 4.71881402e-05, 9.99891351e-01, 1.08650257e-04, 9.43939971e-01, 1.08656160e-04, 3.23455849e+00, 6.72455094e+01
1.11711065e-04, 4.85127895e-05, 9.99888301e-01, 1.11700121e-04, 9.43936921e-01, 1.11706360e-04, 3.23455544e+00, 6.72456641e+01
1.14847155e-04, 4.98746217e-05, 9.99885166e-01, 1.14835588e-04, 9.43933785e-01, 1.14842182e-04, 3.23455231e+00, 6.72458231e+01
1.18071285e-04, 5.12746804e-05, 9.99881943e-01, 1.18059059e-04, 9.43930562e-01, 1.18066029e-04, 3.23454909e+00, 6.72459865e+01
1.21385926e-04, 5.27140387e-05, 9.99878629e-01, 1.21373005e-04, 9.43927248e-01, 1.21380371e-04, 3.23454577e+00, 6.72461546e+01
1.24793621e-04, 5.41937993e-05, 9.99875222e-01, 1.24779964e-04, 9.43923841e-01, 1.24787749e-04, 3.23454236e+00, 6.72463273e+01
1.28296980e-04, 5.57150964e-05, 9.99871719e-01, 1.28282545e-04, 9.43920338e-01, 1.28290774e-04, 3.23453886e+00, 6.72465050e+01
1.31898690e-04, 5.72790956e-05, 9.99868119e-01, 1.31883433e-04, 9.43916737e-01, 1.31892131e-04, 3.23453526e+00, 6.72466876e+01
1.35601511e-04, 5.88869955e-05, 9.99864417e-01, 1.35585386e-04, 9.43913035e-01, 1.35594579e-04, 3.23453156e+00, 6.72468753e+01
1.39408283e-04, 6.05400281e-05, 9.99860611e-01, 1.39391240e-04, 9.43909230e-01, 1.39400956e-04, 3.23452775e+00, 6.72470683e+01
1.43321923e-04, 6.22394601e-05, 9.99856699e-01, 1.43303910e-04, 9.43905317e-01, 1.43314178e-04, 3.23452384e+00, 6.72472667e+01
1.47345431e-04, 6.39865937e-05, 9.99852676e-01, 1.47326393e-04, 9.43901294e-01, 1.47337246e-04, 3.23451981e+00, 6.72474707e+01
1.51481892e-04, 6.57827676e-05, 9.99848541e-01, 1.51461770e-04, 9.43897159e-01, 1.51473241e-04, 3.23451568e+00, 6.72476804e+01
1.55734477e-04, 6.76293582e-05, 9.99844290e-01, 1.55713209e-04, 9.43892908e-01, 1.55725334e-04, 3.23451143e+00, 6.72478960e+01
1.60106446e-04, 6.95277803e-05, 9.99839919e-01, 1.60083967e-04, 9.43888537e-01, 1.60096782e-04, 3.23450705e+00, 6.72481176e+01
1.64601150e-04, 7.14794886e-05, 9.99835426e-01, 1.64577392e-04, 9.43884043e-01, 1.64590936e-04, 3.23450256e+00, 6.72483455e+01
1.69222035e-04, 7.34859785e-05, 9.99830807e-01, 1.69196924e-04, 9.43879424e-01, 1.69211239e-04, 3.23449794e+00, 6.72485798e+01
1.73972643e-04, 7.55487874e-05, 9.99826058e-01, 1.73946103e-04, 9.43874675e-01, 1.73961233e-04, 3.23449319e+00, 6.72488206e+01
1.78856616e-04, 7.76694958e-05, 9.99821175e-01, 1.78828565e-04, 9.43869792e-01, 1.78844556e-04, 3.23448831e+00, 6.72490682e+01
1.83877698e-04, 7.98497285e-05, 9.99816156e-01, 1.83848050e-04, 9.43864773e-01, 1.83864952e-04, 3.23448329e+00, 6.72493228e+01
1.89039738e-04, 8.20911560e-05, 9.99810996e-01, 1.89008402e-04, 9.43859612e-01, 1.89026266e-04, 3.23447812e+00, 6.72495845e+01
1.94346693e-04, 8.43954955e-05, 9.99805691e-01, 1.94313573e-04, 9.43854307e-01, 1.94332454e-04, 3.23447282e+00, 6.72498535e+01
1.99802631e-04, 8.67645125e-05, 9.99800237e-01, 1.99767625e-04, 9.43848853e-01, 1.99787581e-04, 3.23446736e+00, 6.72501301e+01
2.05411735e-04, 8.92000219e-05, 9.99794630e-01, 2.05374736e-04, 9.43843246e-01, 2.05395828e-04, 3.23446176e+00, 6.72504145e+01
2.11178304e-04, 9.17038897e-05, 9.99788866e-01, 2.11139200e-04, 9.43837482e-01, 2.11161492e-04, 3.23445599e+00, 6.72507068e+01
2.17106760e-04, 9.42780341e-05, 9.99782940e-01, 2.17065429e-04, 9.43831555e-01, 2.17088991e-04, 3.23445006e+00, 6.72510073e+01
2.23201647e-04, 9.69244272e-05, 9.99776848e-01, 2.23157963e-04, 9.43825463e-01, 2.23182866e-04, 3.23444397e+00, 6.72513163e+01
2.29467637e-04, 9.96450962e-05, 9.99770585e-01, 2.29421466e-04, 9.43819199e-01, 2.29447787e-04, 3.23443770e+00, 6.72516340e+01
2.35909533e-04, 1.02442125e-04, 9.99764146e-01, 2.35860734e-04, 9.43812760e-01, 2.35888553e-04, 3.23443126e+00, 6.72519605e+01
2.42532274e-04, 1.05317657e-04, 9.99757527e-01, 2.42480697e-04, 9.43806140e-01, 2.42510100e-04, 3.23442464e+00, 6.72522963e+01
2.49340937e-04, 1.08273895e-04, 9.99750721e-01, 2.49286424e-04, 9.43799334e-01, 2.49317500e-04, 3.23441783e+00, 6.72526414e+01
2.56340741e-04, 1.11313103e-04, 9.99743725e-01, 2.56283125e-04, 9.43792338e-01, 2.56315970e-04, 3.23441084e+00, 6.72529962e+01
2.63537052e-04, 1.14437609e-04, 9.99736532e-01, 2.63476156e-04, 9.43785145e-01, 2.63510871e-04, 3.23440364e+00, 6.72533610e+01
2.70935387e-04, 1.17649806e-04, 9.99729138e-01, 2.70871024e-04, 9.43777750e-01, 2.70907715e-04, 3.23439624e+00, 6.72537361e+01
2.78541416e-04, 1.20952156e-04, 9.99721536e-01, 2.78473390e-04, 9.43770147e-01, 2.78512170e-04, 3.23438864e+00, 6.72541216e+01
2.86360972e-04, 1.24347187e-04, 9.99713721e-01, 2.86289073e-04, 9.43762332e-01, 2.86330060e-04, 3.23438082e+00, 6.72545180e+01
2.94400048e-04, 1.27837499e-04, 9.99705687e-01, 2.94324055e-04, 9.43754297e-01, 2.94367376e-04, 3.23437278e+00, 6.72549255e+01
3.02664806e-04, 1.31425767e-04, 9.99697427e-01, 3.02584488e-04, 9.43746036e-01, 3.02630275e-04, 3.23436452e+00, 6.72553445e+01
3.11161583e-04, 1.35114738e-04, 9.99688935e-01, 3.11076693e-04, 9.43737544e-01, 3.11125086e-04, 3.23435603e+00, 6.72557752e+01
3.19896892e-04, 1.38907238e-04, 9.99680205e-01, 3.19807169e-04, 9.43728814e-01, 3.19858317e-04, 3.23434729e+00, 6.72562180e+01
3.28877429e-04, 1.42806171e-04, 9.99671231e-01, 3.28782599e-04, 9.43719838e-01, 3.28836658e-04, 3.23433831e+00, 6.72566732e+01
3.38110078e-04, 1.46814523e-04, 9.99662004e-01, 3.38009850e-04, 9.43710611e-01, 3.38066987e-04, 3.23432908e+00, 6.72571412e+01
3.47601918e-04, 1.50935364e-04, 9.99652519e-01, 3.47495985e-04, 9.43701125e-01, 3.47556374e-04, 3.23431959e+00, 6.72576223e+01
3.57360225e-04, 1.55171849e-04, 9.99642767e-01, 3.57248261e-04, 9.43691373e-01, 3.57312087e-04, 3.23430984e+00, 6.72581169e+01
3.67392478e-04, 1.59527223e-04, 9.99632742e-01, 3.67274141e-04, 9.43681347e-01, 3.67341601e-04, 3.23429981e+00, 6.72586254e+01
3.77706369e-04, 1.64004821e-04, 9.99622436e-01, 3.77581296e-04, 9.43671040e-01, 3.77652596e-04, 3.23428950e+00, 6.72591482e+01
3.88309805e-04, 1.68608072e-04, 9.99611841e-01, 3.88177612e-04, 9.43660443e-01, 3.88252970e-04, 3.23427890e+00, 6.72596857e+01
3.99210913e-04, 1.73340499e-04, 9.99600948e-01, 3.99071195e-04, 9.43649550e-01, 3.99150843e-04, 3.23426800e+00, 6.72602382e+01
4.10418050e-04, 1.78205728e-04, 9.99589750e-01, 4.10270380e-04, 9.43638350e-01, 4.10354561e-04, 3.23425680e+00, 6.72608062e+01
4.21939808e-04, 1.83207482e-04, 9.99578238e-01, 4.21783732e-04, 9.43626837e-01, 4.21872704e-04, 3.23424528e+00, 6.72613902e+01
4.33785019e-04, 1.88349591e-04, 9.99566403e-01, 4.33620058e-04, 9.43615001e-01, 4.33714095e-04, 3.23423344e+00, 6.72619906e+01
4.45962763e-04, 1.93635993e-04, 9.99554236e-01, 4.45788412e-04, 9.43602832e-01, 4.45887802e-04, 3.23422126e+00, 6.72626078e+01
4.58482375e-04, 1.99070734e-04, 9.99541728e-01, 4.58298101e-04, 9.43590323e-01, 4.58403147e-04, 3.23420875e+00, 6.72632423e+01
4.71353453e-04, 2.04657975e-04, 9.99528869e-01, 4.71158690e-04, 9.43577462e-01, 4.71269716e-04, 3.23419588e+00, 6.72638946e+01
4.84585864e-04, 2.10401992e-04, 9.99515649e-01, 4.84380015e-04, 9.43564241e-01, 4.84497360e-04, 3.23418265e+00, 6.72645653e+01
4.98189752e-04, 2.16307184e-04, 9.99502058e-01, 4.97972186e-04, 9.43550649e-01, 4.98096210e-04, 3.23416905e+00, 6.72652547e+01
5.12175544e-04, 2.22378069e-04, 9.99488087e-01, 5.11945594e-04, 9.43536675e-01, 5.12076678e-04, 3.23415507e+00, 6.72659635e+01
5.26553963e-04, 2.28619296e-04, 9.99473723e-01, 5.26310924e-04, 9.43522310e-01, 5.26449469e-04, 3.23414070e+00, 6.72666922e+01
5.41336030e-04, 2.35035640e-04, 9.99458957e-01, 5.41079158e-04, 9.43507542e-01, 5.41225588e-04, 3.23412593e+00, 6.72674414e+01
5.56533078e-04, 2.41632013e-04, 9.99443776e-01, 5.56261585e-04, 9.43492359e-01, 5.56416349e-04, 3.23411073e+00, 6.72682115e+01
5.72156756e-04, 2.48413463e-04, 9.99428170e-01, 5.71869810e-04, 9.43476751e-01, 5.72033382e-04, 3.23409512e+00, 6.72690033e+01
5.88219040e-04, 2.55385179e-04, 9.99412127e-01, 5.87915763e-04, 9.43460705e-01, 5.88088645e-04, 3.23407906e+00, 6.72698173e+01
6.04732245e-04, 2.62552498e-04, 9.99395633e-01, 6.04411706e-04, 9.43444209e-01, 6.04594427e-04, 3.23406256e+00, 6.72706541e+01
6.21709029e-04, 2.69920903e-04, 9.99378677e-01, 6.21370246e-04, 9.43427251e-01, 6.21563366e-04, 3.23404559e+00, 6.72715144e+01
6.39162405e-04, 2.77496033e-04, 9.99361246e-01, 6.38804340e-04, 9.43409817e-01, 6.39008452e-04, 3.23402814e+00, 6.72723988e+01
6.57105755e-04, 2.85283683e-04, 9.99343326e-01, 6.56727310e-04, 9.43391894e-01, 6.56943038e-04, 3.23401021e+00, 6.72733081e+01
6.75552832e-04, 2.93289812e-04, 9.99324903e-01, 6.75152848e-04, 9.43373468e-01, 6.75380854e-04, 3.23399177e+00, 6.72742428e+01
6.94517777e-04, 3.01520545e-04, 9.99305964e-01, 6.94095029e-04, 9.43354526e-01, 6.94336011e-04, 3.23397282e+00, 6.72752038e+01
7.14015130e-04, 3.09982178e-04, 9.99286494e-01, 7.13568322e-04, 9.43335053e-01, 7.13823018e-04, 3.23395333e+00, 6.72761917e+01
7.34059837e-04, 3.18681185e-04, 9.99266479e-01, 7.33587600e-04, 9.43315033e-01, 7.33856791e-04, 3.23393329e+00, 6.72772074e+01
7.54667263e-04, 3.27624220e-04, 9.99245902e-01, 7.54168150e-04, 9.43294453e-01, 7.54452660e-04, 3.23391270e+00, 6.72782515e+01
7.75853206e-04, 3.36818122e-04, 9.99224748e-01, 7.75325687e-04, 9.43273295e-01, 7.75626389e-04, 3.23389152e+00, 6.72793249e+01
7.97633907e-04, 3.46269924e-04, 9.99203002e-01, 7.97076367e-04, 9.43251545e-01, 7.97394180e-04, 3.23386976e+00, 6.72804285e+01
8.20026062e-04, 3.55986854e-04, 9.99180646e-01, 8.19436792e-04, 9.43229184e-01, 8.19772691e-04, 3.23384738e+00, 6.72815630e+01
8.43046837e-04, 3.65976343e-04, 9.99157663e-01, 8.42424032e-04, 9.43206197e-01, 8.42779046e-04, 3.23382437e+00, 6.72827293e+01
8.66713880e-04, 3.76246030e-04, 9.99134037e-01, 8.66055631e-04, 9.43182565e-01, 8.66430848e-04, 3.23380072e+00, 6.72839283e+01
8.91045332e-04, 3.86803767e-04, 9.99109748e-01, 8.90349624e-04, 9.43158271e-01, 8.90746192e-04, 3.23377640e+00, 6.72851610e+01
9.16059848e-04, 3.97657626e-04, 9.99084779e-01, 9.15324548e-04, 9.43133296e-01, 9.15743682e-04, 3.23375141e+00, 6.72864282e+01
9.41776601e-04, 4.08815904e-04, 9.99059110e-01, 9.40999458e-04, 9.43107621e-01, 9.41442442e-04, 3.23372571e+00, 6.72877310e+01
9.68215306e-04, 4.20287133e-04, 9.99032721e-01, 9.67393939e-04, 9.43081227e-01, 9.67862130e-04, 3.23369929e+00, 6.72890703e+01
9.95396231e-04, 4.32080081e-04, 9.99005594e-01, 9.94528124e-04, 9.43054093e-01, 9.95022955e-04, 3.23367213e+00, 6.72904472e+01
1.02334021e-03, 4.44203760e-04, 9.98977706e-01, 1.02242271e-03, 9.43026198e-01, 1.02294569e-03, 3.23364421e+00, 6.72918627e+01
1.05206867e-03, 4.56667438e-04, 9.98949037e-01, 1.05109896e-03, 9.42997522e-01, 1.05165170e-03, 3.23361550e+00, 6.72933179e+01
1.08160363e-03, 4.69480638e-04, 9.98919565e-01, 1.08057874e-03, 9.42968042e-01, 1.08116293e-03, 3.23358599e+00, 6.72948139e+01
1.11196773e-03, 4.82653152e-04, 9.98889267e-01, 1.11088452e-03, 9.42937736e-01, 1.11150195e-03, 3.23355565e+00, 6.72963519e+01
1.14318425e-03, 4.96195044e-04, 9.98858121e-01, 1.14203940e-03, 9.42906581e-01, 1.14269196e-03, 3.23352446e+00, 6.72979330e+01
1.17527712e-03, 5.10116661e-04, 9.98826103e-01, 1.17406713e-03, 9.42874554e-01, 1.17475682e-03, 3.23349239e+00, 6.72995584e+01
1.20827094e-03, 5.24428638e-04, 9.98793187e-01, 1.20699210e-03, 9.42841629e-01, 1.20772103e-03, 3.23345943e+00, 6.73012294e+01
1.24219100e-03, 5.39141905e-04, 9.98759350e-01, 1.24083940e-03, 9.42807781e-01, 1.24160980e-03, 3.23342554e+00, 6.73029472e+01
1.27706330e-03, 5.54267703e-04, 9.98724566e-01, 1.27563480e-03, 9.42772986e-01, 1.27644903e-03, 3.23339070e+00, 6.73047132e+01
1.31291459e-03, 5.69817580e-04, 9.98688807e-01, 1.31140481e-03, 9.42737216e-01, 1.31226536e-03, 3.23335489e+00, 6.73065288e+01
1.34977233e-03, 5.85803413e-04, 9.98652047e-01, 1.34817665e-03, 9.42700444e-01, 1.34908616e-03, 3.23331806e+00, 6.73083952e+01
1.38766479e-03, 6.02237406e-04, 9.98614258e-01, 1.38597833e-03, 9.42662643e-01, 1.38693958e-03, 3.23328021e+00, 6.73103140e+01
1.42662102e-03, 6.19132106e-04, 9.98575411e-01, 1.42483861e-03, 9.42623782e-01, 1.42585454e-03, 3.23324130e+00, 6.73122865e+01
1.46667087e-03, 6.36500410e-04, 9.98535477e-01, 1.46478706e-03, 9.42583834e-01, 1.46586078e-03, 3.23320129e+00, 6.73143144e+01
1.50784505e-03, 6.54355573e-04, 9.98494425e-01, 1.50585407e-03, 9.42542767e-01, 1.50698886e-03, 3.23316016e+00, 6.73163991e+01
1.55017512e-03, 6.72711224e-04, 9.98452224e-01, 1.54807087e-03, 9.42500550e-01, 1.54927022e-03, 3.23311788e+00, 6.73185422e+01
1.59369353e-03, 6.91581368e-04, 9.98408842e-01, 1.59146958e-03, 9.42457151e-01, 1.59273715e-03, 3.23307441e+00, 6.73207454e+01
1.63843365e-03, 7.10980403e-04, 9.98364246e-01, 1.63608318e-03, 9.42412538e-01, 1.63742285e-03, 3.23302973e+00, 6.73230103e+01
1.68442976e-03, 7.30923128e-04, 9.98318403e-01, 1.68194559e-03, 9.42366675e-01, 1.68336146e-03, 3.23298379e+00, 6.73253388e+01
1.73171713e-03, 7.51424755e-04, 9.98271277e-01, 1.72909166e-03, 9.42319529e-01, 1.73058805e-03, 3.23293656e+00, 6.73277324e+01
1.78033202e-03, 7.72500920e-04, 9.98222832e-01, 1.77755720e-03, 9.42271064e-01, 1.77913870e-03, 3.23288801e+00, 6.73301932e+01
1.83031168e-03, 7.94167695e-04, 9.98173032e-01, 1.82737903e-03, 9.42221242e-01, 1.82905047e-03, 3.23283810e+00, 6.73327229e+01
1.88169442e-03, 8.16441599e-04, 9.98121840e-01, 1.87859497e-03, 9.42170026e-01, 1.88036147e-03, 3.23278679e+00, 6.73353236e+01
1.93451965e-03, 8.39339613e-04, 9.98069215e-01, 1.93124391e-03, 9.42117377e-01, 1.93311087e-03, 3.23273404e+00, 6.73379970e+01
1.98882786e-03, 8.62879189e-04, 9.98015120e-01, 1.98536580e-03, 9.42063255e-01, 1.98733893e-03, 3.23267981e+00, 6.73407454e+01
2.04466067e-03, 8.87078267e-04, 9.97959511e-01, 2.04100171e-03, 9.42007619e-01, 2.04308704e-03, 3.23262406e+00, 6.73435708e+01
2.10206088e-03, 9.11955285e-04, 9.97902349e-01, 2.09819383e-03, 9.41950427e-01, 2.10039774e-03, 3.23256675e+00, 6.73464754e+01
2.16107251e-03, 9.37529196e-04, 9.97843588e-01, 2.15698553e-03, 9.41891635e-01, 2.15931476e-03, 3.23250784e+00, 6.73494613e+01
2.22174078e-03, 9.63819479e-04, 9.97783184e-01, 2.21742138e-03, 9.41831199e-01, 2.21988305e-03, 3.23244727e+00, 6.73525309e+01
2.28411221e-03, 9.90846156e-04, 9.97721093e-01, 2.27954718e-03, 9.41769074e-01, 2.28214881e-03, 3.23238500e+00, 6.73556864e+01
2.34823460e-03, 1.01862981e-03, 9.97657267e-01, 2.34340998e-03, 9.41705211e-01, 2.34615953e-03, 3.23232099e+00, 6.73589304e+01
2.41415712e-03, 1.04719158e-03, 9.97591657e-01, 2.40905815e-03, 9.41639563e-01, 2.41196402e-03, 3.23225519e+00, 6.73622652e+01
2.48193029e-03, 1.07655322e-03, 9.97524214e-01, 2.47654139e-03, 9.41572079e-01, 2.47961247e-03, 3.23218754e+00, 6.73656933e+01
2.55160607e-03, 1.10673706e-03, 9.97454888e-01, 2.54591077e-03, 9.41502710e-01, 2.54915643e-03, 3.23211799e+00, 6.73692175e+01
2.62323788e-03, 1.13776607e-03, 9.97383625e-01, 2.61721875e-03, 9.41431402e-01, 2.62064892e-03, 3.23204650e+00, 6.73728404e+01
2.69688063e-03, 1.16966386e-03, 9.97310373e-01, 2.69051928e-03, 9.41358102e-01, 2.69414443e-03, 3.23197301e+00, 6.73765647e+01
2.77259076e-03, 1.20245468e-03, 9.97235075e-01, 2.76586775e-03, 9.41282753e-01, 2.76969896e-03, 3.23189745e+00, 6.73803933e+01
2.85042632e-03, 1.23616346e-03, 9.97157676e-01, 2.84332111e-03, 9.41205300e-01, 2.84737008e-03, 3.23181978e+00, 6.73843291e+01
2.93044698e-03, 1.27081583e-03, 9.97078115e-01, 2.92293784e-03, 9.41125683e-01, 2.92721694e-03, 3.23173993e+00, 6.73883750e+01
3.01271407e-03, 1.30643812e-03, 9.96996335e-01, 3.00477808e-03, 9.41043843e-01, 3.00930037e-03, 3.23165785e+00, 6.73925342e+01
3.09729067e-03, 1.34305740e-03, 9.96912273e-01, 3.08890356e-03, 9.40959717e-01, 3.09368286e-03, 3.23157347e+00, 6.73968098e+01
3.18424160e-03, 1.38070148e-03, 9.96825866e-01, 3.17537777e-03, 9.40873243e-01, 3.18042866e-03, 3.23148672e+00, 6.74012051e+01
3.27363353e-03, 1.41939895e-03, 9.96737048e-01, 3.26426589e-03, 9.40784355e-01, 3.26960379e-03, 3.23139755e+00, 6.74057234e+01
3.36553498e-03, 1.45917918e-03, 9.96645754e-01, 3.35563493e-03, 9.40692986e-01, 3.36127613e-03, 3.23130587e+00, 6.74103681e+01
3.46001639e-03, 1.50007238e-03, 9.96551914e-01, 3.44955370e-03, 9.40599067e-01, 3.45551543e-03, 3.23121164e+00, 6.74151427e+01
3.55715021e-03, 1.54210957e-03, 9.96455458e-01, 3.54609292e-03, 9.40502528e-01, 3.55239337e-03, 3.23111476e+00, 6.74200510e+01
3.65701088e-03, 1.58532264e-03, 9.96356314e-01, 3.64532524e-03, 9.40403296e-01, 3.65198363e-03, 3.23101517e+00, 6.74250965e+01
3.75967497e-03, 1.62974435e-03, 9.96254407e-01, 3.74732530e-03, 9.40301296e-01, 3.75436194e-03, 3.23091279e+00, 6.74302832e+01
3.86522116e-03, 1.67540839e-03, 9.96149661e-01, 3.85216978e-03, 9.40196451e-01, 3.85960613e-03, 3.23080754e+00, 6.74356149e+01
3.97373038e-03, 1.72234936e-03, 9.96041998e-01, 3.95993745e-03, 9.40088683e-01, 3.96779619e-03, 3.23069935e+00, 6.74410958e+01
4.08528580e-03, 1.77060283e-03, 9.95931336e-01, 4.07070923e-03, 9.39977912e-01, 4.07901433e-03, 3.23058814e+00, 6.74467299e+01
4.19997295e-03, 1.82020534e-03, 9.95817593e-01, 4.18456827e-03, 9.39864053e-01, 4.19334504e-03, 3.23047381e+00, 6.74525216e+01
4.31787973e-03, 1.87119444e-03, 9.95700684e-01, 4.30159994e-03, 9.39747021e-01, 4.31087515e-03, 3.23035628e+00, 6.74584751e+01
4.43909653e-03, 1.92360874e-03, 9.95580522e-01, 4.42189199e-03, 9.39626729e-01, 4.43169389e-03, 3.23023546e+00, 6.74645951e+01
4.56371628e-03, 1.97748788e-03, 9.95457017e-01, 4.54553452e-03, 9.39503086e-01, 4.55589298e-03, 3.23011126e+00, 6.74708862e+01
4.69183451e-03, 2.03287261e-03, 9.95330076e-01, 4.67262008e-03, 9.39376001e-01, 4.68356667e-03, 3.22998358e+00, 6.74773530e+01
4.82354943e-03, 2.08980480e-03, 9.95199606e-01, 4.80324376e-03, 9.39245377e-01, 4.81481182e-03, 3.22985234e+00, 6.74840006e+01
4.95896201e-03, 2.14832749e-03, 9.95065508e-01, 4.93750321e-03, 9.39111118e-01, 4.94972796e-03, 3.22971742e+00, 6.74908339e+01
5.09817606e-03, 2.20848488e-03, 9.94927683e-01, 5.07549872e-03, 9.38973122e-01, 5.08841740e-03, 3.22957873e+00, 6.74978581e+01
5.24129830e-03, 2.27032240e-03, 9.94786030e-01, 5.21733333e-03, 9.38831288e-01, 5.23098525e-03, 3.22943617e+00, 6.75050785e+01
5.38843844e-03, 2.33388671e-03, 9.94640441e-01, 5.36311282e-03, 9.38685508e-01, 5.37753954e-03, 3.22928961e+00, 6.75125005e+01
5.53970928e-03, 2.39922578e-03, 9.94490810e-01, 5.51294588e-03, 9.38535675e-01, 5.52819129e-03, 3.22913896e+00, 6.75201299e+01
5.69522678e-03, 2.46638889e-03, 9.94337025e-01, 5.66694408e-03, 9.38381677e-01, 5.68305458e-03, 3.22898410e+00, 6.75279722e+01
5.85511016e-03, 2.53542665e-03, 9.94178973e-01, 5.82522206e-03, 9.38223399e-01, 5.84224664e-03, 3.22882490e+00, 6.75360335e+01
6.01948197e-03, 2.60639109e-03, 9.94016535e-01, 5.98789749e-03, 9.38060723e-01, 6.00588792e-03, 3.22866126e+00, 6.75443198e+01
6.18846824e-03, 2.67933564e-03, 9.93849593e-01, 6.15509123e-03, 9.37893530e-01, 6.17410221e-03, 3.22849305e+00, 6.75528373e+01
6.36219849e-03, 2.75431521e-03, 9.93678023e-01, 6.32692741e-03, 9.37721693e-01, 6.34701671e-03, 3.22832013e+00, 6.75615925e+01
6.54080591e-03, 2.83138620e-03, 9.93501698e-01, 6.50353345e-03, 9.37545087e-01, 6.52476213e-03, 3.22814239e+00, 6.75705920e+01
6.72442742e-03, 2.91060657e-03, 9.93320488e-01, 6.68504021e-03, 9.37363581e-01, 6.70747275e-03, 3.22795968e+00, 6.75798425e+01
6.91320378e-03, 2.99203585e-03, 9.93134260e-01, 6.87158205e-03, 9.37177039e-01, 6.89528659e-03, 3.22777186e+00, 6.75893510e+01
7.10727970e-03, 3.07573520e-03, 9.92942877e-01, 7.06329692e-03, 9.36985324e-01, 7.08834542e-03, 3.22757881e+00, 6.75991246e+01
7.30680395e-03, 3.16176744e-03, 9.92746198e-01, 7.26032644e-03, 9.36788294e-01, 7.28679494e-03, 3.22738036e+00, 6.76091707e+01
7.51192949e-03, 3.25019713e-03, 9.92544079e-01, 7.46281603e-03, 9.36585805e-01, 7.49078485e-03, 3.22717637e+00, 6.76194968e+01
7.72281357e-03, 3.34109055e-03, 9.92336371e-01, 7.67091495e-03, 9.36377706e-01, 7.70046894e-03, 3.22696668e+00, 6.76301108e+01
7.93961785e-03, 3.43451582e-03, 9.92122923e-01, 7.88477646e-03, 9.36163844e-01, 7.91600523e-03, 3.22675115e+00, 6.76410204e+01
8.16250851e-03, 3.53054289e-03, 9.91903579e-01, 8.10455785e-03, 9.35944063e-01, 8.13755610e-03, 3.22652959e+00, 6.76522340e+01
8.39165644e-03, 3.62924361e-03, 9.91678177e-01, 8.33042060e-03, 9.35718200e-01, 8.36528833e-03, 3.22630186e+00, 6.76637599e+01
8.62723729e-03, 3.73069181e-03, 9.91446555e-01, 8.56253045e-03, 9.35486090e-01, 8.59937331e-03, 3.22606778e+00, 6.76756067e+01
8.86943166e-03, 3.83496328e-03, 9.91208544e-01, 8.80105752e-03, 9.35247563e-01, 8.83998710e-03, 3.22582716e+00, 6.76877833e+01
9.11842520e-03, 3.94213590e-03, 9.90963969e-01, 9.04617642e-03, 9.35002444e-01, 9.08731057e-03, 3.22557984e+00, 6.77002989e+01
9.37440879e-03, 4.05228964e-03, 9.90712655e-01, 9.29806633e-03, 9.34750555e-01, 9.34152956e-03, 3.22532562e+00, 6.77131627e+01
9.63757866e-03, 4.16550662e-03, 9.90454418e-01, 9.55691116e-03, 9.34491710e-01, 9.60283496e-03, 3.22506432e+00, 6.77263844e+01
9.90813657e-03, 4.28187121e-03, 9.90189071e-01, 9.82289961e-03, 9.34225721e-01, 9.87142288e-03, 3.22479573e+00, 6.77399739e+01
1.01862899e-02, 4.40147004e-03, 9.89916424e-01, 1.00962253e-02, 9.33952396e-01, 1.01474948e-02, 3.22451966e+00, 6.77539412e+01
1.04722519e-02, 4.52439206e-03, 9.89636280e-01, 1.03770870e-02, 9.33671534e-01, 1.04312576e-02, 3.22423589e+00, 6.77682968e+01
1.07662418e-02, 4.65072864e-03, 9.89348436e-01, 1.06656886e-02, 9.33382932e-01, 1.07229238e-02, 3.22394423e+00, 6.77830514e+01
1.10684849e-02, 4.78057359e-03, 9.89052685e-01, 1.09622392e-02, 9.33086382e-01, 1.10227120e-02, 3.22364444e+00, 6.77982159e+01
1.13792129e-02, 4.91402325e-03, 9.88748817e-01, 1.12669534e-02, 9.32781667e-01, 1.13308462e-02, 3.22333630e+00, 6.78138017e+01
1.16986641e-02, 5.05117654e-03, 9.88436612e-01, 1.15800513e-02, 9.32468570e-01, 1.16475570e-02, 3.22301959e+00, 6.78298203e+01
1.20270833e-02, 5.19213502e-03, 9.88115848e-01, 1.19017589e-02, 9.32146862e-01, 1.19730809e-02, 3.22269407e+00, 6.78462836e+01
1.23647224e-02, 5.33700299e-03, 9.87786297e-01, 1.22323076e-02, 9.31816313e-01, 1.23076610e-02, 3.22235949e+00, 6.78632037e+01
1.27118400e-02, 5.48588750e-03, 9.87447723e-01, 1.25719352e-02, 9.31476686e-01, 1.26515469e-02, 3.22201560e+00, 6.78805934e+01
1.30687023e-02, 5.63889849e-03, 9.87099885e-01, 1.29208852e-02, 9.31127736e-01, 1.30049950e-02, 3.22166216e+00, 6.78984653e+01
1.34355829e-02, 5.79614881e-03, 9.86742539e-01, 1.32794076e-02, 9.30769213e-01, 1.33682685e-02, 3.22129888e+00, 6.79168328e+01
1.38127630e-02, 5.95775431e-03, 9.86375430e-01, 1.36477585e-02, 9.30400862e-01, 1.37416379e-02, 3.22092551e+00, 6.79357094e+01
1.42005318e-02, 6.12383394e-03, 9.85998300e-01, 1.40262008e-02, 9.30022420e-01, 1.41253809e-02, 3.22054177e+00, 6.79551091e+01
1.45991865e-02, 6.29450978e-03, 9.85610883e-01, 1.44150038e-02, 9.29633617e-01, 1.45197826e-02, 3.22014737e+00, 6.79750461e+01
1.50090328e-02, 6.46990713e-03, 9.85212907e-01, 1.48144437e-02, 9.29234177e-01, 1.49251359e-02, 3.21974202e+00, 6.79955352e+01
1.54303847e-02, 6.65015464e-03, 9.84804094e-01, 1.52248037e-02, 9.28823817e-01, 1.53417414e-02, 3.21932541e+00, 6.80165915e+01
1.58635653e-02, 6.83538432e-03, 9.84384158e-01, 1.56463740e-02, 9.28402247e-01, 1.57699080e-02, 3.21889724e+00, 6.80382303e+01
1.63089068e-02, 7.02573168e-03, 9.83952805e-01, 1.60794522e-02, 9.27969169e-01, 1.62099528e-02, 3.21845720e+00, 6.80604677e+01
1.67667503e-02, 7.22133576e-03, 9.83509738e-01, 1.65243430e-02, 9.27524278e-01, 1.66622011e-02, 3.21800495e+00, 6.80833199e+01
1.72374471e-02, 7.42233928e-03, 9.83054648e-01, 1.69813591e-02, 9.27067262e-01, 1.71269874e-02, 3.21754016e+00, 6.81068037e+01
1.77213578e-02, 7.62888867e-03, 9.82587220e-01, 1.74508205e-02, 9.26597800e-01, 1.76046547e-02, 3.21706250e+00, 6.81309363e+01
1.82188534e-02, 7.84113421e-03, 9.82107134e-01, 1.79330553e-02, 9.26115566e-01, 1.80955553e-02, 3.21657160e+00, 6.81557353e+01
1.87303154e-02, 8.05923009e-03, 9.81614059e-01, 1.84283997e-02, 9.25620221e-01, 1.86000510e-02, 3.21606710e+00, 6.81812189e+01
1.92561357e-02, 8.28333450e-03, 9.81107658e-01, 1.89371980e-02, 9.25111423e-01, 1.91185130e-02, 3.21554864e+00, 6.82074056e+01
1.97967175e-02, 8.51360975e-03, 9.80587585e-01, 1.94598029e-02, 9.24588818e-01, 1.96513225e-02, 3.21501583e+00, 6.82343146e+01
2.03524752e-02, 8.75022235e-03, 9.80053486e-01, 1.99965756e-02, 9.24052045e-01, 2.01988707e-02, 3.21446828e+00, 6.82619653e+01
2.09238348e-02, 8.99334311e-03, 9.79504999e-01, 2.05478862e-02, 9.23500735e-01, 2.07615592e-02, 3.21390559e+00, 6.82903780e+01
2.15112343e-02, 9.24314725e-03, 9.78941755e-01, 2.11141133e-02, 9.22934508e-01, 2.13398003e-02, 3.21332735e+00, 6.83195733e+01
2.21151240e-02, 9.49981449e-03, 9.78363373e-01, 2.16956450e-02, 9.22352976e-01, 2.19340169e-02, 3.21273313e+00, 6.83495722e+01
2.27359668e-02, 9.76352916e-03, 9.77769466e-01, 2.22928782e-02, 9.21755743e-01, 2.25446434e-02, 3.21212251e+00, 6.83803966e+01
2.33742387e-02, 1.00344803e-02, 9.77159637e-01, 2.29062196e-02, 9.21142401e-01, 2.31721254e-02, 3.21149503e+00, 6.84120687e+01
2.40304289e-02, 1.03128618e-02, 9.76533482e-01, 2.35360850e-02, 9.20512536e-01, 2.38169201e-02, 3.21085023e+00, 6.84446115e+01
2.47050406e-02, 1.05988725e-02, 9.75890584e-01, 2.41829004e-02, 9.19865720e-01, 2.44794968e-02, 3.21018765e+00, 6.84780483e+01
2.53985907e-02, 1.08927162e-02, 9.75230519e-01, 2.48471013e-02, 9.19201520e-01, 2.51603371e-02, 3.20950681e+00, 6.85124032e+01
2.61116110e-02, 1.11946019e-02, 9.74552855e-01, 2.55291335e-02, 9.18519487e-01, 2.58599351e-02, 3.20880722e+00, 6.85477010e+01
2.68446481e-02, 1.15047439e-02, 9.73857148e-01, 2.62294530e-02, 9.17819168e-01, 2.65787977e-02, 3.20808835e+00, 6.85839670e+01
2.75982639e-02, 1.18233619e-02, 9.73142944e-01, 2.69485262e-02, 9.17100095e-01, 2.73174451e-02, 3.20734971e+00, 6.86212272e+01
2.83730362e-02, 1.21506810e-02, 9.72409782e-01, 2.76868301e-02, 9.16361791e-01, 2.80764108e-02, 3.20659074e+00, 6.86595082e+01
2.91695588e-02, 1.24869320e-02, 9.71657189e-01, 2.84448523e-02, 9.15603769e-01, 2.88562423e-02, 3.20581091e+00, 6.86988375e+01
2.99884423e-02, 1.28323514e-02, 9.70884681e-01, 2.92230916e-02, 9.14825529e-01, 2.96575010e-02, 3.20500965e+00, 6.87392430e+01
3.08303146e-02, 1.31871818e-02, 9.70091766e-01, 3.00220575e-02, 9.14026563e-01, 3.04807629e-02, 3.20418639e+00, 6.87807536e+01
3.16958209e-02, 1.35516713e-02, 9.69277940e-01, 3.08422712e-02, 9.13206350e-01, 3.13266189e-02, 3.20334053e+00, 6.88233989e+01
3.25856248e-02, 1.39260747e-02, 9.68442690e-01, 3.16842648e-02, 9.12364356e-01, 3.21956747e-02, 3.20247148e+00, 6.88672090e+01
3.35004083e-02, 1.43106525e-02, 9.67585491e-01, 3.25485823e-02, 9.11500039e-01, 3.30885518e-02, 3.20157860e+00, 6.89122152e+01
3.44408728e-02, 1.47056720e-02, 9.66705808e-01, 3.34357793e-02, 9.10612842e-01, 3.40058873e-02, 3.20066126e+00, 6.89584491e+01
3.54077391e-02, 1.51114068e-02, 9.65803096e-01, 3.43464232e-02, 9.09702198e-01, 3.49483347e-02, 3.19971882e+00, 6.90059435e+01
3.64017485e-02, 1.55281370e-02, 9.64876798e-01, 3.52810935e-02, 9.08767527e-01, 3.59165639e-02, 3.19875059e+00, 6.90547320e+01
3.74236629e-02, 1.59561497e-02, 9.63926345e-01, 3.62403817e-02, 9.07808239e-01, 3.69112619e-02, 3.19775589e+00, 6.91048488e+01
3.84742658e-02, 1.63957388e-02, 9.62951161e-01, 3.72248916e-02, 9.06823729e-01, 3.79331328e-02, 3.19673402e+00, 6.91563293e+01
3.95543624e-02, 1.68472053e-02, 9.61950655e-01, 3.82352394e-02, 9.05813381e-01, 3.89828985e-02, 3.19568425e+00, 6.92092095e+01
4.06647809e-02, 1.73108570e-02, 9.60924227e-01, 3.92720540e-02, 9.04776567e-01, 4.00612990e-02, 3.19460585e+00, 6.92635265e+01
4.18063724e-02, 1.77870096e-02, 9.59871264e-01, 4.03359765e-02, 9.03712644e-01, 4.11690929e-02, 3.19349806e+00, 6.93193184e+01
4.29800121e-02, 1.82759856e-02, 9.58791145e-01, 4.14276613e-02, 9.02620960e-01, 4.23070574e-02, 3.19236009e+00, 6.93766240e+01
4.41865996e-02, 1.87781154e-02, 9.57683234e-01, 4.25477750e-02, 9.01500846e-01, 4.34759892e-02, 3.19119116e+00, 6.94354834e+01
4.54270599e-02, 1.92937372e-02, 9.56546887e-01, 4.36969977e-02, 9.00351623e-01, 4.46767046e-02, 3.18999045e+00, 6.94959376e+01
4.67023439e-02, 1.98231967e-02, 9.55381447e-01, 4.48760220e-02, 8.99172599e-01, 4.59100401e-02, 3.18875711e+00, 6.95580285e+01
4.80134292e-02, 2.03668477e-02, 9.54186246e-01, 4.60855540e-02, 8.97963067e-01, 4.71768527e-02, 3.18749030e+00, 6.96217992e+01
4.93613210e-02, 2.09250522e-02, 9.52960606e-01, 4.73263127e-02, 8.96722308e-01, 4.84780203e-02, 3.18618913e+00, 6.96872940e+01
5.07470524e-02, 2.14981804e-02, 9.51703836e-01, 4.85990302e-02, 8.95449591e-01, 4.98144423e-02, 3.18485271e+00, 6.97545580e+01
5.21716858e-02, 2.20866106e-02, 9.50415235e-01, 4.99044519e-02, 8.94144169e-01, 5.11870399e-02, 3.18348011e+00, 6.98236378e+01
5.36363132e-02, 2.26907300e-02, 9.49094092e-01, 5.12433366e-02, 8.92805284e-01, 5.25967565e-02, 3.18207039e+00, 6.98945810e+01
5.51420574e-02, 2.33109341e-02, 9.47739684e-01, 5.26164560e-02, 8.91432165e-01, 5.40445583e-02, 3.18062259e+00, 6.99674365e+01
5.66900727e-02, 2.39476274e-02, 9.46351277e-01, 5.40245952e-02, 8.90024026e-01, 5.55314347e-02, 3.17913572e+00, 7.00422542e+01
5.82815458e-02, 2.46012230e-02, 9.44928128e-01, 5.54685525e-02, 8.88580068e-01, 5.70583985e-02, 3.17760875e+00, 7.01190857e+01
5.99176967e-02, 2.52721433e-02, 9.43469482e-01, 5.69491393e-02, 8.87099482e-01, 5.86264869e-02, 3.17604066e+00, 7.01979835e+01
6.15997796e-02, 2.59608197e-02, 9.41974574e-01, 5.84671802e-02, 8.85581441e-01, 6.02367615e-02, 3.17443039e+00, 7.02790017e+01
6.33290840e-02, 2.66676928e-02, 9.40442630e-01, 6.00235126e-02, 8.84025108e-01, 6.18903086e-02, 3.17277684e+00, 7.03621957e+01
6.51069356e-02, 2.73932126e-02, 9.38872865e-01, 6.16189869e-02, 8.82429634e-01, 6.35882405e-02, 3.17107891e+00, 7.04476223e+01
6.69346971e-02, 2.81378388e-02, 9.37264486e-01, 6.32544664e-02, 8.80794154e-01, 6.53316950e-02, 3.16933546e+00, 7.05353399e+01
6.88137699e-02, 2.89020403e-02, 9.35616689e-01, 6.49308270e-02, 8.79117794e-01, 6.71218364e-02, 3.16754531e+00, 7.06254082e+01
7.07455942e-02, 2.96862961e-02, 9.33928662e-01, 6.66489568e-02, 8.77399664e-01, 6.89598560e-02, 3.16570730e+00, 7.07178886e+01
7.27316511e-02, 3.04910947e-02, 9.32199585e-01, 6.84097566e-02, 8.75638864e-01, 7.08469721e-02, 3.16382018e+00, 7.08128442e+01
7.47734631e-02, 3.13169348e-02, 9.30428629e-01, 7.02141389e-02, 8.73834482e-01, 7.27844312e-02, 3.16188272e+00, 7.09103394e+01
7.68725952e-02, 3.21643250e-02, 9.28614958e-01, 7.20630281e-02, 8.71985593e-01, 7.47735078e-02, 3.15989364e+00, 7.10104407e+01
7.90306568e-02, 3.30337838e-02, 9.26757728e-01, 7.39573603e-02, 8.70091261e-01, 7.68155051e-02, 3.15785165e+00, 7.11132160e+01
8.12493021e-02, 3.39258402e-02, 9.24856088e-01, 7.58980827e-02, 8.68150538e-01, 7.89117556e-02, 3.15575540e+00, 7.12187354e+01
8.35302320e-02, 3.48410332e-02, 9.22909182e-01, 7.78861532e-02, 8.66162468e-01, 8.10636214e-02, 3.15360353e+00, 7.13270705e+01
8.58751948e-02, 3.57799125e-02, 9.20916146e-01, 7.99225406e-02, 8.64126080e-01, 8.32724948e-02, 3.15139466e+00, 7.14382951e+01
8.82859884e-02, 3.67430377e-02, 9.18876114e-01, 8.20082234e-02, 8.62040397e-01, 8.55397986e-02, 3.14912735e+00, 7.15524848e+01
9.07644607e-02, 3.77309793e-02, 9.16788212e-01, 8.41441901e-02, 8.59904431e-01, 8.78669864e-02, 3.14680016e+00, 7.16697175e+01
9.33125118e-02, 3.87443182e-02, 9.14651565e-01, 8.63314381e-02, 8.57717183e-01, 9.02555436e-02, 3.14441161e+00, 7.17900730e+01
9.59320948e-02, 3.97836456e-02, 9.12465293e-01, 8.85709738e-02, 8.55477647e-01, 9.27069873e-02, 3.14196016e+00, 7.19136335e+01
9.86252179e-02, 4.08495636e-02, 9.10228514e-01, 9.08638114e-02, 8.53184810e-01, 9.52228668e-02, 3.13944428e+00, 7.20404836e+01
1.01393946e-01, 4.19426849e-02, 9.07940346e-01, 9.32109727e-02, 8.50837648e-01, 9.78047645e-02, 3.13686239e+00, 7.21707100e+01
1.04240401e-01, 4.30636326e-02, 9.05599903e-01, 9.56134865e-02, 8.48435134e-01, 1.00454295e-01, 3.13421286e+00, 7.23044022e+01
1.07166765e-01, 4.42130406e-02, 9.03206303e-01, 9.80723877e-02, 8.45976233e-01, 1.03173109e-01, 3.13149404e+00, 7.24416522e+01
1.10175281e-01, 4.53915533e-02, 9.00758661e-01, 1.00588717e-01, 8.43459904e-01, 1.05962887e-01, 3.12870426e+00, 7.25825546e+01
1.13268257e-01, 4.65998259e-02, 8.98256098e-01, 1.03163518e-01, 8.40885103e-01, 1.08825346e-01, 3.12584180e+00, 7.27272070e+01
1.16448062e-01, 4.78385241e-02, 8.95697735e-01, 1.05797842e-01, 8.38250779e-01, 1.11762240e-01, 3.12290491e+00, 7.28757099e+01
1.19717134e-01, 4.91083240e-02, 8.93082699e-01, 1.08492738e-01, 8.35555883e-01, 1.14775353e-01, 3.11989180e+00, 7.30281667e+01
1.23077980e-01, 5.04099123e-02, 8.90410121e-01, 1.11249262e-01, 8.32799359e-01, 1.17866508e-01, 3.11680064e+00, 7.31846844e+01
1.26533176e-01, 5.17439860e-02, 8.87679139e-01, 1.14068468e-01, 8.29980153e-01, 1.21037563e-01, 3.11362959e+00, 7.33453730e+01
1.30085370e-01, 5.31112527e-02, 8.84888900e-01, 1.16951411e-01, 8.27097210e-01, 1.24290410e-01, 3.11037674e+00, 7.35103463e+01
1.33737286e-01, 5.45124297e-02, 8.82038557e-01, 1.19899145e-01, 8.24149476e-01, 1.27626978e-01, 3.10704017e+00, 7.36797216e+01
1.37491723e-01, 5.59482450e-02, 8.79127276e-01, 1.22912721e-01, 8.21135900e-01, 1.31049233e-01, 3.10361792e+00, 7.38536202e+01
1.41351558e-01, 5.74194362e-02, 8.76154234e-01, 1.25993187e-01, 8.18055434e-01, 1.34559177e-01, 3.10010797e+00, 7.40321674e+01
1.45319752e-01, 5.89267507e-02, 8.73118619e-01, 1.29141587e-01, 8.14907034e-01, 1.38158849e-01, 3.09650830e+00, 7.42154930e+01
1.49399346e-01, 6.04709458e-02, 8.70019635e-01, 1.32358957e-01, 8.11689664e-01, 1.41850322e-01, 3.09281683e+00, 7.44037310e+01
1.53593468e-01, 6.20527881e-02, 8.66856504e-01, 1.35646327e-01, 8.08402294e-01, 1.45635710e-01, 3.08903144e+00, 7.45970205e+01
1.57905331e-01, 6.36730536e-02, 8.63628462e-01, 1.39004717e-01, 8.05043903e-01, 1.49517160e-01, 3.08514999e+00, 7.47955054e+01
1.62338243e-01, 6.53325272e-02, 8.60334766e-01, 1.42435138e-01, 8.01613483e-01, 1.53496858e-01, 3.08117029e+00, 7.49993348e+01
1.66895601e-01, 6.70320026e-02, 8.56974693e-01, 1.45938587e-01, 7.98110034e-01, 1.57577025e-01, 3.07709013e+00, 7.52086637e+01
1.71580899e-01, 6.87722823e-02, 8.53547545e-01, 1.49516048e-01, 7.94532573e-01, 1.61759919e-01, 3.07290723e+00, 7.54236527e+01
1.76397728e-01, 7.05541769e-02, 8.50052645e-01, 1.53168489e-01, 7.90880132e-01, 1.66047836e-01, 3.06861932e+00, 7.56444689e+01
1.81349780e-01, 7.23785049e-02, 8.46489343e-01, 1.56896861e-01, 7.87151760e-01, 1.70443104e-01, 3.06422405e+00, 7.58712857e+01
1.86440853e-01, 7.42460926e-02, 8.42857018e-01, 1.60702095e-01, 7.83346526e-01, 1.74948091e-01, 3.05971906e+00, 7.61042836e+01
1.91674849e-01, 7.61577735e-02, 8.39155077e-01, 1.64585101e-01, 7.79463520e-01, 1.79565197e-01, 3.05510195e+00, 7.63436508e+01
1.97055780e-01, 7.81143880e-02, 8.35382959e-01, 1.68546764e-01, 7.75501856e-01, 1.84296857e-01, 3.05037029e+00, 7.65895828e+01
2.02587771e-01, 8.01167833e-02, 8.31540137e-01, 1.72587947e-01, 7.71460673e-01, 1.89145541e-01, 3.04552161e+00, 7.68422839e+01
2.08275063e-01, 8.21658124e-02, 8.27626118e-01, 1.76709482e-01, 7.67339139e-01, 1.94113753e-01, 3.04055340e+00, 7.71019668e+01
2.14122015e-01, 8.42623342e-02, 8.23640447e-01, 1.80912172e-01, 7.63136449e-01, 1.99204028e-01, 3.03546312e+00, 7.73688539e+01
2.20133111e-01, 8.64072127e-02, 8.19582709e-01, 1.85196786e-01, 7.58851834e-01, 2.04418932e-01, 3.03024822e+00, 7.76431772e+01
2.26312957e-01, 8.86013169e-02, 8.15452527e-01, 1.89564061e-01, 7.54484560e-01, 2.09761063e-01, 3.02490609e+00, 7.79251795e+01
2.32666291e-01, 9.08455198e-02, 8.11249571e-01, 1.94014693e-01, 7.50033927e-01, 2.15233049e-01, 3.01943410e+00, 7.82151146e+01
2.39197984e-01, 9.31406982e-02, 8.06973553e-01, 1.98549341e-01, 7.45499280e-01, 2.20837543e-01, 3.01382961e+00, 7.85132482e+01
2.45913043e-01, 9.54877322e-02, 8.02624233e-01, 2.03168618e-01, 7.40880003e-01, 2.26577227e-01, 3.00808992e+00, 7.88198586e+01
2.52816614e-01, 9.78875042e-02, 7.98201419e-01, 2.07873093e-01, 7.36175527e-01, 2.32454808e-01, 3.00221234e+00, 7.91352375e+01
2.59913992e-01, 1.00340899e-01, 7.93704972e-01, 2.12663287e-01, 7.31385334e-01, 2.38473013e-01, 2.99619414e+00, 7.94596909e+01
2.67210616e-01, 1.02848802e-01, 7.89134803e-01, 2.17539668e-01, 7.26508953e-01, 2.44634594e-01, 2.99003256e+00, 7.97935397e+01
2.74712079e-01, 1.05412101e-01, 7.84490880e-01, 2.22502649e-01, 7.21545972e-01, 2.50942320e-01, 2.98372483e+00, 8.01371208e+01
2.82424133e-01, 1.08031682e-01, 7.79773224e-01, 2.27552588e-01, 7.16496033e-01, 2.57398976e-01, 2.97726817e+00, 8.04907884e+01
2.90352688e-01, 1.10708431e-01, 7.74981917e-01, 2.32689778e-01, 7.11358843e-01, 2.64007362e-01, 2.97065979e+00, 8.08549144e+01
2.98503825e-01, 1.13443233e-01, 7.70117100e-01, 2.37914451e-01, 7.06134170e-01, 2.70770288e-01, 2.96389686e+00, 8.12298901e+01
3.06883789e-01, 1.16236971e-01, 7.65178976e-01, 2.43226770e-01, 7.00821851e-01, 2.77690572e-01, 2.95697658e+00, 8.16161269e+01
3.15499006e-01, 1.19090524e-01, 7.60167811e-01, 2.48626828e-01, 6.95421793e-01, 2.84771036e-01, 2.94989611e+00, 8.20140580e+01
3.24356081e-01, 1.22004770e-01, 7.55083934e-01, 2.54114642e-01, 6.89933979e-01, 2.92014506e-01, 2.94265265e+00, 8.24241390e+01
3.33461802e-01, 1.24980579e-01, 7.49927744e-01, 2.59690152e-01, 6.84358469e-01, 2.99423801e-01, 2.93524335e+00, 8.28468502e+01
3.42823149e-01, 1.28018820e-01, 7.44699703e-01, 2.65353216e-01, 6.78695404e-01, 3.07001734e-01, 2.92766542e+00, 8.32826971e+01
3.52447300e-01, 1.31120351e-01, 7.39400345e-01, 2.71103609e-01, 6.72945012e-01, 3.14751107e-01, 2.91991604e+00, 8.37322125e+01
3.62341632e-01, 1.34286029e-01, 7.34030273e-01, 2.76941013e-01, 6.67107608e-01, 3.22674705e-01, 2.91199245e+00, 8.41959577e+01
3.72513730e-01, 1.37516698e-01, 7.28590161e-01, 2.82865020e-01, 6.61183601e-01, 3.30775292e-01, 2.90389186e+00, 8.46745245e+01
3.82971391e-01, 1.40813196e-01, 7.23080757e-01, 2.88875127e-01, 6.55173494e-01, 3.39055601e-01, 2.89561155e+00, 8.51685366e+01
3.93722633e-01, 1.44176353e-01, 7.17502878e-01, 2.94970729e-01, 6.49077892e-01, 3.47518337e-01, 2.88714881e+00, 8.56786513e+01
4.04775697e-01, 1.47606985e-01, 7.11857418e-01, 3.01151117e-01, 6.42897504e-01, 3.56166160e-01, 2.87850099e+00, 8.62055619e+01
4.16139055e-01, 1.51105900e-01, 7.06145344e-01, 3.07415477e-01, 6.36633143e-01, 3.65001688e-01, 2.86966546e+00, 8.67499988e+01
4.27821420e-01, 1.54673893e-01, 7.00367697e-01, 3.13762884e-01, 6.30285737e-01, 3.74027484e-01, 2.86063967e+00, 8.73127323e+01
4.39831747e-01, 1.58311745e-01, 6.94525595e-01, 3.20192295e-01, 6.23856326e-01, 3.83246048e-01, 2.85142110e+00, 8.78945740e+01
4.52179242e-01, 1.62020224e-01, 6.88620228e-01, 3.26702554e-01, 6.17346066e-01, 3.92659816e-01, 2.84200734e+00, 8.84963794e+01
4.64873371e-01, 1.65800084e-01, 6.82652863e-01, 3.33292382e-01, 6.10756239e-01, 4.02271143e-01, 2.83239601e+00, 8.91190497e+01
4.77923865e-01, 1.69652062e-01, 6.76624841e-01, 3.39960374e-01, 6.04088246e-01, 4.12082302e-01, 2.82258485e+00, 8.97635344e+01
4.91340729e-01, 1.73576879e-01, 6.70537578e-01, 3.46705001e-01, 5.97343620e-01, 4.22095468e-01, 2.81257168e+00, 9.04308332e+01
5.05134247e-01, 1.77575238e-01, 6.64392563e-01, 3.53524600e-01, 5.90524020e-01, 4.32312716e-01, 2.80235444e+00, 9.11219989e+01
5.19314994e-01, 1.81647824e-01, 6.58191359e-01, 3.60417379e-01, 5.83631242e-01, 4.42736005e-01, 2.79193115e+00, 9.18381393e+01
5.33893840e-01, 1.85795303e-01, 6.51935600e-01, 3.67381408e-01, 5.76667213e-01, 4.53367174e-01, 2.78129998e+00, 9.25804197e+01
5.48881961e-01, 1.90018322e-01, 6.45626991e-01, 3.74414621e-01, 5.69634000e-01, 4.64207925e-01, 2.77045923e+00, 9.33500659e+01
5.64290847e-01, 1.94317504e-01, 6.39267309e-01, 3.81514813e-01, 5.62533808e-01, 4.75259819e-01, 2.75940733e+00, 9.41483660e+01
5.80132310e-01, 1.98693454e-01, 6.32858396e-01, 3.88679638e-01, 5.55368983e-01, 4.86524262e-01, 2.74814289e+00, 9.49766735e+01
5.96418495e-01, 2.03146750e-01, 6.26402164e-01, 3.95906610e-01, 5.48142011e-01, 4.98002494e-01, 2.73666466e+00, 9.58364096e+01
6.13161884e-01, 2.07677952e-01, 6.19900588e-01, 4.03193099e-01, 5.40855522e-01, 5.09695580e-01, 2.72497157e+00, 9.67290657e+01
6.30375315e-01, 2.12287591e-01, 6.13355704e-01, 4.10536335e-01, 5.33512286e-01, 5.21604398e-01, 2.71306275e+00, 9.76562065e+01
6.48071983e-01, 2.16976176e-01, 6.06769614e-01, 4.17933407e-01, 5.26115214e-01, 5.33729628e-01, 2.70093752e+00, 9.86194718e+01
6.66265452e-01, 2.21744190e-01, 6.00144472e-01, 4.25381262e-01, 5.18667359e-01, 5.46071742e-01, 2.68859541e+00, 9.96205799e+01
6.84969672e-01, 2.26592088e-01, 5.93482492e-01, 4.32876708e-01, 5.11171912e-01, 5.58630992e-01, 2.67603616e+00, 1.00661330e+02
7.04198979e-01, 2.31520301e-01, 5.86785940e-01, 4.40416420e-01, 5.03632201e-01, 5.71407403e-01, 2.66325975e+00, 1.01743603e+02
7.23968114e-01, 2.36529229e-01, 5.80057132e-01, 4.47996935e-01, 4.96051685e-01, 5.84400758e-01, 2.65026639e+00, 1.02869368e+02
7.44292233e-01, 2.41619247e-01, 5.73298431e-01, 4.55614664e-01, 4.88433956e-01, 5.97610595e-01, 2.63705656e+00, 1.04040680e+02
7.65186915e-01, 2.46790700e-01, 5.66512244e-01, 4.63265891e-01, 4.80782730e-01, 6.11036192e-01, 2.62363096e+00, 1.05259688e+02
7.86668179e-01, 2.52043903e-01, 5.59701019e-01, 4.70946780e-01, 4.73101841e-01, 6.24676562e-01, 2.60999059e+00, 1.06528631e+02
8.08752491e-01, 2.57379142e-01, 5.52867241e-01, 4.78653380e-01, 4.65395241e-01, 6.38530448e-01, 2.59613670e+00, 1.07849845e+02
8.31456781e-01, 2.62796674e-01, 5.46013431e-01, 4.86381634e-01, 4.57666987e-01, 6.52596310e-01, 2.58207084e+00, 1.09225764e+02
8.54798453e-01, 2.68296725e-01, 5.39142136e-01, 4.94127382e-01, 4.49921238e-01, 6.66872327e-01, 2.56779482e+00, 1.10658924e+02
8.78795401e-01, 2.73879488e-01, 5.32255933e-01, 5.01886376e-01, 4.42162244e-01, 6.81356385e-01, 2.55331077e+00, 1.12151962e+02
9.03466021e-01, 2.79545129e-01, 5.25357421e-01, 5.09654282e-01, 4.34394339e-01, 6.96046082e-01, 2.53862107e+00, 1.13707621e+02
9.28829225e-01, 2.85293778e-01, 5.18449216e-01, 5.17426693e-01, 4.26621928e-01, 7.10938718e-01, 2.52372843e+00, 1.15328752e+02
9.54904456e-01, 2.91125536e-01, 5.11533951e-01, 5.25199138e-01, 4.18849483e-01, 7.26031300e-01, 2.50863585e+00, 1.17018316e+02
9.81711702e-01, 2.97040474e-01, 5.04614268e-01, 5.32967096e-01, 4.11081525e-01, 7.41320539e-01, 2.49334661e+00, 1.18779387e+02
1.00927151e+00, 3.03038627e-01, 4.97692817e-01, 5.40726004e-01, 4.03322617e-01, 7.56802856e-01, 2.47786430e+00, 1.20615153e+02
1.03760502e+00, 3.09120002e-01, 4.90772250e-01, 5.48471271e-01, 3.95577350e-01, 7.72474380e-01, 2.46219277e+00, 1.22528920e+02
1.06673394e+00, 3.15284571e-01, 4.83855218e-01, 5.56198287e-01, 3.87850334e-01, 7.88330958e-01, 2.44633619e+00, 1.24524116e+02
1.09668060e+00, 3.21532276e-01, 4.76944367e-01, 5.63902443e-01, 3.80146178e-01, 8.04368161e-01, 2.43029899e+00, 1.26604289e+02
1.12746796e+00, 3.27863028e-01, 4.70042332e-01, 5.71579137e-01, 3.72469484e-01, 8.20581287e-01, 2.41408586e+00, 1.28773116e+02
1.15911962e+00, 3.34276704e-01, 4.63151736e-01, 5.79223791e-01, 3.64824830e-01, 8.36965376e-01, 2.39770177e+00, 1.31034402e+02
1.19165984e+00, 3.40773150e-01, 4.56275185e-01, 5.86831862e-01, 3.57216759e-01, 8.53515219e-01, 2.38115193e+00, 1.33392085e+02
1.22511358e+00, 3.47352184e-01, 4.49415262e-01, 5.94398857e-01, 3.49649763e-01, 8.70225367e-01, 2.36444178e+00, 1.35850238e+02
1.25950646e+00, 3.54013588e-01, 4.42574525e-01, 6.01920349e-01, 3.42128272e-01, 8.87090150e-01, 2.34757700e+00, 1.38413074e+02
1.29486487e+00, 3.60757118e-01, 4.35755505e-01, 6.09391982e-01, 3.34656638e-01, 9.04103684e-01, 2.33056347e+00, 1.41084952e+02
1.33121590e+00, 3.67582497e-01, 4.28960698e-01, 6.16809493e-01, 3.27239128e-01, 9.21259893e-01, 2.31340726e+00, 1.43870377e+02
1.36858742e+00, 3.74489419e-01, 4.22192565e-01, 6.24168716e-01, 3.19879905e-01, 9.38552521e-01, 2.29611463e+00, 1.46774010e+02
1.40700809e+00, 3.81477549e-01, 4.15453528e-01, 6.31465600e-01, 3.12583021e-01, 9.55975151e-01, 2.27869200e+00, 1.49800667e+02
1.44650734e+00, 3.88546523e-01, 4.08745964e-01, 6.38696216e-01, 3.05352404e-01, 9.73521222e-01, 2.26114593e+00, 1.52955331e+02
1.48711546e+00, 3.95695948e-01, 4.02072206e-01, 6.45856771e-01, 2.98191850e-01, 9.91184045e-01, 2.24348311e+00, 1.56243155e+02
1.52886359e+00, 4.02925403e-01, 3.95434536e-01, 6.52943613e-01, 2.91105008e-01, 1.00895682e+00, 2.22571033e+00, 1.59669468e+02
1.57178372e+00, 4.10234442e-01, 3.88835186e-01, 6.59953243e-01, 2.84095378e-01, 1.02683267e+00, 2.20783448e+00, 1.63239782e+02
1.61590875e+00, 4.17622591e-01, 3.82276331e-01, 6.66882324e-01, 2.77166297e-01, 1.04480464e+00, 2.18986251e+00, 1.66959803e+02
1.66127252e+00, 4.25089350e-01, 3.75760089e-01, 6.73727684e-01, 2.70320937e-01, 1.06286570e+00, 2.17180145e+00, 1.70835434e+02
1.70790980e+00, 4.32634194e-01, 3.69288519e-01, 6.80486327e-01, 2.63562294e-01, 1.08100882e+00, 2.15365833e+00, 1.74872788e+02
1.75585633e+00, 4.40256573e-01, 3.62863618e-01, 6.87155432e-01, 2.56893189e-01, 1.09922694e+00, 2.13544021e+00, 1.79078195e+02
1.80514888e+00, 4.47955916e-01, 3.56487318e-01, 6.93732364e-01, 2.50316257e-01, 1.11751298e+00, 2.11715417e+00, 1.83458212e+02
1.85582523e+00, 4.55731626e-01, 3.50161484e-01, 7.00214673e-01, 2.43833948e-01, 1.13585991e+00, 2.09880724e+00, 1.88019637e+02
1.90792422e+00, 4.63583085e-01, 3.43887915e-01, 7.06600094e-01, 2.37448527e-01, 1.15426070e+00, 2.08040645e+00, 1.92769512e+02
1.96148581e+00, 4.71509656e-01, 3.37668341e-01, 7.12886556e-01, 2.31162065e-01, 1.17270839e+00, 2.06195876e+00, 1.97715145e+02
2.01655104e+00, 4.79510678e-01, 3.31504419e-01, 7.19072175e-01, 2.24976446e-01, 1.19119607e+00, 2.04347108e+00, 2.02864114e+02
2.07316213e+00, 4.87585472e-01, 3.25397736e-01, 7.25155256e-01, 2.18893365e-01, 1.20971690e+00, 2.02495026e+00, 2.08224286e+02
2.13136247e+00, 4.95733342e-01, 3.19349807e-01, 7.31134292e-01, 2.12914329e-01, 1.22826412e+00, 2.00640303e+00, 2.13803827e+02
2.19119669e+00, 5.03953573e-01, 3.13362070e-01, 7.37007964e-01, 2.07040657e-01, 1.24683110e+00, 1.98783605e+00, 2.19611218e+02
2.25271064e+00, 5.12245431e-01, 3.07435893e-01, 7.42775133e-01, 2.01273488e-01, 1.26541129e+00, 1.96925586e+00, 2.25655271e+02
2.31595149e+00, 5.20608169e-01, 3.01572566e-01, 7.48434842e-01, 1.95613779e-01, 1.28399825e+00, 1.95066890e+00, 2.31945143e+02
2.38096772e+00, 5.29041024e-01, 2.95773306e-01, 7.53986308e-01, 1.90062313e-01, 1.30258569e+00, 1.93208146e+00, 2.38490353e+02
2.44780916e+00, 5.37543219e-01, 2.90039255e-01, 7.59428920e-01, 1.84619701e-01, 1.32116743e+00, 1.91349972e+00, 2.45300802e+02
2.51652705e+00, 5.46113963e-01, 2.84371479e-01, 7.64762233e-01, 1.79286388e-01, 1.33973745e+00, 1.89492970e+00, 2.52386787e+02
2.58717408e+00, 5.54752453e-01, 2.78770971e-01, 7.69985963e-01, 1.74062658e-01, 1.35828987e+00, 1.87637729e+00, 2.59759023e+02
2.65980440e+00, 5.63457874e-01, 2.73238647e-01, 7.75099980e-01, 1.68948641e-01, 1.37681893e+00, 1.85784822e+00, 2.67428661e+02
2.73447368e+00, 5.72229403e-01, 2.67775351e-01, 7.80104303e-01, 1.63944318e-01, 1.39531906e+00, 1.83934809e+00, 2.75407310e+02
2.81123917e+00, 5.81066203e-01, 2.62381854e-01, 7.84999094e-01, 1.59049526e-01, 1.41378484e+00, 1.82088231e+00, 2.83707056e+02
2.89015972e+00, 5.89967432e-01, 2.57058854e-01, 7.89784652e-01, 1.54263969e-01, 1.43221100e+00, 1.80245615e+00, 2.92340485e+02
2.97129582e+00, 5.98932239e-01, 2.51806978e-01, 7.94461401e-01, 1.49587219e-01, 1.45059242e+00, 1.78407473e+00, 3.01320707e+02
3.05470967e+00, 6.07959763e-01, 2.46626782e-01, 7.99029894e-01, 1.45018727e-01, 1.46892416e+00, 1.76574299e+00, 3.10661380e+02
3.14046522e+00, 6.17049141e-01, 2.41518754e-01, 8.03490795e-01, 1.40557826e-01, 1.48720144e+00, 1.74746571e+00, 3.20376731e+02
3.22862820e+00, 6.26199502e-01, 2.36483311e-01, 8.07844879e-01, 1.36203742e-01, 1.50541964e+00, 1.72924751e+00, 3.30481587e+02
3.31926620e+00, 6.35409971e-01, 2.31520808e-01, 8.12093023e-01, 1.31955598e-01, 1.52357430e+00, 1.71109285e+00, 3.40991398e+02
3.41244871e+00, 6.44679670e-01, 2.26631530e-01, 8.16236200e-01, 1.27812421e-01, 1.54166112e+00, 1.69300603e+00, 3.51922267e+02
3.50824714e+00, 6.54007716e-01, 2.21815701e-01, 8.20275473e-01, 1.23773148e-01, 1.55967597e+00, 1.67499119e+00, 3.63290978e+02
3.60673495e+00, 6.63393226e-01, 2.17073483e-01, 8.24211985e-01, 1.19836636e-01, 1.57761485e+00, 1.65705230e+00, 3.75115024e+02
3.70798763e+00, 6.72835313e-01, 2.12404976e-01, 8.28046959e-01, 1.16001662e-01, 1.59547396e+00, 1.63919319e+00, 3.87412641e+02
3.81208280e+00, 6.82333091e-01, 2.07810223e-01, 8.31781684e-01, 1.12266937e-01, 1.61324963e+00, 1.62141753e+00, 4.00202839e+02
3.91910025e+00, 6.91885673e-01, 2.03289209e-01, 8.35417517e-01, 1.08631104e-01, 1.63093833e+00, 1.60372882e+00, 4.13505435e+02
4.02912203e+00, 7.01492174e-01, 1.98841864e-01, 8.38955870e-01, 1.05092751e-01, 1.64853671e+00, 1.58613044e+00, 4.27341090e+02
4.14223247e+00, 7.11151707e-01, 1.94468065e-01, 8.42398211e-01, 1.01650410e-01, 1.66604154e+00, 1.56862561e+00, 4.41731342e+02
4.25851829e+00, 7.20863389e-01, 1.90167637e-01, 8.45746052e-01, 9.83025692e-02, 1.68344977e+00, 1.55121738e+00, 4.56698647e+02
4.37806863e+00, 7.30626340e-01, 1.85940357e-01, 8.49000948e-01, 9.50476727e-02, 1.70075845e+00, 1.53390870e+00, 4.72266417e+02
4.50097513e+00, 7.40439681e-01, 1.81785952e-01, 8.52164493e-01, 9.18841282e-02, 1.71796479e+00, 1.51670236e+00, 4.88459057e+02
4.62733201e+00, 7.50302539e-01, 1.77704105e-01, 8.55238310e-01, 8.88103113e-02, 1.73506615e+00, 1.49960100e+00, 5.05302016e+02
4.75723614e+00, 7.60214043e-01, 1.73694456e-01, 8.58224051e-01, 8.58245701e-02, 1.75206000e+00, 1.48260716e+00, 5.22821823e+02
4.89078709e+00, 7.70173327e-01, 1.69756602e-01, 8.61123392e-01, 8.29252294e-02, 1.76894394e+00, 1.46572321e+00, 5.41046135e+02
5.02808725e+00, 7.80179530e-01, 1.65890100e-01, 8.63938026e-01, 8.01105948e-02, 1.78571573e+00, 1.44895142e+00, 5.60003788e+02
5.16924187e+00, 7.90231798e-01, 1.62094471e-01, 8.66669664e-01, 7.73789570e-02, 1.80237322e+00, 1.43229393e+00, 5.79724844e+02
5.31435916e+00, 8.00329281e-01, 1.58369199e-01, 8.69320026e-01, 7.47285953e-02, 1.81891439e+00, 1.41575276e+00, 6.00240643e+02
5.46355035e+00, 8.10471136e-01, 1.54713732e-01, 8.71890840e-01, 7.21577811e-02, 1.83533734e+00, 1.39932981e+00, 6.21583858e+02
5.61692982e+00, 8.20656529e-01, 1.51127491e-01, 8.74383840e-01, 6.96647810e-02, 1.85164029e+00, 1.38302686e+00, 6.43788549e+02
5.77461515e+00, 8.30884629e-01, 1.47609861e-01, 8.76800760e-01, 6.72478606e-02, 1.86782158e+00, 1.36684558e+00, 6.66890225e+02
5.93672722e+00, 8.41154616e-01, 1.44160202e-01, 8.79143334e-01, 6.49052865e-02, 1.88387962e+00, 1.35078753e+00, 6.90925902e+02
6.10339029e+00, 8.51465677e-01, 1.40777848e-01, 8.81413291e-01, 6.26353298e-02, 1.89981298e+00, 1.33485417e+00, 7.15934167e+02
6.27473213e+00, 8.61817006e-01, 1.37462106e-01, 8.83612353e-01, 6.04362683e-02, 1.91562030e+00, 1.31904685e+00, 7.41955248e+02
6.45088409e+00, 8.72207807e-01, 1.34212261e-01, 8.85742232e-01, 5.83063886e-02, 1.93130033e+00, 1.30336682e+00, 7.69031076e+02
6.63198120e+00, 8.82637292e-01, 1.31027576e-01, 8.87804632e-01, 5.62439891e-02, 1.94685191e+00, 1.28781524e+00, 7.97205363e+02
6.81816229e+00, 8.93104682e-01, 1.27907296e-01, 8.89801240e-01, 5.42473812e-02, 1.96227398e+00, 1.27239317e+00, 8.26523673e+02
7.00957009e+00, 9.03609206e-01, 1.24850646e-01, 8.91733729e-01, 5.23148916e-02, 1.97756558e+00, 1.25710157e+00, 8.57033505e+02
7.20635132e+00, 9.14150106e-01, 1.21856835e-01, 8.93603757e-01, 5.04448640e-02, 1.99272583e+00, 1.24194132e+00, 8.88784368e+02
7.40865683e+00, 9.24726629e-01, 1.18925058e-01, 8.95412960e-01, 4.86356605e-02, 2.00775394e+00, 1.22691321e+00, 9.21827869e+02
7.61664172e+00, 9.35338035e-01, 1.16054495e-01, 8.97162958e-01, 4.68856631e-02, 2.02264921e+00, 1.21201795e+00, 9.56217805e+02
7.83046540e+00, 9.45983593e-01, 1.13244314e-01, 8.98855345e-01, 4.51932754e-02, 2.03741099e+00, 1.19725616e+00, 9.92010247e+02
8.05029181e+00, 9.56662583e-01, 1.10493675e-01, 9.00491698e-01, 4.35569231e-02, 2.05203876e+00, 1.18262839e+00, 1.02926364e+03
8.27628946e+00, 9.67374292e-01, 1.07801724e-01, 9.02073565e-01, 4.19750555e-02, 2.06653204e+00, 1.16813511e+00, 1.06803892e+03
8.50863158e+00, 9.78118021e-01, 1.05167604e-01, 9.03602475e-01, 4.04461463e-02, 2.08089043e+00, 1.15377673e+00, 1.10839957e+03
8.74749630e+00, 9.88893079e-01, 1.02590447e-01, 9.05079926e-01, 3.89686946e-02, 2.09511360e+00, 1.13955355e+00, 1.15041179e+03
8.99306672e+00, 9.99698787e-01, 1.00069381e-01, 9.06507395e-01, 3.75412254e-02, 2.10920131e+00, 1.12546584e+00, 1.19414457e+03
9.24553110e+00, 1.01053448e+00, 9.76035298e-02, 9.07886331e-01, 3.61622903e-02, 2.12315335e+00, 1.11151380e+00, 1.23966982e+03
9.50508296e+00, 1.02139949e+00, 9.51920136e-02, 9.09218153e-01, 3.48304682e-02, 2.13696962e+00, 1.09769753e+00, 1.28706250e+03
9.77192128e+00, 1.03229317e+00, 9.28339498e-02, 9.10504255e-01, 3.35443655e-02, 2.15065003e+00, 1.08401712e+00, 1.33640073e+03
1.00462506e+01, 1.04321489e+00, 9.05284548e-02, 9.11746004e-01, 3.23026166e-02, 2.16419459e+00, 1.07047256e+00, 1.38776594e+03
1.03282813e+01, 1.05416402e+00, 8.82746444e-02, 9.12944737e-01, 3.11038842e-02, 2.17760335e+00, 1.05706380e+00, 1.44124302e+03
1.06182294e+01, 1.06513995e+00, 8.60716349e-02, 9.14101761e-01, 2.99468597e-02, 2.19087642e+00, 1.04379073e+00, 1.49692042e+03
1.09163173e+01, 1.07614206e+00, 8.39185439e-02, 9.15218358e-01, 2.88302629e-02, 2.20401397e+00, 1.03065318e+00, 1.55489035e+03
1.12227736e+01, 1.08716977e+00, 8.18144912e-02, 9.16295778e-01, 2.77528424e-02, 2.21701620e+00, 1.01765095e+00, 1.61524893e+03
1.15378330e+01, 1.09822248e+00, 7.97585995e-02, 9.17335245e-01, 2.67133758e-02, 2.22988337e+00, 1.00478378e+00, 1.67809634e+03
1.18617372e+01, 1.10929963e+00, 7.77499950e-02, 9.18337952e-01, 2.57106692e-02, 2.24261581e+00, 9.92051345e-01, 1.74353699e+03
1.21947344e+01, 1.12040065e+00, 7.57878084e-02, 9.19305063e-01, 2.47435575e-02, 2.25521385e+00, 9.79453301e-01, 1.81167971e+03
1.25370799e+01, 1.13152499e+00, 7.38711753e-02, 9.20237717e-01, 2.38109041e-02, 2.26767790e+00, 9.66989246e-01, 1.88263793e+03
1.28890361e+01, 1.14267211e+00, 7.19992367e-02, 9.21137020e-01, 2.29116010e-02, 2.28000841e+00, 9.54658743e-01, 1.95652989e+03
1.32508729e+01, 1.15384147e+00, 7.01711401e-02, 9.22004053e-01, 2.20445682e-02, 2.29220584e+00, 9.42461311e-01, 2.03347883e+03
1.36228676e+01, 1.16503255e+00, 6.83860392e-02, 9.22839867e-01, 2.12087536e-02, 2.30427072e+00, 9.30396434e-01, 2.11361320e+03
1.40053055e+01, 1.17624484e+00, 6.66430952e-02, 9.23645488e-01, 2.04031331e-02, 2.31620359e+00, 9.18463559e-01, 2.19706687e+03
1.43984795e+01, 1.18747784e+00, 6.49414767e-02, 9.24421911e-01, 1.96267097e-02, 2.32800505e+00, 9.06662098e-01, 2.28397940e+03
1.48026913e+01, 1.19873106e+00, 6.32803605e-02, 9.25170107e-01, 1.88785134e-02, 2.33967572e+00, 8.94991431e-01, 2.37449624e+03
1.52182505e+01, 1.21000400e+00, 6.16589316e-02, 9.25891020e-01, 1.81576011e-02, 2.35121625e+00, 8.83450906e-01, 2.46876899e+03
1.56454759e+01, 1.22129622e+00, 6.00763839e-02, 9.26585565e-01, 1.74630560e-02, 2.36262731e+00, 8.72039842e-01, 2.56695568e+03
1.60846948e+01, 1.23260723e+00, 5.85319205e-02, 9.27254634e-01, 1.67939869e-02, 2.37390962e+00, 8.60757530e-01, 2.66922101e+03
1.65362441e+01, 1.24393658e+00, 5.70247538e-02, 9.27899092e-01, 1.61495285e-02, 2.38506392e+00, 8.49603233e-01, 2.77573665e+03
1.70004698e+01, 1.25528384e+00, 5.55541057e-02, 9.28519781e-01, 1.55288402e-02, 2.39609096e+00, 8.38576191e-01, 2.88668155e+03
1.74777277e+01, 1.26664856e+00, 5.41192085e-02, 9.29117515e-01, 1.49311063e-02, 2.40699153e+00, 8.27675618e-01, 3.00224221e+03
1.79683839e+01, 1.27803033e+00, 5.27193041e-02, 9.29693086e-01, 1.43555350e-02, 2.41776644e+00, 8.16900707e-01, 3.12261305e+03
1.84728144e+01, 1.28942872e+00, 5.13536452e-02, 9.30247262e-01, 1.38013584e-02, 2.42841652e+00, 8.06250629e-01, 3.24799670e+03
1.89914058e+01, 1.30084334e+00, 5.00214947e-02, 9.30780789e-01, 1.32678317e-02, 2.43894262e+00, 7.95724535e-01, 3.37860436e+03
1.95245558e+01, 1.31227377e+00, 4.87221263e-02, 9.31294388e-01, 1.27542327e-02, 2.44934559e+00, 7.85321559e-01, 3.51465618e+03
2.00726730e+01, 1.32371963e+00, 4.74548245e-02, 9.31788759e-01, 1.22598617e-02, 2.45962634e+00, 7.75040815e-01, 3.65638163e+03
2.06361777e+01, 1.33518054e+00, 4.62188846e-02, 9.32264580e-01, 1.17840406e-02, 2.46978575e+00, 7.64881402e-01, 3.80401988e+03
2.12155017e+01, 1.34665613e+00, 4.50136131e-02, 9.32722508e-01, 1.13261125e-02, 2.47982475e+00, 7.54842404e-01, 3.95782024e+03
2.18110892e+01, 1.35814602e+00, 4.38383275e-02, 9.33163180e-01, 1.08854413e-02, 2.48974426e+00, 7.44922891e-01, 4.11804256e+03
2.24233968e+01, 1.36964988e+00, 4.26923562e-02, 9.33587210e-01, 1.04614113e-02, 2.49954523e+00, 7.35121919e-01, 4.28495770e+03
2.30528939e+01, 1.38116734e+00, 4.15750390e-02, 9.33995194e-01, 1.00534264e-02, 2.50922862e+00, 7.25438533e-01, 4.45884798e+03
2.37000629e+01, 1.39269806e+00, 4.04857268e-02, 9.34387711e-01, 9.66090984e-03, 2.51879538e+00, 7.15871766e-01, 4.64000767e+03
2.43654001e+01, 1.40424172e+00, 3.94237819e-02, 9.34765317e-01, 9.28330360e-03, 2.52824651e+00, 7.06420642e-01, 4.82874351e+03
2.50494154e+01, 1.41579798e+00, 3.83885774e-02, 9.35128553e-01, 8.92006801e-03, 2.53758298e+00, 6.97084174e-01, 5.02537522e+03
2.57526333e+01, 1.42736654e+00, 3.73794979e-02, 9.35477940e-01, 8.57068122e-03, 2.54680578e+00, 6.87861368e-01, 5.23023605e+03
2.64755927e+01, 1.43894707e+00, 3.63959391e-02, 9.35813982e-01, 8.23463869e-03, 2.55591593e+00, 6.78751222e-01, 5.44367338e+03
2.72188479e+01, 1.45053928e+00, 3.54373078e-02, 9.36137168e-01, 7.91145278e-03, 2.56491442e+00, 6.69752729e-01, 5.66604927e+03
2.79829688e+01, 1.46214287e+00, 3.45030217e-02, 9.36447969e-01, 7.60065223e-03, 2.57380228e+00, 6.60864873e-01, 5.89774114e+03
2.87685409e+01, 1.47375755e+00, 3.35925097e-02, 9.36746839e-01, 7.30178173e-03, 2.58258052e+00, 6.52086634e-01, 6.13914238e+03
2.95761666e+01, 1.48538304e+00, 3.27052117e-02, 9.37034219e-01, 7.01440147e-03, 2.59125016e+00, 6.43416990e-01, 6.39066304e+03
3.04064649e+01, 1.49701906e+00, 3.18405781e-02, 9.37310534e-01, 6.73808667e-03, 2.59981224e+00, 6.34854911e-01, 6.65273054e+03
3.12600724e+01, 1.50866534e+00, 3.09980705e-02, 9.37576194e-01, 6.47242717e-03, 2.60826778e+00, 6.26399368e-01, 6.92579039e+03
3.21376434e+01, 1.52032162e+00, 3.01771610e-02, 9.37831594e-01, 6.21702697e-03, 2.61661783e+00, 6.18049326e-01, 7.21030698e+03
3.30398507e+01, 1.53198765e+00, 2.93773321e-02, 9.38077117e-01, 5.97150382e-03, 2.62486340e+00, 6.09803751e-01, 7.50676437e+03
3.39673858e+01, 1.54366317e+00, 2.85980772e-02, 9.38313132e-01, 5.73548883e-03, 2.63300555e+00, 6.01661606e-01, 7.81566711e+03
3.49209598e+01, 1.55534793e+00, 2.78388997e-02, 9.38539995e-01, 5.50862601e-03, 2.64104530e+00, 5.93621853e-01, 8.13754113e+03
3.59013038e+01, 1.56704171e+00, 2.70993135e-02, 9.38758049e-01, 5.29057194e-03, 2.64898369e+00, 5.85683457e-01, 8.47293465e+03
3.69091691e+01, 1.57874427e+00, 2.63788425e-02, 9.38967626e-01, 5.08099529e-03, 2.65682177e+00, 5.77845378e-01, 8.82241907e+03
3.79453285e+01, 1.59045537e+00, 2.56770206e-02, 9.39169044e-01, 4.87957655e-03, 2.66456057e+00, 5.70106583e-01, 9.18659005e+03
3.90105762e+01, 1.60217481e+00, 2.49933916e-02, 9.39362613e-01, 4.68600756e-03, 2.67220112e+00, 5.62466035e-01, 9.56606843e+03
4.01057288e+01, 1.61390235e+00, 2.43275093e-02, 9.39548630e-01, 4.49999121e-03, 2.67974445e+00, 5.54922701e-01, 9.96150140e+03
4.12316259e+01, 1.62563780e+00, 2.36789368e-02, 9.39727380e-01, 4.32124104e-03, 2.68719160e+00, 5.47475551e-01, 1.03735635e+04
4.23891306e+01, 1.63738095e+00, 2.30472468e-02, 9.39899140e-01, 4.14948094e-03, 2.69454360e+00, 5.40123556e-01, 1.08029580e+04
4.35791301e+01, 1.64913159e+00, 2.24320214e-02, 9.40064176e-01, 3.98444477e-03, 2.70180146e+00, 5.32865691e-01, 1.12504177e+04
4.48025368e+01, 1.66088953e+00, 2.18328518e-02, 9.40222745e-01, 3.82587607e-03, 2.70896622e+00, 5.25700933e-01, 1.17167067e+04
4.60602884e+01, 1.67265458e+00, 2.12493385e-02, 9.40375093e-01, 3.67352771e-03, 2.71603889e+00, 5.18628265e-01, 1.22026214e+04
4.73533492e+01, 1.68442656e+00, 2.06810907e-02, 9.40521459e-01, 3.52716158e-03, 2.72302048e+00, 5.11646671e-01, 1.27089918e+04
4.86827104e+01, 1.69620528e+00, 2.01277264e-02, 9.40662073e-01, 3.38654832e-03, 2.72991201e+00, 5.04755142e-01, 1.32366832e+04
5.00493910e+01, 1.70799057e+00, 1.95888723e-02, 9.40797154e-01, 3.25146699e-03, 2.73671448e+00, 4.97952673e-01, 1.37865977e+04
5.14544388e+01, 1.71978224e+00, 1.90641636e-02, 9.40926916e-01, 3.12170479e-03, 2.74342889e+00, 4.91238262e-01, 1.43596753e+04
5.28989308e+01, 1.73158015e+00, 1.85532437e-02, 9.41051564e-01, 2.99705680e-03, 2.75005624e+00, 4.84610914e-01, 1.49568961e+04
5.43839743e+01, 1.74338412e+00, 1.80557646e-02, 9.41171295e-01, 2.87732569e-03, 2.75659751e+00, 4.78069639e-01, 1.55792816e+04
5.59107078e+01, 1.75519399e+00, 1.75713858e-02, 9.41286299e-01, 2.76232147e-03, 2.76305370e+00, 4.71613452e-01, 1.62278966e+04
5.74803016e+01, 1.76700960e+00, 1.70997750e-02, 9.41396760e-01, 2.65186123e-03, 2.76942578e+00, 4.65241375e-01, 1.69038510e+04
5.90939590e+01, 1.77883082e+00, 1.66406078e-02, 9.41502852e-01, 2.54576889e-03, 2.77571472e+00, 4.58952436e-01, 1.76083018e+04
6.07529169e+01, 1.79065748e+00, 1.61935670e-02, 9.41604746e-01, 2.44387498e-03, 2.78192148e+00, 4.52745668e-01, 1.83424550e+04
6.24584471e+01, 1.80248944e+00, 1.57583434e-02, 9.41702604e-01, 2.34601637e-03, 2.78804704e+00, 4.46620110e-01, 1.91075678e+04
6.42118571e+01, 1.81432657e+00, 1.53346346e-02, 9.41796585e-01, 2.25203609e-03, 2.79409234e+00, 4.40574810e-01, 1.99049504e+04
6.60144909e+01, 1.82616872e+00, 1.49221457e-02, 9.41886838e-01, 2.16178309e-03, 2.80005833e+00, 4.34608822e-01, 2.07359689e+04
6.78677305e+01, 1.83801577e+00, 1.45205889e-02, 9.41973509e-01, 2.07511200e-03, 2.80594595e+00, 4.28721205e-01, 2.16020469e+04
6.97729965e+01, 1.84986758e+00, 1.41296829e-02, 9.42056738e-01, 1.99188299e-03, 2.81175612e+00, 4.22911027e-01, 2.25046687e+04
7.17317494e+01, 1.86172403e+00, 1.37491537e-02, 9.42136659e-01, 1.91196152e-03, 2.81748979e+00, 4.17177362e-01, 2.34453812e+04
7.37454909e+01, 1.87358500e+00, 1.33787335e-02, 9.42213403e-01, 1.83521818e-03, 2.82314786e+00, 4.11519293e-01, 2.44257971e+04
7.58157646e+01, 1.88545036e+00, 1.30181611e-02, 9.42287092e-01, 1.76152846e-03, 2.82873124e+00, 4.05935908e-01, 2.54475973e+04
7.79441575e+01, 1.89731999e+00, 1.26671819e-02, 9.42357848e-01, 1.69077263e-03, 2.83424085e+00, 4.00426304e-01, 2.65125340e+04
8.01323013e+01, 1.90919379e+00, 1.23255471e-02, 9.42425785e-01, 1.62283553e-03, 2.83967757e+00, 3.94989586e-01, 2.76224336e+04
8.23818733e+01, 1.92107165e+00, 1.19930143e-02, 9.42491014e-01, 1.55760642e-03, 2.84504229e+00, 3.89624865e-01, 2.87792001e+04
8.46945981e+01, 1.93295345e+00, 1.16693470e-02, 9.42553642e-01, 1.49497879e-03, 2.85033589e+00, 3.84331261e-01, 2.99848179e+04
8.70722485e+01, 1.94483908e+00, 1.13543144e-02, 9.42613771e-01, 1.43485024e-03, 2.85555925e+00, 3.79107902e-01, 3.12413558e+04
8.95166472e+01, 1.95672846e+00, 1.10476916e-02, 9.42671499e-01, 1.37712230e-03, 2.86071323e+00, 3.73953922e-01, 3.25509700e+04
9.20296681e+01, 1.96862147e+00, 1.07492590e-02, 9.42726921e-01, 1.32170031e-03, 2.86579869e+00, 3.68868466e-01, 3.39159084e+04
9.46132376e+01, 1.98051802e+00, 1.04588028e-02, 9.42780128e-01, 1.26849326e-03, 2.87081647e+00, 3.63850684e-01, 3.53385139e+04
9.72693362e+01, 1.99241802e+00, 1.01761143e-02, 9.42831207e-01, 1.21741365e-03, 2.87576742e+00, 3.58899735e-01, 3.68212290e+04
1.00000000e+02, 2.00432137e+00, 9.90099010e-03, 9.42880243e-01, 1.16837738e-03, 2.88065236e+00, 3.54014787e-01, 3.83665994e+04
