 --- Cosmological Parameters --- 
	 H0: 2.2047e-18 (1/s) = 68.0300 (km/s/Mpc) 
	 OmegaM: 3.0850e-01 
	 OmegaR: 0.0000e+00 
	 OmegaL: 6.9150e-01 
	 OmegaK: 0.0000e+00 
		 w0: -8.2700e-01 
		 wa: -7.5000e-01 
	 rho_crit: 8.6952e-30 (g/cm^3) 
z, log10(1+z), a, H0*t_look, H0*t_age, H0*t_conf, H0*t_conf_age, H(z) 
1.00000000e-04, 4.34272769e-05, 9.99900010e-01, 9.99917898e-05, 9.55266524e-01, 9.99967892e-05, 3.27292254e+00, 6.80343687e+01
1.02807322e-04, 4.46463579e-05, 9.99897203e-01, 1.02798645e-04, 9.55263717e-01, 1.02803929e-04, 3.27291973e+00, 6.80344914e+01
1.05693455e-04, 4.58996588e-05, 9.99894318e-01, 1.05684284e-04, 9.55260832e-01, 1.05689869e-04, 3.27291685e+00, 6.80346175e+01
1.08660611e-04, 4.71881402e-05, 9.99891351e-01, 1.08650918e-04, 9.55257865e-01, 1.08656820e-04, 3.27291388e+00, 6.80347471e+01
1.11711065e-04, 4.85127895e-05, 9.99888301e-01, 1.11700819e-04, 9.55254815e-01, 1.11707058e-04, 3.27291083e+00, 6.80348803e+01
1.14847155e-04, 4.98746217e-05, 9.99885166e-01, 1.14836326e-04, 9.55251680e-01, 1.14842920e-04, 3.27290769e+00, 6.80350173e+01
1.18071285e-04, 5.12746804e-05, 9.99881943e-01, 1.18059839e-04, 9.55248456e-01, 1.18066809e-04, 3.27290447e+00, 6.80351582e+01
1.21385926e-04, 5.27140387e-05, 9.99878629e-01, 1.21373829e-04, 9.55245142e-01, 1.21381195e-04, 3.27290116e+00, 6.80353030e+01
1.24793621e-04, 5.41937993e-05, 9.99875222e-01, 1.24780835e-04, 9.55241735e-01, 1.24788620e-04, 3.27289775e+00, 6.80354519e+01
1.28296980e-04, 5.57150964e-05, 9.99871719e-01, 1.28283466e-04, 9.55238232e-01, 1.28291695e-04, 3.27289425e+00, 6.80356049e+01
1.31898690e-04, 5.72790956e-05, 9.99868119e-01, 1.31884406e-04, 9.55234631e-01, 1.31893104e-04, 3.27289064e+00, 6.80357622e+01
1.35601511e-04, 5.88869955e-05, 9.99864417e-01, 1.35586415e-04, 9.55230929e-01, 1.35595607e-04, 3.27288694e+00, 6.80359240e+01
1.39408283e-04, 6.05400281e-05, 9.99860611e-01, 1.39392327e-04, 9.55227124e-01, 1.39402043e-04, 3.27288314e+00, 6.80360903e+01
1.43321923e-04, 6.22394601e-05, 9.99856699e-01, 1.43305058e-04, 9.55223211e-01, 1.43315327e-04, 3.27287922e+00, 6.80362613e+01
1.47345431e-04, 6.39865937e-05, 9.99852676e-01, 1.47327607e-04, 9.55219188e-01, 1.47338460e-04, 3.27287520e+00, 6.80364370e+01
1.51481892e-04, 6.57827676e-05, 9.99848541e-01, 1.51463053e-04, 9.55215053e-01, 1.51474525e-04, 3.27287106e+00, 6.80366177e+01
1.55734477e-04, 6.76293582e-05, 9.99844290e-01, 1.55714566e-04, 9.55210801e-01, 1.55726690e-04, 3.27286681e+00, 6.80368035e+01
1.60106446e-04, 6.95277803e-05, 9.99839919e-01, 1.60085401e-04, 9.55206430e-01, 1.60098216e-04, 3.27286244e+00, 6.80369945e+01
1.64601150e-04, 7.14794886e-05, 9.99835426e-01, 1.64578907e-04, 9.55201937e-01, 1.64592451e-04, 3.27285794e+00, 6.80371908e+01
1.69222035e-04, 7.34859785e-05, 9.99830807e-01, 1.69198526e-04, 9.55197317e-01, 1.69212841e-04, 3.27285332e+00, 6.80373927e+01
1.73972643e-04, 7.55487874e-05, 9.99826058e-01, 1.73947795e-04, 9.55192568e-01, 1.73962926e-04, 3.27284857e+00, 6.80376002e+01
1.78856616e-04, 7.76694958e-05, 9.99821175e-01, 1.78830354e-04, 9.55187686e-01, 1.78846346e-04, 3.27284369e+00, 6.80378136e+01
1.83877698e-04, 7.98497285e-05, 9.99816156e-01, 1.83849941e-04, 9.55182666e-01, 1.83866843e-04, 3.27283867e+00, 6.80380329e+01
1.89039738e-04, 8.20911560e-05, 9.99810996e-01, 1.89010400e-04, 9.55177505e-01, 1.89028264e-04, 3.27283351e+00, 6.80382584e+01
1.94346693e-04, 8.43954955e-05, 9.99805691e-01, 1.94315685e-04, 9.55172200e-01, 1.94334566e-04, 3.27282820e+00, 6.80384903e+01
1.99802631e-04, 8.67645125e-05, 9.99800237e-01, 1.99769858e-04, 9.55166746e-01, 1.99789814e-04, 3.27282275e+00, 6.80387286e+01
2.05411735e-04, 8.92000219e-05, 9.99794630e-01, 2.05377096e-04, 9.55161139e-01, 2.05398188e-04, 3.27281714e+00, 6.80389736e+01
2.11178304e-04, 9.17038897e-05, 9.99788866e-01, 2.11141694e-04, 9.55155374e-01, 2.11163987e-04, 3.27281137e+00, 6.80392255e+01
2.17106760e-04, 9.42780341e-05, 9.99782940e-01, 2.17068065e-04, 9.55149448e-01, 2.17091627e-04, 3.27280545e+00, 6.80394845e+01
2.23201647e-04, 9.69244272e-05, 9.99776848e-01, 2.23160749e-04, 9.55143355e-01, 2.23185652e-04, 3.27279935e+00, 6.80397507e+01
2.29467637e-04, 9.96450962e-05, 9.99770585e-01, 2.29424411e-04, 9.55137091e-01, 2.29450732e-04, 3.27279309e+00, 6.80400245e+01
2.35909533e-04, 1.02442125e-04, 9.99764146e-01, 2.35863846e-04, 9.55130652e-01, 2.35891666e-04, 3.27278665e+00, 6.80403059e+01
2.42532274e-04, 1.05317657e-04, 9.99757527e-01, 2.42483986e-04, 9.55124032e-01, 2.42513389e-04, 3.27278002e+00, 6.80405952e+01
2.49340937e-04, 1.08273895e-04, 9.99750721e-01, 2.49289900e-04, 9.55117226e-01, 2.49320977e-04, 3.27277322e+00, 6.80408926e+01
2.56340741e-04, 1.11313103e-04, 9.99743725e-01, 2.56286799e-04, 9.55110229e-01, 2.56319645e-04, 3.27276622e+00, 6.80411984e+01
2.63537052e-04, 1.14437609e-04, 9.99736532e-01, 2.63480039e-04, 9.55103036e-01, 2.63514755e-04, 3.27275902e+00, 6.80415127e+01
2.70935387e-04, 1.17649806e-04, 9.99729138e-01, 2.70875128e-04, 9.55095641e-01, 2.70911820e-04, 3.27275163e+00, 6.80418359e+01
2.78541416e-04, 1.20952156e-04, 9.99721536e-01, 2.78477727e-04, 9.55088038e-01, 2.78516508e-04, 3.27274402e+00, 6.80421681e+01
2.86360972e-04, 1.24347187e-04, 9.99713721e-01, 2.86293657e-04, 9.55080222e-01, 2.86334646e-04, 3.27273620e+00, 6.80425097e+01
2.94400048e-04, 1.27837499e-04, 9.99705687e-01, 2.94328901e-04, 9.55072187e-01, 2.94372223e-04, 3.27272817e+00, 6.80428609e+01
3.02664806e-04, 1.31425767e-04, 9.99697427e-01, 3.02589609e-04, 9.55063926e-01, 3.02635397e-04, 3.27271990e+00, 6.80432219e+01
3.11161583e-04, 1.35114738e-04, 9.99688935e-01, 3.11082105e-04, 9.55055434e-01, 3.11130500e-04, 3.27271141e+00, 6.80435930e+01
3.19896892e-04, 1.38907238e-04, 9.99680205e-01, 3.19812890e-04, 9.55046703e-01, 3.19864039e-04, 3.27270267e+00, 6.80439746e+01
3.28877429e-04, 1.42806171e-04, 9.99671231e-01, 3.28788645e-04, 9.55037727e-01, 3.28842706e-04, 3.27269369e+00, 6.80443669e+01
3.38110078e-04, 1.46814523e-04, 9.99662004e-01, 3.38016240e-04, 9.55028500e-01, 3.38073379e-04, 3.27268446e+00, 6.80447701e+01
3.47601918e-04, 1.50935364e-04, 9.99652519e-01, 3.47502739e-04, 9.55019013e-01, 3.47563129e-04, 3.27267497e+00, 6.80451848e+01
3.57360225e-04, 1.55171849e-04, 9.99642767e-01, 3.57255399e-04, 9.55009260e-01, 3.57319227e-04, 3.27266522e+00, 6.80456110e+01
3.67392478e-04, 1.59527223e-04, 9.99632742e-01, 3.67281686e-04, 9.54999234e-01, 3.67349147e-04, 3.27265519e+00, 6.80460492e+01
3.77706369e-04, 1.64004821e-04, 9.99622436e-01, 3.77589270e-04, 9.54988927e-01, 3.77660572e-04, 3.27264488e+00, 6.80464997e+01
3.88309805e-04, 1.68608072e-04, 9.99611841e-01, 3.88186040e-04, 9.54978330e-01, 3.88261400e-04, 3.27263428e+00, 6.80469629e+01
3.99210913e-04, 1.73340499e-04, 9.99600948e-01, 3.99080103e-04, 9.54967436e-01, 3.99159752e-04, 3.27262338e+00, 6.80474390e+01
4.10418050e-04, 1.78205728e-04, 9.99589750e-01, 4.10279794e-04, 9.54956236e-01, 4.10363977e-04, 3.27261217e+00, 6.80479285e+01
4.21939808e-04, 1.83207482e-04, 9.99578238e-01, 4.21793681e-04, 9.54944722e-01, 4.21882657e-04, 3.27260065e+00, 6.80484318e+01
4.33785019e-04, 1.88349591e-04, 9.99566403e-01, 4.33630574e-04, 9.54932885e-01, 4.33724614e-04, 3.27258881e+00, 6.80489492e+01
4.45962763e-04, 1.93635993e-04, 9.99554236e-01, 4.45799527e-04, 9.54920716e-01, 4.45898919e-04, 3.27257664e+00, 6.80494811e+01
4.58482375e-04, 1.99070734e-04, 9.99541728e-01, 4.58309847e-04, 9.54908206e-01, 4.58414897e-04, 3.27256412e+00, 6.80500279e+01
4.71353453e-04, 2.04657975e-04, 9.99528869e-01, 4.71171105e-04, 9.54895345e-01, 4.71282135e-04, 3.27255126e+00, 6.80505901e+01
4.84585864e-04, 2.10401992e-04, 9.99515649e-01, 4.84393136e-04, 9.54882123e-01, 4.84510486e-04, 3.27253803e+00, 6.80511680e+01
4.98189752e-04, 2.16307184e-04, 9.99502058e-01, 4.97986053e-04, 9.54868530e-01, 4.98110082e-04, 3.27252443e+00, 6.80517622e+01
5.12175544e-04, 2.22378069e-04, 9.99488087e-01, 5.11960251e-04, 9.54854556e-01, 5.12091339e-04, 3.27251045e+00, 6.80523730e+01
5.26553963e-04, 2.28619296e-04, 9.99473723e-01, 5.26326415e-04, 9.54840189e-01, 5.26464965e-04, 3.27249607e+00, 6.80530010e+01
5.41336030e-04, 2.35035640e-04, 9.99458957e-01, 5.41095530e-04, 9.54825420e-01, 5.41241966e-04, 3.27248130e+00, 6.80536467e+01
5.56533078e-04, 2.41632013e-04, 9.99443776e-01, 5.56278888e-04, 9.54810237e-01, 5.56433658e-04, 3.27246610e+00, 6.80543104e+01
5.72156756e-04, 2.48413463e-04, 9.99428170e-01, 5.71888098e-04, 9.54794628e-01, 5.72051677e-04, 3.27245049e+00, 6.80549928e+01
5.88219040e-04, 2.55385179e-04, 9.99412127e-01, 5.87935090e-04, 9.54778581e-01, 5.88107980e-04, 3.27243443e+00, 6.80556943e+01
6.04732245e-04, 2.62552498e-04, 9.99395633e-01, 6.04432133e-04, 9.54762084e-01, 6.04614863e-04, 3.27241792e+00, 6.80564155e+01
6.21709029e-04, 2.69920903e-04, 9.99378677e-01, 6.21391835e-04, 9.54745124e-01, 6.21584965e-04, 3.27240095e+00, 6.80571569e+01
6.39162405e-04, 2.77496033e-04, 9.99361246e-01, 6.38827158e-04, 9.54727689e-01, 6.39031279e-04, 3.27238351e+00, 6.80579192e+01
6.57105755e-04, 2.85283683e-04, 9.99343326e-01, 6.56751426e-04, 9.54709764e-01, 6.56967164e-04, 3.27236557e+00, 6.80587028e+01
6.75552832e-04, 2.93289812e-04, 9.99324903e-01, 6.75178335e-04, 9.54691338e-01, 6.75406352e-04, 3.27234713e+00, 6.80595084e+01
6.94517777e-04, 3.01520545e-04, 9.99305964e-01, 6.94121966e-04, 9.54672394e-01, 6.94362960e-04, 3.27232817e+00, 6.80603367e+01
7.14015130e-04, 3.09982178e-04, 9.99286494e-01, 7.13596791e-04, 9.54652919e-01, 7.13851501e-04, 3.27230869e+00, 6.80611882e+01
7.34059837e-04, 3.18681185e-04, 9.99266479e-01, 7.33617688e-04, 9.54632898e-01, 7.33886893e-04, 3.27228865e+00, 6.80620635e+01
7.54667263e-04, 3.27624220e-04, 9.99245902e-01, 7.54199949e-04, 9.54612316e-01, 7.54484475e-04, 3.27226805e+00, 6.80629635e+01
7.75853206e-04, 3.36818122e-04, 9.99224748e-01, 7.75359295e-04, 9.54591157e-01, 7.75660014e-04, 3.27224688e+00, 6.80638887e+01
7.97633907e-04, 3.46269924e-04, 9.99203002e-01, 7.97111885e-04, 9.54569404e-01, 7.97429718e-04, 3.27222511e+00, 6.80648398e+01
8.20026062e-04, 3.55986854e-04, 9.99180646e-01, 8.19474331e-04, 9.54547042e-01, 8.19810251e-04, 3.27220273e+00, 6.80658177e+01
8.43046837e-04, 3.65976343e-04, 9.99157663e-01, 8.42463705e-04, 9.54524052e-01, 8.42818742e-04, 3.27217972e+00, 6.80668230e+01
8.66713880e-04, 3.76246030e-04, 9.99134037e-01, 8.66097561e-04, 9.54500418e-01, 8.66472801e-04, 3.27215606e+00, 6.80678565e+01
8.91045332e-04, 3.86803767e-04, 9.99109748e-01, 8.90393938e-04, 9.54476122e-01, 8.90790532e-04, 3.27213175e+00, 6.80689190e+01
9.16059848e-04, 3.97657626e-04, 9.99084779e-01, 9.15371382e-04, 9.54451144e-01, 9.15790544e-04, 3.27210675e+00, 6.80700113e+01
9.41776601e-04, 4.08815904e-04, 9.99059110e-01, 9.41048955e-04, 9.54425467e-01, 9.41491969e-04, 3.27208105e+00, 6.80711342e+01
9.68215306e-04, 4.20287133e-04, 9.99032721e-01, 9.67446250e-04, 9.54399070e-01, 9.67914474e-04, 3.27205462e+00, 6.80722887e+01
9.95396231e-04, 4.32080081e-04, 9.99005594e-01, 9.94583409e-04, 9.54371932e-01, 9.95078277e-04, 3.27202746e+00, 6.80734755e+01
1.02334021e-03, 4.44203760e-04, 9.98977706e-01, 1.02248113e-03, 9.54344035e-01, 1.02300416e-03, 3.27199953e+00, 6.80746957e+01
1.05206867e-03, 4.56667438e-04, 9.98949037e-01, 1.05116071e-03, 9.54315355e-01, 1.05171349e-03, 3.27197082e+00, 6.80759501e+01
1.08160363e-03, 4.69480638e-04, 9.98919565e-01, 1.08064400e-03, 9.54285872e-01, 1.08122824e-03, 3.27194131e+00, 6.80772397e+01
1.11196773e-03, 4.82653152e-04, 9.98889267e-01, 1.11095349e-03, 9.54255562e-01, 1.11157097e-03, 3.27191097e+00, 6.80785655e+01
1.14318425e-03, 4.96195044e-04, 9.98858121e-01, 1.14211229e-03, 9.54224404e-01, 1.14276491e-03, 3.27187977e+00, 6.80799284e+01
1.17527712e-03, 5.10116661e-04, 9.98826103e-01, 1.17414416e-03, 9.54192372e-01, 1.17483391e-03, 3.27184770e+00, 6.80813296e+01
1.20827094e-03, 5.24428638e-04, 9.98793187e-01, 1.20707351e-03, 9.54159442e-01, 1.20780250e-03, 3.27181473e+00, 6.80827701e+01
1.24219100e-03, 5.39141905e-04, 9.98759350e-01, 1.24092543e-03, 9.54125590e-01, 1.24169591e-03, 3.27178084e+00, 6.80842511e+01
1.27706330e-03, 5.54267703e-04, 9.98724566e-01, 1.27572573e-03, 9.54090790e-01, 1.27654003e-03, 3.27174600e+00, 6.80857736e+01
1.31291459e-03, 5.69817580e-04, 9.98688807e-01, 1.31150090e-03, 9.54055015e-01, 1.31236154e-03, 3.27171018e+00, 6.80873387e+01
1.34977233e-03, 5.85803413e-04, 9.98652047e-01, 1.34827821e-03, 9.54018238e-01, 1.34918781e-03, 3.27167335e+00, 6.80889478e+01
1.38766479e-03, 6.02237406e-04, 9.98614258e-01, 1.38608566e-03, 9.53980430e-01, 1.38704700e-03, 3.27163549e+00, 6.80906021e+01
1.42662102e-03, 6.19132106e-04, 9.98575411e-01, 1.42495203e-03, 9.53941564e-01, 1.42596807e-03, 3.27159657e+00, 6.80923027e+01
1.46667087e-03, 6.36500410e-04, 9.98535477e-01, 1.46490693e-03, 9.53901609e-01, 1.46598076e-03, 3.27155656e+00, 6.80940510e+01
1.50784505e-03, 6.54355573e-04, 9.98494425e-01, 1.50598075e-03, 9.53860535e-01, 1.50711567e-03, 3.27151542e+00, 6.80958484e+01
1.55017512e-03, 6.72711224e-04, 9.98452224e-01, 1.54820475e-03, 9.53818311e-01, 1.54940424e-03, 3.27147313e+00, 6.80976962e+01
1.59369353e-03, 6.91581368e-04, 9.98408842e-01, 1.59161106e-03, 9.53774905e-01, 1.59287878e-03, 3.27142966e+00, 6.80995959e+01
1.63843365e-03, 7.10980403e-04, 9.98364246e-01, 1.63623270e-03, 9.53730283e-01, 1.63757253e-03, 3.27138496e+00, 6.81015488e+01
1.68442976e-03, 7.30923128e-04, 9.98318403e-01, 1.68210360e-03, 9.53684412e-01, 1.68351964e-03, 3.27133902e+00, 6.81035565e+01
1.73171713e-03, 7.51424755e-04, 9.98271277e-01, 1.72925864e-03, 9.53637257e-01, 1.73075523e-03, 3.27129178e+00, 6.81056205e+01
1.78033202e-03, 7.72500920e-04, 9.98222832e-01, 1.77773367e-03, 9.53588782e-01, 1.77931538e-03, 3.27124322e+00, 6.81077424e+01
1.83031168e-03, 7.94167695e-04, 9.98173032e-01, 1.82756552e-03, 9.53538950e-01, 1.82923719e-03, 3.27119330e+00, 6.81099238e+01
1.88169442e-03, 8.16441599e-04, 9.98121840e-01, 1.87879205e-03, 9.53487724e-01, 1.88055880e-03, 3.27114198e+00, 6.81121663e+01
1.93451965e-03, 8.39339613e-04, 9.98069215e-01, 1.93145218e-03, 9.53435064e-01, 1.93331941e-03, 3.27108922e+00, 6.81144718e+01
1.98882786e-03, 8.62879189e-04, 9.98015120e-01, 1.98558589e-03, 9.53380930e-01, 1.98755932e-03, 3.27103498e+00, 6.81168419e+01
2.04466067e-03, 8.87078267e-04, 9.97959511e-01, 2.04123430e-03, 9.53325282e-01, 2.04331995e-03, 3.27097922e+00, 6.81192785e+01
2.10206088e-03, 9.11955285e-04, 9.97902349e-01, 2.09843962e-03, 9.53268076e-01, 2.10064388e-03, 3.27092189e+00, 6.81217834e+01
2.16107251e-03, 9.37529196e-04, 9.97843588e-01, 2.15724528e-03, 9.53209271e-01, 2.15957488e-03, 3.27086296e+00, 6.81243586e+01
2.22174078e-03, 9.63819479e-04, 9.97783184e-01, 2.21769587e-03, 9.53148820e-01, 2.22015795e-03, 3.27080238e+00, 6.81270060e+01
2.28411221e-03, 9.90846156e-04, 9.97721093e-01, 2.27983724e-03, 9.53086679e-01, 2.28243932e-03, 3.27074010e+00, 6.81297276e+01
2.34823460e-03, 1.01862981e-03, 9.97657267e-01, 2.34371650e-03, 9.53022799e-01, 2.34646653e-03, 3.27067607e+00, 6.81325255e+01
2.41415712e-03, 1.04719158e-03, 9.97591657e-01, 2.40938207e-03, 9.52957134e-01, 2.41228846e-03, 3.27061025e+00, 6.81354018e+01
2.48193029e-03, 1.07655322e-03, 9.97524214e-01, 2.47688368e-03, 9.52889632e-01, 2.47995532e-03, 3.27054258e+00, 6.81383588e+01
2.55160607e-03, 1.10673706e-03, 9.97454888e-01, 2.54627248e-03, 9.52820243e-01, 2.54951875e-03, 3.27047302e+00, 6.81413987e+01
2.62323788e-03, 1.13776607e-03, 9.97383625e-01, 2.61760098e-03, 9.52748915e-01, 2.62103182e-03, 3.27040151e+00, 6.81445238e+01
2.69688063e-03, 1.16966386e-03, 9.97310373e-01, 2.69092319e-03, 9.52675593e-01, 2.69454906e-03, 3.27032799e+00, 6.81477365e+01
2.77259076e-03, 1.20245468e-03, 9.97235075e-01, 2.76629457e-03, 9.52600221e-01, 2.77012656e-03, 3.27025241e+00, 6.81510393e+01
2.85042632e-03, 1.23616346e-03, 9.97157676e-01, 2.84377213e-03, 9.52522744e-01, 2.84782195e-03, 3.27017472e+00, 6.81544347e+01
2.93044698e-03, 1.27081583e-03, 9.97078115e-01, 2.92341444e-03, 9.52443101e-01, 2.92769446e-03, 3.27009484e+00, 6.81579252e+01
3.01271407e-03, 1.30643812e-03, 9.96996335e-01, 3.00528169e-03, 9.52361234e-01, 3.00980499e-03, 3.27001273e+00, 6.81615136e+01
3.09729067e-03, 1.34305740e-03, 9.96912273e-01, 3.08943572e-03, 9.52277080e-01, 3.09421611e-03, 3.26992832e+00, 6.81652025e+01
3.18424160e-03, 1.38070148e-03, 9.96825866e-01, 3.17594009e-03, 9.52190576e-01, 3.18099217e-03, 3.26984155e+00, 6.81689949e+01
3.27363353e-03, 1.41939895e-03, 9.96737048e-01, 3.26486008e-03, 9.52101656e-01, 3.27019928e-03, 3.26975234e+00, 6.81728935e+01
3.36553498e-03, 1.45917918e-03, 9.96645754e-01, 3.35626278e-03, 9.52010253e-01, 3.36190540e-03, 3.26966063e+00, 6.81769014e+01
3.46001639e-03, 1.50007238e-03, 9.96551914e-01, 3.45021713e-03, 9.51916299e-01, 3.45618039e-03, 3.26956636e+00, 6.81810215e+01
3.55715021e-03, 1.54210957e-03, 9.96455458e-01, 3.54679393e-03, 9.51819722e-01, 3.55309604e-03, 3.26946944e+00, 6.81852572e+01
3.65701088e-03, 1.58532264e-03, 9.96356314e-01, 3.64606596e-03, 9.51720450e-01, 3.65272615e-03, 3.26936981e+00, 6.81896115e+01
3.75967497e-03, 1.62974435e-03, 9.96254407e-01, 3.74810797e-03, 9.51618408e-01, 3.75514657e-03, 3.26926739e+00, 6.81940878e+01
3.86522116e-03, 1.67540839e-03, 9.96149661e-01, 3.85299677e-03, 9.51513519e-01, 3.86043525e-03, 3.26916210e+00, 6.81986895e+01
3.97373038e-03, 1.72234936e-03, 9.96041998e-01, 3.96081126e-03, 9.51405705e-01, 3.96867232e-03, 3.26905387e+00, 6.82034202e+01
4.08528580e-03, 1.77060283e-03, 9.95931336e-01, 4.07163251e-03, 9.51294883e-01, 4.07994012e-03, 3.26894260e+00, 6.82082833e+01
4.19997295e-03, 1.82020534e-03, 9.95817593e-01, 4.18554380e-03, 9.51180972e-01, 4.19432330e-03, 3.26882821e+00, 6.82132827e+01
4.31787973e-03, 1.87119444e-03, 9.95700684e-01, 4.30263068e-03, 9.51063885e-01, 4.31190885e-03, 3.26871063e+00, 6.82184222e+01
4.43909653e-03, 1.92360874e-03, 9.95580522e-01, 4.42298105e-03, 9.50943535e-01, 4.43278617e-03, 3.26858975e+00, 6.82237056e+01
4.56371628e-03, 1.97748788e-03, 9.95457017e-01, 4.54668518e-03, 9.50819831e-01, 4.55704714e-03, 3.26846549e+00, 6.82291369e+01
4.69183451e-03, 2.03287261e-03, 9.95330076e-01, 4.67383582e-03, 9.50692680e-01, 4.68478621e-03, 3.26833775e+00, 6.82347204e+01
4.82354943e-03, 2.08980480e-03, 9.95199606e-01, 4.80452825e-03, 9.50561988e-01, 4.81610043e-03, 3.26820644e+00, 6.82404602e+01
4.95896201e-03, 2.14832749e-03, 9.95065508e-01, 4.93886032e-03, 9.50427656e-01, 4.95108955e-03, 3.26807145e+00, 6.82463607e+01
5.09817606e-03, 2.20848488e-03, 9.94927683e-01, 5.07693255e-03, 9.50289583e-01, 5.08985609e-03, 3.26793268e+00, 6.82524265e+01
5.24129830e-03, 2.27032240e-03, 9.94786030e-01, 5.21884819e-03, 9.50147668e-01, 5.23250539e-03, 3.26779003e+00, 6.82586621e+01
5.38843844e-03, 2.33388671e-03, 9.94640441e-01, 5.36471328e-03, 9.50001803e-01, 5.37914574e-03, 3.26764339e+00, 6.82650722e+01
5.53970928e-03, 2.39922578e-03, 9.94490810e-01, 5.51463674e-03, 9.49851879e-01, 5.52988840e-03, 3.26749265e+00, 6.82716619e+01
5.69522678e-03, 2.46638889e-03, 9.94337025e-01, 5.66873045e-03, 9.49697785e-01, 5.68484772e-03, 3.26733769e+00, 6.82784359e+01
5.85511016e-03, 2.53542665e-03, 9.94178973e-01, 5.82710929e-03, 9.49539407e-01, 5.84414123e-03, 3.26717840e+00, 6.82853996e+01
6.01948197e-03, 2.60639109e-03, 9.94016535e-01, 5.98989127e-03, 9.49376625e-01, 6.00788968e-03, 3.26701465e+00, 6.82925581e+01
6.18846824e-03, 2.67933564e-03, 9.93849593e-01, 6.15719754e-03, 9.49209318e-01, 6.17621719e-03, 3.26684632e+00, 6.82999170e+01
6.36219849e-03, 2.75431521e-03, 9.93678023e-01, 6.32915257e-03, 9.49037363e-01, 6.34925129e-03, 3.26667329e+00, 6.83074818e+01
6.54080591e-03, 2.83138620e-03, 9.93501698e-01, 6.50588414e-03, 9.48860632e-01, 6.52712304e-03, 3.26649541e+00, 6.83152583e+01
6.72442742e-03, 2.91060657e-03, 9.93320488e-01, 6.68752347e-03, 9.48678992e-01, 6.70996712e-03, 3.26631257e+00, 6.83232523e+01
6.91320378e-03, 2.99203585e-03, 9.93134260e-01, 6.87420532e-03, 9.48492311e-01, 6.89792192e-03, 3.26612462e+00, 6.83314700e+01
7.10727970e-03, 3.07573520e-03, 9.92942877e-01, 7.06606805e-03, 9.48300448e-01, 7.09112965e-03, 3.26593141e+00, 6.83399175e+01
7.30680395e-03, 3.16176744e-03, 9.92746198e-01, 7.26325373e-03, 9.48103262e-01, 7.28973646e-03, 3.26573280e+00, 6.83486014e+01
7.51192949e-03, 3.25019713e-03, 9.92544079e-01, 7.46590823e-03, 9.47900608e-01, 7.49389249e-03, 3.26552864e+00, 6.83575281e+01
7.72281357e-03, 3.34109055e-03, 9.92336371e-01, 7.67418130e-03, 9.47692335e-01, 7.70375206e-03, 3.26531879e+00, 6.83667044e+01
7.93961785e-03, 3.43451582e-03, 9.92122923e-01, 7.88822670e-03, 9.47478289e-01, 7.91947369e-03, 3.26510306e+00, 6.83761373e+01
8.16250851e-03, 3.53054289e-03, 9.91903579e-01, 8.10820228e-03, 9.47258314e-01, 8.14122031e-03, 3.26488132e+00, 6.83858340e+01
8.39165644e-03, 3.62924361e-03, 9.91678177e-01, 8.33427009e-03, 9.47032246e-01, 8.36915929e-03, 3.26465338e+00, 6.83958017e+01
8.62723729e-03, 3.73069181e-03, 9.91446555e-01, 8.56659646e-03, 9.46799919e-01, 8.60346264e-03, 3.26441907e+00, 6.84060481e+01
8.86943166e-03, 3.83496328e-03, 9.91208544e-01, 8.80535216e-03, 9.46561164e-01, 8.84430704e-03, 3.26417823e+00, 6.84165808e+01
9.11842520e-03, 3.94213590e-03, 9.90963969e-01, 9.05071245e-03, 9.46315803e-01, 9.09187408e-03, 3.26393066e+00, 6.84274079e+01
9.37440879e-03, 4.05228964e-03, 9.90712655e-01, 9.30285722e-03, 9.46063659e-01, 9.34635030e-03, 3.26367619e+00, 6.84385376e+01
9.63757866e-03, 4.16550662e-03, 9.90454418e-01, 9.56197114e-03, 9.45804545e-01, 9.60792734e-03, 3.26341461e+00, 6.84499782e+01
9.90813657e-03, 4.28187121e-03, 9.90189071e-01, 9.82824368e-03, 9.45538272e-01, 9.87680212e-03, 3.26314574e+00, 6.84617385e+01
1.01862899e-02, 4.40147004e-03, 9.89916424e-01, 1.01018693e-02, 9.45264647e-01, 1.01531769e-02, 3.26286936e+00, 6.84738272e+01
1.04722519e-02, 4.52439206e-03, 9.89636280e-01, 1.03830477e-02, 9.44983468e-01, 1.04372596e-02, 3.26258528e+00, 6.84862536e+01
1.07662418e-02, 4.65072864e-03, 9.89348436e-01, 1.06719835e-02, 9.44694532e-01, 1.07292637e-02, 3.26229327e+00, 6.84990271e+01
1.10684849e-02, 4.78057359e-03, 9.89052685e-01, 1.09688869e-02, 9.44397629e-01, 1.10294086e-02, 3.26199313e+00, 6.85121572e+01
1.13792129e-02, 4.91402325e-03, 9.88748817e-01, 1.12739736e-02, 9.44092542e-01, 1.13379195e-02, 3.26168462e+00, 6.85256539e+01
1.16986641e-02, 5.05117654e-03, 9.88436612e-01, 1.15874647e-02, 9.43779051e-01, 1.16550279e-02, 3.26136751e+00, 6.85395274e+01
1.20270833e-02, 5.19213502e-03, 9.88115848e-01, 1.19095872e-02, 9.43456929e-01, 1.19809717e-02, 3.26104157e+00, 6.85537881e+01
1.23647224e-02, 5.33700299e-03, 9.87786297e-01, 1.22405740e-02, 9.43125942e-01, 1.23159952e-02, 3.26070654e+00, 6.85684467e+01
1.27118400e-02, 5.48588750e-03, 9.87447723e-01, 1.25806638e-02, 9.42785852e-01, 1.26603492e-02, 3.26036219e+00, 6.85835145e+01
1.30687023e-02, 5.63889849e-03, 9.87099885e-01, 1.29301017e-02, 9.42436414e-01, 1.30142914e-02, 3.26000825e+00, 6.85990026e+01
1.34355829e-02, 5.79614881e-03, 9.86742539e-01, 1.32891390e-02, 9.42077377e-01, 1.33780867e-02, 3.25964445e+00, 6.86149227e+01
1.38127630e-02, 5.95775431e-03, 9.86375430e-01, 1.36580333e-02, 9.41708483e-01, 1.37520069e-02, 3.25927053e+00, 6.86312869e+01
1.42005318e-02, 6.12383394e-03, 9.85998300e-01, 1.40370489e-02, 9.41329467e-01, 1.41363313e-02, 3.25888621e+00, 6.86481074e+01
1.45991865e-02, 6.29450978e-03, 9.85610883e-01, 1.44264570e-02, 9.40940059e-01, 1.45313467e-02, 3.25849119e+00, 6.86653970e+01
1.50090328e-02, 6.46990713e-03, 9.85212907e-01, 1.48265354e-02, 9.40539980e-01, 1.49373479e-02, 3.25808519e+00, 6.86831685e+01
1.54303847e-02, 6.65015464e-03, 9.84804094e-01, 1.52375690e-02, 9.40128947e-01, 1.53546373e-02, 3.25766790e+00, 6.87014354e+01
1.58635653e-02, 6.83538432e-03, 9.84384158e-01, 1.56598501e-02, 9.39706666e-01, 1.57835258e-02, 3.25723901e+00, 6.87202114e+01
1.63089068e-02, 7.02573168e-03, 9.83952805e-01, 1.60936780e-02, 9.39272838e-01, 1.62243324e-02, 3.25679820e+00, 6.87395105e+01
1.67667503e-02, 7.22133576e-03, 9.83509738e-01, 1.65393599e-02, 9.38827156e-01, 1.66773849e-02, 3.25634515e+00, 6.87593473e+01
1.72374471e-02, 7.42233928e-03, 9.83054648e-01, 1.69972104e-02, 9.38369305e-01, 1.71430198e-02, 3.25587952e+00, 6.87797367e+01
1.77213578e-02, 7.62888867e-03, 9.82587220e-01, 1.74675521e-02, 9.37898964e-01, 1.76215827e-02, 3.25540095e+00, 6.88006939e+01
1.82188534e-02, 7.84113421e-03, 9.82107134e-01, 1.79507154e-02, 9.37415801e-01, 1.81134285e-02, 3.25490911e+00, 6.88222346e+01
1.87303154e-02, 8.05923009e-03, 9.81614059e-01, 1.84470390e-02, 9.36919477e-01, 1.86189215e-02, 3.25440362e+00, 6.88443750e+01
1.92561357e-02, 8.28333450e-03, 9.81107658e-01, 1.89568702e-02, 9.36409646e-01, 1.91384360e-02, 3.25388410e+00, 6.88671317e+01
1.97967175e-02, 8.51360975e-03, 9.80587585e-01, 1.94805643e-02, 9.35885952e-01, 1.96723559e-02, 3.25335018e+00, 6.88905216e+01
2.03524752e-02, 8.75022235e-03, 9.80053486e-01, 2.00184856e-02, 9.35348030e-01, 2.02210758e-02, 3.25280146e+00, 6.89145624e+01
2.09238348e-02, 8.99334311e-03, 9.79504999e-01, 2.05710073e-02, 9.34795509e-01, 2.07850006e-02, 3.25223754e+00, 6.89392720e+01
2.15112343e-02, 9.24314725e-03, 9.78941755e-01, 2.11385116e-02, 9.34228004e-01, 2.13645458e-02, 3.25165799e+00, 6.89646688e+01
2.21151240e-02, 9.49981449e-03, 9.78363373e-01, 2.17213897e-02, 9.33645126e-01, 2.19601384e-02, 3.25106240e+00, 6.89907718e+01
2.27359668e-02, 9.76352916e-03, 9.77769466e-01, 2.23200426e-02, 9.33046473e-01, 2.25722163e-02, 3.25045032e+00, 6.90176005e+01
2.33742387e-02, 1.00344803e-02, 9.77159637e-01, 2.29348804e-02, 9.32431635e-01, 2.32012292e-02, 3.24982131e+00, 6.90451750e+01
2.40304289e-02, 1.03128618e-02, 9.76533482e-01, 2.35663233e-02, 9.31800193e-01, 2.38476388e-02, 3.24917490e+00, 6.90735159e+01
2.47050406e-02, 1.05988725e-02, 9.75890584e-01, 2.42148014e-02, 9.31151714e-01, 2.45119188e-02, 3.24851062e+00, 6.91026442e+01
2.53985907e-02, 1.08927162e-02, 9.75230519e-01, 2.48807548e-02, 9.30485761e-01, 2.51945554e-02, 3.24782798e+00, 6.91325816e+01
2.61116110e-02, 1.11946019e-02, 9.74552855e-01, 2.55646338e-02, 9.29801882e-01, 2.58960478e-02, 3.24712649e+00, 6.91633506e+01
2.68446481e-02, 1.15047439e-02, 9.73857148e-01, 2.62668995e-02, 9.29099616e-01, 2.66169082e-02, 3.24640563e+00, 6.91949739e+01
2.75982639e-02, 1.18233619e-02, 9.73142944e-01, 2.69880234e-02, 9.28378492e-01, 2.73576620e-02, 3.24566488e+00, 6.92274752e+01
2.83730362e-02, 1.21506810e-02, 9.72409782e-01, 2.77284880e-02, 9.27638028e-01, 2.81188489e-02, 3.24490369e+00, 6.92608787e+01
2.91695588e-02, 1.24869320e-02, 9.71657189e-01, 2.84887865e-02, 9.26877729e-01, 2.89010221e-02, 3.24412152e+00, 6.92952091e+01
2.99884423e-02, 1.28323514e-02, 9.70884681e-01, 2.92694237e-02, 9.26097092e-01, 2.97047497e-02, 3.24331779e+00, 6.93304921e+01
3.08303146e-02, 1.31871818e-02, 9.70091766e-01, 3.00709154e-02, 9.25295600e-01, 3.05306142e-02, 3.24249192e+00, 6.93667538e+01
3.16958209e-02, 1.35516713e-02, 9.69277940e-01, 3.08937893e-02, 9.24472727e-01, 3.13792136e-02, 3.24164332e+00, 6.94040212e+01
3.25856248e-02, 1.39260747e-02, 9.68442690e-01, 3.17385845e-02, 9.23627931e-01, 3.22511611e-02, 3.24077138e+00, 6.94423220e+01
3.35004083e-02, 1.43106525e-02, 9.67585491e-01, 3.26058522e-02, 9.22760664e-01, 3.31470858e-02, 3.23987545e+00, 6.94816846e+01
3.44408728e-02, 1.47056720e-02, 9.66705808e-01, 3.34961554e-02, 9.21870360e-01, 3.40676331e-02, 3.23895490e+00, 6.95221383e+01
3.54077391e-02, 1.51114068e-02, 9.65803096e-01, 3.44100696e-02, 9.20956446e-01, 3.50134650e-02, 3.23800907e+00, 6.95637131e+01
3.64017485e-02, 1.55281370e-02, 9.64876798e-01, 3.53481825e-02, 9.20018333e-01, 3.59852604e-02, 3.23703728e+00, 6.96064397e+01
3.74236629e-02, 1.59561497e-02, 9.63926345e-01, 3.63110942e-02, 9.19055422e-01, 3.69837157e-02, 3.23603882e+00, 6.96503500e+01
3.84742658e-02, 1.63957388e-02, 9.62951161e-01, 3.72994178e-02, 9.18067098e-01, 3.80095450e-02, 3.23501299e+00, 6.96954765e+01
3.95543624e-02, 1.68472053e-02, 9.61950655e-01, 3.83137789e-02, 9.17052737e-01, 3.90634805e-02, 3.23395906e+00, 6.97418527e+01
4.06647809e-02, 1.73108570e-02, 9.60924227e-01, 3.93548162e-02, 9.16011700e-01, 4.01462732e-02, 3.23287626e+00, 6.97895129e+01
4.18063724e-02, 1.77870096e-02, 9.59871264e-01, 4.04231814e-02, 9.14943334e-01, 4.12586929e-02, 3.23176384e+00, 6.98384925e+01
4.29800121e-02, 1.82759856e-02, 9.58791145e-01, 4.15195395e-02, 9.13846976e-01, 4.24015289e-02, 3.23062101e+00, 6.98888279e+01
4.41865996e-02, 1.87781154e-02, 9.57683234e-01, 4.26445687e-02, 9.12721947e-01, 4.35755904e-02, 3.22944695e+00, 6.99405562e+01
4.54270599e-02, 1.92937372e-02, 9.56546887e-01, 4.37989608e-02, 9.11567555e-01, 4.47817069e-02, 3.22824083e+00, 6.99937160e+01
4.67023439e-02, 1.98231967e-02, 9.55381447e-01, 4.49834209e-02, 9.10383095e-01, 4.60207285e-02, 3.22700181e+00, 7.00483466e+01
4.80134292e-02, 2.03668477e-02, 9.54186246e-01, 4.61986678e-02, 9.09167848e-01, 4.72935268e-02, 3.22572901e+00, 7.01044885e+01
4.93613210e-02, 2.09250522e-02, 9.52960606e-01, 4.74454341e-02, 9.07921082e-01, 4.86009946e-02, 3.22442154e+00, 7.01621835e+01
5.07470524e-02, 2.14981804e-02, 9.51703836e-01, 4.87244661e-02, 9.06642050e-01, 4.99440470e-02, 3.22307849e+00, 7.02214743e+01
5.21716858e-02, 2.20866106e-02, 9.50415235e-01, 5.00365236e-02, 9.05329992e-01, 5.13236219e-02, 3.22169892e+00, 7.02824049e+01
5.36363132e-02, 2.26907300e-02, 9.49094092e-01, 5.13823807e-02, 9.03984135e-01, 5.27406799e-02, 3.22028186e+00, 7.03450207e+01
5.51420574e-02, 2.33109341e-02, 9.47739684e-01, 5.27628251e-02, 9.02603691e-01, 5.41962051e-02, 3.21882633e+00, 7.04093682e+01
5.66900727e-02, 2.39476274e-02, 9.46351277e-01, 5.41786585e-02, 9.01187857e-01, 5.56912059e-02, 3.21733133e+00, 7.04754952e+01
5.82815458e-02, 2.46012230e-02, 9.44928128e-01, 5.56306962e-02, 8.99735820e-01, 5.72267147e-02, 3.21579582e+00, 7.05434509e+01
5.99176967e-02, 2.52721433e-02, 9.43469482e-01, 5.71197678e-02, 8.98246748e-01, 5.88037893e-02, 3.21421875e+00, 7.06132861e+01
6.15997796e-02, 2.59608197e-02, 9.41974574e-01, 5.86467162e-02, 8.96719800e-01, 6.04235126e-02, 3.21259902e+00, 7.06850528e+01
6.33290840e-02, 2.66676928e-02, 9.40442630e-01, 6.02123983e-02, 8.95154118e-01, 6.20869936e-02, 3.21093554e+00, 7.07588045e+01
6.51069356e-02, 2.73932126e-02, 9.38872865e-01, 6.18176848e-02, 8.93548831e-01, 6.37953677e-02, 3.20922717e+00, 7.08345964e+01
6.69346971e-02, 2.81378388e-02, 9.37264486e-01, 6.34634595e-02, 8.91903056e-01, 6.55497971e-02, 3.20747274e+00, 7.09124853e+01
6.88137699e-02, 2.89020403e-02, 9.35616689e-01, 6.51506201e-02, 8.90215896e-01, 6.73514717e-02, 3.20567107e+00, 7.09925294e+01
7.07455942e-02, 2.96862961e-02, 9.33928662e-01, 6.68800772e-02, 8.88486439e-01, 6.92016090e-02, 3.20382093e+00, 7.10747890e+01
7.27316511e-02, 3.04910947e-02, 9.32199585e-01, 6.86527548e-02, 8.86713761e-01, 7.11014550e-02, -2.96439388e-323, 7.11593259e+01
7.47734631e-02, 3.13169348e-02, 9.30428629e-01, 7.04695894e-02, 8.84896927e-01, 7.30522849e-02, 3.19997025e+00, 7.12462037e+01
7.68725952e-02, 3.21643250e-02, 9.28614958e-01, 7.23315304e-02, 8.83034986e-01, 7.50554028e-02, 3.19796713e+00, 7.13354882e+01
7.90306568e-02, 3.30337838e-02, 9.26757728e-01, 7.42395395e-02, 8.81126976e-01, 7.71121432e-02, 3.19591039e+00, 7.14272469e+01
8.12493021e-02, 3.39258402e-02, 9.24856088e-01, 7.61945905e-02, 8.79171925e-01, 7.92238708e-02, 3.19379867e+00, 7.15215495e+01
8.35302320e-02, 3.48410332e-02, 9.22909182e-01, 7.81976690e-02, 8.77168847e-01, 8.13919811e-02, 3.19163056e+00, 7.16184677e+01
8.58751948e-02, 3.57799125e-02, 9.20916146e-01, 8.02497719e-02, 8.75116744e-01, 8.36179012e-02, 3.18940464e+00, 7.17180754e+01
8.82859884e-02, 3.67430377e-02, 9.18876114e-01, 8.23519070e-02, 8.73014609e-01, 8.59030900e-02, 3.18711945e+00, 7.18204489e+01
9.07644607e-02, 3.77309793e-02, 9.16788212e-01, 8.45050927e-02, 8.70861423e-01, 8.82490385e-02, 3.18477350e+00, 7.19256669e+01
9.33125118e-02, 3.87443182e-02, 9.14651565e-01, 8.67103577e-02, 8.68656158e-01, 9.06572709e-02, 3.18236527e+00, 7.20338105e+01
9.59320948e-02, 3.97836456e-02, 9.12465293e-01, 8.89687398e-02, 8.66397776e-01, 9.31293444e-02, 3.17989319e+00, 7.21449634e+01
9.86252179e-02, 4.08495636e-02, 9.10228514e-01, 9.12812861e-02, 8.64085230e-01, 9.56668500e-02, 3.17735569e+00, 7.22592118e+01
1.01393946e-01, 4.19426849e-02, 9.07940346e-01, 9.36490519e-02, 8.61717464e-01, 9.82714129e-02, 3.17475112e+00, 7.23766450e+01
1.04240401e-01, 4.30636326e-02, 9.05599903e-01, 9.60731004e-02, 8.59293415e-01, 1.00944693e-01, 3.17207784e+00, 7.24973551e+01
1.07166765e-01, 4.42130406e-02, 9.03206303e-01, 9.85545015e-02, 8.56812014e-01, 1.03688384e-01, 3.16933415e+00, 7.26214372e+01
1.10175281e-01, 4.53915533e-02, 9.00758661e-01, 1.01094332e-01, 8.54272184e-01, 1.06504217e-01, 3.16651832e+00, 7.27489895e+01
1.13268257e-01, 4.65998259e-02, 8.98256098e-01, 1.03693672e-01, 8.51672844e-01, 1.09393958e-01, 3.16362858e+00, 7.28801136e+01
1.16448062e-01, 4.78385241e-02, 8.95697735e-01, 1.06353610e-01, 8.49012906e-01, 1.12359408e-01, 3.16066313e+00, 7.30149147e+01
1.19717134e-01, 4.91083240e-02, 8.93082699e-01, 1.09075235e-01, 8.46291281e-01, 1.15402405e-01, 3.15762013e+00, 7.31535013e+01
1.23077980e-01, 5.04099123e-02, 8.90410121e-01, 1.11859639e-01, 8.43506877e-01, 1.18524826e-01, 3.15449771e+00, 7.32959858e+01
1.26533176e-01, 5.17439860e-02, 8.87679139e-01, 1.14707917e-01, 8.40658599e-01, 1.21728581e-01, 3.15129396e+00, 7.34424848e+01
1.30085370e-01, 5.31112527e-02, 8.84888900e-01, 1.17621164e-01, 8.37745352e-01, 1.25015619e-01, 3.14800692e+00, 7.35931188e+01
1.33737286e-01, 5.45124297e-02, 8.82038557e-01, 1.20600473e-01, 8.34766043e-01, 1.28387929e-01, 3.14463461e+00, 7.37480126e+01
1.37491723e-01, 5.59482450e-02, 8.79127276e-01, 1.23646937e-01, 8.31719578e-01, 1.31847533e-01, 3.14117500e+00, 7.39072958e+01
1.41351558e-01, 5.74194362e-02, 8.76154234e-01, 1.26761646e-01, 8.28604870e-01, 1.35396493e-01, 3.13762604e+00, 7.40711026e+01
1.45319752e-01, 5.89267507e-02, 8.73118619e-01, 1.29945683e-01, 8.25420833e-01, 1.39036910e-01, 3.13398563e+00, 7.42395722e+01
1.49399346e-01, 6.04709458e-02, 8.70019635e-01, 1.33200128e-01, 8.22166388e-01, 1.42770922e-01, 3.13025162e+00, 7.44128493e+01
1.53593468e-01, 6.20527881e-02, 8.66856504e-01, 1.36526051e-01, 8.18840465e-01, 1.46600703e-01, 3.12642183e+00, 7.45910838e+01
1.57905331e-01, 6.36730536e-02, 8.63628462e-01, 1.39924514e-01, 8.15442002e-01, 1.50528468e-01, 3.12249407e+00, 7.47744318e+01
1.62338243e-01, 6.53325272e-02, 8.60334766e-01, 1.43396569e-01, 8.11969947e-01, 1.54556466e-01, 3.11846607e+00, 7.49630552e+01
1.66895601e-01, 6.70320026e-02, 8.56974693e-01, 1.46943254e-01, 8.08423261e-01, 1.58686987e-01, 3.11433555e+00, 7.51571225e+01
1.71580899e-01, 6.87722823e-02, 8.53547545e-01, 1.50565595e-01, 8.04800921e-01, 1.62922357e-01, 3.11010018e+00, 7.53568091e+01
1.76397728e-01, 7.05541769e-02, 8.50052645e-01, 1.54264598e-01, 8.01101918e-01, 1.67264937e-01, 3.10575760e+00, 7.55622973e+01
1.81349780e-01, 7.23785049e-02, 8.46489343e-01, 1.58041254e-01, 7.97325262e-01, 1.71717127e-01, 3.10130541e+00, 7.57737772e+01
1.86440853e-01, 7.42460926e-02, 8.42857018e-01, 1.61896532e-01, 7.93469983e-01, 1.76281361e-01, 3.09674118e+00, 7.59914467e+01
1.91674849e-01, 7.61577735e-02, 8.39155077e-01, 1.65831381e-01, 7.89535135e-01, 1.80960110e-01, 3.09206243e+00, 7.62155120e+01
1.97055780e-01, 7.81143880e-02, 8.35382959e-01, 1.69846721e-01, 7.85519795e-01, 1.85755880e-01, 3.08726666e+00, 7.64461883e+01
2.02587771e-01, 8.01167833e-02, 8.31540137e-01, 1.73943448e-01, 7.81423068e-01, 1.90671208e-01, 3.08235133e+00, 7.66837001e+01
2.08275063e-01, 8.21658124e-02, 8.27626118e-01, 1.78122428e-01, 7.77244088e-01, 1.95708666e-01, 3.07731387e+00, 7.69282816e+01
2.14122015e-01, 8.42623342e-02, 8.23640447e-01, 1.82384494e-01, 7.72982021e-01, 2.00870858e-01, 3.07215168e+00, 7.71801775e+01
2.20133111e-01, 8.64072127e-02, 8.19582709e-01, 1.86730447e-01, 7.68636069e-01, 2.06160418e-01, 3.06686212e+00, 7.74396435e+01
2.26312957e-01, 8.86013169e-02, 8.15452527e-01, 1.91161046e-01, 7.64205470e-01, 2.11580010e-01, 3.06144253e+00, 7.77069465e+01
2.32666291e-01, 9.08455198e-02, 8.11249571e-01, 1.95677014e-01, 7.59689502e-01, 2.17132325e-01, 3.05589021e+00, 7.79823662e+01
2.39197984e-01, 9.31406982e-02, 8.06973553e-01, 2.00279030e-01, 7.55087486e-01, 2.22820082e-01, 3.05020246e+00, 7.82661947e+01
2.45913043e-01, 9.54877322e-02, 8.02624233e-01, 2.04967725e-01, 7.50398791e-01, 2.28646022e-01, 3.04437652e+00, 7.85587378e+01
2.52816614e-01, 9.78875042e-02, 7.98201419e-01, 2.09743684e-01, 7.45622832e-01, 2.34612911e-01, 3.03840963e+00, 7.88603160e+01
2.59913992e-01, 1.00340899e-01, 7.93704972e-01, 2.14607436e-01, 7.40759080e-01, 2.40723533e-01, 3.03229900e+00, 7.91712646e+01
2.67210616e-01, 1.02848802e-01, 7.89134803e-01, 2.19559459e-01, 7.35807056e-01, 2.46980694e-01, 3.02604184e+00, 7.94919350e+01
2.74712079e-01, 1.05412101e-01, 7.84490880e-01, 2.24600170e-01, 7.30766346e-01, 2.53387210e-01, 3.01963533e+00, 7.98226955e+01
2.82424133e-01, 1.08031682e-01, 7.79773224e-01, 2.29729922e-01, 7.25636594e-01, 2.59945914e-01, 3.01307662e+00, 8.01639325e+01
2.90352688e-01, 1.10708431e-01, 7.74981917e-01, 2.34949007e-01, 7.20417509e-01, 2.66659647e-01, 3.00636289e+00, 8.05160509e+01
2.98503825e-01, 1.13443233e-01, 7.70117100e-01, 2.40257643e-01, 7.15108873e-01, 2.73531257e-01, 2.99949128e+00, 8.08794755e+01
3.06883789e-01, 1.16236971e-01, 7.65178976e-01, 2.45655979e-01, 7.09710537e-01, 2.80563595e-01, 2.99245894e+00, 8.12546523e+01
3.15499006e-01, 1.19090524e-01, 7.60167811e-01, 2.51144087e-01, 7.04222429e-01, 2.87759509e-01, 2.98526303e+00, 8.16420492e+01
3.24356081e-01, 1.22004770e-01, 7.55083934e-01, 2.56721957e-01, 6.98644559e-01, 2.95121846e-01, 2.97790069e+00, 8.20421573e+01
3.33461802e-01, 1.24980579e-01, 7.49927744e-01, 2.62389497e-01, 6.92977018e-01, 3.02653440e-01, 2.97036910e+00, 8.24554924e+01
3.42823149e-01, 1.28018820e-01, 7.44699703e-01, 2.68146529e-01, 6.87219987e-01, 3.10357114e-01, 2.96266542e+00, 8.28825962e+01
3.52447300e-01, 1.31120351e-01, 7.39400345e-01, 2.73992780e-01, 6.81373736e-01, 3.18235670e-01, 2.95478687e+00, 8.33240373e+01
3.62341632e-01, 1.34286029e-01, 7.34030273e-01, 2.79927885e-01, 6.75438631e-01, 3.26291886e-01, 2.94673065e+00, 8.37804132e+01
3.72513730e-01, 1.37516698e-01, 7.28590161e-01, 2.85951380e-01, 6.69415136e-01, 3.34528513e-01, 2.93849402e+00, 8.42523514e+01
3.82971391e-01, 1.40813196e-01, 7.23080757e-01, 2.92062697e-01, 6.63303819e-01, 3.42948263e-01, 2.93007427e+00, 8.47405110e+01
3.93722633e-01, 1.44176353e-01, 7.17502878e-01, 2.98261162e-01, 6.57105354e-01, 3.51553807e-01, 2.92146873e+00, 8.52455843e+01
4.04775697e-01, 1.47606985e-01, 7.11857418e-01, 3.04545992e-01, 6.50820524e-01, 3.60347770e-01, 2.91267477e+00, 8.57682987e+01
4.16139055e-01, 1.51105900e-01, 7.06145344e-01, 3.10916291e-01, 6.44450225e-01, 3.69332718e-01, 2.90368982e+00, 8.63094179e+01
4.27821420e-01, 1.54673893e-01, 7.00367697e-01, 3.17371044e-01, 6.37995472e-01, 3.78511158e-01, 2.89451138e+00, 8.68697443e+01
4.39831747e-01, 1.58311745e-01, 6.94525595e-01, 3.23909117e-01, 6.31457399e-01, 3.87885522e-01, 2.88513702e+00, 8.74501202e+01
4.52179242e-01, 1.62020224e-01, 6.88620228e-01, 3.30529252e-01, 6.24837264e-01, 3.97458169e-01, 2.87556437e+00, 8.80514301e+01
4.64873371e-01, 1.65800084e-01, 6.82652863e-01, 3.37230064e-01, 6.18136452e-01, 4.07231368e-01, 2.86579117e+00, 8.86746027e+01
4.77923865e-01, 1.69652062e-01, 6.76624841e-01, 3.44010039e-01, 6.11356477e-01, 4.17207294e-01, 2.85581524e+00, 8.93206124e+01
4.91340729e-01, 1.73576879e-01, 6.70537578e-01, 3.50867529e-01, 6.04498987e-01, 4.27388018e-01, 2.84563452e+00, 8.99904821e+01
5.05134247e-01, 1.77575238e-01, 6.64392563e-01, 3.57800753e-01, 5.97565763e-01, 4.37775500e-01, 2.83524704e+00, 9.06852843e+01
5.19314994e-01, 1.81647824e-01, 6.58191359e-01, 3.64807792e-01, 5.90558724e-01, 4.48371574e-01, 2.82465096e+00, 9.14061444e+01
5.33893840e-01, 1.85795303e-01, 6.51935600e-01, 3.71886589e-01, 5.83479927e-01, 4.59177945e-01, 2.81384459e+00, 9.21542419e+01
5.48881961e-01, 1.90018322e-01, 6.45626991e-01, 3.79034947e-01, 5.76331569e-01, 4.70196175e-01, 2.80282636e+00, 9.29308131e+01
5.64290847e-01, 1.94317504e-01, 6.39267309e-01, 3.86250525e-01, 5.69115990e-01, 4.81427675e-01, 2.79159486e+00, 9.37371534e+01
5.80132310e-01, 1.98693454e-01, 6.32858396e-01, 3.93530844e-01, 5.61835672e-01, 4.92873694e-01, 2.78014884e+00, 9.45746193e+01
5.96418495e-01, 2.03146750e-01, 6.26402164e-01, 4.00873280e-01, 5.54493236e-01, 5.04535310e-01, 2.76848723e+00, 9.54446309e+01
6.13161884e-01, 2.07677952e-01, 6.19900588e-01, 4.08275066e-01, 5.47091450e-01, 5.16413420e-01, 2.75660912e+00, 9.63486745e+01
6.30375315e-01, 2.12287591e-01, 6.13355704e-01, 4.15733297e-01, 5.39633219e-01, 5.28508726e-01, 2.74451381e+00, 9.72883044e+01
6.48071983e-01, 2.16976176e-01, 6.06769614e-01, 4.23244925e-01, 5.32121591e-01, 5.40821734e-01, 2.73220080e+00, 9.82651458e+01
6.66265452e-01, 2.21744190e-01, 6.00144472e-01, 4.30806765e-01, 5.24559751e-01, 5.53352735e-01, 2.71966980e+00, 9.92808971e+01
6.84969672e-01, 2.26592088e-01, 5.93482492e-01, 4.38415497e-01, 5.16951019e-01, 5.66101802e-01, 2.70692074e+00, 1.00337332e+02
7.04198979e-01, 2.31520301e-01, 5.86785940e-01, 4.46067666e-01, 5.09298849e-01, 5.79068776e-01, 2.69395376e+00, 1.01436303e+02
7.23968114e-01, 2.36529229e-01, 5.80057132e-01, 4.53759693e-01, 5.01606823e-01, 5.92253264e-01, 2.68076927e+00, 1.02579743e+02
7.44292233e-01, 2.41619247e-01, 5.73298431e-01, 4.61487870e-01, 4.93878646e-01, 6.05654625e-01, 2.66736791e+00, 1.03769666e+02
7.65186915e-01, 2.46790700e-01, 5.66512244e-01, 4.69248372e-01, 4.86118143e-01, 6.19271964e-01, 2.65375057e+00, 1.05008175e+02
7.86668179e-01, 2.52043903e-01, 5.59701019e-01, 4.77037262e-01, 4.78329254e-01, 6.33104129e-01, 2.63991841e+00, 1.06297457e+02
8.08752491e-01, 2.57379142e-01, 5.52867241e-01, 4.84850494e-01, 4.70516022e-01, 6.47149700e-01, 2.62587284e+00, 1.07639793e+02
8.31456781e-01, 2.62796674e-01, 5.46013431e-01, 4.92683925e-01, 4.62682591e-01, 6.61406987e-01, 2.61161555e+00, 1.09037557e+02
8.54798453e-01, 2.68296725e-01, 5.39142136e-01, 5.00533318e-01, 4.54833198e-01, 6.75874025e-01, 2.59714851e+00, 1.10493215e+02
8.78795401e-01, 2.73879488e-01, 5.32255933e-01, 5.08394356e-01, 4.46972160e-01, 6.90548570e-01, 2.58247397e+00, 1.12009336e+02
9.03466021e-01, 2.79545129e-01, 5.25357421e-01, 5.16262647e-01, 4.39103869e-01, 7.05428099e-01, 2.56759444e+00, 1.13588587e+02
9.28829225e-01, 2.85293778e-01, 5.18449216e-01, 5.24133736e-01, 4.31232780e-01, 7.20509808e-01, 2.55251273e+00, 1.15233740e+02
9.54904456e-01, 2.91125536e-01, 5.11533951e-01, 5.32003114e-01, 4.23363402e-01, 7.35790611e-01, 2.53723193e+00, 1.16947674e+02
9.81711702e-01, 2.97040474e-01, 5.04614268e-01, 5.39866232e-01, 4.15500284e-01, 7.51267143e-01, 2.52175539e+00, 1.18733376e+02
1.00927151e+00, 3.03038627e-01, 4.97692817e-01, 5.47718507e-01, 4.07648009e-01, 7.66935762e-01, 2.50608677e+00, 1.20593948e+02
1.03760502e+00, 3.09120002e-01, 4.90772250e-01, 5.55555339e-01, 3.99811177e-01, 7.82792555e-01, 2.49022998e+00, 1.22532606e+02
1.06673394e+00, 3.15284571e-01, 4.83855218e-01, 5.63372122e-01, 3.91994394e-01, 7.98833338e-01, 2.47418920e+00, 1.24552683e+02
1.09668060e+00, 3.21532276e-01, 4.76944367e-01, 5.71164253e-01, 3.84202262e-01, 8.15053670e-01, 2.45796887e+00, 1.26657638e+02
1.12746796e+00, 3.27863028e-01, 4.70042332e-01, 5.78927151e-01, 3.76439365e-01, 8.31448853e-01, 2.44157368e+00, 1.28851053e+02
1.15911962e+00, 3.34276704e-01, 4.63151736e-01, 5.86656261e-01, 3.68710255e-01, 8.48013948e-01, 2.42500859e+00, 1.31136641e+02
1.19165984e+00, 3.40773150e-01, 4.56275185e-01, 5.94347076e-01, 3.61019440e-01, 8.64743780e-01, 2.40827876e+00, 1.33518247e+02
1.22511358e+00, 3.47352184e-01, 4.49415262e-01, 6.01995142e-01, 3.53371374e-01, 8.81632952e-01, 2.39138959e+00, 1.35999855e+02
1.25950646e+00, 3.54013588e-01, 4.42574525e-01, 6.09596074e-01, 3.45770441e-01, 8.98675855e-01, 2.37434668e+00, 1.38585590e+02
1.29486487e+00, 3.60757118e-01, 4.35755505e-01, 6.17145570e-01, 3.38220946e-01, 9.15866683e-01, 2.35715585e+00, 1.41279724e+02
1.33121590e+00, 3.67582497e-01, 4.28960698e-01, 6.24639415e-01, 3.30727100e-01, 9.33199448e-01, 2.33982309e+00, 1.44086682e+02
1.36858742e+00, 3.74489419e-01, 4.22192565e-01, 6.32073504e-01, 3.23293012e-01, 9.50667991e-01, 2.32235455e+00, 1.47011045e+02
1.40700809e+00, 3.81477549e-01, 4.15453528e-01, 6.39443841e-01, 3.15922675e-01, 9.68266002e-01, 2.30475654e+00, 1.50057557e+02
1.44650734e+00, 3.88546523e-01, 4.08745964e-01, 6.46746557e-01, 3.08619958e-01, 9.85987031e-01, 2.28703551e+00, 1.53231132e+02
1.48711546e+00, 3.95695948e-01, 4.02072206e-01, 6.53977918e-01, 3.01388598e-01, 1.00382451e+00, 2.26919803e+00, 1.56536858e+02
1.52886359e+00, 4.02925403e-01, 3.95434536e-01, 6.61134331e-01, 2.94232185e-01, 1.02177176e+00, 2.25125078e+00, 1.59980006e+02
1.57178372e+00, 4.10234442e-01, 3.88835186e-01, 6.68212355e-01, 2.87154161e-01, 1.03982203e+00, 2.23320051e+00, 1.63566039e+02
1.61590875e+00, 4.17622591e-01, 3.82276331e-01, 6.75208707e-01, 2.80157809e-01, 1.05796847e+00, 2.21505407e+00, 1.67300615e+02
1.66127252e+00, 4.25089350e-01, 3.75760089e-01, 6.82120268e-01, 2.73246247e-01, 1.07620420e+00, 2.19681834e+00, 1.71189599e+02
1.70790980e+00, 4.32634194e-01, 3.69288519e-01, 6.88944092e-01, 2.66422424e-01, 1.09452230e+00, 2.17850024e+00, 1.75239072e+02
1.75585633e+00, 4.40256573e-01, 3.62863618e-01, 6.95677406e-01, 2.59689110e-01, 1.11291581e+00, 2.16010673e+00, 1.79455336e+02
1.80514888e+00, 4.47955916e-01, 3.56487318e-01, 7.02317614e-01, 2.53048902e-01, 1.13137778e+00, 2.14164475e+00, 1.83844932e+02
1.85582523e+00, 4.55731626e-01, 3.50161484e-01, 7.08862305e-01, 2.46504211e-01, 1.14990127e+00, 2.12312126e+00, 1.88414641e+02
1.90792422e+00, 4.63583085e-01, 3.43887915e-01, 7.15309250e-01, 2.40057265e-01, 1.16847936e+00, 2.10454318e+00, 1.93171503e+02
1.96148581e+00, 4.71509656e-01, 3.37668341e-01, 7.21656406e-01, 2.33710110e-01, 1.18710515e+00, 2.08591738e+00, 1.98122823e+02
2.01655104e+00, 4.79510678e-01, 3.31504419e-01, 7.27901913e-01, 2.27464603e-01, 1.20577183e+00, 2.06725071e+00, 2.03276188e+02
2.07316213e+00, 4.87585472e-01, 3.25397736e-01, 7.34044098e-01, 2.21322418e-01, 1.22447261e+00, 2.04854993e+00, 2.08639474e+02
2.13136247e+00, 4.95733342e-01, 3.19349807e-01, 7.40081472e-01, 2.15285044e-01, 1.24320080e+00, 2.02982174e+00, 2.14220867e+02
2.19119669e+00, 5.03953573e-01, 3.13362070e-01, 7.46012725e-01, 2.09353791e-01, 1.26194980e+00, 2.01107274e+00, 2.20028870e+02
2.25271064e+00, 5.12245431e-01, 3.07435893e-01, 7.51836730e-01, 2.03529786e-01, 1.28071309e+00, 1.99230944e+00, 2.26072321e+02
2.31595149e+00, 5.20608169e-01, 3.01572566e-01, 7.57552533e-01, 1.97813983e-01, 1.29948428e+00, 1.97353826e+00, 2.32360410e+02
2.38096772e+00, 5.29041024e-01, 2.95773306e-01, 7.63159355e-01, 1.92207161e-01, 1.31825706e+00, 1.95476548e+00, 2.38902693e+02
2.44780916e+00, 5.37543219e-01, 2.90039255e-01, 7.68656583e-01, 1.86709933e-01, 1.33702527e+00, 1.93599727e+00, 2.45709108e+02
2.51652705e+00, 5.46113963e-01, 2.84371479e-01, 7.74043769e-01, 1.81322747e-01, 1.35578287e+00, 1.91723966e+00, 2.52789996e+02
2.58717408e+00, 5.54752453e-01, 2.78770971e-01, 7.79320622e-01, 1.76045894e-01, 1.37452396e+00, 1.89849858e+00, 2.60156116e+02
2.65980440e+00, 5.63457874e-01, 2.73238647e-01, 7.84487006e-01, 1.70879510e-01, 1.39324276e+00, 1.87977978e+00, 2.67818667e+02
2.73447368e+00, 5.72229403e-01, 2.67775351e-01, 7.89542931e-01, 1.65823585e-01, 1.41193366e+00, 1.86108888e+00, 2.75789305e+02
2.81123917e+00, 5.81066203e-01, 2.62381854e-01, 7.94488548e-01, 1.60877967e-01, 1.43059118e+00, 1.84243135e+00, 2.84080167e+02
2.89015972e+00, 5.89967432e-01, 2.57058854e-01, 7.99324145e-01, 1.56042371e-01, 1.44921001e+00, 1.82381253e+00, 2.92703890e+02
2.97129582e+00, 5.98932239e-01, 2.51806978e-01, 8.04050136e-01, 1.51316380e-01, 1.46778497e+00, 1.80523757e+00, 3.01673636e+02
3.05470967e+00, 6.07959763e-01, 2.46626782e-01, 8.08667060e-01, 1.46699456e-01, 1.48631105e+00, 1.78671148e+00, 3.11003112e+02
3.14046522e+00, 6.17049141e-01, 2.41518754e-01, 8.13175571e-01, 1.42190945e-01, 1.50478341e+00, 1.76823913e+00, 3.20706600e+02
3.22862820e+00, 6.26199502e-01, 2.36483311e-01, 8.17576432e-01, 1.37790084e-01, 1.52319733e+00, 1.74982521e+00, 3.30798975e+02
3.31926620e+00, 6.35409971e-01, 2.31520808e-01, 8.21870509e-01, 1.33496007e-01, 1.54154829e+00, 1.73147425e+00, 3.41295737e+02
3.41244871e+00, 6.44679670e-01, 2.26631530e-01, 8.26058765e-01, 1.29307751e-01, 1.55983190e+00, 1.71319064e+00, 3.52213037e+02
3.50824714e+00, 6.54007716e-01, 2.21815701e-01, 8.30142253e-01, 1.25224263e-01, 1.57804394e+00, 1.69497860e+00, 3.63567705e+02
3.60673495e+00, 6.63393226e-01, 2.17073483e-01, 8.34122108e-01, 1.21244408e-01, 1.59618035e+00, 1.67684219e+00, 3.75377280e+02
3.70798763e+00, 6.72835313e-01, 2.12404976e-01, 8.37999545e-01, 1.17366971e-01, 1.61423721e+00, 1.65878533e+00, 3.87660041e+02
3.81208280e+00, 6.82333091e-01, 2.07810223e-01, 8.41775849e-01, 1.13590667e-01, 1.63221077e+00, 1.64081177e+00, 4.00435038e+02
3.91910025e+00, 6.91885673e-01, 2.03289209e-01, 8.45452369e-01, 1.09914147e-01, 1.65009742e+00, 1.62292512e+00, 4.13722127e+02
4.02912203e+00, 7.01492174e-01, 1.98841864e-01, 8.49030516e-01, 1.06336000e-01, 1.66789372e+00, 1.60512882e+00, 4.27542005e+02
4.14223247e+00, 7.11151707e-01, 1.94468065e-01, 8.52511754e-01, 1.02854762e-01, 1.68559636e+00, 1.58742618e+00, 4.41916243e+02
4.25851829e+00, 7.20863389e-01, 1.90167637e-01, 8.55897595e-01, 9.94689212e-02, 1.70320217e+00, 1.56982036e+00, 4.56867328e+02
4.37806863e+00, 7.30626340e-01, 1.85940357e-01, 8.59189594e-01, 9.61769214e-02, 1.72070816e+00, 1.55231438e+00, 4.72418699e+02
4.50097513e+00, 7.40439681e-01, 1.81785952e-01, 8.62389347e-01, 9.29771687e-02, 1.73811144e+00, 1.53491110e+00, 4.88594789e+02
4.62733201e+00, 7.50302539e-01, 1.77704105e-01, 8.65498480e-01, 8.98680357e-02, 1.75540928e+00, 1.51761325e+00, 5.05421066e+02
4.75723614e+00, 7.60214043e-01, 1.73694456e-01, 8.68518650e-01, 8.68478660e-02, 1.77259909e+00, 1.50042345e+00, 5.22924080e+02
4.89078709e+00, 7.70173327e-01, 1.69756602e-01, 8.71451537e-01, 8.39149789e-02, 1.78967839e+00, 1.48334415e+00, 5.41131505e+02
5.02808725e+00, 7.80179530e-01, 1.65890100e-01, 8.74298842e-01, 8.10676736e-02, 1.80664486e+00, 1.46637768e+00, 5.60072192e+02
5.16924187e+00, 7.90231798e-01, 1.62094471e-01, 8.77062283e-01, 7.83042329e-02, 1.82349628e+00, 1.44952626e+00, 5.79776213e+02
5.31435916e+00, 8.00329281e-01, 1.58369199e-01, 8.79743589e-01, 7.56229273e-02, 1.84023057e+00, 1.43279197e+00, 6.00274918e+02
5.46355035e+00, 8.10471136e-01, 1.54713732e-01, 8.82344497e-01, 7.30220186e-02, 1.85684578e+00, 1.41617676e+00, 6.21600983e+02
5.61692982e+00, 8.20656529e-01, 1.51127491e-01, 8.84866753e-01, 7.04997628e-02, 1.87334005e+00, 1.39968249e+00, 6.43788475e+02
5.77461515e+00, 8.30884629e-01, 1.47609861e-01, 8.87312102e-01, 6.80544139e-02, 1.88971166e+00, 1.38331088e+00, 6.66872902e+02
5.93672722e+00, 8.41154616e-01, 1.44160202e-01, 8.89682289e-01, 6.56842267e-02, 1.90595899e+00, 1.36706354e+00, 6.90891278e+02
6.10339029e+00, 8.51465677e-01, 1.40777848e-01, 8.91979057e-01, 6.33874593e-02, 1.92208054e+00, 1.35094199e+00, 7.15882189e+02
6.27473213e+00, 8.61817006e-01, 1.37462106e-01, 8.94204140e-01, 6.11623760e-02, 1.93807491e+00, 1.33494762e+00, 7.41885853e+02
6.45088409e+00, 8.72207807e-01, 1.34212261e-01, 8.96359266e-01, 5.90072499e-02, 1.95394080e+00, 1.31908173e+00, 7.68944195e+02
6.63198120e+00, 8.82637292e-01, 1.31027576e-01, 8.98446151e-01, 5.69203646e-02, 1.96967702e+00, 1.30334552e+00, 7.97100916e+02
6.81816229e+00, 8.93104682e-01, 1.27907296e-01, 9.00466499e-01, 5.49000169e-02, 1.98528246e+00, 1.28774007e+00, 8.26401568e+02
7.00957009e+00, 9.03609206e-01, 1.24850646e-01, 9.02421997e-01, 5.29445185e-02, 2.00075613e+00, 1.27226641e+00, 8.56893635e+02
7.20635132e+00, 9.14150106e-01, 1.21856835e-01, 9.04314318e-01, 5.10521975e-02, 2.01609711e+00, 1.25692542e+00, 8.88626609e+02
7.40865683e+00, 9.24726629e-01, 1.18925058e-01, 9.06145115e-01, 4.92214005e-02, 2.03130459e+00, 1.24171795e+00, 9.21652081e+02
7.61664172e+00, 9.35338035e-01, 1.16054495e-01, 9.07916022e-01, 4.74504940e-02, 2.04637782e+00, 1.22664472e+00, 9.56023826e+02
7.83046540e+00, 9.45983593e-01, 1.13244314e-01, 9.09628650e-01, 4.57378654e-02, 2.06131616e+00, 1.21170638e+00, 9.91797895e+02
8.05029181e+00, 9.56662583e-01, 1.10493675e-01, 9.11284591e-01, 4.40819246e-02, 2.07611903e+00, 1.19690350e+00, 1.02903271e+03
8.27628946e+00, 9.67374292e-01, 1.07801724e-01, 9.12885411e-01, 4.24811048e-02, 2.09078595e+00, 1.18223658e+00, 1.06778918e+03
8.50863158e+00, 9.78118021e-01, 1.05167604e-01, 9.14432652e-01, 4.09338640e-02, 2.10531650e+00, 1.16770604e+00, 1.10813077e+03
8.74749630e+00, 9.88893079e-01, 1.02590447e-01, 9.15927831e-01, 3.94386852e-02, 2.11971033e+00, 1.15331221e+00, 1.15012364e+03
8.99306672e+00, 9.99698787e-01, 1.00069381e-01, 9.17372438e-01, 3.79940776e-02, 2.13396718e+00, 1.13905536e+00, 1.19383676e+03
9.24553110e+00, 1.01053448e+00, 9.76035298e-02, 9.18767939e-01, 3.65985770e-02, 2.14808683e+00, 1.12493570e+00, 1.23934201e+03
9.50508296e+00, 1.02139949e+00, 9.51920136e-02, 9.20115769e-01, 3.52507468e-02, 2.16206916e+00, 1.11095337e+00, 1.28671431e+03
9.77192128e+00, 1.03229317e+00, 9.28339498e-02, 9.21417338e-01, 3.39491779e-02, 2.17591409e+00, 1.09710845e+00, 1.33603175e+03
1.00462506e+01, 1.04321489e+00, 9.05284548e-02, 9.22674026e-01, 3.26924896e-02, 2.18962161e+00, 1.08340093e+00, 1.38737574e+03
1.03282813e+01, 1.05416402e+00, 8.82746444e-02, 9.23887186e-01, 3.14793294e-02, 2.20319176e+00, 1.06983078e+00, 1.44083111e+03
1.06182294e+01, 1.06513995e+00, 8.60716349e-02, 9.25058142e-01, 3.03083739e-02, 2.21662464e+00, 1.05639790e+00, 1.49648629e+03
1.09163173e+01, 1.07614206e+00, 8.39185439e-02, 9.26188188e-01, 2.91783283e-02, 2.22992042e+00, 1.04310212e+00, 1.55443345e+03
1.12227736e+01, 1.08716977e+00, 8.18144912e-02, 9.27278589e-01, 2.80879270e-02, 2.24307930e+00, 1.02994324e+00, 1.61476867e+03
1.15378330e+01, 1.09822248e+00, 7.97585995e-02, 9.28330583e-01, 2.70359332e-02, 2.25610154e+00, 1.01692099e+00, 1.67759209e+03
1.18617372e+01, 1.10929963e+00, 7.77499950e-02, 9.29345376e-01, 2.60211394e-02, 2.26898746e+00, 1.00403508e+00, 1.74300806e+03
1.21947344e+01, 1.12040065e+00, 7.57878084e-02, 9.30324149e-01, 2.50423670e-02, 2.28173740e+00, 9.91285134e-01, 1.81112540e+03
1.25370799e+01, 1.13152499e+00, 7.38711753e-02, 9.31268050e-01, 2.40984660e-02, 2.29435177e+00, 9.78670765e-01, 1.88205747e+03
1.28890361e+01, 1.14267211e+00, 7.19992367e-02, 9.32178200e-01, 2.31883154e-02, 2.30683101e+00, 9.66191530e-01, 1.95592247e+03
1.32508729e+01, 1.15384147e+00, 7.01711401e-02, 9.33055693e-01, 2.23108225e-02, 2.31917559e+00, 9.53846947e-01, 2.03284360e+03
1.36228676e+01, 1.16503255e+00, 6.83860392e-02, 9.33901593e-01, 2.14649231e-02, 2.33138604e+00, 9.41636495e-01, 2.11294924e+03
1.40053055e+01, 1.17624484e+00, 6.66430952e-02, 9.34716935e-01, 2.06495806e-02, 2.34346292e+00, 9.29559618e-01, 2.19637324e+03
1.43984795e+01, 1.18747784e+00, 6.49414767e-02, 9.35502730e-01, 1.98637863e-02, 2.35540682e+00, 9.17615722e-01, 2.28325508e+03
1.48026913e+01, 1.19873106e+00, 6.32803605e-02, 9.36259957e-01, 1.91065589e-02, 2.36721835e+00, 9.05804183e-01, 2.37374016e+03
1.52182505e+01, 1.21000400e+00, 6.16589316e-02, 9.36989572e-01, 1.83769439e-02, 2.37889819e+00, 8.94124343e-01, 2.46798004e+03
1.56454759e+01, 1.22129622e+00, 6.00763839e-02, 9.37692502e-01, 1.76740135e-02, 2.39044702e+00, 8.82575514e-01, 2.56613267e+03
1.60846948e+01, 1.23260723e+00, 5.85319205e-02, 9.38369650e-01, 1.69968662e-02, 2.40186556e+00, 8.71156980e-01, 2.66836270e+03
1.65362441e+01, 1.24393658e+00, 5.70247538e-02, 9.39021890e-01, 1.63446260e-02, 2.41315454e+00, 8.59867997e-01, 2.77484175e+03
1.70004698e+01, 1.25528384e+00, 5.55541057e-02, 9.39650073e-01, 1.57164425e-02, 2.42431474e+00, 8.48707796e-01, 2.88574868e+03
1.74777277e+01, 1.26664856e+00, 5.41192085e-02, 9.40255026e-01, 1.51114902e-02, 2.43534695e+00, 8.37675584e-01, 3.00126995e+03
1.79683839e+01, 1.27803033e+00, 5.27193041e-02, 9.40837548e-01, 1.45289677e-02, 2.44625199e+00, 8.26770544e-01, 3.12159990e+03
1.84728144e+01, 1.28942872e+00, 5.13536452e-02, 9.41398418e-01, 1.39680980e-02, 2.45703070e+00, 8.15991839e-01, 3.24694107e+03
1.89914058e+01, 1.30084334e+00, 5.00214947e-02, 9.41938389e-01, 1.34281272e-02, 2.46768393e+00, 8.05338609e-01, 3.37750461e+03
1.95245558e+01, 1.31227377e+00, 4.87221263e-02, 9.42458191e-01, 1.29083247e-02, 2.47821256e+00, 7.94809979e-01, 3.51351059e+03
2.00726730e+01, 1.32371963e+00, 4.74548245e-02, 9.42958534e-01, 1.24079821e-02, 2.48861748e+00, 7.84405054e-01, 3.65518839e+03
2.06361777e+01, 1.33518054e+00, 4.62188846e-02, 9.43440102e-01, 1.19264134e-02, 2.49889962e+00, 7.74122921e-01, 3.80277711e+03
2.12155017e+01, 1.34665613e+00, 4.50136131e-02, 9.43903562e-01, 1.14629536e-02, 2.50905988e+00, 7.63962654e-01, 3.95652596e+03
2.18110892e+01, 1.35814602e+00, 4.38383275e-02, 9.44349557e-01, 1.10169591e-02, 2.51909922e+00, 7.53923313e-01, 4.11669471e+03
2.24233968e+01, 1.36964988e+00, 4.26923562e-02, 9.44778709e-01, 1.05878067e-02, 2.52901860e+00, 7.44003942e-01, 4.28355413e+03
2.30528939e+01, 1.38116734e+00, 4.15750390e-02, 9.45191623e-01, 1.01748931e-02, 2.53881896e+00, 7.34203575e-01, 4.45738643e+03
2.37000629e+01, 1.39269806e+00, 4.04857268e-02, 9.45588881e-01, 9.77763458e-03, 2.54850130e+00, 7.24521234e-01, 4.63848580e+03
2.43654001e+01, 1.40424172e+00, 3.94237819e-02, 9.45971049e-01, 9.39546648e-03, 2.55806661e+00, 7.14955930e-01, 4.82715885e+03
2.50494154e+01, 1.41579798e+00, 3.83885774e-02, 9.46338673e-01, 9.02784258e-03, 2.56751587e+00, 7.05506666e-01, 5.02372521e+03
2.57526333e+01, 1.42736654e+00, 3.73794979e-02, 9.46692281e-01, 8.67423472e-03, 2.57685010e+00, 6.96172437e-01, 5.22851802e+03
2.64755927e+01, 1.43894707e+00, 3.63959391e-02, 9.47032384e-01, 8.33413231e-03, 2.58607031e+00, 6.86952227e-01, 5.44188453e+03
2.72188479e+01, 1.45053928e+00, 3.54373078e-02, 9.47359474e-01, 8.00704179e-03, 2.59517752e+00, 6.77845017e-01, 5.66418669e+03
2.79829688e+01, 1.46214287e+00, 3.45030217e-02, 9.47674030e-01, 7.69248624e-03, 2.60417276e+00, 6.68849781e-01, 5.89580179e+03
2.87685409e+01, 1.47375755e+00, 3.35925097e-02, 9.47976511e-01, 7.39000485e-03, 2.61305705e+00, 6.59965485e-01, 6.13712309e+03
2.95761666e+01, 1.48538304e+00, 3.27052117e-02, 9.48267363e-01, 7.09915249e-03, 2.62183144e+00, 6.51191095e-01, 6.38856050e+03
3.04064649e+01, 1.49701906e+00, 3.18405781e-02, 9.48547017e-01, 6.81949926e-03, 2.63049697e+00, 6.42525570e-01, 6.65054129e+03
3.12600724e+01, 1.50866534e+00, 3.09980705e-02, 9.48815886e-01, 6.55063005e-03, 2.63905467e+00, 6.33967866e-01, 6.92351083e+03
3.21376434e+01, 1.52032162e+00, 3.01771610e-02, 9.49074372e-01, 6.29214408e-03, 2.64750560e+00, 6.25516938e-01, 7.20793336e+03
3.30398507e+01, 1.53198765e+00, 2.93773321e-02, 9.49322861e-01, 6.04365448e-03, 2.65585080e+00, 6.17171739e-01, 7.50429277e+03
3.39673858e+01, 1.54366317e+00, 2.85980772e-02, 9.49561728e-01, 5.80478791e-03, 2.66409132e+00, 6.08931218e-01, 7.81309345e+03
3.49209598e+01, 1.55534793e+00, 2.78388997e-02, 9.49791332e-01, 5.57518408e-03, 2.67222821e+00, 6.00794328e-01, 8.13486115e+03
3.59013038e+01, 1.56704171e+00, 2.70993135e-02, 9.50012020e-01, 5.35449540e-03, 2.68026252e+00, 5.92760017e-01, 8.47014390e+03
3.69091691e+01, 1.57874427e+00, 2.63788425e-02, 9.50224129e-01, 5.14238659e-03, 2.68819530e+00, 5.84827237e-01, 8.81951293e+03
3.79453285e+01, 1.59045537e+00, 2.56770206e-02, 9.50427982e-01, 4.93853423e-03, 2.69602760e+00, 5.76994938e-01, 9.18356369e+03
3.90105762e+01, 1.60217481e+00, 2.49933916e-02, 9.50623889e-01, 4.74262647e-03, 2.70376046e+00, 5.69262074e-01, 9.56291682e+03
4.01057288e+01, 1.61390235e+00, 2.43275093e-02, 9.50812153e-01, 4.55436259e-03, 2.71139494e+00, 5.61627598e-01, 9.95821928e+03
4.12316259e+01, 1.62563780e+00, 2.36789368e-02, 9.50993063e-01, 4.37345268e-03, 2.71893207e+00, 5.54090469e-01, 1.03701454e+04
4.23891306e+01, 1.63738095e+00, 2.30472468e-02, 9.51166899e-01, 4.19961730e-03, 2.72637289e+00, 5.46649644e-01, 1.07993982e+04
4.35791301e+01, 1.64913159e+00, 2.24320214e-02, 9.51333929e-01, 4.03258709e-03, 2.73371845e+00, 5.39304085e-01, 1.12467103e+04
4.48025368e+01, 1.66088953e+00, 2.18328518e-02, 9.51494413e-01, 3.87210249e-03, 2.74096978e+00, 5.32052760e-01, 1.17128455e+04
4.60602884e+01, 1.67265458e+00, 2.12493385e-02, 9.51648602e-01, 3.71791337e-03, 2.74812790e+00, 5.24894636e-01, 1.21985999e+04
4.73533492e+01, 1.68442656e+00, 2.06810907e-02, 9.51796737e-01, 3.56977878e-03, 2.75519385e+00, 5.17828687e-01, 1.27048033e+04
4.86827104e+01, 1.69620528e+00, 2.01277264e-02, 9.51939049e-01, 3.42746656e-03, 2.76216865e+00, 5.10853892e-01, 1.32323207e+04
5.00493910e+01, 1.70799057e+00, 1.95888723e-02, 9.52075763e-01, 3.29075310e-03, 2.76905331e+00, 5.03969231e-01, 1.37820538e+04
5.14544388e+01, 1.71978224e+00, 1.90641636e-02, 9.52207093e-01, 3.15942305e-03, 2.77584884e+00, 4.97173693e-01, 1.43549424e+04
5.28989308e+01, 1.73158015e+00, 1.85532437e-02, 9.52333247e-01, 3.03326899e-03, 2.78255627e+00, 4.90466270e-01, 1.49519663e+04
5.43839743e+01, 1.74338412e+00, 1.80557646e-02, 9.52454425e-01, 2.91209122e-03, 2.78917658e+00, 4.83845959e-01, 1.55741465e+04
5.59107078e+01, 1.75519399e+00, 1.75713858e-02, 9.52570818e-01, 2.79569746e-03, 2.79571077e+00, 4.77311766e-01, 1.62225476e+04
5.74803016e+01, 1.76700960e+00, 1.70997750e-02, 9.52682613e-01, 2.68390257e-03, 2.80215984e+00, 4.70862698e-01, 1.68982791e+04
5.90939590e+01, 1.77883082e+00, 1.66406078e-02, 9.52789987e-01, 2.57652837e-03, 2.80852477e+00, 4.64497772e-01, 1.76024977e+04
6.07529169e+01, 1.79065748e+00, 1.61935670e-02, 9.52893113e-01, 2.47340332e-03, 2.81480653e+00, 4.58216010e-01, 1.83364089e+04
6.24584471e+01, 1.80248944e+00, 1.57583434e-02, 9.52992154e-01, 2.37436233e-03, 2.82100610e+00, 4.52016440e-01, 1.91012694e+04
6.42118571e+01, 1.81432657e+00, 1.53346346e-02, 9.53087269e-01, 2.27924653e-03, 2.82712444e+00, 4.45898097e-01, 1.98983891e+04
6.60144909e+01, 1.82616872e+00, 1.49221457e-02, 9.53178613e-01, 2.18790303e-03, 2.83316251e+00, 4.39860024e-01, 2.07291336e+04
6.78677305e+01, 1.83801577e+00, 1.45205889e-02, 9.53266331e-01, 2.10018474e-03, 2.83912127e+00, 4.33901270e-01, 2.15949260e+04
6.97729965e+01, 1.84986758e+00, 1.41296829e-02, 9.53350566e-01, 2.01595011e-03, 2.84500165e+00, 4.28020890e-01, 2.24972502e+04
7.17317494e+01, 1.86172403e+00, 1.37491537e-02, 9.53431453e-01, 1.93506298e-03, 2.85080459e+00, 4.22217947e-01, 2.34376526e+04
7.37454909e+01, 1.87358500e+00, 1.33787335e-02, 9.53509123e-01, 1.85739237e-03, 2.85653102e+00, 4.16491514e-01, 2.44177453e+04
7.58157646e+01, 1.88545036e+00, 1.30181611e-02, 9.53583704e-01, 1.78281229e-03, 2.86218187e+00, 4.10840667e-01, 2.54392086e+04
7.79441575e+01, 1.89731999e+00, 1.26671819e-02, 9.53655314e-01, 1.71120155e-03, 2.86775804e+00, 4.05264493e-01, 2.65037942e+04
8.01323013e+01, 1.90919379e+00, 1.23255471e-02, 9.53724072e-01, 1.64244359e-03, 2.87326045e+00, 3.99762085e-01, 2.76133280e+04
8.23818733e+01, 1.92107165e+00, 1.19930143e-02, 9.53790090e-01, 1.57642634e-03, 2.87868999e+00, 3.94332545e-01, 2.87697131e+04
8.46945981e+01, 1.93295345e+00, 1.16693470e-02, 9.53853474e-01, 1.51304201e-03, 2.88404756e+00, 3.88974981e-01, 2.99749335e+04
8.70722485e+01, 1.94483908e+00, 1.13543144e-02, 9.53914329e-01, 1.45218695e-03, 2.88933403e+00, 3.83688510e-01, 3.12310571e+04
8.95166472e+01, 1.95672846e+00, 1.10476916e-02, 9.53972754e-01, 1.39376151e-03, 2.89455028e+00, 3.78472257e-01, 3.25402396e+04
9.20296681e+01, 1.96862147e+00, 1.07492590e-02, 9.54028846e-01, 1.33766988e-03, 2.89969718e+00, 3.73325355e-01, 3.39047280e+04
9.46132376e+01, 1.98051802e+00, 1.04588028e-02, 9.54082696e-01, 1.28381995e-03, 2.90477559e+00, 3.68246945e-01, 3.53268646e+04
9.72693362e+01, 1.99241802e+00, 1.01761143e-02, 9.54134393e-01, 1.23212317e-03, 2.90978636e+00, 3.63236176e-01, 3.68090908e+04
1.00000000e+02, 2.00432137e+00, 9.90099010e-03, 9.54184021e-01, 1.18249441e-03, 2.91473033e+00, 3.58292205e-01, 3.83539517e+04
