 --- Cosmological Parameters --- 
	 H0: 2.1927e-18 (1/s) = 67.6600 (km/s/Mpc) 
	 OmegaM: 1.0000e+00 
	 OmegaR: 0.0000e+00 
	 OmegaL: 0.0000e+00 
	 OmegaK: 0.0000e+00 
		 w0: -1.0000e+00 
		 wa: 0.0000e+00 
	 rho_crit: 8.6009e-30 (g/cm^3) 
z, log10(1+z), a, H0*t_look, H0*t_age, H0*t_conf, H0*t_conf_age, H(z) 
1.00000000e-04, 4.34272769e-05, 9.99900010e-01, 9.99875015e-05, 6.66566679e-01, 9.99925006e-05, 1.99989801e+00, 6.76701493e+01
2.00410782e+00, 4.77715515e-01, 3.32877533e-01, 5.38629673e-01, 1.28036994e-01, 8.46089200e-01, 1.15390880e+00, 3.52294016e+02
4.00811563e+00, 6.99674348e-01, 1.99675901e-01, 6.07183070e-01, 5.94835966e-02, 1.10629781e+00, 8.93700189e-01, 7.58304293e+02
6.01212345e+00, 8.45849553e-01, 1.42610153e-01, 6.30763363e-01, 3.59033036e-02, 1.24472481e+00, 7.55273190e-01, 1.25633750e+03
8.01613126e+00, 9.55020226e-01, 1.10912316e-01, 6.42041544e-01, 2.46251226e-02, 1.33392999e+00, 6.66068014e-01, 1.83173369e+03
1.00201391e+01, 1.04218708e+00, 9.07429564e-02, 6.48443320e-01, 1.82233463e-02, 1.39752857e+00, 6.02469431e-01, 2.47521317e+03
1.20241469e+01, 1.11474929e+00, 7.67804608e-02, 6.52483121e-01, 1.41835457e-02, 1.44581425e+00, 5.54183748e-01, 3.18021090e+03
1.40281547e+01, 1.17690566e+00, 6.65417691e-02, 6.55223394e-01, 1.14432729e-02, 1.48408617e+00, 5.15911826e-01, 3.94176274e+03
1.60321625e+01, 1.23126979e+00, 5.87124505e-02, 6.57182394e-01, 9.48427312e-03, 1.51538696e+00, 4.84611044e-01, 4.75594345e+03
1.80361703e+01, 1.27957958e+00, 5.25315745e-02, 6.58639923e-01, 8.02674318e-03, 1.54160465e+00, 4.58393351e-01, 5.61954776e+03
2.00401782e+01, 1.32304941e+00, 4.75281147e-02, 6.59758948e-01, 6.90771835e-03, 1.56398113e+00, 4.36016874e-01, 6.52989372e+03
2.20441860e+01, 1.36256137e+00, 4.33948937e-02, 6.60640146e-01, 6.02652113e-03, 1.58337118e+00, 4.16626821e-01, 7.48469402e+03
2.40481938e+01, 1.39877641e+00, 3.99230383e-02, 6.61348718e-01, 5.31794840e-03, 1.60038499e+00, 3.99613006e-01, 8.48196772e+03
2.60522016e+01, 1.43220262e+00, 3.69655681e-02, 6.61928560e-01, 4.73810650e-03, 1.61547136e+00, 3.84526637e-01, 9.51997738e+03
2.80562094e+01, 1.46323896e+00, 3.44160515e-02, 6.62410190e-01, 4.25647714e-03, 1.62896873e+00, 3.71029274e-01, 1.05971829e+04
3.00602172e+01, 1.49220449e+00, 3.21955250e-02, 6.62815414e-01, 3.85125263e-03, 1.64113777e+00, 3.58860230e-01, 1.17122067e+04
3.20642251e+01, 1.51935835e+00, 3.02441687e-02, 6.63160188e-01, 3.50647881e-03, 1.65218299e+00, 3.47815013e-01, 1.28638070e+04
3.40682329e+01, 1.54491388e+00, 2.85158366e-02, 6.63456424e-01, 3.21024308e-03, 1.66226734e+00, 3.37730656e-01, 1.40508571e+04
3.60722407e+01, 1.56904884e+00, 2.69743609e-02, 6.63713177e-01, 2.95348988e-03, 1.67152254e+00, 3.28475463e-01, 1.52723282e+04
3.80762485e+01, 1.59191286e+00, 2.55909930e-02, 6.63937441e-01, 2.72922567e-03, 1.68005630e+00, 3.19941701e-01, 1.65272763e+04
4.00802563e+01, 1.61363314e+00, 2.43425940e-02, 6.64134694e-01, 2.53197273e-03, 1.68795773e+00, 3.12040266e-01, 1.78148311e+04
4.20842641e+01, 1.63431868e+00, 2.32103303e-02, 6.64309281e-01, 2.35738612e-03, 1.69530126e+00, 3.04696738e-01, 1.91341870e+04
4.40882719e+01, 1.65406359e+00, 2.21787165e-02, 6.64464687e-01, 2.20197992e-03, 1.70214959e+00, 2.97848409e-01, 2.04845949e+04
4.60922798e+01, 1.67294972e+00, 2.12349032e-02, 6.64603738e-01, 2.06292846e-03, 1.70855599e+00, 2.91442013e-01, 2.18653567e+04
4.80962876e+01, 1.69104865e+00, 2.03681388e-02, 6.64728747e-01, 1.93791962e-03, 1.71456602e+00, 2.85431977e-01, 2.32758192e+04
5.01002954e+01, 1.70842341e+00, 1.95693585e-02, 6.64841621e-01, 1.82504520e-03, 1.72021895e+00, 2.79779047e-01, 2.47153696e+04
5.21043032e+01, 1.72512971e+00, 1.88308657e-02, 6.64943949e-01, 1.72271791e-03, 1.72554880e+00, 2.74449203e-01, 2.61834317e+04
5.41083110e+01, 1.74121710e+00, 1.81460833e-02, 6.65037059e-01, 1.62960778e-03, 1.73058520e+00, 2.69412797e-01, 2.76794620e+04
5.61123188e+01, 1.75672979e+00, 1.75093574e-02, 6.65122074e-01, 1.54459296e-03, 1.73535414e+00, 2.64643857e-01, 2.92029472e+04
5.81163267e+01, 1.77170744e+00, 1.69158007e-02, 6.65199945e-01, 1.46672124e-03, 1.73987848e+00, 2.60119515e-01, 3.07534012e+04
6.01203345e+01, 1.78618572e+00, 1.63611670e-02, 6.65271487e-01, 1.39517973e-03, 1.74417844e+00, 2.55819555e-01, 3.23303627e+04
6.21243423e+01, 1.80019687e+00, 1.58417492e-02, 6.65337396e-01, 1.32927073e-03, 1.74827198e+00, 2.51726022e-01, 3.39333934e+04
6.41283501e+01, 1.81377008e+00, 1.53542965e-02, 6.65398274e-01, 1.26839239e-03, 1.75217509e+00, 2.47822910e-01, 3.55620762e+04
6.61323579e+01, 1.82693190e+00, 1.48959463e-02, 6.65454644e-01, 1.21202308e-03, 1.75590210e+00, 2.44095901e-01, 3.72160131e+04
6.81363657e+01, 1.83970655e+00, 1.44641679e-02, 6.65506958e-01, 1.15970872e-03, 1.75946586e+00, 2.40532138e-01, 3.88948242e+04
7.01403735e+01, 1.85211614e+00, 1.40567156e-02, 6.65555614e-01, 1.11105237e-03, 1.76287796e+00, 2.37120041e-01, 4.05981464e+04
7.21443814e+01, 1.86418097e+00, 1.36715901e-02, 6.65600961e-01, 1.06570569e-03, 1.76614885e+00, 2.33849150e-01, 4.23256318e+04
7.41483892e+01, 1.87591968e+00, 1.33070051e-02, 6.65643305e-01, 1.02336186e-03, 1.76928801e+00, 2.30709986e-01, 4.40769472e+04
7.61523970e+01, 1.88734942e+00, 1.29613601e-02, 6.65682917e-01, 9.83749684e-04, 1.77230406e+00, 2.27693938e-01, 4.58517725e+04
7.81564048e+01, 1.89848606e+00, 1.26332165e-02, 6.65720038e-01, 9.46628662e-04, 1.77520484e+00, 2.24793165e-01, 4.76498003e+04
8.01604126e+01, 1.90934425e+00, 1.23212779e-02, 6.65754882e-01, 9.11784849e-04, 1.77799750e+00, 2.22000504e-01, 4.94707350e+04
8.21644204e+01, 1.91993757e+00, 1.20243729e-02, 6.65787639e-01, 8.79027360e-04, 1.78068860e+00, 2.19309403e-01, 5.13142920e+04
8.41684283e+01, 1.93027863e+00, 1.17414401e-02, 6.65818481e-01, 8.48185399e-04, 1.78328415e+00, 2.16713852e-01, 5.31801971e+04
8.61724361e+01, 1.94037918e+00, 1.14715161e-02, 6.65847561e-01, 8.19105735e-04, 1.78578967e+00, 2.14208327e-01, 5.50681856e+04
8.81764439e+01, 1.95025015e+00, 1.12137237e-02, 6.65875016e-01, 7.91650547e-04, 1.78821026e+00, 2.11787742e-01, 5.69780023e+04
9.01804517e+01, 1.95990174e+00, 1.09672631e-02, 6.65900971e-01, 7.65695566e-04, 1.79055060e+00, 2.09447403e-01, 5.89094004e+04
9.21844595e+01, 1.96934349e+00, 1.07314031e-02, 6.65925538e-01, 7.41128484e-04, 1.79281503e+00, 2.07182972e-01, 6.08621415e+04
9.41884673e+01, 1.97858433e+00, 1.05054743e-02, 6.65948819e-01, 7.17847579e-04, 1.79500757e+00, 2.04990432e-01, 6.28359947e+04
9.61924752e+01, 1.98763264e+00, 1.02888624e-02, 6.65970906e-01, 6.95760514e-04, 1.79713194e+00, 2.02866059e-01, 6.48307367e+04
9.81964830e+01, 1.99649627e+00, 1.00810026e-02, 6.65991883e-01, 6.74783305e-04, 1.79919161e+00, 2.00806392e-01, 6.68461509e+04
1.00200491e+02, 2.00518262e+00, 9.88137500e-03, 6.66011827e-01, 6.54839417e-04, 1.80118979e+00, 1.98808211e-01, 6.88820274e+04
1.02204499e+02, 2.01369863e+00, 9.68950011e-03, 6.66030808e-01, 6.35858965e-04, 1.80312948e+00, 1.96868517e-01, 7.09381627e+04
1.04208506e+02, 2.02205086e+00, 9.50493486e-03, 6.66048889e-01, 6.17778028e-04, 1.80501349e+00, 1.94984511e-01, 7.30143589e+04
1.06212514e+02, 2.03024548e+00, 9.32726937e-03, 6.66066129e-01, 6.00538037e-04, 1.80684442e+00, 1.93153578e-01, 7.51104242e+04
1.08216522e+02, 2.03828834e+00, 9.15612383e-03, 6.66082581e-01, 5.84085234e-04, 1.80862473e+00, 1.91373274e-01, 7.72261719e+04
1.10220530e+02, 2.04618496e+00, 8.99114580e-03, 6.66098296e-01, 5.68370202e-04, 1.81035669e+00, 1.89641305e-01, 7.93614206e+04
1.12224538e+02, 2.05394056e+00, 8.83200780e-03, 6.66113319e-01, 5.53347442e-04, 1.81204248e+00, 1.87955525e-01, 8.15159938e+04
1.14228545e+02, 2.06156008e+00, 8.67840513e-03, 6.66127692e-01, 5.38975000e-04, 1.81368408e+00, 1.86313916e-01, 8.36897197e+04
1.16232553e+02, 2.06904822e+00, 8.53005391e-03, 6.66141453e-01, 5.25214134e-04, 1.81528342e+00, 1.84714582e-01, 8.58824310e+04
1.18236561e+02, 2.07640944e+00, 8.38668937e-03, 6.66154638e-01, 5.12029022e-04, 1.81684226e+00, 1.83155739e-01, 8.80939648e+04
1.20240569e+02, 2.08364797e+00, 8.24806423e-03, 6.66167281e-01, 4.99386494e-04, 1.81836229e+00, 1.81635708e-01, 9.03241622e+04
1.22244577e+02, 2.09076782e+00, 8.11394729e-03, 6.66179412e-01, 4.87255797e-04, 1.81984510e+00, 1.80152903e-01, 9.25728683e+04
1.24248585e+02, 2.09777283e+00, 7.98412216e-03, 6.66191059e-01, 4.75608383e-04, 1.82129217e+00, 1.78705830e-01, 9.48399319e+04
1.26252592e+02, 2.10466664e+00, 7.85838607e-03, 6.66202250e-01, 4.64417721e-04, 1.82270492e+00, 1.77293077e-01, 9.71252056e+04
1.28256600e+02, 2.11145273e+00, 7.73654884e-03, 6.66213008e-01, 4.53659122e-04, 1.82408469e+00, 1.75913307e-01, 9.94285455e+04
1.30260608e+02, 2.11813441e+00, 7.61843187e-03, 6.66223358e-01, 4.43309587e-04, 1.82543274e+00, 1.74565258e-01, 1.01749811e+05
1.32264616e+02, 2.12471485e+00, 7.50386735e-03, 6.66233320e-01, 4.33347668e-04, 1.82675027e+00, 1.73247731e-01, 1.04088865e+05
1.34268624e+02, 2.13119707e+00, 7.39269738e-03, 6.66242914e-01, 4.23753340e-04, 1.82803841e+00, 1.71959593e-01, 1.06445572e+05
1.36272631e+02, 2.13758396e+00, 7.28477330e-03, 6.66252160e-01, 4.14507891e-04, 1.82929823e+00, 1.70699767e-01, 1.08819802e+05
1.38276639e+02, 2.14387828e+00, 7.17995498e-03, 6.66261074e-01, 4.05593814e-04, 1.83053077e+00, 1.69467230e-01, 1.11211427e+05
1.40280647e+02, 2.15008268e+00, 7.07811028e-03, 6.66269673e-01, 3.96994717e-04, 1.83173699e+00, 1.68261012e-01, 1.13620320e+05
1.42284655e+02, 2.15619968e+00, 6.97911441e-03, 6.66277973e-01, 3.88695236e-04, 1.83291781e+00, 1.67080188e-01, 1.16046358e+05
1.44288663e+02, 2.16223173e+00, 6.88284950e-03, 6.66285987e-01, 3.80680956e-04, 1.83407412e+00, 1.65923881e-01, 1.18489423e+05
1.46292671e+02, 2.16818114e+00, 6.78920408e-03, 6.66293730e-01, 3.72938343e-04, 1.83520675e+00, 1.64791253e-01, 1.20949394e+05
1.48296678e+02, 2.17405015e+00, 6.69807266e-03, 6.66301213e-01, 3.65454676e-04, 1.83631649e+00, 1.63681508e-01, 1.23426158e+05
1.50300686e+02, 2.17984090e+00, 6.60935535e-03, 6.66308450e-01, 3.58217992e-04, 1.83740412e+00, 1.62593884e-01, 1.25919601e+05
1.52304694e+02, 2.18555545e+00, 6.52295748e-03, 6.66315451e-01, 3.51217027e-04, 1.83847034e+00, 1.61527656e-01, 1.28429613e+05
1.54308702e+02, 2.19119579e+00, 6.43878925e-03, 6.66322227e-01, 3.44441171e-04, 1.83951587e+00, 1.60482133e-01, 1.30956083e+05
1.56312710e+02, 2.19676381e+00, 6.35676547e-03, 6.66328788e-01, 3.37880419e-04, 1.84054135e+00, 1.59456653e-01, 1.33498907e+05
1.58316717e+02, 2.20226135e+00, 6.27680520e-03, 6.66335143e-01, 3.31525330e-04, 1.84154742e+00, 1.58450582e-01, 1.36057980e+05
1.60320725e+02, 2.20769017e+00, 6.19883154e-03, 6.66341302e-01, 3.25366992e-04, 1.84253468e+00, 1.57463317e-01, 1.38633198e+05
1.62324733e+02, 2.21305196e+00, 6.12277137e-03, 6.66347272e-01, 3.19396980e-04, 1.84350372e+00, 1.56494279e-01, 1.41224462e+05
1.64328741e+02, 2.21834836e+00, 6.04855511e-03, 6.66353062e-01, 3.13607329e-04, 1.84445509e+00, 1.55542915e-01, 1.43831673e+05
1.66332749e+02, 2.22358095e+00, 5.97611650e-03, 6.66358678e-01, 3.07990502e-04, 1.84538931e+00, 1.54608692e-01, 1.46454733e+05
1.68336757e+02, 2.22875124e+00, 5.90539243e-03, 6.66364130e-01, 3.02539361e-04, 1.84630690e+00, 1.53691102e-01, 1.49093548e+05
1.70340764e+02, 2.23386070e+00, 5.83632275e-03, 6.66369422e-01, 2.97247144e-04, 1.84720834e+00, 1.52789659e-01, 1.51748024e+05
1.72344772e+02, 2.23891075e+00, 5.76885006e-03, 6.66374562e-01, 2.92107440e-04, 1.84809411e+00, 1.51903893e-01, 1.54418069e+05
1.74348780e+02, 2.24390275e+00, 5.70291963e-03, 6.66379555e-01, 2.87114164e-04, 1.84896465e+00, 1.51033355e-01, 1.57103592e+05
1.76352788e+02, 2.24883802e+00, 5.63847917e-03, 6.66384408e-01, 2.82261543e-04, 1.84982039e+00, 1.50177615e-01, 1.59804507e+05
1.78356796e+02, 2.25371784e+00, 5.57547874e-03, 6.66389126e-01, 2.77544092e-04, 1.85066174e+00, 1.49336257e-01, 1.62520724e+05
1.80360803e+02, 2.25854343e+00, 5.51387059e-03, 6.66393713e-01, 2.72956597e-04, 1.85148912e+00, 1.48508883e-01, 1.65252158e+05
1.82364811e+02, 2.26331600e+00, 5.45360908e-03, 6.66398176e-01, 2.68494100e-04, 1.85230289e+00, 1.47695110e-01, 1.67998725e+05
1.84368819e+02, 2.26803668e+00, 5.39465054e-03, 6.66402518e-01, 2.64151886e-04, 1.85310343e+00, 1.46894570e-01, 1.70760343e+05
1.86372827e+02, 2.27270661e+00, 5.33695316e-03, 6.66406745e-01, 2.59925464e-04, 1.85389109e+00, 1.46106907e-01, 1.73536929e+05
1.88376835e+02, 2.27732685e+00, 5.28047690e-03, 6.66410860e-01, 2.55810556e-04, 1.85466622e+00, 1.45331780e-01, 1.76328403e+05
1.90380842e+02, 2.28189846e+00, 5.22518339e-03, 6.66414868e-01, 2.51803086e-04, 1.85542914e+00, 1.44568860e-01, 1.79134686e+05
1.92384850e+02, 2.28642245e+00, 5.17103588e-03, 6.66418772e-01, 2.47899167e-04, 1.85618017e+00, 1.43817830e-01, 1.81955701e+05
1.94388858e+02, 2.29089979e+00, 5.11799910e-03, 6.66422576e-01, 2.44095093e-04, 1.85691962e+00, 1.43078384e-01, 1.84791370e+05
1.96392866e+02, 2.29533145e+00, 5.06603922e-03, 6.66426284e-01, 2.40387324e-04, 1.85764777e+00, 1.42350228e-01, 1.87641619e+05
1.98396874e+02, 2.29971834e+00, 5.01512376e-03, 6.66429899e-01, 2.36772480e-04, 1.85836492e+00, 1.41633077e-01, 1.90506374e+05
2.00400882e+02, 2.30406137e+00, 4.96522156e-03, 6.66433424e-01, 2.33247335e-04, 1.85907135e+00, 1.40926657e-01, 1.93385561e+05
2.02404889e+02, 2.30836139e+00, 4.91630267e-03, 6.66436863e-01, 2.29808802e-04, 1.85976730e+00, 1.40230702e-01, 1.96279108e+05
2.04408897e+02, 2.31261925e+00, 4.86833829e-03, 6.66440218e-01, 2.26453931e-04, 1.86045304e+00, 1.39544957e-01, 1.99186945e+05
2.06412905e+02, 2.31683577e+00, 4.82130078e-03, 6.66443492e-01, 2.23179900e-04, 1.86112883e+00, 1.38869174e-01, 2.02109001e+05
2.08416913e+02, 2.32101175e+00, 4.77516351e-03, 6.66446688e-01, 2.19984008e-04, 1.86179489e+00, 1.38203116e-01, 2.05045207e+05
2.10420921e+02, 2.32514796e+00, 4.72990089e-03, 6.66449809e-01, 2.16863669e-04, 1.86245145e+00, 1.37546550e-01, 2.07995497e+05
2.12424928e+02, 2.32924514e+00, 4.68548828e-03, 6.66452856e-01, 2.13816405e-04, 1.86309875e+00, 1.36899253e-01, 2.10959803e+05
2.14428936e+02, 2.33330404e+00, 4.64190195e-03, 6.66455833e-01, 2.10839844e-04, 1.86373699e+00, 1.36261010e-01, 2.13938058e+05
2.16432944e+02, 2.33732535e+00, 4.59911907e-03, 6.66458742e-01, 2.07931708e-04, 1.86436639e+00, 1.35631610e-01, 2.16930198e+05
2.18436952e+02, 2.34130976e+00, 4.55711762e-03, 6.66461584e-01, 2.05089817e-04, 1.86498715e+00, 1.35010853e-01, 2.19936159e+05
2.20440960e+02, 2.34525796e+00, 4.51587638e-03, 6.66464362e-01, 2.02312077e-04, 1.86559946e+00, 1.34398541e-01, 2.22955878e+05
2.22444968e+02, 2.34917058e+00, 4.47537490e-03, 6.66467078e-01, 1.99596478e-04, 1.86620352e+00, 1.33794486e-01, 2.25989291e+05
2.24448975e+02, 2.35304827e+00, 4.43559346e-03, 6.66469733e-01, 1.96941092e-04, 1.86679950e+00, 1.33198502e-01, 2.29036338e+05
2.26452983e+02, 2.35689164e+00, 4.39651301e-03, 6.66472331e-01, 1.94344066e-04, 1.86738759e+00, 1.32610413e-01, 2.32096958e+05
2.28456991e+02, 2.36070129e+00, 4.35811520e-03, 6.66474871e-01, 1.91803620e-04, 1.86796796e+00, 1.32030045e-01, 2.35171091e+05
2.30460999e+02, 2.36447782e+00, 4.32038229e-03, 6.66477357e-01, 1.89318043e-04, 1.86854077e+00, 1.31457230e-01, 2.38258678e+05
2.32465007e+02, 2.36822179e+00, 4.28329716e-03, 6.66479790e-01, 1.86885690e-04, 1.86910620e+00, 1.30891807e-01, 2.41359660e+05
2.34469014e+02, 2.37193377e+00, 4.24684327e-03, 6.66482171e-01, 1.84504980e-04, 1.86966439e+00, 1.30333617e-01, 2.44473980e+05
2.36473022e+02, 2.37561428e+00, 4.21100465e-03, 6.66484502e-01, 1.82174389e-04, 1.87021549e+00, 1.29782508e-01, 2.47601581e+05
2.38477030e+02, 2.37926386e+00, 4.17576583e-03, 6.66486784e-01, 1.79892454e-04, 1.87075967e+00, 1.29238332e-01, 2.50742406e+05
2.40481038e+02, 2.38288303e+00, 4.14111190e-03, 6.66489019e-01, 1.77657763e-04, 1.87129706e+00, 1.28700943e-01, 2.53896401e+05
2.42485046e+02, 2.38647229e+00, 4.10702841e-03, 6.66491208e-01, 1.75468960e-04, 1.87182780e+00, 1.28170203e-01, 2.57063510e+05
2.44489054e+02, 2.39003213e+00, 4.07350139e-03, 6.66493353e-01, 1.73324735e-04, 1.87235203e+00, 1.27645975e-01, 2.60243679e+05
2.46493061e+02, 2.39356303e+00, 4.04051732e-03, 6.66495454e-01, 1.71223827e-04, 1.87286988e+00, 1.27128127e-01, 2.63436856e+05
2.48497069e+02, 2.39706545e+00, 4.00806311e-03, 6.66497513e-01, 1.69165022e-04, 1.87338147e+00, 1.26616531e-01, 2.66642987e+05
2.50501077e+02, 2.40053985e+00, 3.97612611e-03, 6.66499531e-01, 1.67147147e-04, 1.87388694e+00, 1.26111062e-01, 2.69862020e+05
2.52505085e+02, 2.40398667e+00, 3.94469405e-03, 6.66501510e-01, 1.65169072e-04, 1.87438641e+00, 1.25611599e-01, 2.73093904e+05
2.54509093e+02, 2.40740636e+00, 3.91375504e-03, 6.66503450e-01, 1.63229707e-04, 1.87487998e+00, 1.25118023e-01, 2.76338587e+05
2.56513100e+02, 2.41079933e+00, 3.88329758e-03, 6.66505352e-01, 1.61328000e-04, 1.87536778e+00, 1.24630220e-01, 2.79596020e+05
2.58517108e+02, 2.41416599e+00, 3.85331051e-03, 6.66507217e-01, 1.59462934e-04, 1.87584993e+00, 1.24148079e-01, 2.82866153e+05
2.60521116e+02, 2.41750676e+00, 3.82378301e-03, 6.66509047e-01, 1.57633529e-04, 1.87632652e+00, 1.23671490e-01, 2.86148936e+05
2.62525124e+02, 2.42082203e+00, 3.79470460e-03, 6.66510842e-01, 1.55838838e-04, 1.87679766e+00, 1.23200347e-01, 2.89444321e+05
2.64529132e+02, 2.42411218e+00, 3.76606512e-03, 6.66512604e-01, 1.54077945e-04, 1.87726346e+00, 1.22734549e-01, 2.92752260e+05
2.66533139e+02, 2.42737759e+00, 3.73785469e-03, 6.66514332e-01, 1.52349966e-04, 1.87772401e+00, 1.22273994e-01, 2.96072706e+05
2.68537147e+02, 2.43061863e+00, 3.71006375e-03, 6.66516028e-01, 1.50654046e-04, 1.87817942e+00, 1.21818585e-01, 2.99405611e+05
2.70541155e+02, 2.43383566e+00, 3.68268302e-03, 6.66517694e-01, 1.48989358e-04, 1.87862978e+00, 1.21368227e-01, 3.02750929e+05
2.72545163e+02, 2.43702904e+00, 3.65570347e-03, 6.66519328e-01, 1.47355103e-04, 1.87907518e+00, 1.20922827e-01, 3.06108615e+05
2.74549171e+02, 2.44019911e+00, 3.62911635e-03, 6.66520933e-01, 1.45750508e-04, 1.87951571e+00, 1.20482295e-01, 3.09478623e+05
2.76553179e+02, 2.44334621e+00, 3.60291316e-03, 6.66522510e-01, 1.44174825e-04, 1.87995146e+00, 1.20046543e-01, 3.12860908e+05
2.78557186e+02, 2.44647066e+00, 3.57708565e-03, 6.66524058e-01, 1.42627329e-04, 1.88038252e+00, 1.19615485e-01, 3.16255425e+05
2.80561194e+02, 2.44957280e+00, 3.55162579e-03, 6.66525578e-01, 1.41107320e-04, 1.88080897e+00, 1.19189036e-01, 3.19662132e+05
2.82565202e+02, 2.45265293e+00, 3.52652580e-03, 6.66527072e-01, 1.39614119e-04, 1.88123089e+00, 1.18767117e-01, 3.23080983e+05
2.84569210e+02, 2.45571138e+00, 3.50177808e-03, 6.66528539e-01, 1.38147068e-04, 1.88164836e+00, 1.18349647e-01, 3.26511937e+05
2.86573218e+02, 2.45874844e+00, 3.47737529e-03, 6.66529982e-01, 1.36705531e-04, 1.88206146e+00, 1.17936548e-01, 3.29954950e+05
2.88577225e+02, 2.46176440e+00, 3.45331025e-03, 6.66531399e-01, 1.35288891e-04, 1.88247026e+00, 1.17527745e-01, 3.33409982e+05
2.90581233e+02, 2.46475957e+00, 3.42957600e-03, 6.66532792e-01, 1.33896550e-04, 1.88287484e+00, 1.17123164e-01, 3.36876989e+05
2.92585241e+02, 2.46773422e+00, 3.40616577e-03, 6.66534161e-01, 1.32527929e-04, 1.88327528e+00, 1.16722732e-01, 3.40355930e+05
2.94589249e+02, 2.47068863e+00, 3.38307298e-03, 6.66535507e-01, 1.31182466e-04, 1.88367163e+00, 1.16326380e-01, 3.43846766e+05
2.96593257e+02, 2.47362309e+00, 3.36029119e-03, 6.66536831e-01, 1.29859615e-04, 1.88406397e+00, 1.15934037e-01, 3.47349456e+05
2.98597265e+02, 2.47653784e+00, 3.33781419e-03, 6.66538132e-01, 1.28558849e-04, 1.88445237e+00, 1.15545638e-01, 3.50863959e+05
3.00601272e+02, 2.47943317e+00, 3.31563588e-03, 6.66539412e-01, 1.27279654e-04, 1.88483689e+00, 1.15161117e-01, 3.54390236e+05
3.02605280e+02, 2.48230932e+00, 3.29375036e-03, 6.66540671e-01, 1.26021534e-04, 1.88521760e+00, 1.14780409e-01, 3.57928247e+05
3.04609288e+02, 2.48516655e+00, 3.27215186e-03, 6.66541909e-01, 1.24784004e-04, 1.88559456e+00, 1.14403452e-01, 3.61477955e+05
3.06613296e+02, 2.48800510e+00, 3.25083478e-03, 6.66543127e-01, 1.23566597e-04, 1.88596782e+00, 1.14030185e-01, 3.65039321e+05
3.08617304e+02, 2.49082522e+00, 3.22979365e-03, 6.66544325e-01, 1.22368857e-04, 1.88633746e+00, 1.13660547e-01, 3.68612306e+05
3.10621311e+02, 2.49362715e+00, 3.20902314e-03, 6.66545505e-01, 1.21190343e-04, 1.88670353e+00, 1.13294481e-01, 3.72196873e+05
3.12625319e+02, 2.49641112e+00, 3.18851808e-03, 6.66546665e-01, 1.20030625e-04, 1.88706608e+00, 1.12931929e-01, 3.75792984e+05
3.14629327e+02, 2.49917735e+00, 3.16827340e-03, 6.66547807e-01, 1.18889285e-04, 1.88742517e+00, 1.12572835e-01, 3.79400604e+05
3.16633335e+02, 2.50192607e+00, 3.14828417e-03, 6.66548931e-01, 1.17765920e-04, 1.88778086e+00, 1.12217146e-01, 3.83019694e+05
3.18637343e+02, 2.50465751e+00, 3.12854559e-03, 6.66550038e-01, 1.16660135e-04, 1.88813320e+00, 1.11864806e-01, 3.86650219e+05
3.20641351e+02, 2.50737188e+00, 3.10905298e-03, 6.66551127e-01, 1.15571547e-04, 1.88848225e+00, 1.11515765e-01, 3.90292143e+05
3.22645358e+02, 2.51006938e+00, 3.08980177e-03, 6.66552200e-01, 1.14499784e-04, 1.88882804e+00, 1.11169971e-01, 3.93945431e+05
3.24649366e+02, 2.51275024e+00, 3.07078749e-03, 6.66553256e-01, 1.13444484e-04, 1.88917064e+00, 1.10827373e-01, 3.97610046e+05
3.26653374e+02, 2.51541464e+00, 3.05200581e-03, 6.66554296e-01, 1.12405296e-04, 1.88951009e+00, 1.10487924e-01, 4.01285955e+05
3.28657382e+02, 2.51806281e+00, 3.03345247e-03, 6.66555320e-01, 1.11381877e-04, 1.88984644e+00, 1.10151574e-01, 4.04973123e+05
3.30661390e+02, 2.52069492e+00, 3.01512335e-03, 6.66556329e-01, 1.10373895e-04, 1.89017973e+00, 1.09818278e-01, 4.08671515e+05
3.32665397e+02, 2.52331117e+00, 2.99701440e-03, 6.66557323e-01, 1.09381024e-04, 1.89051002e+00, 1.09487989e-01, 4.12381097e+05
3.34669405e+02, 2.52591176e+00, 2.97912167e-03, 6.66558302e-01, 1.08402950e-04, 1.89083735e+00, 1.09160662e-01, 4.16101836e+05
3.36673413e+02, 2.52849687e+00, 2.96144133e-03, 6.66559266e-01, 1.07439367e-04, 1.89116176e+00, 1.08836253e-01, 4.19833698e+05
3.38677421e+02, 2.53106668e+00, 2.94396960e-03, 6.66560217e-01, 1.06489974e-04, 1.89148329e+00, 1.08514719e-01, 4.23576651e+05
3.40681429e+02, 2.53362137e+00, 2.92670282e-03, 6.66561153e-01, 1.05554482e-04, 1.89180199e+00, 1.08196019e-01, 4.27330661e+05
3.42685436e+02, 2.53616113e+00, 2.90963740e-03, 6.66562076e-01, 1.04632607e-04, 1.89211790e+00, 1.07880110e-01, 4.31095697e+05
3.44689444e+02, 2.53868612e+00, 2.89276984e-03, 6.66562985e-01, 1.03724073e-04, 1.89243106e+00, 1.07566952e-01, 4.34871725e+05
3.46693452e+02, 2.54119651e+00, 2.87609673e-03, 6.66563882e-01, 1.02828612e-04, 1.89274151e+00, 1.07256505e-01, 4.38658714e+05
3.48697460e+02, 2.54369248e+00, 2.85961471e-03, 6.66564766e-01, 1.01945961e-04, 1.89304928e+00, 1.06948731e-01, 4.42456633e+05
3.50701468e+02, 2.54617418e+00, 2.84332052e-03, 6.66565637e-01, 1.01075866e-04, 1.89335442e+00, 1.06643591e-01, 4.46265450e+05
3.52705476e+02, 2.54864178e+00, 2.82721097e-03, 6.66566495e-01, 1.00218077e-04, 1.89365697e+00, 1.06341048e-01, 4.50085133e+05
3.54709483e+02, 2.55109544e+00, 2.81128293e-03, 6.66567342e-01, 9.93723534e-05, 1.89395695e+00, 1.06041065e-01, 4.53915653e+05
3.56713491e+02, 2.55353532e+00, 2.79553337e-03, 6.66568177e-01, 9.85384578e-05, 1.89425441e+00, 1.05743607e-01, 4.57756978e+05
3.58717499e+02, 2.55596157e+00, 2.77995928e-03, 6.66569001e-01, 9.77161603e-05, 1.89454938e+00, 1.05448638e-01, 4.61609078e+05
3.60721507e+02, 2.55837433e+00, 2.76455776e-03, 6.66569813e-01, 9.69052361e-05, 1.89484189e+00, 1.05156124e-01, 4.65471924e+05
3.62725515e+02, 2.56077377e+00, 2.74932596e-03, 6.66570614e-01, 9.61054663e-05, 1.89513199e+00, 1.04866031e-01, 4.69345485e+05
3.64729522e+02, 2.56316002e+00, 2.73426108e-03, 6.66571404e-01, 9.53166374e-05, 1.89541969e+00, 1.04578325e-01, 4.73229731e+05
3.66733530e+02, 2.56553323e+00, 2.71936040e-03, 6.66572183e-01, 9.45385407e-05, 1.89570504e+00, 1.04292974e-01, 4.77124634e+05
3.68737538e+02, 2.56789355e+00, 2.70462124e-03, 6.66572952e-01, 9.37709732e-05, 1.89598807e+00, 1.04009946e-01, 4.81030165e+05
3.70741546e+02, 2.57024110e+00, 2.69004100e-03, 6.66573710e-01, 9.30137363e-05, 1.89626881e+00, 1.03729210e-01, 4.84946294e+05
3.72745554e+02, 2.57257603e+00, 2.67561711e-03, 6.66574459e-01, 9.22666364e-05, 1.89654728e+00, 1.03450735e-01, 4.88872992e+05
3.74749562e+02, 2.57489848e+00, 2.66134708e-03, 6.66575197e-01, 9.15294847e-05, 1.89682353e+00, 1.03174491e-01, 4.92810233e+05
3.76753569e+02, 2.57720858e+00, 2.64722846e-03, 6.66575926e-01, 9.08020965e-05, 1.89709757e+00, 1.02900448e-01, 4.96757987e+05
3.78757577e+02, 2.57950645e+00, 2.63325885e-03, 6.66576645e-01, 9.00842919e-05, 1.89736944e+00, 1.02628577e-01, 5.00716226e+05
3.80761585e+02, 2.58179223e+00, 2.61943590e-03, 6.66577354e-01, 8.93758949e-05, 1.89763917e+00, 1.02358850e-01, 5.04684923e+05
3.82765593e+02, 2.58406603e+00, 2.60575731e-03, 6.66578055e-01, 8.86767339e-05, 1.89790678e+00, 1.02091238e-01, 5.08664051e+05
3.84769601e+02, 2.58632800e+00, 2.59222084e-03, 6.66578746e-01, 8.79866411e-05, 1.89817231e+00, 1.01825714e-01, 5.12653581e+05
3.86773608e+02, 2.58857825e+00, 2.57882429e-03, 6.66579429e-01, 8.73054528e-05, 1.89843577e+00, 1.01562251e-01, 5.16653488e+05
3.88777616e+02, 2.59081690e+00, 2.56556549e-03, 6.66580103e-01, 8.66330088e-05, 1.89869720e+00, 1.01300823e-01, 5.20663743e+05
3.90781624e+02, 2.59304406e+00, 2.55244233e-03, 6.66580768e-01, 8.59691529e-05, 1.89895662e+00, 1.01041403e-01, 5.24684321e+05
3.92785632e+02, 2.59525987e+00, 2.53945274e-03, 6.66581425e-01, 8.53137323e-05, 1.89921406e+00, 1.00783966e-01, 5.28715195e+05
3.94789640e+02, 2.59746442e+00, 2.52659469e-03, 6.66582074e-01, 8.46665977e-05, 1.89946954e+00, 1.00528487e-01, 5.32756339e+05
3.96793647e+02, 2.59965784e+00, 2.51386619e-03, 6.66582714e-01, 8.40276032e-05, 1.89972308e+00, 1.00274940e-01, 5.36807727e+05
3.98797655e+02, 2.60184024e+00, 2.50126529e-03, 6.66583347e-01, 8.33966061e-05, 1.89997472e+00, 1.00023303e-01, 5.40869333e+05
4.00801663e+02, 2.60401173e+00, 2.48879010e-03, 6.66583971e-01, 8.27734669e-05, 1.90022448e+00, 9.97735500e-02, 5.44941131e+05
4.02805671e+02, 2.60617241e+00, 2.47643872e-03, 6.66584588e-01, 8.21580495e-05, 1.90047237e+00, 9.95256589e-02, 5.49023096e+05
4.04809679e+02, 2.60832240e+00, 2.46420934e-03, 6.66585198e-01, 8.15502205e-05, 1.90071842e+00, 9.92796063e-02, 5.53115202e+05
4.06813687e+02, 2.61046180e+00, 2.45210015e-03, 6.66585800e-01, 8.09498495e-05, 1.90096266e+00, 9.90353696e-02, 5.57217425e+05
4.08817694e+02, 2.61259071e+00, 2.44010938e-03, 6.66586394e-01, 8.03568090e-05, 1.90120510e+00, 9.87929266e-02, 5.61329740e+05
4.10821702e+02, 2.61470923e+00, 2.42823531e-03, 6.66586982e-01, 7.97709744e-05, 1.90144577e+00, 9.85522554e-02, 5.65452121e+05
4.12825710e+02, 2.61681747e+00, 2.41647625e-03, 6.66587562e-01, 7.91922236e-05, 1.90168469e+00, 9.83133345e-02, 5.69584545e+05
4.14829718e+02, 2.61891552e+00, 2.40483053e-03, 6.66588136e-01, 7.86204374e-05, 1.90192189e+00, 9.80761429e-02, 5.73726987e+05
4.16833726e+02, 2.62100349e+00, 2.39329652e-03, 6.66588703e-01, 7.80554989e-05, 1.90215737e+00, 9.78406597e-02, 5.77879423e+05
4.18837733e+02, 2.62308147e+00, 2.38187261e-03, 6.66589263e-01, 7.74972939e-05, 1.90239117e+00, 9.76068647e-02, 5.82041829e+05
4.20841741e+02, 2.62514955e+00, 2.37055725e-03, 6.66589816e-01, 7.69457105e-05, 1.90262329e+00, 9.73747376e-02, 5.86214181e+05
4.22845749e+02, 2.62720783e+00, 2.35934890e-03, 6.66590363e-01, 7.64006394e-05, 1.90285377e+00, 9.71442587e-02, 5.90396455e+05
4.24849757e+02, 2.62925640e+00, 2.34824603e-03, 6.66590903e-01, 7.58619733e-05, 1.90308262e+00, 9.69154087e-02, 5.94588628e+05
4.26853765e+02, 2.63129536e+00, 2.33724717e-03, 6.66591438e-01, 7.53296075e-05, 1.90330987e+00, 9.66881684e-02, 5.98790677e+05
4.28857773e+02, 2.63332478e+00, 2.32635086e-03, 6.66591966e-01, 7.48034391e-05, 1.90353552e+00, 9.64625191e-02, 6.03002579e+05
4.30861780e+02, 2.63534477e+00, 2.31555568e-03, 6.66592488e-01, 7.42833677e-05, 1.90375959e+00, 9.62384423e-02, 6.07224309e+05
4.32865788e+02, 2.63735541e+00, 2.30486023e-03, 6.66593004e-01, 7.37692949e-05, 1.90398212e+00, 9.60159198e-02, 6.11455847e+05
4.34869796e+02, 2.63935678e+00, 2.29426312e-03, 6.66593514e-01, 7.32611241e-05, 1.90420310e+00, 9.57949337e-02, 6.15697168e+05
4.36873804e+02, 2.64134896e+00, 2.28376302e-03, 6.66594018e-01, 7.27587610e-05, 1.90442257e+00, 9.55754664e-02, 6.19948251e+05
4.38877812e+02, 2.64333206e+00, 2.27335859e-03, 6.66594517e-01, 7.22621131e-05, 1.90464054e+00, 9.53575006e-02, 6.24209073e+05
4.40881819e+02, 2.64530613e+00, 2.26304853e-03, 6.66595010e-01, 7.17710898e-05, 1.90485702e+00, 9.51410192e-02, 6.28479612e+05
4.42885827e+02, 2.64727128e+00, 2.25283156e-03, 6.66595498e-01, 7.12856022e-05, 1.90507203e+00, 9.49260055e-02, 6.32759846e+05
4.44889835e+02, 2.64922757e+00, 2.24270643e-03, 6.66595980e-01, 7.08055635e-05, 1.90528560e+00, 9.47124430e-02, 6.37049752e+05
4.46893843e+02, 2.65117509e+00, 2.23267191e-03, 6.66596456e-01, 7.03308883e-05, 1.90549772e+00, 9.45003154e-02, 6.41349310e+05
4.48897851e+02, 2.65311392e+00, 2.22272678e-03, 6.66596928e-01, 6.98614931e-05, 1.90570843e+00, 9.42896068e-02, 6.45658497e+05
4.50901859e+02, 2.65504413e+00, 2.21286985e-03, 6.66597394e-01, 6.93972961e-05, 1.90591774e+00, 9.40803013e-02, 6.49977293e+05
4.52905866e+02, 2.65696580e+00, 2.20309997e-03, 6.66597856e-01, 6.89382171e-05, 1.90612566e+00, 9.38723835e-02, 6.54305675e+05
4.54909874e+02, 2.65887900e+00, 2.19341597e-03, 6.66598312e-01, 6.84841774e-05, 1.90633221e+00, 9.36658381e-02, 6.58643622e+05
4.56913882e+02, 2.66078381e+00, 2.18381674e-03, 6.66598763e-01, 6.80350998e-05, 1.90653739e+00, 9.34606500e-02, 6.62991114e+05
4.58917890e+02, 2.66268030e+00, 2.17430116e-03, 6.66599210e-01, 6.75909089e-05, 1.90674124e+00, 9.32568046e-02, 6.67348130e+05
4.60921898e+02, 2.66456855e+00, 2.16486814e-03, 6.66599652e-01, 6.71515304e-05, 1.90694376e+00, 9.30542871e-02, 6.71714649e+05
4.62925905e+02, 2.66644862e+00, 2.15551662e-03, 6.66600089e-01, 6.67168918e-05, 1.90714496e+00, 9.28530832e-02, 6.76090649e+05
4.64929913e+02, 2.66832059e+00, 2.14624554e-03, 6.66600521e-01, 6.62869216e-05, 1.90734487e+00, 9.26531789e-02, 6.80476112e+05
4.66933921e+02, 2.67018453e+00, 2.13705388e-03, 6.66600949e-01, 6.58615501e-05, 1.90754349e+00, 9.24545601e-02, 6.84871015e+05
4.68937929e+02, 2.67204050e+00, 2.12794060e-03, 6.66601372e-01, 6.54407086e-05, 1.90774084e+00, 9.22572132e-02, 6.89275340e+05
4.70941937e+02, 2.67388857e+00, 2.11890473e-03, 6.66601791e-01, 6.50243299e-05, 1.90793693e+00, 9.20611246e-02, 6.93689066e+05
4.72945944e+02, 2.67572881e+00, 2.10994526e-03, 6.66602206e-01, 6.46123481e-05, 1.90813177e+00, 9.18662810e-02, 6.98112172e+05
4.74949952e+02, 2.67756129e+00, 2.10106125e-03, 6.66602616e-01, 6.42046983e-05, 1.90832538e+00, 9.16726693e-02, 7.02544640e+05
4.76953960e+02, 2.67938606e+00, 2.09225173e-03, 6.66603022e-01, 6.38013171e-05, 1.90851778e+00, 9.14802765e-02, 7.06986450e+05
4.78957968e+02, 2.68120321e+00, 2.08351578e-03, 6.66603424e-01, 6.34021422e-05, 1.90870896e+00, 9.12890900e-02, 7.11437581e+05
4.80961976e+02, 2.68301278e+00, 2.07485248e-03, 6.66603821e-01, 6.30071125e-05, 1.90889896e+00, 9.10990972e-02, 7.15898014e+05
4.82965984e+02, 2.68481484e+00, 2.06626092e-03, 6.66604215e-01, 6.26161678e-05, 1.90908777e+00, 9.09102857e-02, 7.20367730e+05
4.84969991e+02, 2.68660945e+00, 2.05774023e-03, 6.66604605e-01, 6.22292494e-05, 1.90927541e+00, 9.07226433e-02, 7.24846710e+05
4.86973999e+02, 2.68839668e+00, 2.04928951e-03, 6.66604990e-01, 6.18462993e-05, 1.90946190e+00, 9.05361580e-02, 7.29334935e+05
4.88978007e+02, 2.69017659e+00, 2.04090793e-03, 6.66605372e-01, 6.14672609e-05, 1.90964724e+00, 9.03508180e-02, 7.33832385e+05
4.90982015e+02, 2.69194923e+00, 2.03259463e-03, 6.66605750e-01, 6.10920785e-05, 1.90983145e+00, 9.01666115e-02, 7.38339042e+05
4.92986023e+02, 2.69371466e+00, 2.02434878e-03, 6.66606125e-01, 6.07206972e-05, 1.91001453e+00, 8.99835272e-02, 7.42854887e+05
4.94990030e+02, 2.69547295e+00, 2.01616956e-03, 6.66606495e-01, 6.03530636e-05, 1.91019651e+00, 8.98015535e-02, 7.47379901e+05
4.96994038e+02, 2.69722414e+00, 2.00805617e-03, 6.66606862e-01, 5.99891247e-05, 1.91037738e+00, 8.96206794e-02, 7.51914065e+05
4.98998046e+02, 2.69896831e+00, 2.00000782e-03, 6.66607225e-01, 5.96288289e-05, 1.91055717e+00, 8.94408939e-02, 7.56457363e+05
5.01002054e+02, 2.70070549e+00, 1.99202372e-03, 6.66607585e-01, 5.92721253e-05, 1.91073588e+00, 8.92621859e-02, 7.61009774e+05
5.03006062e+02, 2.70243576e+00, 1.98410312e-03, 6.66607941e-01, 5.89189639e-05, 1.91091352e+00, 8.90845449e-02, 7.65571281e+05
5.05010070e+02, 2.70415916e+00, 1.97624526e-03, 6.66608294e-01, 5.85692957e-05, 1.91109011e+00, 8.89079602e-02, 7.70141865e+05
5.07014077e+02, 2.70587575e+00, 1.96844939e-03, 6.66608643e-01, 5.82230726e-05, 1.91126565e+00, 8.87324215e-02, 7.74721509e+05
5.09018085e+02, 2.70758558e+00, 1.96071478e-03, 6.66608989e-01, 5.78802471e-05, 1.91144015e+00, 8.85579184e-02, 7.79310196e+05
5.11022093e+02, 2.70928870e+00, 1.95304073e-03, 6.66609332e-01, 5.75407728e-05, 1.91161363e+00, 8.83844407e-02, 7.83907906e+05
5.13026101e+02, 2.71098517e+00, 1.94542650e-03, 6.66609671e-01, 5.72046040e-05, 1.91178609e+00, 8.82119786e-02, 7.88514622e+05
5.15030109e+02, 2.71267504e+00, 1.93787142e-03, 6.66610008e-01, 5.68716958e-05, 1.91195755e+00, 8.80405220e-02, 7.93130327e+05
5.17034116e+02, 2.71435836e+00, 1.93037479e-03, 6.66610341e-01, 5.65420041e-05, 1.91212801e+00, 8.78700614e-02, 7.97755004e+05
5.19038124e+02, 2.71603518e+00, 1.92293594e-03, 6.66610671e-01, 5.62154856e-05, 1.91229749e+00, 8.77005870e-02, 8.02388634e+05
5.21042132e+02, 2.71770555e+00, 1.91555420e-03, 6.66610997e-01, 5.58920976e-05, 1.91246598e+00, 8.75320894e-02, 8.07031201e+05
5.23046140e+02, 2.71936953e+00, 1.90822892e-03, 6.66611321e-01, 5.55717984e-05, 1.91263352e+00, 8.73645593e-02, 8.11682687e+05
5.25050148e+02, 2.72102715e+00, 1.90095945e-03, 6.66611642e-01, 5.52545467e-05, 1.91280009e+00, 8.71979874e-02, 8.16343076e+05
5.27054156e+02, 2.72267846e+00, 1.89374516e-03, 6.66611960e-01, 5.49403022e-05, 1.91296571e+00, 8.70323647e-02, 8.21012351e+05
5.29058163e+02, 2.72432353e+00, 1.88658541e-03, 6.66612274e-01, 5.46290251e-05, 1.91313040e+00, 8.68676821e-02, 8.25690494e+05
5.31062171e+02, 2.72596238e+00, 1.87947961e-03, 6.66612586e-01, 5.43206762e-05, 1.91329415e+00, 8.67039307e-02, 8.30377488e+05
5.33066179e+02, 2.72759508e+00, 1.87242712e-03, 6.66612895e-01, 5.40152172e-05, 1.91345698e+00, 8.65411020e-02, 8.35073318e+05
5.35070187e+02, 2.72922165e+00, 1.86542737e-03, 6.66613202e-01, 5.37126103e-05, 1.91361890e+00, 8.63791871e-02, 8.39777967e+05
5.37074195e+02, 2.73084216e+00, 1.85847976e-03, 6.66613505e-01, 5.34128184e-05, 1.91377991e+00, 8.62181777e-02, 8.44491417e+05
5.39078202e+02, 2.73245665e+00, 1.85158371e-03, 6.66613806e-01, 5.31158049e-05, 1.91394002e+00, 8.60580652e-02, 8.49213653e+05
5.41082210e+02, 2.73406516e+00, 1.84473864e-03, 6.66614104e-01, 5.28215339e-05, 1.91409924e+00, 8.58988415e-02, 8.53944658e+05
5.43086218e+02, 2.73566773e+00, 1.83794400e-03, 6.66614400e-01, 5.25299701e-05, 1.91425759e+00, 8.57404982e-02, 8.58684416e+05
5.45090226e+02, 2.73726440e+00, 1.83119923e-03, 6.66614692e-01, 5.22410787e-05, 1.91441506e+00, 8.55830274e-02, 8.63432911e+05
5.47094234e+02, 2.73885523e+00, 1.82450378e-03, 6.66614983e-01, 5.19548256e-05, 1.91457167e+00, 8.54264210e-02, 8.68190127e+05
5.49098241e+02, 2.74044026e+00, 1.81785711e-03, 6.66615270e-01, 5.16711772e-05, 1.91472742e+00, 8.52706711e-02, 8.72956048e+05
5.51102249e+02, 2.74201952e+00, 1.81125870e-03, 6.66615555e-01, 5.13901004e-05, 1.91488232e+00, 8.51157701e-02, 8.77730658e+05
5.53106257e+02, 2.74359305e+00, 1.80470801e-03, 6.66615838e-01, 5.11115627e-05, 1.91503638e+00, 8.49617101e-02, 8.82513942e+05
5.55110265e+02, 2.74516091e+00, 1.79820453e-03, 6.66616118e-01, 5.08355321e-05, 1.91518961e+00, 8.48084837e-02, 8.87305883e+05
5.57114273e+02, 2.74672313e+00, 1.79174776e-03, 6.66616396e-01, 5.05619771e-05, 1.91534201e+00, 8.46560832e-02, 8.92106465e+05
5.59118281e+02, 2.74827975e+00, 1.78533720e-03, 6.66616671e-01, 5.02908667e-05, 1.91549360e+00, 8.45045014e-02, 8.96915675e+05
5.61122288e+02, 2.74983081e+00, 1.77897234e-03, 6.66616944e-01, 5.00221705e-05, 1.91564437e+00, 8.43537309e-02, 9.01733495e+05
5.63126296e+02, 2.75137634e+00, 1.77265270e-03, 6.66617215e-01, 4.97558585e-05, 1.91579434e+00, 8.42037646e-02, 9.06559911e+05
5.65130304e+02, 2.75291640e+00, 1.76637780e-03, 6.66617483e-01, 4.94919012e-05, 1.91594351e+00, 8.40545952e-02, 9.11394907e+05
5.67134312e+02, 2.75445102e+00, 1.76014717e-03, 6.66617749e-01, 4.92302694e-05, 1.91609189e+00, 8.39062158e-02, 9.16238468e+05
5.69138320e+02, 2.75598023e+00, 1.75396034e-03, 6.66618013e-01, 4.89709347e-05, 1.91623949e+00, 8.37586193e-02, 9.21090580e+05
5.71142327e+02, 2.75750408e+00, 1.74781685e-03, 6.66618274e-01, 4.87138689e-05, 1.91638631e+00, 8.36117991e-02, 9.25951226e+05
5.73146335e+02, 2.75902260e+00, 1.74171625e-03, 6.66618534e-01, 4.84590444e-05, 1.91653236e+00, 8.34657482e-02, 9.30820392e+05
5.75150343e+02, 2.76053582e+00, 1.73565808e-03, 6.66618791e-01, 4.82064337e-05, 1.91667765e+00, 8.33204599e-02, 9.35698064e+05
5.77154351e+02, 2.76204380e+00, 1.72964192e-03, 6.66619046e-01, 4.79560102e-05, 1.91682218e+00, 8.31759278e-02, 9.40584225e+05
5.79158359e+02, 2.76354655e+00, 1.72366731e-03, 6.66619299e-01, 4.77077473e-05, 1.91696597e+00, 8.30321451e-02, 9.45478863e+05
5.81162367e+02, 2.76504413e+00, 1.71773384e-03, 6.66619550e-01, 4.74616191e-05, 1.91710901e+00, 8.28891055e-02, 9.50381961e+05
5.83166374e+02, 2.76653655e+00, 1.71184108e-03, 6.66619798e-01, 4.72176000e-05, 1.91725131e+00, 8.27468026e-02, 9.55293506e+05
5.85170382e+02, 2.76802387e+00, 1.70598862e-03, 6.66620045e-01, 4.69756648e-05, 1.91739289e+00, 8.26052301e-02, 9.60213482e+05
5.87174390e+02, 2.76950611e+00, 1.70017603e-03, 6.66620290e-01, 4.67357886e-05, 1.91753374e+00, 8.24643818e-02, 9.65141876e+05
5.89178398e+02, 2.77098331e+00, 1.69440292e-03, 6.66620533e-01, 4.64979469e-05, 1.91767387e+00, 8.23242514e-02, 9.70078673e+05
5.91182406e+02, 2.77245550e+00, 1.68866888e-03, 6.66620773e-01, 4.62621158e-05, 1.91781329e+00, 8.21848330e-02, 9.75023859e+05
5.93186413e+02, 2.77392272e+00, 1.68297352e-03, 6.66621012e-01, 4.60282714e-05, 1.91795200e+00, 8.20461205e-02, 9.79977420e+05
5.95190421e+02, 2.77538499e+00, 1.67731645e-03, 6.66621249e-01, 4.57963905e-05, 1.91809002e+00, 8.19081080e-02, 9.84939341e+05
5.97194429e+02, 2.77684236e+00, 1.67169728e-03, 6.66621484e-01, 4.55664500e-05, 1.91822734e+00, 8.17707896e-02, 9.89909608e+05
5.99198437e+02, 2.77829486e+00, 1.66611564e-03, 6.66621717e-01, 4.53384273e-05, 1.91836397e+00, 8.16341595e-02, 9.94888208e+05
6.01202445e+02, 2.77974251e+00, 1.66057114e-03, 6.66621949e-01, 4.51123000e-05, 1.91849992e+00, 8.14982120e-02, 9.99875127e+05
6.03206453e+02, 2.78118536e+00, 1.65506342e-03, 6.66622178e-01, 4.48880462e-05, 1.91863519e+00, 8.13629414e-02, 1.00487035e+06
6.05210460e+02, 2.78262343e+00, 1.64959212e-03, 6.66622406e-01, 4.46656442e-05, 1.91876979e+00, 8.12283422e-02, 1.00987386e+06
6.07214468e+02, 2.78405675e+00, 1.64415688e-03, 6.66622632e-01, 4.44450727e-05, 1.91890373e+00, 8.10944087e-02, 1.01488565e+06
6.09218476e+02, 2.78548535e+00, 1.63875733e-03, 6.66622856e-01, 4.42263106e-05, 1.91903700e+00, 8.09611355e-02, 1.01990571e+06
6.11222484e+02, 2.78690927e+00, 1.63339313e-03, 6.66623079e-01, 4.40093373e-05, 1.91916962e+00, 8.08285173e-02, 1.02493401e+06
6.13226492e+02, 2.78832854e+00, 1.62806394e-03, 6.66623299e-01, 4.37941322e-05, 1.91930159e+00, 8.06965486e-02, 1.02997055e+06
6.15230499e+02, 2.78974319e+00, 1.62276940e-03, 6.66623518e-01, 4.35806755e-05, 1.91943292e+00, 8.05652242e-02, 1.03501532e+06
6.17234507e+02, 2.79115324e+00, 1.61750919e-03, 6.66623736e-01, 4.33689471e-05, 1.91956361e+00, 8.04345388e-02, 1.04006829e+06
6.19238515e+02, 2.79255873e+00, 1.61228298e-03, 6.66623951e-01, 4.31589275e-05, 1.91969366e+00, 8.03044874e-02, 1.04512946e+06
6.21242523e+02, 2.79395969e+00, 1.60709042e-03, 6.66624166e-01, 4.29505976e-05, 1.91982309e+00, 8.01750647e-02, 1.05019881e+06
6.23246531e+02, 2.79535614e+00, 1.60193121e-03, 6.66624378e-01, 4.27439384e-05, 1.91995189e+00, 8.00462657e-02, 1.05527634e+06
6.25250538e+02, 2.79674811e+00, 1.59680501e-03, 6.66624589e-01, 4.25389311e-05, 1.92008007e+00, 7.99180854e-02, 1.06036202e+06
6.27254546e+02, 2.79813564e+00, 1.59171152e-03, 6.66624798e-01, 4.23355573e-05, 1.92020764e+00, 7.97905190e-02, 1.06545584e+06
6.29258554e+02, 2.79951875e+00, 1.58665042e-03, 6.66625006e-01, 4.21337989e-05, 1.92033460e+00, 7.96635615e-02, 1.07055779e+06
6.31262562e+02, 2.80089747e+00, 1.58162140e-03, 6.66625212e-01, 4.19336379e-05, 1.92046095e+00, 7.95372080e-02, 1.07566786e+06
6.33266570e+02, 2.80227182e+00, 1.57662416e-03, 6.66625417e-01, 4.17350568e-05, 1.92058671e+00, 7.94114539e-02, 1.08078604e+06
6.35270578e+02, 2.80364184e+00, 1.57165840e-03, 6.66625620e-01, 4.15380380e-05, 1.92071187e+00, 7.92862943e-02, 1.08591231e+06
6.37274585e+02, 2.80500755e+00, 1.56672383e-03, 6.66625822e-01, 4.13425645e-05, 1.92083644e+00, 7.91617247e-02, 1.09104665e+06
6.39278593e+02, 2.80636898e+00, 1.56182014e-03, 6.66626022e-01, 4.11486193e-05, 1.92096043e+00, 7.90377403e-02, 1.09618907e+06
6.41282601e+02, 2.80772616e+00, 1.55694705e-03, 6.66626221e-01, 4.09561858e-05, 1.92108383e+00, 7.89143367e-02, 1.10133954e+06
6.43286609e+02, 2.80907910e+00, 1.55210428e-03, 6.66626418e-01, 4.07652475e-05, 1.92120666e+00, 7.87915093e-02, 1.10649804e+06
6.45290617e+02, 2.81042785e+00, 1.54729153e-03, 6.66626614e-01, 4.05757882e-05, 1.92132892e+00, 7.86692536e-02, 1.11166458e+06
6.47294624e+02, 2.81177242e+00, 1.54250855e-03, 6.66626808e-01, 4.03877919e-05, 1.92145061e+00, 7.85475652e-02, 1.11683914e+06
6.49298632e+02, 2.81311284e+00, 1.53775504e-03, 6.66627001e-01, 4.02012429e-05, 1.92157174e+00, 7.84264398e-02, 1.12202169e+06
6.51302640e+02, 2.81444914e+00, 1.53303074e-03, 6.66627193e-01, 4.00161255e-05, 1.92169231e+00, 7.83058730e-02, 1.12721224e+06
6.53306648e+02, 2.81578133e+00, 1.52833538e-03, 6.66627384e-01, 3.98324245e-05, 1.92181232e+00, 7.81858605e-02, 1.13241077e+06
6.55310656e+02, 2.81710946e+00, 1.52366869e-03, 6.66627573e-01, 3.96501247e-05, 1.92193179e+00, 7.80663981e-02, 1.13761727e+06
6.57314664e+02, 2.81843353e+00, 1.51903042e-03, 6.66627760e-01, 3.94692113e-05, 1.92205071e+00, 7.79474816e-02, 1.14283172e+06
6.59318671e+02, 2.81975358e+00, 1.51442030e-03, 6.66627947e-01, 3.92896694e-05, 1.92216908e+00, 7.78291069e-02, 1.14805412e+06
6.61322679e+02, 2.82106963e+00, 1.50983808e-03, 6.66628132e-01, 3.91114846e-05, 1.92228692e+00, 7.77112698e-02, 1.15328444e+06
6.63326687e+02, 2.82238170e+00, 1.50528350e-03, 6.66628316e-01, 3.89346426e-05, 1.92240423e+00, 7.75939664e-02, 1.15852268e+06
6.65330695e+02, 2.82368982e+00, 1.50075632e-03, 6.66628498e-01, 3.87591292e-05, 1.92252100e+00, 7.74771925e-02, 1.16376884e+06
6.67334703e+02, 2.82499401e+00, 1.49625629e-03, 6.66628680e-01, 3.85849306e-05, 1.92263726e+00, 7.73609443e-02, 1.16902288e+06
6.69338710e+02, 2.82629430e+00, 1.49178316e-03, 6.66628860e-01, 3.84120329e-05, 1.92275298e+00, 7.72452177e-02, 1.17428481e+06
6.71342718e+02, 2.82759071e+00, 1.48733670e-03, 6.66629039e-01, 3.82404225e-05, 1.92286820e+00, 7.71300089e-02, 1.17955461e+06
6.73346726e+02, 2.82888325e+00, 1.48291667e-03, 6.66629216e-01, 3.80700863e-05, 1.92298289e+00, 7.70153141e-02, 1.18483227e+06
6.75350734e+02, 2.83017197e+00, 1.47852283e-03, 6.66629393e-01, 3.79010108e-05, 1.92309708e+00, 7.69011294e-02, 1.19011778e+06
6.77354742e+02, 2.83145687e+00, 1.47415495e-03, 6.66629568e-01, 3.77331831e-05, 1.92321076e+00, 7.67874511e-02, 1.19541112e+06
6.79358749e+02, 2.83273797e+00, 1.46981280e-03, 6.66629742e-01, 3.75665904e-05, 1.92332394e+00, 7.66742754e-02, 1.20071229e+06
6.81362757e+02, 2.83401532e+00, 1.46549616e-03, 6.66629915e-01, 3.74012199e-05, 1.92343662e+00, 7.65615986e-02, 1.20602127e+06
6.83366765e+02, 2.83528891e+00, 1.46120480e-03, 6.66630087e-01, 3.72370592e-05, 1.92354880e+00, 7.64494172e-02, 1.21133805e+06
6.85370773e+02, 2.83655878e+00, 1.45693849e-03, 6.66630257e-01, 3.70740958e-05, 1.92366049e+00, 7.63377274e-02, 1.21666262e+06
6.87374781e+02, 2.83782495e+00, 1.45269703e-03, 6.66630427e-01, 3.69123176e-05, 1.92377170e+00, 7.62265256e-02, 1.22199498e+06
6.89378789e+02, 2.83908744e+00, 1.44848019e-03, 6.66630595e-01, 3.67517126e-05, 1.92388242e+00, 7.61158085e-02, 1.22733509e+06
6.91382796e+02, 2.84034627e+00, 1.44428776e-03, 6.66630763e-01, 3.65922689e-05, 1.92399266e+00, 7.60055723e-02, 1.23268297e+06
6.93386804e+02, 2.84160146e+00, 1.44011953e-03, 6.66630929e-01, 3.64339747e-05, 1.92410242e+00, 7.58958137e-02, 1.23803859e+06
6.95390812e+02, 2.84285303e+00, 1.43597529e-03, 6.66631094e-01, 3.62768185e-05, 1.92421171e+00, 7.57865293e-02, 1.24340194e+06
6.97394820e+02, 2.84410101e+00, 1.43185484e-03, 6.66631259e-01, 3.61207889e-05, 1.92432052e+00, 7.56777155e-02, 1.24877302e+06
6.99398828e+02, 2.84534541e+00, 1.42775796e-03, 6.66631422e-01, 3.59658746e-05, 1.92442887e+00, 7.55693691e-02, 1.25415181e+06
7.01402835e+02, 2.84658626e+00, 1.42368446e-03, 6.66631584e-01, 3.58120644e-05, 1.92453676e+00, 7.54614867e-02, 1.25953830e+06
7.03406843e+02, 2.84782357e+00, 1.41963414e-03, 6.66631745e-01, 3.56593474e-05, 1.92464418e+00, 7.53540651e-02, 1.26493248e+06
7.05410851e+02, 2.84905736e+00, 1.41560679e-03, 6.66631905e-01, 3.55077128e-05, 1.92475115e+00, 7.52471008e-02, 1.27033433e+06
7.07414859e+02, 2.85028766e+00, 1.41160224e-03, 6.66632064e-01, 3.53571498e-05, 1.92485766e+00, 7.51405908e-02, 1.27574386e+06
7.09418867e+02, 2.85151449e+00, 1.40762027e-03, 6.66632222e-01, 3.52076478e-05, 1.92496372e+00, 7.50345317e-02, 1.28116104e+06
7.11422875e+02, 2.85273786e+00, 1.40366071e-03, 6.66632379e-01, 3.50591964e-05, 1.92506934e+00, 7.49289205e-02, 1.28658587e+06
7.13426882e+02, 2.85395779e+00, 1.39972337e-03, 6.66632535e-01, 3.49117854e-05, 1.92517451e+00, 7.48237540e-02, 1.29201833e+06
7.15430890e+02, 2.85517430e+00, 1.39580804e-03, 6.66632690e-01, 3.47654045e-05, 1.92527923e+00, 7.47190290e-02, 1.29745842e+06
7.17434898e+02, 2.85638742e+00, 1.39191457e-03, 6.66632844e-01, 3.46200436e-05, 1.92538352e+00, 7.46147425e-02, 1.30290612e+06
7.19438906e+02, 2.85759716e+00, 1.38804275e-03, 6.66632998e-01, 3.44756929e-05, 1.92548738e+00, 7.45108915e-02, 1.30836142e+06
7.21442914e+02, 2.85880354e+00, 1.38419241e-03, 6.66633150e-01, 3.43323426e-05, 1.92559080e+00, 7.44074729e-02, 1.31382432e+06
7.23446921e+02, 2.86000657e+00, 1.38036338e-03, 6.66633301e-01, 3.41899829e-05, 1.92569379e+00, 7.43044837e-02, 1.31929480e+06
7.25450929e+02, 2.86120628e+00, 1.37655547e-03, 6.66633452e-01, 3.40486044e-05, 1.92579636e+00, 7.42019209e-02, 1.32477285e+06
7.27454937e+02, 2.86240269e+00, 1.37276851e-03, 6.66633602e-01, 3.39081975e-05, 1.92589850e+00, 7.40997817e-02, 1.33025846e+06
7.29458945e+02, 2.86359581e+00, 1.36900233e-03, 6.66633750e-01, 3.37687530e-05, 1.92600022e+00, 7.39980631e-02, 1.33575162e+06
7.31462953e+02, 2.86478566e+00, 1.36525676e-03, 6.66633898e-01, 3.36302616e-05, 1.92610153e+00, 7.38967622e-02, 1.34125233e+06
7.33466961e+02, 2.86597226e+00, 1.36153163e-03, 6.66634045e-01, 3.34927143e-05, 1.92620241e+00, 7.37958762e-02, 1.34676056e+06
7.35470968e+02, 2.86715563e+00, 1.35782678e-03, 6.66634191e-01, 3.33561020e-05, 1.92630289e+00, 7.36954023e-02, 1.35227631e+06
7.37474976e+02, 2.86833578e+00, 1.35414203e-03, 6.66634337e-01, 3.32204159e-05, 1.92640296e+00, 7.35953376e-02, 1.35779958e+06
7.39478984e+02, 2.86951274e+00, 1.35047722e-03, 6.66634481e-01, 3.30856473e-05, 1.92650262e+00, 7.34956794e-02, 1.36333034e+06
7.41482992e+02, 2.87068651e+00, 1.34683220e-03, 6.66634625e-01, 3.29517874e-05, 1.92660188e+00, 7.33964250e-02, 1.36886859e+06
7.43487000e+02, 2.87185712e+00, 1.34320680e-03, 6.66634767e-01, 3.28188277e-05, 1.92670074e+00, 7.32975716e-02, 1.37441432e+06
7.45491007e+02, 2.87302458e+00, 1.33960087e-03, 6.66634909e-01, 3.26867597e-05, 1.92679919e+00, 7.31991165e-02, 1.37996752e+06
7.47495015e+02, 2.87418891e+00, 1.33601424e-03, 6.66635051e-01, 3.25555752e-05, 1.92689726e+00, 7.31010572e-02, 1.38552818e+06
7.49499023e+02, 2.87535013e+00, 1.33244677e-03, 6.66635191e-01, 3.24252657e-05, 1.92699493e+00, 7.30033908e-02, 1.39109628e+06
7.51503031e+02, 2.87650825e+00, 1.32889830e-03, 6.66635331e-01, 3.22958233e-05, 1.92709221e+00, 7.29061148e-02, 1.39667183e+06
7.53507039e+02, 2.87766330e+00, 1.32536868e-03, 6.66635469e-01, 3.21672399e-05, 1.92718910e+00, 7.28092267e-02, 1.40225480e+06
7.55511046e+02, 2.87881527e+00, 1.32185776e-03, 6.66635607e-01, 3.20395074e-05, 1.92728560e+00, 7.27127238e-02, 1.40784520e+06
7.57515054e+02, 2.87996420e+00, 1.31836540e-03, 6.66635745e-01, 3.19126180e-05, 1.92738173e+00, 7.26166036e-02, 1.41344300e+06
7.59519062e+02, 2.88111010e+00, 1.31489143e-03, 6.66635881e-01, 3.17865640e-05, 1.92747747e+00, 7.25208635e-02, 1.41904821e+06
7.61523070e+02, 2.88225299e+00, 1.31143573e-03, 6.66636017e-01, 3.16613377e-05, 1.92757284e+00, 7.24255012e-02, 1.42466080e+06
7.63527078e+02, 2.88339287e+00, 1.30799815e-03, 6.66636152e-01, 3.15369314e-05, 1.92766783e+00, 7.23305140e-02, 1.43028077e+06
7.65531086e+02, 2.88452977e+00, 1.30457853e-03, 6.66636286e-01, 3.14133377e-05, 1.92776245e+00, 7.22358996e-02, 1.43590812e+06
7.67535093e+02, 2.88566370e+00, 1.30117676e-03, 6.66636420e-01, 3.12905492e-05, 1.92785669e+00, 7.21416555e-02, 1.44154282e+06
7.69539101e+02, 2.88679468e+00, 1.29779267e-03, 6.66636553e-01, 3.11685585e-05, 1.92795057e+00, 7.20477793e-02, 1.44718488e+06
7.71543109e+02, 2.88792272e+00, 1.29442615e-03, 6.66636685e-01, 3.10473585e-05, 1.92804409e+00, 7.19542686e-02, 1.45283428e+06
7.73547117e+02, 2.88904784e+00, 1.29107704e-03, 6.66636817e-01, 3.09269419e-05, 1.92813724e+00, 7.18611210e-02, 1.45849101e+06
7.75551125e+02, 2.89017005e+00, 1.28774522e-03, 6.66636947e-01, 3.08073017e-05, 1.92823003e+00, 7.17683343e-02, 1.46415506e+06
7.77555132e+02, 2.89128937e+00, 1.28443055e-03, 6.66637077e-01, 3.06884309e-05, 1.92832246e+00, 7.16759060e-02, 1.46982643e+06
7.79559140e+02, 2.89240581e+00, 1.28113291e-03, 6.66637207e-01, 3.05703225e-05, 1.92841454e+00, 7.15838340e-02, 1.47550510e+06
7.81563148e+02, 2.89351939e+00, 1.27785215e-03, 6.66637336e-01, 3.04529698e-05, 1.92850626e+00, 7.14921158e-02, 1.48119106e+06
7.83567156e+02, 2.89463012e+00, 1.27458815e-03, 6.66637464e-01, 3.03363660e-05, 1.92859763e+00, 7.14007493e-02, 1.48688431e+06
7.85571164e+02, 2.89573802e+00, 1.27134078e-03, 6.66637591e-01, 3.02205045e-05, 1.92868865e+00, 7.13097321e-02, 1.49258483e+06
7.87575172e+02, 2.89684310e+00, 1.26810992e-03, 6.66637718e-01, 3.01053785e-05, 1.92877932e+00, 7.12190621e-02, 1.49829263e+06
7.89579179e+02, 2.89794537e+00, 1.26489544e-03, 6.66637844e-01, 2.99909817e-05, 1.92886965e+00, 7.11287371e-02, 1.50400767e+06
7.91583187e+02, 2.89904486e+00, 1.26169722e-03, 6.66637970e-01, 2.98773075e-05, 1.92895964e+00, 7.10387549e-02, 1.50972997e+06
7.93587195e+02, 2.90014156e+00, 1.25851512e-03, 6.66638095e-01, 2.97643497e-05, 1.92904929e+00, 7.09491133e-02, 1.51545951e+06
7.95591203e+02, 2.90123551e+00, 1.25534904e-03, 6.66638219e-01, 2.96521018e-05, 1.92913859e+00, 7.08598102e-02, 1.52119627e+06
7.97595211e+02, 2.90232670e+00, 1.25219884e-03, 6.66638342e-01, 2.95405576e-05, 1.92922756e+00, 7.07708435e-02, 1.52694026e+06
7.99599218e+02, 2.90341516e+00, 1.24906442e-03, 6.66638466e-01, 2.94297111e-05, 1.92931620e+00, 7.06822110e-02, 1.53269146e+06
8.01603226e+02, 2.90450090e+00, 1.24594565e-03, 6.66638588e-01, 2.93195560e-05, 1.92940450e+00, 7.05939107e-02, 1.53844985e+06
8.03607234e+02, 2.90558393e+00, 1.24284242e-03, 6.66638710e-01, 2.92100864e-05, 1.92949248e+00, 7.05059405e-02, 1.54421545e+06
8.05611242e+02, 2.90666427e+00, 1.23975460e-03, 6.66638831e-01, 2.91012963e-05, 1.92958012e+00, 7.04182983e-02, 1.54998823e+06
8.07615250e+02, 2.90774193e+00, 1.23668209e-03, 6.66638952e-01, 2.89931799e-05, 1.92966745e+00, 7.03309821e-02, 1.55576818e+06
8.09619258e+02, 2.90881692e+00, 1.23362478e-03, 6.66639072e-01, 2.88857312e-05, 1.92975444e+00, 7.02439900e-02, 1.56155530e+06
8.11623265e+02, 2.90988925e+00, 1.23058254e-03, 6.66639191e-01, 2.87789446e-05, 1.92984112e+00, 7.01573198e-02, 1.56734958e+06
8.13627273e+02, 2.91095895e+00, 1.22755527e-03, 6.66639310e-01, 2.86728143e-05, 1.92992747e+00, 7.00709696e-02, 1.57315101e+06
8.15631281e+02, 2.91202601e+00, 1.22454285e-03, 6.66639429e-01, 2.85673347e-05, 1.93001351e+00, 6.99849375e-02, 1.57895957e+06
8.17635289e+02, 2.91309046e+00, 1.22154519e-03, 6.66639547e-01, 2.84625003e-05, 1.93009923e+00, 6.98992215e-02, 1.58477527e+06
8.19639297e+02, 2.91415231e+00, 1.21856217e-03, 6.66639664e-01, 2.83583055e-05, 1.93018463e+00, 6.98138196e-02, 1.59059809e+06
8.21643304e+02, 2.91521157e+00, 1.21559368e-03, 6.66639781e-01, 2.82547449e-05, 1.93026973e+00, 6.97287300e-02, 1.59642803e+06
8.23647312e+02, 2.91626825e+00, 1.21263962e-03, 6.66639897e-01, 2.81518130e-05, 1.93035451e+00, 6.96439508e-02, 1.60226507e+06
8.25651320e+02, 2.91732236e+00, 1.20969988e-03, 6.66640013e-01, 2.80495046e-05, 1.93043899e+00, 6.95594801e-02, 1.60810921e+06
8.27655328e+02, 2.91837393e+00, 1.20677436e-03, 6.66640128e-01, 2.79478144e-05, 1.93052316e+00, 6.94753159e-02, 1.61396043e+06
8.29659336e+02, 2.91942295e+00, 1.20386295e-03, 6.66640243e-01, 2.78467371e-05, 1.93060702e+00, 6.93914565e-02, 1.61981874e+06
8.31663343e+02, 2.92046945e+00, 1.20096556e-03, 6.66640357e-01, 2.77462677e-05, 1.93069058e+00, 6.93079001e-02, 1.62568412e+06
8.33667351e+02, 2.92151343e+00, 1.19808208e-03, 6.66640471e-01, 2.76464009e-05, 1.93077384e+00, 6.92246447e-02, 1.63155656e+06
8.35671359e+02, 2.92255490e+00, 1.19521242e-03, 6.66640584e-01, 2.75471318e-05, 1.93085680e+00, 6.91416887e-02, 1.63743605e+06
8.37675367e+02, 2.92359389e+00, 1.19235647e-03, 6.66640697e-01, 2.74484554e-05, 1.93093946e+00, 6.90590301e-02, 1.64332259e+06
8.39679375e+02, 2.92463039e+00, 1.18951414e-03, 6.66640809e-01, 2.73503666e-05, 1.93102183e+00, 6.89766673e-02, 1.64921616e+06
8.41683383e+02, 2.92566443e+00, 1.18668532e-03, 6.66640921e-01, 2.72528607e-05, 1.93110391e+00, 6.88945985e-02, 1.65511677e+06
8.43687390e+02, 2.92669601e+00, 1.18386993e-03, 6.66641032e-01, 2.71559327e-05, 1.93118569e+00, 6.88128219e-02, 1.66102439e+06
8.45691398e+02, 2.92772515e+00, 1.18106786e-03, 6.66641143e-01, 2.70595780e-05, 1.93126718e+00, 6.87313358e-02, 1.66693903e+06
8.47695406e+02, 2.92875185e+00, 1.17827903e-03, 6.66641253e-01, 2.69637917e-05, 1.93134838e+00, 6.86501385e-02, 1.67286067e+06
8.49699414e+02, 2.92977613e+00, 1.17550334e-03, 6.66641363e-01, 2.68685692e-05, 1.93142930e+00, 6.85692283e-02, 1.67878930e+06
8.51703422e+02, 2.93079801e+00, 1.17274069e-03, 6.66641472e-01, 2.67739059e-05, 1.93150992e+00, 6.84886035e-02, 1.68472493e+06
8.53707429e+02, 2.93181748e+00, 1.16999100e-03, 6.66641581e-01, 2.66797971e-05, 1.93159027e+00, 6.84082624e-02, 1.69066753e+06
8.55711437e+02, 2.93283456e+00, 1.16725417e-03, 6.66641690e-01, 2.65862383e-05, 1.93167033e+00, 6.83282034e-02, 1.69661710e+06
8.57715445e+02, 2.93384927e+00, 1.16453012e-03, 6.66641798e-01, 2.64932251e-05, 1.93175012e+00, 6.82484247e-02, 1.70257364e+06
8.59719453e+02, 2.93486162e+00, 1.16181875e-03, 6.66641905e-01, 2.64007530e-05, 1.93182962e+00, 6.81689249e-02, 1.70853713e+06
8.61723461e+02, 2.93587161e+00, 1.15911998e-03, 6.66642012e-01, 2.63088175e-05, 1.93190885e+00, 6.80897023e-02, 1.71450757e+06
8.63727469e+02, 2.93687925e+00, 1.15643372e-03, 6.66642119e-01, 2.62174144e-05, 1.93198780e+00, 6.80107552e-02, 1.72048494e+06
8.65731476e+02, 2.93788457e+00, 1.15375988e-03, 6.66642226e-01, 2.61265393e-05, 1.93206648e+00, 6.79320820e-02, 1.72646925e+06
8.67735484e+02, 2.93888756e+00, 1.15109837e-03, 6.66642331e-01, 2.60361880e-05, 1.93214489e+00, 6.78536813e-02, 1.73246047e+06
8.69739492e+02, 2.93988824e+00, 1.14844912e-03, 6.66642437e-01, 2.59463563e-05, 1.93222302e+00, 6.77755513e-02, 1.73845862e+06
8.71743500e+02, 2.94088662e+00, 1.14581203e-03, 6.66642542e-01, 2.58570400e-05, 1.93230089e+00, 6.76976907e-02, 1.74446366e+06
8.73747508e+02, 2.94188271e+00, 1.14318702e-03, 6.66642647e-01, 2.57682349e-05, 1.93237849e+00, 6.76200977e-02, 1.75047561e+06
8.75751515e+02, 2.94287653e+00, 1.14057402e-03, 6.66642751e-01, 2.56799370e-05, 1.93245582e+00, 6.75427709e-02, 1.75649445e+06
8.77755523e+02, 2.94386807e+00, 1.13797293e-03, 6.66642855e-01, 2.55921422e-05, 1.93253289e+00, 6.74657088e-02, 1.76252017e+06
8.79759531e+02, 2.94485735e+00, 1.13538368e-03, 6.66642958e-01, 2.55048465e-05, 1.93260969e+00, 6.73889099e-02, 1.76855276e+06
8.81763539e+02, 2.94584439e+00, 1.13280619e-03, 6.66643062e-01, 2.54180459e-05, 1.93268623e+00, 6.73123726e-02, 1.77459222e+06
8.83767547e+02, 2.94682918e+00, 1.13024037e-03, 6.66643164e-01, 2.53317367e-05, 1.93276252e+00, 6.72360955e-02, 1.78063854e+06
8.85771555e+02, 2.94781175e+00, 1.12768615e-03, 6.66643267e-01, 2.52459147e-05, 1.93283854e+00, 6.71600771e-02, 1.78669172e+06
8.87775562e+02, 2.94879210e+00, 1.12514345e-03, 6.66643369e-01, 2.51605763e-05, 1.93291431e+00, 6.70843160e-02, 1.79275173e+06
8.89779570e+02, 2.94977025e+00, 1.12261219e-03, 6.66643470e-01, 2.50757175e-05, 1.93298982e+00, 6.70088106e-02, 1.79881858e+06
8.91783578e+02, 2.95074619e+00, 1.12009229e-03, 6.66643572e-01, 2.49913347e-05, 1.93306507e+00, 6.69335597e-02, 1.80489226e+06
8.93787586e+02, 2.95171995e+00, 1.11758368e-03, 6.66643673e-01, 2.49074241e-05, 1.93314008e+00, 6.68585617e-02, 1.81097276e+06
8.95791594e+02, 2.95269153e+00, 1.11508628e-03, 6.66643773e-01, 2.48239820e-05, 1.93321483e+00, 6.67838152e-02, 1.81706008e+06
8.97795601e+02, 2.95366094e+00, 1.11260002e-03, 6.66643873e-01, 2.47410048e-05, 1.93328933e+00, 6.67093188e-02, 1.82315419e+06
8.99799609e+02, 2.95462819e+00, 1.11012482e-03, 6.66643973e-01, 2.46584888e-05, 1.93336359e+00, 6.66350712e-02, 1.82925511e+06
9.01803617e+02, 2.95559329e+00, 1.10766060e-03, 6.66644073e-01, 2.45764305e-05, 1.93343759e+00, 6.65610710e-02, 1.83536282e+06
9.03807625e+02, 2.95655625e+00, 1.10520731e-03, 6.66644172e-01, 2.44948263e-05, 1.93351135e+00, 6.64873167e-02, 1.84147731e+06
9.05811633e+02, 2.95751708e+00, 1.10276486e-03, 6.66644271e-01, 2.44136726e-05, 1.93358487e+00, 6.64138071e-02, 1.84759857e+06
9.07815640e+02, 2.95847579e+00, 1.10033318e-03, 6.66644369e-01, 2.43329662e-05, 1.93365814e+00, 6.63405407e-02, 1.85372660e+06
9.09819648e+02, 2.95943239e+00, 1.09791220e-03, 6.66644467e-01, 2.42527034e-05, 1.93373117e+00, 6.62675162e-02, 1.85986139e+06
9.11823656e+02, 2.96038689e+00, 1.09550185e-03, 6.66644565e-01, 2.41728808e-05, 1.93380396e+00, 6.61947324e-02, 1.86600294e+06
9.13827664e+02, 2.96133929e+00, 1.09310206e-03, 6.66644663e-01, 2.40934952e-05, 1.93387651e+00, 6.61221879e-02, 1.87215123e+06
9.15831672e+02, 2.96228961e+00, 1.09071276e-03, 6.66644760e-01, 2.40145432e-05, 1.93394882e+00, 6.60498813e-02, 1.87830625e+06
9.17835680e+02, 2.96323785e+00, 1.08833388e-03, 6.66644857e-01, 2.39360214e-05, 1.93402090e+00, 6.59778115e-02, 1.88446801e+06
9.19839687e+02, 2.96418403e+00, 1.08596536e-03, 6.66644953e-01, 2.38579266e-05, 1.93409274e+00, 6.59059770e-02, 1.89063649e+06
9.21843695e+02, 2.96512815e+00, 1.08360712e-03, 6.66645050e-01, 2.37802555e-05, 1.93416435e+00, 6.58343766e-02, 1.89681169e+06
9.23847703e+02, 2.96607022e+00, 1.08125911e-03, 6.66645146e-01, 2.37030050e-05, 1.93423572e+00, 6.57630091e-02, 1.90299360e+06
9.25851711e+02, 2.96701026e+00, 1.07892124e-03, 6.66645241e-01, 2.36261718e-05, 1.93430686e+00, 6.56918732e-02, 1.90918220e+06
9.27855719e+02, 2.96794826e+00, 1.07659347e-03, 6.66645337e-01, 2.35497528e-05, 1.93437778e+00, 6.56209676e-02, 1.91537750e+06
9.29859726e+02, 2.96888424e+00, 1.07427572e-03, 6.66645432e-01, 2.34737448e-05, 1.93444846e+00, 6.55502911e-02, 1.92157949e+06
9.31863734e+02, 2.96981821e+00, 1.07196792e-03, 6.66645527e-01, 2.33981449e-05, 1.93451891e+00, 6.54798425e-02, 1.92778816e+06
9.33867742e+02, 2.97075017e+00, 1.06967002e-03, 6.66645621e-01, 2.33229499e-05, 1.93458914e+00, 6.54096205e-02, 1.93400350e+06
9.35871750e+02, 2.97168014e+00, 1.06738196e-03, 6.66645716e-01, 2.32481568e-05, 1.93465914e+00, 6.53396239e-02, 1.94022550e+06
9.37875758e+02, 2.97260813e+00, 1.06510365e-03, 6.66645810e-01, 2.31737626e-05, 1.93472892e+00, 6.52698516e-02, 1.94645417e+06
9.39879766e+02, 2.97353413e+00, 1.06283506e-03, 6.66645903e-01, 2.30997643e-05, 1.93479848e+00, 6.52003023e-02, 1.95268948e+06
9.41883773e+02, 2.97445816e+00, 1.06057611e-03, 6.66645997e-01, 2.30261590e-05, 1.93486781e+00, 6.51309749e-02, 1.95893144e+06
9.43887781e+02, 2.97538023e+00, 1.05832673e-03, 6.66646090e-01, 2.29529437e-05, 1.93493693e+00, 6.50618681e-02, 1.96518003e+06
9.45891789e+02, 2.97630035e+00, 1.05608689e-03, 6.66646183e-01, 2.28801156e-05, 1.93500582e+00, 6.49929809e-02, 1.97143526e+06
9.47895797e+02, 2.97721852e+00, 1.05385650e-03, 6.66646276e-01, 2.28076719e-05, 1.93507450e+00, 6.49243120e-02, 1.97769710e+06
9.49899805e+02, 2.97813476e+00, 1.05163551e-03, 6.66646368e-01, 2.27356096e-05, 1.93514296e+00, 6.48558602e-02, 1.98396557e+06
9.51903812e+02, 2.97904906e+00, 1.04942386e-03, 6.66646460e-01, 2.26639260e-05, 1.93521120e+00, 6.47876246e-02, 1.99024064e+06
9.53907820e+02, 2.97996145e+00, 1.04722150e-03, 6.66646552e-01, 2.25926183e-05, 1.93527923e+00, 6.47196038e-02, 1.99652231e+06
9.55911828e+02, 2.98087192e+00, 1.04502836e-03, 6.66646644e-01, 2.25216838e-05, 1.93534704e+00, 6.46517968e-02, 2.00281058e+06
9.57915836e+02, 2.98178049e+00, 1.04284439e-03, 6.66646735e-01, 2.24511197e-05, 1.93541464e+00, 6.45842026e-02, 2.00910544e+06
9.59919844e+02, 2.98268716e+00, 1.04066953e-03, 6.66646826e-01, 2.23809233e-05, 1.93548203e+00, 6.45168198e-02, 2.01540688e+06
9.61923852e+02, 2.98359194e+00, 1.03850372e-03, 6.66646917e-01, 2.23110919e-05, 1.93554921e+00, 6.44496476e-02, 2.02171489e+06
9.63927859e+02, 2.98449485e+00, 1.03634690e-03, 6.66647008e-01, 2.22416229e-05, 1.93561618e+00, 6.43826847e-02, 2.02802947e+06
9.65931867e+02, 2.98539587e+00, 1.03419903e-03, 6.66647099e-01, 2.21725136e-05, 1.93568294e+00, 6.43159300e-02, 2.03435061e+06
9.67935875e+02, 2.98629504e+00, 1.03206004e-03, 6.66647189e-01, 2.21037616e-05, 1.93574950e+00, 6.42493826e-02, 2.04067831e+06
9.69939883e+02, 2.98719234e+00, 1.02992988e-03, 6.66647279e-01, 2.20353640e-05, 1.93581585e+00, 6.41830413e-02, 2.04701255e+06
9.71943891e+02, 2.98808780e+00, 1.02780850e-03, 6.66647369e-01, 2.19673186e-05, 1.93588199e+00, 6.41169051e-02, 2.05335333e+06
9.73947898e+02, 2.98898141e+00, 1.02569584e-03, 6.66647458e-01, 2.18996226e-05, 1.93594793e+00, 6.40509730e-02, 2.05970064e+06
9.75951906e+02, 2.98987318e+00, 1.02359184e-03, 6.66647548e-01, 2.18322735e-05, 1.93601366e+00, 6.39852438e-02, 2.06605449e+06
9.77955914e+02, 2.99076313e+00, 1.02149646e-03, 6.66647637e-01, 2.17652690e-05, 1.93607920e+00, 6.39197165e-02, 2.07241485e+06
9.79959922e+02, 2.99165126e+00, 1.01940964e-03, 6.66647726e-01, 2.16986065e-05, 1.93614453e+00, 6.38543901e-02, 2.07878172e+06
9.81963930e+02, 2.99253758e+00, 1.01733133e-03, 6.66647815e-01, 2.16322836e-05, 1.93620967e+00, 6.37892636e-02, 2.08515511e+06
9.83967937e+02, 2.99342209e+00, 1.01526147e-03, 6.66647903e-01, 2.15662979e-05, 1.93627460e+00, 6.37243360e-02, 2.09153499e+06
9.85971945e+02, 2.99430481e+00, 1.01320003e-03, 6.66647992e-01, 2.15006470e-05, 1.93633934e+00, 6.36596062e-02, 2.09792136e+06
9.87975953e+02, 2.99518573e+00, 1.01114693e-03, 6.66648080e-01, 2.14353285e-05, 1.93640388e+00, 6.35950732e-02, 2.10431423e+06
9.89979961e+02, 2.99606487e+00, 1.00910214e-03, 6.66648168e-01, 2.13703400e-05, 1.93646823e+00, 6.35307362e-02, 2.11071357e+06
9.91983969e+02, 2.99694224e+00, 1.00706560e-03, 6.66648256e-01, 2.13056793e-05, 1.93653238e+00, 6.34665939e-02, 2.11711939e+06
9.93987977e+02, 2.99781783e+00, 1.00503727e-03, 6.66648343e-01, 2.12413440e-05, 1.93659633e+00, 6.34026456e-02, 2.12353167e+06
9.95991984e+02, 2.99869167e+00, 1.00301709e-03, 6.66648431e-01, 2.11773318e-05, 1.93666010e+00, 6.33388901e-02, 2.12995042e+06
9.97995992e+02, 2.99956375e+00, 1.00100502e-03, 6.66648518e-01, 2.11136405e-05, 1.93672367e+00, 6.32753266e-02, 2.13637562e+06
1.00000000e+03, 3.00043408e+00, 9.99000999e-04, 6.66648605e-01, 2.10502678e-05, 1.93678705e+00, 6.32119541e-02, 2.14280726e+06
