 --- Cosmological Parameters --- 
	 H0: 2.1927e-18 (1/s) = 67.6600 (km/s/Mpc) 
	 OmegaM: 0.0000e+00 
	 OmegaR: 0.0000e+00 
	 OmegaL: 1.0000e+00 
	 OmegaK: 0.0000e+00 
		 w0: -1.0000e+00 
		 wa: 0.0000e+00 
	 rho_crit: 8.6009e-30 (g/cm^3) 
z, log10(1+z), a, H0*t_look, H0*t_age, H0*t_conf, H0*t_conf_age, H(z) 
1.00000000e-04, 4.34272769e-05, 9.99900010e-01, 9.99950003e-05, 2.76309211e+01, 1.00000000e-04, 1.00000000e+12, 6.76600000e+01
2.00410782e+00, 4.77715515e-01, 3.32877533e-01, 1.09998062e+00, 2.65310405e+01, 2.00410782e+00, 1.00000000e+12, 6.76600000e+01
4.00811563e+00, 6.99674348e-01, 1.99675901e-01, 1.61105972e+00, 2.60199614e+01, 4.00811563e+00, 1.00000000e+12, 6.76600000e+01
6.01212345e+00, 8.45849553e-01, 1.42610153e-01, 1.94764057e+00, 2.56833805e+01, 6.01212345e+00, 1.00000000e+12, 6.76600000e+01
8.01613126e+00, 9.55020226e-01, 1.10912316e-01, 2.19901534e+00, 2.54320058e+01, 8.01613126e+00, 1.00000000e+12, 6.76600000e+01
1.00201391e+01, 1.04218708e+00, 9.07429564e-02, 2.39972442e+00, 2.52312967e+01, 1.00201391e+01, 1.00000000e+12, 6.76600000e+01
1.20241469e+01, 1.11474929e+00, 7.67804608e-02, 2.56680509e+00, 2.50642160e+01, 1.20241469e+01, 1.00000000e+12, 6.76600000e+01
1.40281547e+01, 1.17690566e+00, 6.65417691e-02, 2.70992542e+00, 2.49210957e+01, 1.40281547e+01, 1.00000000e+12, 6.76600000e+01
1.60321625e+01, 1.23126979e+00, 5.87124505e-02, 2.83510347e+00, 2.47959176e+01, 1.60321625e+01, 1.00000000e+12, 6.76600000e+01
1.80361703e+01, 1.27957958e+00, 5.25315745e-02, 2.94634087e+00, 2.46846802e+01, 1.80361703e+01, 1.00000000e+12, 6.76600000e+01
2.00401782e+01, 1.32304941e+00, 4.75281147e-02, 3.04643386e+00, 2.45845873e+01, 2.00401782e+01, 1.00000000e+12, 6.76600000e+01
2.20441860e+01, 1.36256137e+00, 4.33948937e-02, 3.13741350e+00, 2.44936076e+01, 2.20441860e+01, 1.00000000e+12, 6.76600000e+01
2.40481938e+01, 1.39877641e+00, 3.99230383e-02, 3.22080172e+00, 2.44102194e+01, 2.40481938e+01, 1.00000000e+12, 6.76600000e+01
2.60522016e+01, 1.43220262e+00, 3.69655681e-02, 3.29776839e+00, 2.43332527e+01, 2.60522016e+01, 1.00000000e+12, 6.76600000e+01
2.80562094e+01, 1.46323896e+00, 3.44160515e-02, 3.36923221e+00, 2.42617889e+01, 2.80562094e+01, 1.00000000e+12, 6.76600000e+01
3.00602172e+01, 1.49220449e+00, 3.21955250e-02, 3.43592781e+00, 2.41950933e+01, 3.00602172e+01, 1.00000000e+12, 6.76600000e+01
3.20642251e+01, 1.51935835e+00, 3.02441687e-02, 3.49845188e+00, 2.41325692e+01, 3.20642251e+01, 1.00000000e+12, 6.76600000e+01
3.40682329e+01, 1.54491388e+00, 2.85158366e-02, 3.55729567e+00, 2.40737254e+01, 3.40682329e+01, 1.00000000e+12, 6.76600000e+01
3.60722407e+01, 1.56904884e+00, 2.69743609e-02, 3.61286846e+00, 2.40181527e+01, 3.60722407e+01, 1.00000000e+12, 6.76600000e+01
3.80762485e+01, 1.59191286e+00, 2.55909930e-02, 3.66551483e+00, 2.39655063e+01, 3.80762485e+01, 1.00000000e+12, 6.76600000e+01
4.00802563e+01, 1.61363314e+00, 2.43425940e-02, 3.71552762e+00, 2.39154935e+01, 4.00802563e+01, 1.00000000e+12, 6.76600000e+01
4.20842641e+01, 1.63431868e+00, 2.32103303e-02, 3.76315783e+00, 2.38678633e+01, 4.20842641e+01, 1.00000000e+12, 6.76600000e+01
4.40882719e+01, 1.65406359e+00, 2.21787165e-02, 3.80862217e+00, 2.38223989e+01, 4.40882719e+01, 1.00000000e+12, 6.76600000e+01
4.60922798e+01, 1.67294972e+00, 2.12349032e-02, 3.85210908e+00, 2.37789120e+01, 4.60922798e+01, 1.00000000e+12, 6.76600000e+01
4.80962876e+01, 1.69104865e+00, 2.03681388e-02, 3.89378342e+00, 2.37372377e+01, 4.80962876e+01, 1.00000000e+12, 6.76600000e+01
5.01002954e+01, 1.70842341e+00, 1.95693585e-02, 3.93379028e+00, 2.36972308e+01, 5.01002954e+01, 1.00000000e+12, 6.76600000e+01
5.21043032e+01, 1.72512971e+00, 1.88308657e-02, 3.97225796e+00, 2.36587632e+01, 5.21043032e+01, 1.00000000e+12, 6.76600000e+01
5.41083110e+01, 1.74121710e+00, 1.81460833e-02, 4.00930054e+00, 2.36217206e+01, 5.41083110e+01, 1.00000000e+12, 6.76600000e+01
5.61123188e+01, 1.75672979e+00, 1.75093574e-02, 4.04501983e+00, 2.35860013e+01, 5.61123188e+01, 1.00000000e+12, 6.76600000e+01
5.81163267e+01, 1.77170744e+00, 1.69158007e-02, 4.07950714e+00, 2.35515140e+01, 5.81163267e+01, 1.00000000e+12, 6.76600000e+01
6.01203345e+01, 1.78618572e+00, 1.63611670e-02, 4.11284462e+00, 2.35181765e+01, 6.01203345e+01, 1.00000000e+12, 6.76600000e+01
6.21243423e+01, 1.80019687e+00, 1.58417492e-02, 4.14510647e+00, 2.34859146e+01, 6.21243423e+01, 1.00000000e+12, 6.76600000e+01
6.41283501e+01, 1.81377008e+00, 1.53542965e-02, 4.17635994e+00, 2.34546612e+01, 6.41283501e+01, 1.00000000e+12, 6.76600000e+01
6.61323579e+01, 1.82693190e+00, 1.48959463e-02, 4.20666616e+00, 2.34243550e+01, 6.61323579e+01, 1.00000000e+12, 6.76600000e+01
6.81363657e+01, 1.83970655e+00, 1.44641679e-02, 4.23608087e+00, 2.33949402e+01, 6.81363657e+01, 1.00000000e+12, 6.76600000e+01
7.01403735e+01, 1.85211614e+00, 1.40567156e-02, 4.26465502e+00, 2.33663661e+01, 7.01403735e+01, 1.00000000e+12, 6.76600000e+01
7.21443814e+01, 1.86418097e+00, 1.36715901e-02, 4.29243531e+00, 2.33385858e+01, 7.21443814e+01, 1.00000000e+12, 6.76600000e+01
7.41483892e+01, 1.87591968e+00, 1.33070051e-02, 4.31946468e+00, 2.33115564e+01, 7.41483892e+01, 1.00000000e+12, 6.76600000e+01
7.61523970e+01, 1.88734942e+00, 1.29613601e-02, 4.34578265e+00, 2.32852385e+01, 7.61523970e+01, 1.00000000e+12, 6.76600000e+01
7.81564048e+01, 1.89848606e+00, 1.26332165e-02, 4.37142570e+00, 2.32595954e+01, 7.81564048e+01, 1.00000000e+12, 6.76600000e+01
8.01604126e+01, 1.90934425e+00, 1.23212779e-02, 4.39642760e+00, 2.32345935e+01, 8.01604126e+01, 1.00000000e+12, 6.76600000e+01
8.21644204e+01, 1.91993757e+00, 1.20243729e-02, 4.42081962e+00, 2.32102015e+01, 8.21644204e+01, 1.00000000e+12, 6.76600000e+01
8.41684283e+01, 1.93027863e+00, 1.17414401e-02, 4.44463080e+00, 2.31863903e+01, 8.41684283e+01, 1.00000000e+12, 6.76600000e+01
8.61724361e+01, 1.94037918e+00, 1.14715161e-02, 4.46788818e+00, 2.31631329e+01, 8.61724361e+01, 1.00000000e+12, 6.76600000e+01
8.81764439e+01, 1.95025015e+00, 1.12137237e-02, 4.49061692e+00, 2.31404042e+01, 8.81764439e+01, 1.00000000e+12, 6.76600000e+01
9.01804517e+01, 1.95990174e+00, 1.09672631e-02, 4.51284053e+00, 2.31181806e+01, 9.01804517e+01, 1.00000000e+12, 6.76600000e+01
9.21844595e+01, 1.96934349e+00, 1.07314031e-02, 4.53458096e+00, 2.30964402e+01, 9.21844595e+01, 1.00000000e+12, 6.76600000e+01
9.41884673e+01, 1.97858433e+00, 1.05054743e-02, 4.55585879e+00, 2.30751623e+01, 9.41884673e+01, 1.00000000e+12, 6.76600000e+01
9.61924752e+01, 1.98763264e+00, 1.02888624e-02, 4.57669329e+00, 2.30543278e+01, 9.61924752e+01, 1.00000000e+12, 6.76600000e+01
9.81964830e+01, 1.99649627e+00, 1.00810026e-02, 4.59710256e+00, 2.30339186e+01, 9.81964830e+01, 1.00000000e+12, 6.76600000e+01
1.00200491e+02, 2.00518262e+00, 9.88137500e-03, 4.61710361e+00, 2.30139175e+01, 1.00200491e+02, 1.00000000e+12, 6.76600000e+01
1.02204499e+02, 2.01369863e+00, 9.68950011e-03, 4.63671244e+00, 2.29943087e+01, 1.02204499e+02, 1.00000000e+12, 6.76600000e+01
1.04208506e+02, 2.02205086e+00, 9.50493486e-03, 4.65594416e+00, 2.29750770e+01, 1.04208506e+02, 1.00000000e+12, 6.76600000e+01
1.06212514e+02, 2.03024548e+00, 9.32726937e-03, 4.67481298e+00, 2.29562081e+01, 1.06212514e+02, 1.00000000e+12, 6.76600000e+01
1.08216522e+02, 2.03828834e+00, 9.15612383e-03, 4.69333235e+00, 2.29376888e+01, 1.08216522e+02, 1.00000000e+12, 6.76600000e+01
1.10220530e+02, 2.04618496e+00, 8.99114580e-03, 4.71151499e+00, 2.29195061e+01, 1.10220530e+02, 1.00000000e+12, 6.76600000e+01
1.12224538e+02, 2.05394056e+00, 8.83200780e-03, 4.72937291e+00, 2.29016482e+01, 1.12224538e+02, 1.00000000e+12, 6.76600000e+01
1.14228545e+02, 2.06156008e+00, 8.67840513e-03, 4.74691751e+00, 2.28841036e+01, 1.14228545e+02, 1.00000000e+12, 6.76600000e+01
1.16232553e+02, 2.06904822e+00, 8.53005391e-03, 4.76415960e+00, 2.28668615e+01, 1.16232553e+02, 1.00000000e+12, 6.76600000e+01
1.18236561e+02, 2.07640944e+00, 8.38668937e-03, 4.78110943e+00, 2.28499117e+01, 1.18236561e+02, 1.00000000e+12, 6.76600000e+01
1.20240569e+02, 2.08364797e+00, 8.24806423e-03, 4.79777674e+00, 2.28332444e+01, 1.20240569e+02, 1.00000000e+12, 6.76600000e+01
1.22244577e+02, 2.09076782e+00, 8.11394729e-03, 4.81417081e+00, 2.28168503e+01, 1.22244577e+02, 1.00000000e+12, 6.76600000e+01
1.24248585e+02, 2.09777283e+00, 7.98412216e-03, 4.83030044e+00, 2.28007207e+01, 1.24248585e+02, 1.00000000e+12, 6.76600000e+01
1.26252592e+02, 2.10466664e+00, 7.85838607e-03, 4.84617403e+00, 2.27848471e+01, 1.26252592e+02, 1.00000000e+12, 6.76600000e+01
1.28256600e+02, 2.11145273e+00, 7.73654884e-03, 4.86179958e+00, 2.27692215e+01, 1.28256600e+02, 1.00000000e+12, 6.76600000e+01
1.30260608e+02, 2.11813441e+00, 7.61843187e-03, 4.87718472e+00, 2.27538364e+01, 1.30260608e+02, 1.00000000e+12, 6.76600000e+01
1.32264616e+02, 2.12471485e+00, 7.50386735e-03, 4.89233674e+00, 2.27386844e+01, 1.32264616e+02, 1.00000000e+12, 6.76600000e+01
1.34268624e+02, 2.13119707e+00, 7.39269738e-03, 4.90726261e+00, 2.27237585e+01, 1.34268624e+02, 1.00000000e+12, 6.76600000e+01
1.36272631e+02, 2.13758396e+00, 7.28477330e-03, 4.92196896e+00, 2.27090522e+01, 1.36272631e+02, 1.00000000e+12, 6.76600000e+01
1.38276639e+02, 2.14387828e+00, 7.17995498e-03, 4.93646217e+00, 2.26945590e+01, 1.38276639e+02, 1.00000000e+12, 6.76600000e+01
1.40280647e+02, 2.15008268e+00, 7.07811028e-03, 4.95074832e+00, 2.26802728e+01, 1.40280647e+02, 1.00000000e+12, 6.76600000e+01
1.42284655e+02, 2.15619968e+00, 6.97911441e-03, 4.96483325e+00, 2.26661879e+01, 1.42284655e+02, 1.00000000e+12, 6.76600000e+01
1.44288663e+02, 2.16223173e+00, 6.88284950e-03, 4.97872254e+00, 2.26522986e+01, 1.44288663e+02, 1.00000000e+12, 6.76600000e+01
1.46292671e+02, 2.16818114e+00, 6.78920408e-03, 4.99242156e+00, 2.26385996e+01, 1.46292671e+02, 1.00000000e+12, 6.76600000e+01
1.48296678e+02, 2.17405015e+00, 6.69807266e-03, 5.00593546e+00, 2.26250857e+01, 1.48296678e+02, 1.00000000e+12, 6.76600000e+01
1.50300686e+02, 2.17984090e+00, 6.60935535e-03, 5.01926916e+00, 2.26117520e+01, 1.50300686e+02, 1.00000000e+12, 6.76600000e+01
1.52304694e+02, 2.18555545e+00, 6.52295748e-03, 5.03242741e+00, 2.25985937e+01, 1.52304694e+02, 1.00000000e+12, 6.76600000e+01
1.54308702e+02, 2.19119579e+00, 6.43878925e-03, 5.04541476e+00, 2.25856064e+01, 1.54308702e+02, 1.00000000e+12, 6.76600000e+01
1.56312710e+02, 2.19676381e+00, 6.35676547e-03, 5.05823561e+00, 2.25727855e+01, 1.56312710e+02, 1.00000000e+12, 6.76600000e+01
1.58316717e+02, 2.20226135e+00, 6.27680520e-03, 5.07089415e+00, 2.25601270e+01, 1.58316717e+02, 1.00000000e+12, 6.76600000e+01
1.60320725e+02, 2.20769017e+00, 6.19883154e-03, 5.08339447e+00, 2.25476267e+01, 1.60320725e+02, 1.00000000e+12, 6.76600000e+01
1.62324733e+02, 2.21305196e+00, 6.12277137e-03, 5.09574045e+00, 2.25352807e+01, 1.62324733e+02, 1.00000000e+12, 6.76600000e+01
1.64328741e+02, 2.21834836e+00, 6.04855511e-03, 5.10793586e+00, 2.25230853e+01, 1.64328741e+02, 1.00000000e+12, 6.76600000e+01
1.66332749e+02, 2.22358095e+00, 5.97611650e-03, 5.11998434e+00, 2.25110368e+01, 1.66332749e+02, 1.00000000e+12, 6.76600000e+01
1.68336757e+02, 2.22875124e+00, 5.90539243e-03, 5.13188937e+00, 2.24991317e+01, 1.68336757e+02, 1.00000000e+12, 6.76600000e+01
1.70340764e+02, 2.23386070e+00, 5.83632275e-03, 5.14365435e+00, 2.24873668e+01, 1.70340764e+02, 1.00000000e+12, 6.76600000e+01
1.72344772e+02, 2.23891075e+00, 5.76885006e-03, 5.15528251e+00, 2.24757386e+01, 1.72344772e+02, 1.00000000e+12, 6.76600000e+01
1.74348780e+02, 2.24390275e+00, 5.70291963e-03, 5.16677702e+00, 2.24642441e+01, 1.74348780e+02, 1.00000000e+12, 6.76600000e+01
1.76352788e+02, 2.24883802e+00, 5.63847917e-03, 5.17814090e+00, 2.24528802e+01, 1.76352788e+02, 1.00000000e+12, 6.76600000e+01
1.78356796e+02, 2.25371784e+00, 5.57547874e-03, 5.18937709e+00, 2.24416440e+01, 1.78356796e+02, 1.00000000e+12, 6.76600000e+01
1.80360803e+02, 2.25854343e+00, 5.51387059e-03, 5.20048844e+00, 2.24305327e+01, 1.80360803e+02, 1.00000000e+12, 6.76600000e+01
1.82364811e+02, 2.26331600e+00, 5.45360908e-03, 5.21147767e+00, 2.24195434e+01, 1.82364811e+02, 1.00000000e+12, 6.76600000e+01
1.84368819e+02, 2.26803668e+00, 5.39465054e-03, 5.22234746e+00, 2.24086737e+01, 1.84368819e+02, 1.00000000e+12, 6.76600000e+01
1.86372827e+02, 2.27270661e+00, 5.33695316e-03, 5.23310036e+00, 2.23979208e+01, 1.86372827e+02, 1.00000000e+12, 6.76600000e+01
1.88376835e+02, 2.27732685e+00, 5.28047690e-03, 5.24373886e+00, 2.23872823e+01, 1.88376835e+02, 1.00000000e+12, 6.76600000e+01
1.90380842e+02, 2.28189846e+00, 5.22518339e-03, 5.25426538e+00, 2.23767557e+01, 1.90380842e+02, 1.00000000e+12, 6.76600000e+01
1.92384850e+02, 2.28642245e+00, 5.17103588e-03, 5.26468225e+00, 2.23663389e+01, 1.92384850e+02, 1.00000000e+12, 6.76600000e+01
1.94388858e+02, 2.29089979e+00, 5.11799910e-03, 5.27499172e+00, 2.23560294e+01, 1.94388858e+02, 1.00000000e+12, 6.76600000e+01
1.96392866e+02, 2.29533145e+00, 5.06603922e-03, 5.28519599e+00, 2.23458251e+01, 1.96392866e+02, 1.00000000e+12, 6.76600000e+01
1.98396874e+02, 2.29971834e+00, 5.01512376e-03, 5.29529718e+00, 2.23357239e+01, 1.98396874e+02, 1.00000000e+12, 6.76600000e+01
2.00400882e+02, 2.30406137e+00, 4.96522156e-03, 5.30529736e+00, 2.23257238e+01, 2.00400882e+02, 1.00000000e+12, 6.76600000e+01
2.02404889e+02, 2.30836139e+00, 4.91630267e-03, 5.31519852e+00, 2.23158226e+01, 2.02404889e+02, 1.00000000e+12, 6.76600000e+01
2.04408897e+02, 2.31261925e+00, 4.86833829e-03, 5.32500261e+00, 2.23060185e+01, 2.04408897e+02, 1.00000000e+12, 6.76600000e+01
2.06412905e+02, 2.31683577e+00, 4.82130078e-03, 5.33471152e+00, 2.22963096e+01, 2.06412905e+02, 1.00000000e+12, 6.76600000e+01
2.08416913e+02, 2.32101175e+00, 4.77516351e-03, 5.34432706e+00, 2.22866941e+01, 2.08416913e+02, 1.00000000e+12, 6.76600000e+01
2.10420921e+02, 2.32514796e+00, 4.72990089e-03, 5.35385103e+00, 2.22771701e+01, 2.10420921e+02, 1.00000000e+12, 6.76600000e+01
2.12424928e+02, 2.32924514e+00, 4.68548828e-03, 5.36328515e+00, 2.22677360e+01, 2.12424928e+02, 1.00000000e+12, 6.76600000e+01
2.14428936e+02, 2.33330404e+00, 4.64190195e-03, 5.37263109e+00, 2.22583900e+01, 2.14428936e+02, 1.00000000e+12, 6.76600000e+01
2.16432944e+02, 2.33732535e+00, 4.59911907e-03, 5.38189050e+00, 2.22491306e+01, 2.16432944e+02, 1.00000000e+12, 6.76600000e+01
2.18436952e+02, 2.34130976e+00, 4.55711762e-03, 5.39106496e+00, 2.22399562e+01, 2.18436952e+02, 1.00000000e+12, 6.76600000e+01
2.20440960e+02, 2.34525796e+00, 4.51587638e-03, 5.40015601e+00, 2.22308651e+01, 2.20440960e+02, 1.00000000e+12, 6.76600000e+01
2.22444968e+02, 2.34917058e+00, 4.47537490e-03, 5.40916515e+00, 2.22218560e+01, 2.22444968e+02, 1.00000000e+12, 6.76600000e+01
2.24448975e+02, 2.35304827e+00, 4.43559346e-03, 5.41809386e+00, 2.22129273e+01, 2.24448975e+02, 1.00000000e+12, 6.76600000e+01
2.26452983e+02, 2.35689164e+00, 4.39651301e-03, 5.42694355e+00, 2.22040776e+01, 2.26452983e+02, 1.00000000e+12, 6.76600000e+01
2.28456991e+02, 2.36070129e+00, 4.35811520e-03, 5.43571561e+00, 2.21953055e+01, 2.28456991e+02, 1.00000000e+12, 6.76600000e+01
2.30460999e+02, 2.36447782e+00, 4.32038229e-03, 5.44441139e+00, 2.21866097e+01, 2.30460999e+02, 1.00000000e+12, 6.76600000e+01
2.32465007e+02, 2.36822179e+00, 4.28329716e-03, 5.45303220e+00, 2.21779889e+01, 2.32465007e+02, 1.00000000e+12, 6.76600000e+01
2.34469014e+02, 2.37193377e+00, 4.24684327e-03, 5.46157933e+00, 2.21694418e+01, 2.34469014e+02, 1.00000000e+12, 6.76600000e+01
2.36473022e+02, 2.37561428e+00, 4.21100465e-03, 5.47005403e+00, 2.21609671e+01, 2.36473022e+02, 1.00000000e+12, 6.76600000e+01
2.38477030e+02, 2.37926386e+00, 4.17576583e-03, 5.47845751e+00, 2.21525636e+01, 2.38477030e+02, 1.00000000e+12, 6.76600000e+01
2.40481038e+02, 2.38288303e+00, 4.14111190e-03, 5.48679095e+00, 2.21442302e+01, 2.40481038e+02, 1.00000000e+12, 6.76600000e+01
2.42485046e+02, 2.38647229e+00, 4.10702841e-03, 5.49505553e+00, 2.21359656e+01, 2.42485046e+02, 1.00000000e+12, 6.76600000e+01
2.44489054e+02, 2.39003213e+00, 4.07350139e-03, 5.50325236e+00, 2.21277688e+01, 2.44489054e+02, 1.00000000e+12, 6.76600000e+01
2.46493061e+02, 2.39356303e+00, 4.04051732e-03, 5.51138255e+00, 2.21196386e+01, 2.46493061e+02, 1.00000000e+12, 6.76600000e+01
2.48497069e+02, 2.39706545e+00, 4.00806311e-03, 5.51944717e+00, 2.21115739e+01, 2.48497069e+02, 1.00000000e+12, 6.76600000e+01
2.50501077e+02, 2.40053985e+00, 3.97612611e-03, 5.52744727e+00, 2.21035738e+01, 2.50501077e+02, 1.00000000e+12, 6.76600000e+01
2.52505085e+02, 2.40398667e+00, 3.94469405e-03, 5.53538388e+00, 2.20956372e+01, 2.52505085e+02, 1.00000000e+12, 6.76600000e+01
2.54509093e+02, 2.40740636e+00, 3.91375504e-03, 5.54325800e+00, 2.20877631e+01, 2.54509093e+02, 1.00000000e+12, 6.76600000e+01
2.56513100e+02, 2.41079933e+00, 3.88329758e-03, 5.55107060e+00, 2.20799505e+01, 2.56513100e+02, 1.00000000e+12, 6.76600000e+01
2.58517108e+02, 2.41416599e+00, 3.85331051e-03, 5.55882263e+00, 2.20721985e+01, 2.58517108e+02, 1.00000000e+12, 6.76600000e+01
2.60521116e+02, 2.41750676e+00, 3.82378301e-03, 5.56651503e+00, 2.20645061e+01, 2.60521116e+02, 1.00000000e+12, 6.76600000e+01
2.62525124e+02, 2.42082203e+00, 3.79470460e-03, 5.57414871e+00, 2.20568724e+01, 2.62525124e+02, 1.00000000e+12, 6.76600000e+01
2.64529132e+02, 2.42411218e+00, 3.76606512e-03, 5.58172456e+00, 2.20492966e+01, 2.64529132e+02, 1.00000000e+12, 6.76600000e+01
2.66533139e+02, 2.42737759e+00, 3.73785469e-03, 5.58924345e+00, 2.20417777e+01, 2.66533139e+02, 1.00000000e+12, 6.76600000e+01
2.68537147e+02, 2.43061863e+00, 3.71006375e-03, 5.59670622e+00, 2.20343149e+01, 2.68537147e+02, 1.00000000e+12, 6.76600000e+01
2.70541155e+02, 2.43383566e+00, 3.68268302e-03, 5.60411371e+00, 2.20269074e+01, 2.70541155e+02, 1.00000000e+12, 6.76600000e+01
2.72545163e+02, 2.43702904e+00, 3.65570347e-03, 5.61146674e+00, 2.20195544e+01, 2.72545163e+02, 1.00000000e+12, 6.76600000e+01
2.74549171e+02, 2.44019911e+00, 3.62911635e-03, 5.61876609e+00, 2.20122550e+01, 2.74549171e+02, 1.00000000e+12, 6.76600000e+01
2.76553179e+02, 2.44334621e+00, 3.60291316e-03, 5.62601255e+00, 2.20050086e+01, 2.76553179e+02, 1.00000000e+12, 6.76600000e+01
2.78557186e+02, 2.44647066e+00, 3.57708565e-03, 5.63320688e+00, 2.19978142e+01, 2.78557186e+02, 1.00000000e+12, 6.76600000e+01
2.80561194e+02, 2.44957280e+00, 3.55162579e-03, 5.64034981e+00, 2.19906713e+01, 2.80561194e+02, 1.00000000e+12, 6.76600000e+01
2.82565202e+02, 2.45265293e+00, 3.52652580e-03, 5.64744209e+00, 2.19835790e+01, 2.82565202e+02, 1.00000000e+12, 6.76600000e+01
2.84569210e+02, 2.45571138e+00, 3.50177808e-03, 5.65448442e+00, 2.19765367e+01, 2.84569210e+02, 1.00000000e+12, 6.76600000e+01
2.86573218e+02, 2.45874844e+00, 3.47737529e-03, 5.66147750e+00, 2.19695436e+01, 2.86573218e+02, 1.00000000e+12, 6.76600000e+01
2.88577225e+02, 2.46176440e+00, 3.45331025e-03, 5.66842202e+00, 2.19625991e+01, 2.88577225e+02, 1.00000000e+12, 6.76600000e+01
2.90581233e+02, 2.46475957e+00, 3.42957600e-03, 5.67531864e+00, 2.19557025e+01, 2.90581233e+02, 1.00000000e+12, 6.76600000e+01
2.92585241e+02, 2.46773422e+00, 3.40616577e-03, 5.68216803e+00, 2.19488531e+01, 2.92585241e+02, 1.00000000e+12, 6.76600000e+01
2.94589249e+02, 2.47068863e+00, 3.38307298e-03, 5.68897082e+00, 2.19420503e+01, 2.94589249e+02, 1.00000000e+12, 6.76600000e+01
2.96593257e+02, 2.47362309e+00, 3.36029119e-03, 5.69572765e+00, 2.19352935e+01, 2.96593257e+02, 1.00000000e+12, 6.76600000e+01
2.98597265e+02, 2.47653784e+00, 3.33781419e-03, 5.70243912e+00, 2.19285820e+01, 2.98597265e+02, 1.00000000e+12, 6.76600000e+01
3.00601272e+02, 2.47943317e+00, 3.31563588e-03, 5.70910586e+00, 2.19219153e+01, 3.00601272e+02, 1.00000000e+12, 6.76600000e+01
3.02605280e+02, 2.48230932e+00, 3.29375036e-03, 5.71572844e+00, 2.19152927e+01, 3.02605280e+02, 1.00000000e+12, 6.76600000e+01
3.04609288e+02, 2.48516655e+00, 3.27215186e-03, 5.72230745e+00, 2.19087137e+01, 3.04609288e+02, 1.00000000e+12, 6.76600000e+01
3.06613296e+02, 2.48800510e+00, 3.25083478e-03, 5.72884347e+00, 2.19021777e+01, 3.06613296e+02, 1.00000000e+12, 6.76600000e+01
3.08617304e+02, 2.49082522e+00, 3.22979365e-03, 5.73533703e+00, 2.18956841e+01, 3.08617304e+02, 1.00000000e+12, 6.76600000e+01
3.10621311e+02, 2.49362715e+00, 3.20902314e-03, 5.74178871e+00, 2.18892324e+01, 3.10621311e+02, 1.00000000e+12, 6.76600000e+01
3.12625319e+02, 2.49641112e+00, 3.18851808e-03, 5.74819903e+00, 2.18828221e+01, 3.12625319e+02, 1.00000000e+12, 6.76600000e+01
3.14629327e+02, 2.49917735e+00, 3.16827340e-03, 5.75456851e+00, 2.18764526e+01, 3.14629327e+02, 1.00000000e+12, 6.76600000e+01
3.16633335e+02, 2.50192607e+00, 3.14828417e-03, 5.76089769e+00, 2.18701234e+01, 3.16633335e+02, 1.00000000e+12, 6.76600000e+01
3.18637343e+02, 2.50465751e+00, 3.12854559e-03, 5.76718705e+00, 2.18638341e+01, 3.18637343e+02, 1.00000000e+12, 6.76600000e+01
3.20641351e+02, 2.50737188e+00, 3.10905298e-03, 5.77343711e+00, 2.18575840e+01, 3.20641351e+02, 1.00000000e+12, 6.76600000e+01
3.22645358e+02, 2.51006938e+00, 3.08980177e-03, 5.77964835e+00, 2.18513728e+01, 3.22645358e+02, 1.00000000e+12, 6.76600000e+01
3.24649366e+02, 2.51275024e+00, 3.07078749e-03, 5.78582124e+00, 2.18451999e+01, 3.24649366e+02, 1.00000000e+12, 6.76600000e+01
3.26653374e+02, 2.51541464e+00, 3.05200581e-03, 5.79195627e+00, 2.18390649e+01, 3.26653374e+02, 1.00000000e+12, 6.76600000e+01
3.28657382e+02, 2.51806281e+00, 3.03345247e-03, 5.79805388e+00, 2.18329672e+01, 3.28657382e+02, 1.00000000e+12, 6.76600000e+01
3.30661390e+02, 2.52069492e+00, 3.01512335e-03, 5.80411454e+00, 2.18269066e+01, 3.30661390e+02, 1.00000000e+12, 6.76600000e+01
3.32665397e+02, 2.52331117e+00, 2.99701440e-03, 5.81013869e+00, 2.18208824e+01, 3.32665397e+02, 1.00000000e+12, 6.76600000e+01
3.34669405e+02, 2.52591176e+00, 2.97912167e-03, 5.81612677e+00, 2.18148944e+01, 3.34669405e+02, 1.00000000e+12, 6.76600000e+01
3.36673413e+02, 2.52849687e+00, 2.96144133e-03, 5.82207920e+00, 2.18089419e+01, 3.36673413e+02, 1.00000000e+12, 6.76600000e+01
3.38677421e+02, 2.53106668e+00, 2.94396960e-03, 5.82799641e+00, 2.18030247e+01, 3.38677421e+02, 1.00000000e+12, 6.76600000e+01
3.40681429e+02, 2.53362137e+00, 2.92670282e-03, 5.83387881e+00, 2.17971423e+01, 3.40681429e+02, 1.00000000e+12, 6.76600000e+01
3.42685436e+02, 2.53616113e+00, 2.90963740e-03, 5.83972682e+00, 2.17912943e+01, 3.42685436e+02, 1.00000000e+12, 6.76600000e+01
3.44689444e+02, 2.53868612e+00, 2.89276984e-03, 5.84554082e+00, 2.17854803e+01, 3.44689444e+02, 1.00000000e+12, 6.76600000e+01
3.46693452e+02, 2.54119651e+00, 2.87609673e-03, 5.85132121e+00, 2.17796999e+01, 3.46693452e+02, 1.00000000e+12, 6.76600000e+01
3.48697460e+02, 2.54369248e+00, 2.85961471e-03, 5.85706839e+00, 2.17739527e+01, 3.48697460e+02, 1.00000000e+12, 6.76600000e+01
3.50701468e+02, 2.54617418e+00, 2.84332052e-03, 5.86278272e+00, 2.17682384e+01, 3.50701468e+02, 1.00000000e+12, 6.76600000e+01
3.52705476e+02, 2.54864178e+00, 2.82721097e-03, 5.86846458e+00, 2.17625565e+01, 3.52705476e+02, 1.00000000e+12, 6.76600000e+01
3.54709483e+02, 2.55109544e+00, 2.81128293e-03, 5.87411435e+00, 2.17569068e+01, 3.54709483e+02, 1.00000000e+12, 6.76600000e+01
3.56713491e+02, 2.55353532e+00, 2.79553337e-03, 5.87973237e+00, 2.17512888e+01, 3.56713491e+02, 1.00000000e+12, 6.76600000e+01
3.58717499e+02, 2.55596157e+00, 2.77995928e-03, 5.88531901e+00, 2.17457021e+01, 3.58717499e+02, 1.00000000e+12, 6.76600000e+01
3.60721507e+02, 2.55837433e+00, 2.76455776e-03, 5.89087461e+00, 2.17401465e+01, 3.60721507e+02, 1.00000000e+12, 6.76600000e+01
3.62725515e+02, 2.56077377e+00, 2.74932596e-03, 5.89639951e+00, 2.17346216e+01, 3.62725515e+02, 1.00000000e+12, 6.76600000e+01
3.64729522e+02, 2.56316002e+00, 2.73426108e-03, 5.90189406e+00, 2.17291271e+01, 3.64729522e+02, 1.00000000e+12, 6.76600000e+01
3.66733530e+02, 2.56553323e+00, 2.71936040e-03, 5.90735858e+00, 2.17236625e+01, 3.66733530e+02, 1.00000000e+12, 6.76600000e+01
3.68737538e+02, 2.56789355e+00, 2.70462124e-03, 5.91279341e+00, 2.17182277e+01, 3.68737538e+02, 1.00000000e+12, 6.76600000e+01
3.70741546e+02, 2.57024110e+00, 2.69004100e-03, 5.91819885e+00, 2.17128223e+01, 3.70741546e+02, 1.00000000e+12, 6.76600000e+01
3.72745554e+02, 2.57257603e+00, 2.67561711e-03, 5.92357524e+00, 2.17074459e+01, 3.72745554e+02, 1.00000000e+12, 6.76600000e+01
3.74749562e+02, 2.57489848e+00, 2.66134708e-03, 5.92892287e+00, 2.17020983e+01, 3.74749562e+02, 1.00000000e+12, 6.76600000e+01
3.76753569e+02, 2.57720858e+00, 2.64722846e-03, 5.93424206e+00, 2.16967791e+01, 3.76753569e+02, 1.00000000e+12, 6.76600000e+01
3.78757577e+02, 2.57950645e+00, 2.63325885e-03, 5.93953310e+00, 2.16914880e+01, 3.78757577e+02, 1.00000000e+12, 6.76600000e+01
3.80761585e+02, 2.58179223e+00, 2.61943590e-03, 5.94479630e+00, 2.16862248e+01, 3.80761585e+02, 1.00000000e+12, 6.76600000e+01
3.82765593e+02, 2.58406603e+00, 2.60575731e-03, 5.95003194e+00, 2.16809892e+01, 3.82765593e+02, 1.00000000e+12, 6.76600000e+01
3.84769601e+02, 2.58632800e+00, 2.59222084e-03, 5.95524031e+00, 2.16757808e+01, 3.84769601e+02, 1.00000000e+12, 6.76600000e+01
3.86773608e+02, 2.58857825e+00, 2.57882429e-03, 5.96042170e+00, 2.16705994e+01, 3.86773608e+02, 1.00000000e+12, 6.76600000e+01
3.88777616e+02, 2.59081690e+00, 2.56556549e-03, 5.96557637e+00, 2.16654448e+01, 3.88777616e+02, 1.00000000e+12, 6.76600000e+01
3.90781624e+02, 2.59304406e+00, 2.55244233e-03, 5.97070461e+00, 2.16603165e+01, 3.90781624e+02, 1.00000000e+12, 6.76600000e+01
3.92785632e+02, 2.59525987e+00, 2.53945274e-03, 5.97580669e+00, 2.16552144e+01, 3.92785632e+02, 1.00000000e+12, 6.76600000e+01
3.94789640e+02, 2.59746442e+00, 2.52659469e-03, 5.98088287e+00, 2.16501383e+01, 3.94789640e+02, 1.00000000e+12, 6.76600000e+01
3.96793647e+02, 2.59965784e+00, 2.51386619e-03, 5.98593341e+00, 2.16450877e+01, 3.96793647e+02, 1.00000000e+12, 6.76600000e+01
3.98797655e+02, 2.60184024e+00, 2.50126529e-03, 5.99095857e+00, 2.16400626e+01, 3.98797655e+02, 1.00000000e+12, 6.76600000e+01
4.00801663e+02, 2.60401173e+00, 2.48879010e-03, 5.99595860e+00, 2.16350625e+01, 4.00801663e+02, 1.00000000e+12, 6.76600000e+01
4.02805671e+02, 2.60617241e+00, 2.47643872e-03, 6.00093376e+00, 2.16300874e+01, 4.02805671e+02, 1.00000000e+12, 6.76600000e+01
4.04809679e+02, 2.60832240e+00, 2.46420934e-03, 6.00588429e+00, 2.16251368e+01, 4.04809679e+02, 1.00000000e+12, 6.76600000e+01
4.06813687e+02, 2.61046180e+00, 2.45210015e-03, 6.01081043e+00, 2.16202107e+01, 4.06813687e+02, 1.00000000e+12, 6.76600000e+01
4.08817694e+02, 2.61259071e+00, 2.44010938e-03, 6.01571243e+00, 2.16153087e+01, 4.08817694e+02, 1.00000000e+12, 6.76600000e+01
4.10821702e+02, 2.61470923e+00, 2.42823531e-03, 6.02059051e+00, 2.16104306e+01, 4.10821702e+02, 1.00000000e+12, 6.76600000e+01
4.12825710e+02, 2.61681747e+00, 2.41647625e-03, 6.02544491e+00, 2.16055762e+01, 4.12825710e+02, 1.00000000e+12, 6.76600000e+01
4.14829718e+02, 2.61891552e+00, 2.40483053e-03, 6.03027586e+00, 2.16007453e+01, 4.14829718e+02, 1.00000000e+12, 6.76600000e+01
4.16833726e+02, 2.62100349e+00, 2.39329652e-03, 6.03508358e+00, 2.15959375e+01, 4.16833726e+02, 1.00000000e+12, 6.76600000e+01
4.18837733e+02, 2.62308147e+00, 2.38187261e-03, 6.03986830e+00, 2.15911528e+01, 4.18837733e+02, 1.00000000e+12, 6.76600000e+01
4.20841741e+02, 2.62514955e+00, 2.37055725e-03, 6.04463024e+00, 2.15863909e+01, 4.20841741e+02, 1.00000000e+12, 6.76600000e+01
4.22845749e+02, 2.62720783e+00, 2.35934890e-03, 6.04936960e+00, 2.15816515e+01, 4.22845749e+02, 1.00000000e+12, 6.76600000e+01
4.24849757e+02, 2.62925640e+00, 2.34824603e-03, 6.05408662e+00, 2.15769345e+01, 4.24849757e+02, 1.00000000e+12, 6.76600000e+01
4.26853765e+02, 2.63129536e+00, 2.33724717e-03, 6.05878148e+00, 2.15722396e+01, 4.26853765e+02, 1.00000000e+12, 6.76600000e+01
4.28857773e+02, 2.63332478e+00, 2.32635086e-03, 6.06345441e+00, 2.15675667e+01, 4.28857773e+02, 1.00000000e+12, 6.76600000e+01
4.30861780e+02, 2.63534477e+00, 2.31555568e-03, 6.06810560e+00, 2.15629155e+01, 4.30861780e+02, 1.00000000e+12, 6.76600000e+01
4.32865788e+02, 2.63735541e+00, 2.30486023e-03, 6.07273526e+00, 2.15582859e+01, 4.32865788e+02, 1.00000000e+12, 6.76600000e+01
4.34869796e+02, 2.63935678e+00, 2.29426312e-03, 6.07734358e+00, 2.15536776e+01, 4.34869796e+02, 1.00000000e+12, 6.76600000e+01
4.36873804e+02, 2.64134896e+00, 2.28376302e-03, 6.08193077e+00, 2.15490904e+01, 4.36873804e+02, 1.00000000e+12, 6.76600000e+01
4.38877812e+02, 2.64333206e+00, 2.27335859e-03, 6.08649700e+00, 2.15445241e+01, 4.38877812e+02, 1.00000000e+12, 6.76600000e+01
4.40881819e+02, 2.64530613e+00, 2.26304853e-03, 6.09104249e+00, 2.15399786e+01, 4.40881819e+02, 1.00000000e+12, 6.76600000e+01
4.42885827e+02, 2.64727128e+00, 2.25283156e-03, 6.09556740e+00, 2.15354537e+01, 4.42885827e+02, 1.00000000e+12, 6.76600000e+01
4.44889835e+02, 2.64922757e+00, 2.24270643e-03, 6.10007193e+00, 2.15309492e+01, 4.44889835e+02, 1.00000000e+12, 6.76600000e+01
4.46893843e+02, 2.65117509e+00, 2.23267191e-03, 6.10455626e+00, 2.15264649e+01, 4.46893843e+02, 1.00000000e+12, 6.76600000e+01
4.48897851e+02, 2.65311392e+00, 2.22272678e-03, 6.10902058e+00, 2.15220006e+01, 4.48897851e+02, 1.00000000e+12, 6.76600000e+01
4.50901859e+02, 2.65504413e+00, 2.21286985e-03, 6.11346505e+00, 2.15175561e+01, 4.50901859e+02, 1.00000000e+12, 6.76600000e+01
4.52905866e+02, 2.65696580e+00, 2.20309997e-03, 6.11788985e+00, 2.15131313e+01, 4.52905866e+02, 1.00000000e+12, 6.76600000e+01
4.54909874e+02, 2.65887900e+00, 2.19341597e-03, 6.12229517e+00, 2.15087260e+01, 4.54909874e+02, 1.00000000e+12, 6.76600000e+01
4.56913882e+02, 2.66078381e+00, 2.18381674e-03, 6.12668116e+00, 2.15043400e+01, 4.56913882e+02, 1.00000000e+12, 6.76600000e+01
4.58917890e+02, 2.66268030e+00, 2.17430116e-03, 6.13104799e+00, 2.14999731e+01, 4.58917890e+02, 1.00000000e+12, 6.76600000e+01
4.60921898e+02, 2.66456855e+00, 2.16486814e-03, 6.13539584e+00, 2.14956253e+01, 4.60921898e+02, 1.00000000e+12, 6.76600000e+01
4.62925905e+02, 2.66644862e+00, 2.15551662e-03, 6.13972487e+00, 2.14912963e+01, 4.62925905e+02, 1.00000000e+12, 6.76600000e+01
4.64929913e+02, 2.66832059e+00, 2.14624554e-03, 6.14403524e+00, 2.14869859e+01, 4.64929913e+02, 1.00000000e+12, 6.76600000e+01
4.66933921e+02, 2.67018453e+00, 2.13705388e-03, 6.14832711e+00, 2.14826940e+01, 4.66933921e+02, 1.00000000e+12, 6.76600000e+01
4.68937929e+02, 2.67204050e+00, 2.12794060e-03, 6.15260064e+00, 2.14784205e+01, 4.68937929e+02, 1.00000000e+12, 6.76600000e+01
4.70941937e+02, 2.67388857e+00, 2.11890473e-03, 6.15685599e+00, 2.14741652e+01, 4.70941937e+02, 1.00000000e+12, 6.76600000e+01
4.72945944e+02, 2.67572881e+00, 2.10994526e-03, 6.16109330e+00, 2.14699278e+01, 4.72945944e+02, 1.00000000e+12, 6.76600000e+01
4.74949952e+02, 2.67756129e+00, 2.10106125e-03, 6.16531273e+00, 2.14657084e+01, 4.74949952e+02, 1.00000000e+12, 6.76600000e+01
4.76953960e+02, 2.67938606e+00, 2.09225173e-03, 6.16951443e+00, 2.14615067e+01, 4.76953960e+02, 1.00000000e+12, 6.76600000e+01
4.78957968e+02, 2.68120321e+00, 2.08351578e-03, 6.17369856e+00, 2.14573226e+01, 4.78957968e+02, 1.00000000e+12, 6.76600000e+01
4.80961976e+02, 2.68301278e+00, 2.07485248e-03, 6.17786525e+00, 2.14531559e+01, 4.80961976e+02, 1.00000000e+12, 6.76600000e+01
4.82965984e+02, 2.68481484e+00, 2.06626092e-03, 6.18201465e+00, 2.14490065e+01, 4.82965984e+02, 1.00000000e+12, 6.76600000e+01
4.84969991e+02, 2.68660945e+00, 2.05774023e-03, 6.18614690e+00, 2.14448742e+01, 4.84969991e+02, 1.00000000e+12, 6.76600000e+01
4.86973999e+02, 2.68839668e+00, 2.04928951e-03, 6.19026215e+00, 2.14407590e+01, 4.86973999e+02, 1.00000000e+12, 6.76600000e+01
4.88978007e+02, 2.69017659e+00, 2.04090793e-03, 6.19436053e+00, 2.14366606e+01, 4.88978007e+02, 1.00000000e+12, 6.76600000e+01
4.90982015e+02, 2.69194923e+00, 2.03259463e-03, 6.19844219e+00, 2.14325790e+01, 4.90982015e+02, 1.00000000e+12, 6.76600000e+01
4.92986023e+02, 2.69371466e+00, 2.02434878e-03, 6.20250725e+00, 2.14285139e+01, 4.92986023e+02, 1.00000000e+12, 6.76600000e+01
4.94990030e+02, 2.69547295e+00, 2.01616956e-03, 6.20655585e+00, 2.14244653e+01, 4.94990030e+02, 1.00000000e+12, 6.76600000e+01
4.96994038e+02, 2.69722414e+00, 2.00805617e-03, 6.21058813e+00, 2.14204330e+01, 4.96994038e+02, 1.00000000e+12, 6.76600000e+01
4.98998046e+02, 2.69896831e+00, 2.00000782e-03, 6.21460422e+00, 2.14164169e+01, 4.98998046e+02, 1.00000000e+12, 6.76600000e+01
5.01002054e+02, 2.70070549e+00, 1.99202372e-03, 6.21860424e+00, 2.14124169e+01, 5.01002054e+02, 9.99999999e+11, 6.76600000e+01
5.03006062e+02, 2.70243576e+00, 1.98410312e-03, 6.22258832e+00, 2.14084328e+01, 5.03006062e+02, 9.99999999e+11, 6.76600000e+01
5.05010070e+02, 2.70415916e+00, 1.97624526e-03, 6.22655660e+00, 2.14044645e+01, 5.05010070e+02, 9.99999999e+11, 6.76600000e+01
5.07014077e+02, 2.70587575e+00, 1.96844939e-03, 6.23050919e+00, 2.14005120e+01, 5.07014077e+02, 9.99999999e+11, 6.76600000e+01
5.09018085e+02, 2.70758558e+00, 1.96071478e-03, 6.23444622e+00, 2.13965749e+01, 5.09018085e+02, 9.99999999e+11, 6.76600000e+01
5.11022093e+02, 2.70928870e+00, 1.95304073e-03, 6.23836781e+00, 2.13926533e+01, 5.11022093e+02, 9.99999999e+11, 6.76600000e+01
5.13026101e+02, 2.71098517e+00, 1.94542650e-03, 6.24227408e+00, 2.13887471e+01, 5.13026101e+02, 9.99999999e+11, 6.76600000e+01
5.15030109e+02, 2.71267504e+00, 1.93787142e-03, 6.24616515e+00, 2.13848560e+01, 5.15030109e+02, 9.99999999e+11, 6.76600000e+01
5.17034116e+02, 2.71435836e+00, 1.93037479e-03, 6.25004113e+00, 2.13809800e+01, 5.17034116e+02, 9.99999999e+11, 6.76600000e+01
5.19038124e+02, 2.71603518e+00, 1.92293594e-03, 6.25390216e+00, 2.13771190e+01, 5.19038124e+02, 9.99999999e+11, 6.76600000e+01
5.21042132e+02, 2.71770555e+00, 1.91555420e-03, 6.25774833e+00, 2.13732728e+01, 5.21042132e+02, 9.99999999e+11, 6.76600000e+01
5.23046140e+02, 2.71936953e+00, 1.90822892e-03, 6.26157977e+00, 2.13694414e+01, 5.23046140e+02, 9.99999999e+11, 6.76600000e+01
5.25050148e+02, 2.72102715e+00, 1.90095945e-03, 6.26539658e+00, 2.13656246e+01, 5.25050148e+02, 9.99999999e+11, 6.76600000e+01
5.27054156e+02, 2.72267846e+00, 1.89374516e-03, 6.26919888e+00, 2.13618223e+01, 5.27054156e+02, 9.99999999e+11, 6.76600000e+01
5.29058163e+02, 2.72432353e+00, 1.88658541e-03, 6.27298678e+00, 2.13580344e+01, 5.29058163e+02, 9.99999999e+11, 6.76600000e+01
5.31062171e+02, 2.72596238e+00, 1.87947961e-03, 6.27676038e+00, 2.13542608e+01, 5.31062171e+02, 9.99999999e+11, 6.76600000e+01
5.33066179e+02, 2.72759508e+00, 1.87242712e-03, 6.28051980e+00, 2.13505014e+01, 5.33066179e+02, 9.99999999e+11, 6.76600000e+01
5.35070187e+02, 2.72922165e+00, 1.86542737e-03, 6.28426514e+00, 2.13467560e+01, 5.35070187e+02, 9.99999999e+11, 6.76600000e+01
5.37074195e+02, 2.73084216e+00, 1.85847976e-03, 6.28799650e+00, 2.13430247e+01, 5.37074195e+02, 9.99999999e+11, 6.76600000e+01
5.39078202e+02, 2.73245665e+00, 1.85158371e-03, 6.29171399e+00, 2.13393072e+01, 5.39078202e+02, 9.99999999e+11, 6.76600000e+01
5.41082210e+02, 2.73406516e+00, 1.84473864e-03, 6.29541771e+00, 2.13356034e+01, 5.41082210e+02, 9.99999999e+11, 6.76600000e+01
5.43086218e+02, 2.73566773e+00, 1.83794400e-03, 6.29910776e+00, 2.13319134e+01, 5.43086218e+02, 9.99999999e+11, 6.76600000e+01
5.45090226e+02, 2.73726440e+00, 1.83119923e-03, 6.30278425e+00, 2.13282369e+01, 5.45090226e+02, 9.99999999e+11, 6.76600000e+01
5.47094234e+02, 2.73885523e+00, 1.82450378e-03, 6.30644727e+00, 2.13245739e+01, 5.47094234e+02, 9.99999999e+11, 6.76600000e+01
5.49098241e+02, 2.74044026e+00, 1.81785711e-03, 6.31009693e+00, 2.13209242e+01, 5.49098241e+02, 9.99999999e+11, 6.76600000e+01
5.51102249e+02, 2.74201952e+00, 1.81125870e-03, 6.31373331e+00, 2.13172879e+01, 5.51102249e+02, 9.99999999e+11, 6.76600000e+01
5.53106257e+02, 2.74359305e+00, 1.80470801e-03, 6.31735651e+00, 2.13136646e+01, 5.53106257e+02, 9.99999999e+11, 6.76600000e+01
5.55110265e+02, 2.74516091e+00, 1.79820453e-03, 6.32096664e+00, 2.13100545e+01, 5.55110265e+02, 9.99999999e+11, 6.76600000e+01
5.57114273e+02, 2.74672313e+00, 1.79174776e-03, 6.32456378e+00, 2.13064574e+01, 5.57114273e+02, 9.99999999e+11, 6.76600000e+01
5.59118281e+02, 2.74827975e+00, 1.78533720e-03, 6.32814802e+00, 2.13028731e+01, 5.59118281e+02, 9.99999999e+11, 6.76600000e+01
5.61122288e+02, 2.74983081e+00, 1.77897234e-03, 6.33171947e+00, 2.12993017e+01, 5.61122288e+02, 9.99999999e+11, 6.76600000e+01
5.63126296e+02, 2.75137634e+00, 1.77265270e-03, 6.33527820e+00, 2.12957430e+01, 5.63126296e+02, 9.99999999e+11, 6.76600000e+01
5.65130304e+02, 2.75291640e+00, 1.76637780e-03, 6.33882432e+00, 2.12921968e+01, 5.65130304e+02, 9.99999999e+11, 6.76600000e+01
5.67134312e+02, 2.75445102e+00, 1.76014717e-03, 6.34235790e+00, 2.12886633e+01, 5.67134312e+02, 9.99999999e+11, 6.76600000e+01
5.69138320e+02, 2.75598023e+00, 1.75396034e-03, 6.34587905e+00, 2.12851421e+01, 5.69138320e+02, 9.99999999e+11, 6.76600000e+01
5.71142327e+02, 2.75750408e+00, 1.74781685e-03, 6.34938783e+00, 2.12816333e+01, 5.71142327e+02, 9.99999999e+11, 6.76600000e+01
5.73146335e+02, 2.75902260e+00, 1.74171625e-03, 6.35288435e+00, 2.12781368e+01, 5.73146335e+02, 9.99999999e+11, 6.76600000e+01
5.75150343e+02, 2.76053582e+00, 1.73565808e-03, 6.35636869e+00, 2.12746525e+01, 5.75150343e+02, 9.99999999e+11, 6.76600000e+01
5.77154351e+02, 2.76204380e+00, 1.72964192e-03, 6.35984093e+00, 2.12711802e+01, 5.77154351e+02, 9.99999999e+11, 6.76600000e+01
5.79158359e+02, 2.76354655e+00, 1.72366731e-03, 6.36330115e+00, 2.12677200e+01, 5.79158359e+02, 9.99999999e+11, 6.76600000e+01
5.81162367e+02, 2.76504413e+00, 1.71773384e-03, 6.36674944e+00, 2.12642717e+01, 5.81162367e+02, 9.99999999e+11, 6.76600000e+01
5.83166374e+02, 2.76653655e+00, 1.71184108e-03, 6.37018588e+00, 2.12608353e+01, 5.83166374e+02, 9.99999999e+11, 6.76600000e+01
5.85170382e+02, 2.76802387e+00, 1.70598862e-03, 6.37361056e+00, 2.12574106e+01, 5.85170382e+02, 9.99999999e+11, 6.76600000e+01
5.87174390e+02, 2.76950611e+00, 1.70017603e-03, 6.37702354e+00, 2.12539976e+01, 5.87174390e+02, 9.99999999e+11, 6.76600000e+01
5.89178398e+02, 2.77098331e+00, 1.69440292e-03, 6.38042492e+00, 2.12505963e+01, 5.89178398e+02, 9.99999999e+11, 6.76600000e+01
5.91182406e+02, 2.77245550e+00, 1.68866888e-03, 6.38381476e+00, 2.12472064e+01, 5.91182406e+02, 9.99999999e+11, 6.76600000e+01
5.93186413e+02, 2.77392272e+00, 1.68297352e-03, 6.38719315e+00, 2.12438280e+01, 5.93186413e+02, 9.99999999e+11, 6.76600000e+01
5.95190421e+02, 2.77538499e+00, 1.67731645e-03, 6.39056017e+00, 2.12404610e+01, 5.95190421e+02, 9.99999999e+11, 6.76600000e+01
5.97194429e+02, 2.77684236e+00, 1.67169728e-03, 6.39391589e+00, 2.12371053e+01, 5.97194429e+02, 9.99999999e+11, 6.76600000e+01
5.99198437e+02, 2.77829486e+00, 1.66611564e-03, 6.39726039e+00, 2.12337608e+01, 5.99198437e+02, 9.99999999e+11, 6.76600000e+01
6.01202445e+02, 2.77974251e+00, 1.66057114e-03, 6.40059374e+00, 2.12304274e+01, 6.01202445e+02, 9.99999999e+11, 6.76600000e+01
6.03206453e+02, 2.78118536e+00, 1.65506342e-03, 6.40391601e+00, 2.12271052e+01, 6.03206453e+02, 9.99999999e+11, 6.76600000e+01
6.05210460e+02, 2.78262343e+00, 1.64959212e-03, 6.40722728e+00, 2.12237939e+01, 6.05210460e+02, 9.99999999e+11, 6.76600000e+01
6.07214468e+02, 2.78405675e+00, 1.64415688e-03, 6.41052763e+00, 2.12204936e+01, 6.07214468e+02, 9.99999999e+11, 6.76600000e+01
6.09218476e+02, 2.78548535e+00, 1.63875733e-03, 6.41381711e+00, 2.12172041e+01, 6.09218476e+02, 9.99999999e+11, 6.76600000e+01
6.11222484e+02, 2.78690927e+00, 1.63339313e-03, 6.41709582e+00, 2.12139254e+01, 6.11222484e+02, 9.99999999e+11, 6.76600000e+01
6.13226492e+02, 2.78832854e+00, 1.62806394e-03, 6.42036380e+00, 2.12106574e+01, 6.13226492e+02, 9.99999999e+11, 6.76600000e+01
6.15230499e+02, 2.78974319e+00, 1.62276940e-03, 6.42362115e+00, 2.12074000e+01, 6.15230499e+02, 9.99999999e+11, 6.76600000e+01
6.17234507e+02, 2.79115324e+00, 1.61750919e-03, 6.42686791e+00, 2.12041533e+01, 6.17234507e+02, 9.99999999e+11, 6.76600000e+01
6.19238515e+02, 2.79255873e+00, 1.61228298e-03, 6.43010417e+00, 2.12009170e+01, 6.19238515e+02, 9.99999999e+11, 6.76600000e+01
6.21242523e+02, 2.79395969e+00, 1.60709042e-03, 6.43332999e+00, 2.11976912e+01, 6.21242523e+02, 9.99999999e+11, 6.76600000e+01
6.23246531e+02, 2.79535614e+00, 1.60193121e-03, 6.43654544e+00, 2.11944757e+01, 6.23246531e+02, 9.99999999e+11, 6.76600000e+01
6.25250538e+02, 2.79674811e+00, 1.59680501e-03, 6.43975058e+00, 2.11912706e+01, 6.25250538e+02, 9.99999999e+11, 6.76600000e+01
6.27254546e+02, 2.79813564e+00, 1.59171152e-03, 6.44294548e+00, 2.11880757e+01, 6.27254546e+02, 9.99999999e+11, 6.76600000e+01
6.29258554e+02, 2.79951875e+00, 1.58665042e-03, 6.44613021e+00, 2.11848910e+01, 6.29258554e+02, 9.99999999e+11, 6.76600000e+01
6.31262562e+02, 2.80089747e+00, 1.58162140e-03, 6.44930483e+00, 2.11817164e+01, 6.31262562e+02, 9.99999999e+11, 6.76600000e+01
6.33266570e+02, 2.80227182e+00, 1.57662416e-03, 6.45246940e+00, 2.11785518e+01, 6.33266570e+02, 9.99999999e+11, 6.76600000e+01
6.35270578e+02, 2.80364184e+00, 1.57165840e-03, 6.45562398e+00, 2.11753972e+01, 6.35270578e+02, 9.99999999e+11, 6.76600000e+01
6.37274585e+02, 2.80500755e+00, 1.56672383e-03, 6.45876865e+00, 2.11722525e+01, 6.37274585e+02, 9.99999999e+11, 6.76600000e+01
6.39278593e+02, 2.80636898e+00, 1.56182014e-03, 6.46190346e+00, 2.11691177e+01, 6.39278593e+02, 9.99999999e+11, 6.76600000e+01
6.41282601e+02, 2.80772616e+00, 1.55694705e-03, 6.46502847e+00, 2.11659927e+01, 6.41282601e+02, 9.99999999e+11, 6.76600000e+01
6.43286609e+02, 2.80907910e+00, 1.55210428e-03, 6.46814375e+00, 2.11628774e+01, 6.43286609e+02, 9.99999999e+11, 6.76600000e+01
6.45290617e+02, 2.81042785e+00, 1.54729153e-03, 6.47124935e+00, 2.11597718e+01, 6.45290617e+02, 9.99999999e+11, 6.76600000e+01
6.47294624e+02, 2.81177242e+00, 1.54250855e-03, 6.47434534e+00, 2.11566759e+01, 6.47294624e+02, 9.99999999e+11, 6.76600000e+01
6.49298632e+02, 2.81311284e+00, 1.53775504e-03, 6.47743177e+00, 2.11535894e+01, 6.49298632e+02, 9.99999999e+11, 6.76600000e+01
6.51302640e+02, 2.81444914e+00, 1.53303074e-03, 6.48050871e+00, 2.11505125e+01, 6.51302640e+02, 9.99999999e+11, 6.76600000e+01
6.53306648e+02, 2.81578133e+00, 1.52833538e-03, 6.48357621e+00, 2.11474450e+01, 6.53306648e+02, 9.99999999e+11, 6.76600000e+01
6.55310656e+02, 2.81710946e+00, 1.52366869e-03, 6.48663432e+00, 2.11443869e+01, 6.55310656e+02, 9.99999999e+11, 6.76600000e+01
6.57314664e+02, 2.81843353e+00, 1.51903042e-03, 6.48968312e+00, 2.11413381e+01, 6.57314664e+02, 9.99999999e+11, 6.76600000e+01
6.59318671e+02, 2.81975358e+00, 1.51442030e-03, 6.49272264e+00, 2.11382986e+01, 6.59318671e+02, 9.99999999e+11, 6.76600000e+01
6.61322679e+02, 2.82106963e+00, 1.50983808e-03, 6.49575296e+00, 2.11352682e+01, 6.61322679e+02, 9.99999999e+11, 6.76600000e+01
6.63326687e+02, 2.82238170e+00, 1.50528350e-03, 6.49877412e+00, 2.11322471e+01, 6.63326687e+02, 9.99999999e+11, 6.76600000e+01
6.65330695e+02, 2.82368982e+00, 1.50075632e-03, 6.50178618e+00, 2.11292350e+01, 6.65330695e+02, 9.99999999e+11, 6.76600000e+01
6.67334703e+02, 2.82499401e+00, 1.49625629e-03, 6.50478919e+00, 2.11262320e+01, 6.67334703e+02, 9.99999999e+11, 6.76600000e+01
6.69338710e+02, 2.82629430e+00, 1.49178316e-03, 6.50778322e+00, 2.11232380e+01, 6.69338710e+02, 9.99999999e+11, 6.76600000e+01
6.71342718e+02, 2.82759071e+00, 1.48733670e-03, 6.51076830e+00, 2.11202529e+01, 6.71342718e+02, 9.99999999e+11, 6.76600000e+01
6.73346726e+02, 2.82888325e+00, 1.48291667e-03, 6.51374450e+00, 2.11172767e+01, 6.73346726e+02, 9.99999999e+11, 6.76600000e+01
6.75350734e+02, 2.83017197e+00, 1.47852283e-03, 6.51671187e+00, 2.11143093e+01, 6.75350734e+02, 9.99999999e+11, 6.76600000e+01
6.77354742e+02, 2.83145687e+00, 1.47415495e-03, 6.51967047e+00, 2.11113507e+01, 6.77354742e+02, 9.99999999e+11, 6.76600000e+01
6.79358749e+02, 2.83273797e+00, 1.46981280e-03, 6.52262033e+00, 2.11084009e+01, 6.79358749e+02, 9.99999999e+11, 6.76600000e+01
6.81362757e+02, 2.83401532e+00, 1.46549616e-03, 6.52556152e+00, 2.11054597e+01, 6.81362757e+02, 9.99999999e+11, 6.76600000e+01
6.83366765e+02, 2.83528891e+00, 1.46120480e-03, 6.52849408e+00, 2.11025271e+01, 6.83366765e+02, 9.99999999e+11, 6.76600000e+01
6.85370773e+02, 2.83655878e+00, 1.45693849e-03, 6.53141807e+00, 2.10996031e+01, 6.85370773e+02, 9.99999999e+11, 6.76600000e+01
6.87374781e+02, 2.83782495e+00, 1.45269703e-03, 6.53433353e+00, 2.10966877e+01, 6.87374781e+02, 9.99999999e+11, 6.76600000e+01
6.89378789e+02, 2.83908744e+00, 1.44848019e-03, 6.53724052e+00, 2.10937807e+01, 6.89378789e+02, 9.99999999e+11, 6.76600000e+01
6.91382796e+02, 2.84034627e+00, 1.44428776e-03, 6.54013908e+00, 2.10908821e+01, 6.91382796e+02, 9.99999999e+11, 6.76600000e+01
6.93386804e+02, 2.84160146e+00, 1.44011953e-03, 6.54302927e+00, 2.10879920e+01, 6.93386804e+02, 9.99999999e+11, 6.76600000e+01
6.95390812e+02, 2.84285303e+00, 1.43597529e-03, 6.54591112e+00, 2.10851101e+01, 6.95390812e+02, 9.99999999e+11, 6.76600000e+01
6.97394820e+02, 2.84410101e+00, 1.43185484e-03, 6.54878470e+00, 2.10822365e+01, 6.97394820e+02, 9.99999999e+11, 6.76600000e+01
6.99398828e+02, 2.84534541e+00, 1.42775796e-03, 6.55165004e+00, 2.10793712e+01, 6.99398828e+02, 9.99999999e+11, 6.76600000e+01
7.01402835e+02, 2.84658626e+00, 1.42368446e-03, 6.55450719e+00, 2.10765140e+01, 7.01402835e+02, 9.99999999e+11, 6.76600000e+01
7.03406843e+02, 2.84782357e+00, 1.41963414e-03, 6.55735620e+00, 2.10736650e+01, 7.03406843e+02, 9.99999999e+11, 6.76600000e+01
7.05410851e+02, 2.84905736e+00, 1.41560679e-03, 6.56019712e+00, 2.10708241e+01, 7.05410851e+02, 9.99999999e+11, 6.76600000e+01
7.07414859e+02, 2.85028766e+00, 1.41160224e-03, 6.56303000e+00, 2.10679912e+01, 7.07414859e+02, 9.99999999e+11, 6.76600000e+01
7.09418867e+02, 2.85151449e+00, 1.40762027e-03, 6.56585487e+00, 2.10651664e+01, 7.09418867e+02, 9.99999999e+11, 6.76600000e+01
7.11422875e+02, 2.85273786e+00, 1.40366071e-03, 6.56867178e+00, 2.10623495e+01, 7.11422875e+02, 9.99999999e+11, 6.76600000e+01
7.13426882e+02, 2.85395779e+00, 1.39972337e-03, 6.57148078e+00, 2.10595405e+01, 7.13426882e+02, 9.99999999e+11, 6.76600000e+01
7.15430890e+02, 2.85517430e+00, 1.39580804e-03, 6.57428191e+00, 2.10567393e+01, 7.15430890e+02, 9.99999999e+11, 6.76600000e+01
7.17434898e+02, 2.85638742e+00, 1.39191457e-03, 6.57707522e+00, 2.10539460e+01, 7.17434898e+02, 9.99999999e+11, 6.76600000e+01
7.19438906e+02, 2.85759716e+00, 1.38804275e-03, 6.57986074e+00, 2.10511605e+01, 7.19438906e+02, 9.99999999e+11, 6.76600000e+01
7.21442914e+02, 2.85880354e+00, 1.38419241e-03, 6.58263853e+00, 2.10483827e+01, 7.21442914e+02, 9.99999999e+11, 6.76600000e+01
7.23446921e+02, 2.86000657e+00, 1.38036338e-03, 6.58540862e+00, 2.10456126e+01, 7.23446921e+02, 9.99999999e+11, 6.76600000e+01
7.25450929e+02, 2.86120628e+00, 1.37655547e-03, 6.58817106e+00, 2.10428502e+01, 7.25450929e+02, 9.99999999e+11, 6.76600000e+01
7.27454937e+02, 2.86240269e+00, 1.37276851e-03, 6.59092590e+00, 2.10400953e+01, 7.27454937e+02, 9.99999999e+11, 6.76600000e+01
7.29458945e+02, 2.86359581e+00, 1.36900233e-03, 6.59367316e+00, 2.10373481e+01, 7.29458945e+02, 9.99999999e+11, 6.76600000e+01
7.31462953e+02, 2.86478566e+00, 1.36525676e-03, 6.59641289e+00, 2.10346084e+01, 7.31462953e+02, 9.99999999e+11, 6.76600000e+01
7.33466961e+02, 2.86597226e+00, 1.36153163e-03, 6.59914515e+00, 2.10318761e+01, 7.33466961e+02, 9.99999999e+11, 6.76600000e+01
7.35470968e+02, 2.86715563e+00, 1.35782678e-03, 6.60186995e+00, 2.10291513e+01, 7.35470968e+02, 9.99999999e+11, 6.76600000e+01
7.37474976e+02, 2.86833578e+00, 1.35414203e-03, 6.60458735e+00, 2.10264339e+01, 7.37474976e+02, 9.99999999e+11, 6.76600000e+01
7.39478984e+02, 2.86951274e+00, 1.35047722e-03, 6.60729739e+00, 2.10237239e+01, 7.39478984e+02, 9.99999999e+11, 6.76600000e+01
7.41482992e+02, 2.87068651e+00, 1.34683220e-03, 6.61000010e+00, 2.10210212e+01, 7.41482992e+02, 9.99999999e+11, 6.76600000e+01
7.43487000e+02, 2.87185712e+00, 1.34320680e-03, 6.61269553e+00, 2.10183257e+01, 7.43487000e+02, 9.99999999e+11, 6.76600000e+01
7.45491007e+02, 2.87302458e+00, 1.33960087e-03, 6.61538371e+00, 2.10156375e+01, 7.45491007e+02, 9.99999999e+11, 6.76600000e+01
7.47495015e+02, 2.87418891e+00, 1.33601424e-03, 6.61806469e+00, 2.10129566e+01, 7.47495015e+02, 9.99999999e+11, 6.76600000e+01
7.49499023e+02, 2.87535013e+00, 1.33244677e-03, 6.62073849e+00, 2.10102828e+01, 7.49499023e+02, 9.99999999e+11, 6.76600000e+01
7.51503031e+02, 2.87650825e+00, 1.32889830e-03, 6.62340517e+00, 2.10076161e+01, 7.51503031e+02, 9.99999999e+11, 6.76600000e+01
7.53507039e+02, 2.87766330e+00, 1.32536868e-03, 6.62606476e+00, 2.10049565e+01, 7.53507039e+02, 9.99999999e+11, 6.76600000e+01
7.55511046e+02, 2.87881527e+00, 1.32185776e-03, 6.62871729e+00, 2.10023040e+01, 7.55511046e+02, 9.99999999e+11, 6.76600000e+01
7.57515054e+02, 2.87996420e+00, 1.31836540e-03, 6.63136280e+00, 2.09996585e+01, 7.57515054e+02, 9.99999999e+11, 6.76600000e+01
7.59519062e+02, 2.88111010e+00, 1.31489143e-03, 6.63400133e+00, 2.09970199e+01, 7.59519062e+02, 9.99999999e+11, 6.76600000e+01
7.61523070e+02, 2.88225299e+00, 1.31143573e-03, 6.63663292e+00, 2.09943884e+01, 7.61523070e+02, 9.99999999e+11, 6.76600000e+01
7.63527078e+02, 2.88339287e+00, 1.30799815e-03, 6.63925760e+00, 2.09917637e+01, 7.63527078e+02, 9.99999999e+11, 6.76600000e+01
7.65531086e+02, 2.88452977e+00, 1.30457853e-03, 6.64187541e+00, 2.09891459e+01, 7.65531086e+02, 9.99999999e+11, 6.76600000e+01
7.67535093e+02, 2.88566370e+00, 1.30117676e-03, 6.64448639e+00, 2.09865349e+01, 7.67535093e+02, 9.99999999e+11, 6.76600000e+01
7.69539101e+02, 2.88679468e+00, 1.29779267e-03, 6.64709056e+00, 2.09839307e+01, 7.69539101e+02, 9.99999999e+11, 6.76600000e+01
7.71543109e+02, 2.88792272e+00, 1.29442615e-03, 6.64968797e+00, 2.09813333e+01, 7.71543109e+02, 9.99999999e+11, 6.76600000e+01
7.73547117e+02, 2.88904784e+00, 1.29107704e-03, 6.65227866e+00, 2.09787426e+01, 7.73547117e+02, 9.99999999e+11, 6.76600000e+01
7.75551125e+02, 2.89017005e+00, 1.28774522e-03, 6.65486265e+00, 2.09761586e+01, 7.75551125e+02, 9.99999999e+11, 6.76600000e+01
7.77555132e+02, 2.89128937e+00, 1.28443055e-03, 6.65743998e+00, 2.09735813e+01, 7.77555132e+02, 9.99999999e+11, 6.76600000e+01
7.79559140e+02, 2.89240581e+00, 1.28113291e-03, 6.66001068e+00, 2.09710106e+01, 7.79559140e+02, 9.99999999e+11, 6.76600000e+01
7.81563148e+02, 2.89351939e+00, 1.27785215e-03, 6.66257479e+00, 2.09684465e+01, 7.81563148e+02, 9.99999999e+11, 6.76600000e+01
7.83567156e+02, 2.89463012e+00, 1.27458815e-03, 6.66513235e+00, 2.09658889e+01, 7.83567156e+02, 9.99999999e+11, 6.76600000e+01
7.85571164e+02, 2.89573802e+00, 1.27134078e-03, 6.66768338e+00, 2.09633379e+01, 7.85571164e+02, 9.99999999e+11, 6.76600000e+01
7.87575172e+02, 2.89684310e+00, 1.26810992e-03, 6.67022791e+00, 2.09607934e+01, 7.87575172e+02, 9.99999999e+11, 6.76600000e+01
7.89579179e+02, 2.89794537e+00, 1.26489544e-03, 6.67276599e+00, 2.09582553e+01, 7.89579179e+02, 9.99999999e+11, 6.76600000e+01
7.91583187e+02, 2.89904486e+00, 1.26169722e-03, 6.67529765e+00, 2.09557236e+01, 7.91583187e+02, 9.99999999e+11, 6.76600000e+01
7.93587195e+02, 2.90014156e+00, 1.25851512e-03, 6.67782291e+00, 2.09531984e+01, 7.93587195e+02, 9.99999999e+11, 6.76600000e+01
7.95591203e+02, 2.90123551e+00, 1.25534904e-03, 6.68034181e+00, 2.09506795e+01, 7.95591203e+02, 9.99999999e+11, 6.76600000e+01
7.97595211e+02, 2.90232670e+00, 1.25219884e-03, 6.68285438e+00, 2.09481669e+01, 7.97595211e+02, 9.99999999e+11, 6.76600000e+01
7.99599218e+02, 2.90341516e+00, 1.24906442e-03, 6.68536066e+00, 2.09456606e+01, 7.99599218e+02, 9.99999999e+11, 6.76600000e+01
8.01603226e+02, 2.90450090e+00, 1.24594565e-03, 6.68786067e+00, 2.09431606e+01, 8.01603226e+02, 9.99999999e+11, 6.76600000e+01
8.03607234e+02, 2.90558393e+00, 1.24284242e-03, 6.69035444e+00, 2.09406669e+01, 8.03607234e+02, 9.99999999e+11, 6.76600000e+01
8.05611242e+02, 2.90666427e+00, 1.23975460e-03, 6.69284201e+00, 2.09381793e+01, 8.05611242e+02, 9.99999999e+11, 6.76600000e+01
8.07615250e+02, 2.90774193e+00, 1.23668209e-03, 6.69532341e+00, 2.09356979e+01, 8.07615250e+02, 9.99999999e+11, 6.76600000e+01
8.09619258e+02, 2.90881692e+00, 1.23362478e-03, 6.69779867e+00, 2.09332226e+01, 8.09619258e+02, 9.99999999e+11, 6.76600000e+01
8.11623265e+02, 2.90988925e+00, 1.23058254e-03, 6.70026781e+00, 2.09307535e+01, 8.11623265e+02, 9.99999999e+11, 6.76600000e+01
8.13627273e+02, 2.91095895e+00, 1.22755527e-03, 6.70273088e+00, 2.09282904e+01, 8.13627273e+02, 9.99999999e+11, 6.76600000e+01
8.15631281e+02, 2.91202601e+00, 1.22454285e-03, 6.70518789e+00, 2.09258334e+01, 8.15631281e+02, 9.99999999e+11, 6.76600000e+01
8.17635289e+02, 2.91309046e+00, 1.22154519e-03, 6.70763888e+00, 2.09233824e+01, 8.17635289e+02, 9.99999999e+11, 6.76600000e+01
8.19639297e+02, 2.91415231e+00, 1.21856217e-03, 6.71008387e+00, 2.09209374e+01, 8.19639297e+02, 9.99999999e+11, 6.76600000e+01
8.21643304e+02, 2.91521157e+00, 1.21559368e-03, 6.71252291e+00, 2.09184984e+01, 8.21643304e+02, 9.99999999e+11, 6.76600000e+01
8.23647312e+02, 2.91626825e+00, 1.21263962e-03, 6.71495601e+00, 2.09160653e+01, 8.23647312e+02, 9.99999999e+11, 6.76600000e+01
8.25651320e+02, 2.91732236e+00, 1.20969988e-03, 6.71738320e+00, 2.09136381e+01, 8.25651320e+02, 9.99999999e+11, 6.76600000e+01
8.27655328e+02, 2.91837393e+00, 1.20677436e-03, 6.71980452e+00, 2.09112168e+01, 8.27655328e+02, 9.99999999e+11, 6.76600000e+01
8.29659336e+02, 2.91942295e+00, 1.20386295e-03, 6.72221998e+00, 2.09088014e+01, 8.29659336e+02, 9.99999999e+11, 6.76600000e+01
8.31663343e+02, 2.92046945e+00, 1.20096556e-03, 6.72462963e+00, 2.09063917e+01, 8.31663343e+02, 9.99999999e+11, 6.76600000e+01
8.33667351e+02, 2.92151343e+00, 1.19808208e-03, 6.72703349e+00, 2.09039879e+01, 8.33667351e+02, 9.99999999e+11, 6.76600000e+01
8.35671359e+02, 2.92255490e+00, 1.19521242e-03, 6.72943158e+00, 2.09015898e+01, 8.35671359e+02, 9.99999999e+11, 6.76600000e+01
8.37675367e+02, 2.92359389e+00, 1.19235647e-03, 6.73182393e+00, 2.08991974e+01, 8.37675367e+02, 9.99999999e+11, 6.76600000e+01
8.39679375e+02, 2.92463039e+00, 1.18951414e-03, 6.73421057e+00, 2.08968108e+01, 8.39679375e+02, 9.99999999e+11, 6.76600000e+01
8.41683383e+02, 2.92566443e+00, 1.18668532e-03, 6.73659153e+00, 2.08944298e+01, 8.41683383e+02, 9.99999999e+11, 6.76600000e+01
8.43687390e+02, 2.92669601e+00, 1.18386993e-03, 6.73896684e+00, 2.08920545e+01, 8.43687390e+02, 9.99999999e+11, 6.76600000e+01
8.45691398e+02, 2.92772515e+00, 1.18106786e-03, 6.74133652e+00, 2.08896848e+01, 8.45691398e+02, 9.99999999e+11, 6.76600000e+01
8.47695406e+02, 2.92875185e+00, 1.17827903e-03, 6.74370059e+00, 2.08873208e+01, 8.47695406e+02, 9.99999999e+11, 6.76600000e+01
8.49699414e+02, 2.92977613e+00, 1.17550334e-03, 6.74605909e+00, 2.08849623e+01, 8.49699414e+02, 9.99999999e+11, 6.76600000e+01
8.51703422e+02, 2.93079801e+00, 1.17274069e-03, 6.74841204e+00, 2.08826093e+01, 8.51703422e+02, 9.99999999e+11, 6.76600000e+01
8.53707429e+02, 2.93181748e+00, 1.16999100e-03, 6.75075947e+00, 2.08802619e+01, 8.53707429e+02, 9.99999999e+11, 6.76600000e+01
8.55711437e+02, 2.93283456e+00, 1.16725417e-03, 6.75310140e+00, 2.08779200e+01, 8.55711437e+02, 9.99999999e+11, 6.76600000e+01
8.57715445e+02, 2.93384927e+00, 1.16453012e-03, 6.75543785e+00, 2.08755835e+01, 8.57715445e+02, 9.99999999e+11, 6.76600000e+01
8.59719453e+02, 2.93486162e+00, 1.16181875e-03, 6.75776886e+00, 2.08732525e+01, 8.59719453e+02, 9.99999999e+11, 6.76600000e+01
8.61723461e+02, 2.93587161e+00, 1.15911998e-03, 6.76009445e+00, 2.08709269e+01, 8.61723461e+02, 9.99999999e+11, 6.76600000e+01
8.63727469e+02, 2.93687925e+00, 1.15643372e-03, 6.76241465e+00, 2.08686067e+01, 8.63727469e+02, 9.99999999e+11, 6.76600000e+01
8.65731476e+02, 2.93788457e+00, 1.15375988e-03, 6.76472947e+00, 2.08662919e+01, 8.65731476e+02, 9.99999999e+11, 6.76600000e+01
8.67735484e+02, 2.93888756e+00, 1.15109837e-03, 6.76703895e+00, 2.08639824e+01, 8.67735484e+02, 9.99999999e+11, 6.76600000e+01
8.69739492e+02, 2.93988824e+00, 1.14844912e-03, 6.76934310e+00, 2.08616783e+01, 8.69739492e+02, 9.99999999e+11, 6.76600000e+01
8.71743500e+02, 2.94088662e+00, 1.14581203e-03, 6.77164196e+00, 2.08593794e+01, 8.71743500e+02, 9.99999999e+11, 6.76600000e+01
8.73747508e+02, 2.94188271e+00, 1.14318702e-03, 6.77393555e+00, 2.08570858e+01, 8.73747508e+02, 9.99999999e+11, 6.76600000e+01
8.75751515e+02, 2.94287653e+00, 1.14057402e-03, 6.77622389e+00, 2.08547975e+01, 8.75751515e+02, 9.99999999e+11, 6.76600000e+01
8.77755523e+02, 2.94386807e+00, 1.13797293e-03, 6.77850700e+00, 2.08525144e+01, 8.77755523e+02, 9.99999999e+11, 6.76600000e+01
8.79759531e+02, 2.94485735e+00, 1.13538368e-03, 6.78078491e+00, 2.08502365e+01, 8.79759531e+02, 9.99999999e+11, 6.76600000e+01
8.81763539e+02, 2.94584439e+00, 1.13280619e-03, 6.78305765e+00, 2.08479637e+01, 8.81763539e+02, 9.99999999e+11, 6.76600000e+01
8.83767547e+02, 2.94682918e+00, 1.13024037e-03, 6.78532523e+00, 2.08456962e+01, 8.83767547e+02, 9.99999999e+11, 6.76600000e+01
8.85771555e+02, 2.94781175e+00, 1.12768615e-03, 6.78758768e+00, 2.08434337e+01, 8.85771555e+02, 9.99999999e+11, 6.76600000e+01
8.87775562e+02, 2.94879210e+00, 1.12514345e-03, 6.78984503e+00, 2.08411764e+01, 8.87775562e+02, 9.99999999e+11, 6.76600000e+01
8.89779570e+02, 2.94977025e+00, 1.12261219e-03, 6.79209729e+00, 2.08389241e+01, 8.89779570e+02, 9.99999999e+11, 6.76600000e+01
8.91783578e+02, 2.95074619e+00, 1.12009229e-03, 6.79434449e+00, 2.08366769e+01, 8.91783578e+02, 9.99999999e+11, 6.76600000e+01
8.93787586e+02, 2.95171995e+00, 1.11758368e-03, 6.79658665e+00, 2.08344348e+01, 8.93787586e+02, 9.99999999e+11, 6.76600000e+01
8.95791594e+02, 2.95269153e+00, 1.11508628e-03, 6.79882379e+00, 2.08321976e+01, 8.95791594e+02, 9.99999999e+11, 6.76600000e+01
8.97795601e+02, 2.95366094e+00, 1.11260002e-03, 6.80105594e+00, 2.08299655e+01, 8.97795601e+02, 9.99999999e+11, 6.76600000e+01
8.99799609e+02, 2.95462819e+00, 1.11012482e-03, 6.80328312e+00, 2.08277383e+01, 8.99799609e+02, 9.99999999e+11, 6.76600000e+01
9.01803617e+02, 2.95559329e+00, 1.10766060e-03, 6.80550536e+00, 2.08255161e+01, 9.01803617e+02, 9.99999999e+11, 6.76600000e+01
9.03807625e+02, 2.95655625e+00, 1.10520731e-03, 6.80772266e+00, 2.08232988e+01, 9.03807625e+02, 9.99999999e+11, 6.76600000e+01
9.05811633e+02, 2.95751708e+00, 1.10276486e-03, 6.80993506e+00, 2.08210864e+01, 9.05811633e+02, 9.99999999e+11, 6.76600000e+01
9.07815640e+02, 2.95847579e+00, 1.10033318e-03, 6.81214257e+00, 2.08188789e+01, 9.07815640e+02, 9.99999999e+11, 6.76600000e+01
9.09819648e+02, 2.95943239e+00, 1.09791220e-03, 6.81434522e+00, 2.08166762e+01, 9.09819648e+02, 9.99999999e+11, 6.76600000e+01
9.11823656e+02, 2.96038689e+00, 1.09550185e-03, 6.81654303e+00, 2.08144784e+01, 9.11823656e+02, 9.99999999e+11, 6.76600000e+01
9.13827664e+02, 2.96133929e+00, 1.09310206e-03, 6.81873602e+00, 2.08122854e+01, 9.13827664e+02, 9.99999999e+11, 6.76600000e+01
9.15831672e+02, 2.96228961e+00, 1.09071276e-03, 6.82092421e+00, 2.08100972e+01, 9.15831672e+02, 9.99999999e+11, 6.76600000e+01
9.17835680e+02, 2.96323785e+00, 1.08833388e-03, 6.82310763e+00, 2.08079138e+01, 9.17835680e+02, 9.99999999e+11, 6.76600000e+01
9.19839687e+02, 2.96418403e+00, 1.08596536e-03, 6.82528629e+00, 2.08057352e+01, 9.19839687e+02, 9.99999999e+11, 6.76600000e+01
9.21843695e+02, 2.96512815e+00, 1.08360712e-03, 6.82746021e+00, 2.08035612e+01, 9.21843695e+02, 9.99999999e+11, 6.76600000e+01
9.23847703e+02, 2.96607022e+00, 1.08125911e-03, 6.82962941e+00, 2.08013920e+01, 9.23847703e+02, 9.99999999e+11, 6.76600000e+01
9.25851711e+02, 2.96701026e+00, 1.07892124e-03, 6.83179392e+00, 2.07992275e+01, 9.25851711e+02, 9.99999999e+11, 6.76600000e+01
9.27855719e+02, 2.96794826e+00, 1.07659347e-03, 6.83395376e+00, 2.07970677e+01, 9.27855719e+02, 9.99999999e+11, 6.76600000e+01
9.29859726e+02, 2.96888424e+00, 1.07427572e-03, 6.83610894e+00, 2.07949125e+01, 9.29859726e+02, 9.99999999e+11, 6.76600000e+01
9.31863734e+02, 2.96981821e+00, 1.07196792e-03, 6.83825949e+00, 2.07927620e+01, 9.31863734e+02, 9.99999999e+11, 6.76600000e+01
9.33867742e+02, 2.97075017e+00, 1.06967002e-03, 6.84040542e+00, 2.07906160e+01, 9.33867742e+02, 9.99999999e+11, 6.76600000e+01
9.35871750e+02, 2.97168014e+00, 1.06738196e-03, 6.84254675e+00, 2.07884747e+01, 9.35871750e+02, 9.99999999e+11, 6.76600000e+01
9.37875758e+02, 2.97260813e+00, 1.06510365e-03, 6.84468351e+00, 2.07863380e+01, 9.37875758e+02, 9.99999999e+11, 6.76600000e+01
9.39879766e+02, 2.97353413e+00, 1.06283506e-03, 6.84681572e+00, 2.07842058e+01, 9.39879766e+02, 9.99999999e+11, 6.76600000e+01
9.41883773e+02, 2.97445816e+00, 1.06057611e-03, 6.84894338e+00, 2.07820781e+01, 9.41883773e+02, 9.99999999e+11, 6.76600000e+01
9.43887781e+02, 2.97538023e+00, 1.05832673e-03, 6.85106653e+00, 2.07799549e+01, 9.43887781e+02, 9.99999999e+11, 6.76600000e+01
9.45891789e+02, 2.97630035e+00, 1.05608689e-03, 6.85318519e+00, 2.07778363e+01, 9.45891789e+02, 9.99999999e+11, 6.76600000e+01
9.47895797e+02, 2.97721852e+00, 1.05385650e-03, 6.85529936e+00, 2.07757221e+01, 9.47895797e+02, 9.99999999e+11, 6.76600000e+01
9.49899805e+02, 2.97813476e+00, 1.05163551e-03, 6.85740907e+00, 2.07736124e+01, 9.49899805e+02, 9.99999999e+11, 6.76600000e+01
9.51903812e+02, 2.97904906e+00, 1.04942386e-03, 6.85951434e+00, 2.07715071e+01, 9.51903812e+02, 9.99999999e+11, 6.76600000e+01
9.53907820e+02, 2.97996145e+00, 1.04722150e-03, 6.86161519e+00, 2.07694063e+01, 9.53907820e+02, 9.99999999e+11, 6.76600000e+01
9.55911828e+02, 2.98087192e+00, 1.04502836e-03, 6.86371164e+00, 2.07673099e+01, 9.55911828e+02, 9.99999999e+11, 6.76600000e+01
9.57915836e+02, 2.98178049e+00, 1.04284439e-03, 6.86580370e+00, 2.07652178e+01, 9.57915836e+02, 9.99999999e+11, 6.76600000e+01
9.59919844e+02, 2.98268716e+00, 1.04066953e-03, 6.86789139e+00, 2.07631301e+01, 9.59919844e+02, 9.99999999e+11, 6.76600000e+01
9.61923852e+02, 2.98359194e+00, 1.03850372e-03, 6.86997473e+00, 2.07610468e+01, 9.61923852e+02, 9.99999999e+11, 6.76600000e+01
9.63927859e+02, 2.98449485e+00, 1.03634690e-03, 6.87205374e+00, 2.07589678e+01, 9.63927859e+02, 9.99999999e+11, 6.76600000e+01
9.65931867e+02, 2.98539587e+00, 1.03419903e-03, 6.87412843e+00, 2.07568931e+01, 9.65931867e+02, 9.99999999e+11, 6.76600000e+01
9.67935875e+02, 2.98629504e+00, 1.03206004e-03, 6.87619884e+00, 2.07548227e+01, 9.67935875e+02, 9.99999999e+11, 6.76600000e+01
9.69939883e+02, 2.98719234e+00, 1.02992988e-03, 6.87826496e+00, 2.07527566e+01, 9.69939883e+02, 9.99999999e+11, 6.76600000e+01
9.71943891e+02, 2.98808780e+00, 1.02780850e-03, 6.88032682e+00, 2.07506947e+01, 9.71943891e+02, 9.99999999e+11, 6.76600000e+01
9.73947898e+02, 2.98898141e+00, 1.02569584e-03, 6.88238444e+00, 2.07486371e+01, 9.73947898e+02, 9.99999999e+11, 6.76600000e+01
9.75951906e+02, 2.98987318e+00, 1.02359184e-03, 6.88443784e+00, 2.07465837e+01, 9.75951906e+02, 9.99999999e+11, 6.76600000e+01
9.77955914e+02, 2.99076313e+00, 1.02149646e-03, 6.88648703e+00, 2.07445345e+01, 9.77955914e+02, 9.99999999e+11, 6.76600000e+01
9.79959922e+02, 2.99165126e+00, 1.01940964e-03, 6.88853203e+00, 2.07424895e+01, 9.79959922e+02, 9.99999999e+11, 6.76600000e+01
9.81963930e+02, 2.99253758e+00, 1.01733133e-03, 6.89057285e+00, 2.07404487e+01, 9.81963930e+02, 9.99999999e+11, 6.76600000e+01
9.83967937e+02, 2.99342209e+00, 1.01526147e-03, 6.89260952e+00, 2.07384120e+01, 9.83967937e+02, 9.99999999e+11, 6.76600000e+01
9.85971945e+02, 2.99430481e+00, 1.01320003e-03, 6.89464205e+00, 2.07363795e+01, 9.85971945e+02, 9.99999999e+11, 6.76600000e+01
9.87975953e+02, 2.99518573e+00, 1.01114693e-03, 6.89667045e+00, 2.07343511e+01, 9.87975953e+02, 9.99999999e+11, 6.76600000e+01
9.89979961e+02, 2.99606487e+00, 1.00910214e-03, 6.89869475e+00, 2.07323268e+01, 9.89979961e+02, 9.99999999e+11, 6.76600000e+01
9.91983969e+02, 2.99694224e+00, 1.00706560e-03, 6.90071496e+00, 2.07303066e+01, 9.91983969e+02, 9.99999999e+11, 6.76600000e+01
9.93987977e+02, 2.99781783e+00, 1.00503727e-03, 6.90273110e+00, 2.07282905e+01, 9.93987977e+02, 9.99999999e+11, 6.76600000e+01
9.95991984e+02, 2.99869167e+00, 1.00301709e-03, 6.90474318e+00, 2.07262784e+01, 9.95991984e+02, 9.99999999e+11, 6.76600000e+01
9.97995992e+02, 2.99956375e+00, 1.00100502e-03, 6.90675122e+00, 2.07242703e+01, 9.97995992e+02, 9.99999999e+11, 6.76600000e+01
1.00000000e+03, 3.00043408e+00, 9.99000999e-04, 6.90875524e+00, 2.07222663e+01, 1.00000000e+03, 9.99999999e+11, 6.76600000e+01
