 --- Cosmological Parameters --- 
	 H0: 2.1927e-18 (1/s) = 67.6600 (km/s/Mpc) 
	 OmegaM: 0.0000e+00 
	 OmegaR: 1.0000e+00 
	 OmegaL: 0.0000e+00 
	 OmegaK: 0.0000e+00 
		 w0: -1.0000e+00 
		 wa: 0.0000e+00 
	 rho_crit: 8.6009e-30 (g/cm^3) 
z, log10(1+z), a, H0*t_look, H0*t_age, H0*t_conf, H0*t_conf_age, H(z) 
1.00000000e-04, 4.34272769e-05, 9.99900010e-01, 9.99850020e-05, 4.99900015e-01, 9.99900010e-05, 9.99900010e-01, 6.76735327e+01
2.00410782e+00, 4.77715515e-01, 3.32877533e-01, 4.44596274e-01, 5.54037262e-02, 6.67122467e-01, 3.32877533e-01, 6.10608751e+02
4.00811563e+00, 6.99674348e-01, 1.99675901e-01, 4.80064767e-01, 1.99352327e-02, 8.00324099e-01, 1.99675901e-01, 1.69699549e+03
6.01212345e+00, 8.45849553e-01, 1.42610153e-01, 4.89831172e-01, 1.01688279e-02, 8.57389847e-01, 1.42610153e-01, 3.32683376e+03
8.01613126e+00, 9.55020226e-01, 1.10912316e-01, 4.93849229e-01, 6.15077092e-03, 8.89087684e-01, 1.10912316e-01, 5.50012355e+03
1.00201391e+01, 1.04218708e+00, 9.07429564e-02, 4.95882858e-01, 4.11714207e-03, 9.09257044e-01, 9.07429564e-02, 8.21686486e+03
1.20241469e+01, 1.11474929e+00, 7.67804608e-02, 4.97052380e-01, 2.94761958e-03, 9.23219539e-01, 7.67804608e-02, 1.14770577e+04
1.40281547e+01, 1.17690566e+00, 6.65417691e-02, 4.97786096e-01, 2.21390351e-03, 9.33458231e-01, 6.65417691e-02, 1.52807021e+04
1.60321625e+01, 1.23126979e+00, 5.87124505e-02, 4.98276424e-01, 1.72357592e-03, 9.41287549e-01, 5.87124505e-02, 1.96277979e+04
1.80361703e+01, 1.27957958e+00, 5.25315745e-02, 4.98620217e-01, 1.37978316e-03, 9.47468426e-01, 5.25315745e-02, 2.45183454e+04
2.00401782e+01, 1.32304941e+00, 4.75281147e-02, 4.98870539e-01, 1.12946084e-03, 9.52471885e-01, 4.75281147e-02, 2.99523443e+04
2.20441860e+01, 1.36256137e+00, 4.33948937e-02, 4.99058442e-01, 9.41558398e-04, 9.56605106e-01, 4.33948937e-02, 3.59297948e+04
2.40481938e+01, 1.39877641e+00, 3.99230383e-02, 4.99203076e-01, 7.96924494e-04, 9.60076962e-01, 3.99230383e-02, 4.24506967e+04
2.60522016e+01, 1.43220262e+00, 3.69655681e-02, 4.99316773e-01, 6.83226612e-04, 9.63034432e-01, 3.69655681e-02, 4.95150502e+04
2.80562094e+01, 1.46323896e+00, 3.44160515e-02, 4.99407768e-01, 5.92232301e-04, 9.65583948e-01, 3.44160515e-02, 5.71228553e+04
3.00602172e+01, 1.49220449e+00, 3.21955250e-02, 4.99481724e-01, 5.18275915e-04, 9.67804475e-01, 3.21955250e-02, 6.52741118e+04
3.20642251e+01, 1.51935835e+00, 3.02441687e-02, 4.99542645e-01, 4.57354870e-04, 9.69755831e-01, 3.02441687e-02, 7.39688199e+04
3.40682329e+01, 1.54491388e+00, 2.85158366e-02, 4.99593424e-01, 4.06576470e-04, 9.71484163e-01, 2.85158366e-02, 8.32069795e+04
3.60722407e+01, 1.56904884e+00, 2.69743609e-02, 4.99636192e-01, 3.63808073e-04, 9.73025639e-01, 2.69743609e-02, 9.29885906e+04
3.80762485e+01, 1.59191286e+00, 2.55909930e-02, 4.99672551e-01, 3.27449460e-04, 9.74409007e-01, 2.55909930e-02, 1.03313653e+05
4.00802563e+01, 1.61363314e+00, 2.43425940e-02, 4.99703719e-01, 2.96280941e-04, 9.75657406e-01, 2.43425940e-02, 1.14182167e+05
4.20842641e+01, 1.63431868e+00, 2.32103303e-02, 4.99730640e-01, 2.69359716e-04, 9.76789670e-01, 2.32103303e-02, 1.25594133e+05
4.40882719e+01, 1.65406359e+00, 2.21787165e-02, 4.99754052e-01, 2.45947732e-04, 9.77821284e-01, 2.21787165e-02, 1.37549550e+05
4.60922798e+01, 1.67294972e+00, 2.12349032e-02, 4.99774539e-01, 2.25460556e-04, 9.78765097e-01, 2.12349032e-02, 1.50048419e+05
4.80962876e+01, 1.69104865e+00, 2.03681388e-02, 4.99792569e-01, 2.07430539e-04, 9.79631861e-01, 2.03681388e-02, 1.63090739e+05
5.01002954e+01, 1.70842341e+00, 1.95693585e-02, 4.99808520e-01, 1.91479896e-04, 9.80430641e-01, 1.95693585e-02, 1.76676511e+05
5.21043032e+01, 1.72512971e+00, 1.88308657e-02, 4.99822699e-01, 1.77300751e-04, 9.81169134e-01, 1.88308657e-02, 1.90805735e+05
5.41083110e+01, 1.74121710e+00, 1.81460833e-02, 4.99835360e-01, 1.64640169e-04, 9.81853917e-01, 1.81460833e-02, 2.05478409e+05
5.61123188e+01, 1.75672979e+00, 1.75093574e-02, 4.99846711e-01, 1.53288798e-04, 9.82490643e-01, 1.75093574e-02, 2.20694536e+05
5.81163267e+01, 1.77170744e+00, 1.69158007e-02, 4.99856928e-01, 1.43072157e-04, 9.83084199e-01, 1.69158007e-02, 2.36454114e+05
6.01203345e+01, 1.78618572e+00, 1.63611670e-02, 4.99866156e-01, 1.33843893e-04, 9.83638833e-01, 1.63611670e-02, 2.52757143e+05
6.21243423e+01, 1.80019687e+00, 1.58417492e-02, 4.99874519e-01, 1.25480509e-04, 9.84158251e-01, 1.58417492e-02, 2.69603624e+05
6.41283501e+01, 1.81377008e+00, 1.53542965e-02, 4.99882123e-01, 1.17877211e-04, 9.84645703e-01, 1.53542965e-02, 2.86993556e+05
6.61323579e+01, 1.82693190e+00, 1.48959463e-02, 4.99889055e-01, 1.10944608e-04, 9.85104054e-01, 1.48959463e-02, 3.04926940e+05
6.81363657e+01, 1.83970655e+00, 1.44641679e-02, 4.99895394e-01, 1.04606076e-04, 9.85535832e-01, 1.44641679e-02, 3.23403776e+05
7.01403735e+01, 1.85211614e+00, 1.40567156e-02, 4.99901204e-01, 9.87956270e-05, 9.85943284e-01, 1.40567156e-02, 3.42424063e+05
7.21443814e+01, 1.86418097e+00, 1.36715901e-02, 4.99906544e-01, 9.34561879e-05, 9.86328410e-01, 1.36715901e-02, 3.61987802e+05
7.41483892e+01, 1.87591968e+00, 1.33070051e-02, 4.99911462e-01, 8.85381927e-05, 9.86692995e-01, 1.33070051e-02, 3.82094992e+05
7.61523970e+01, 1.88734942e+00, 1.29613601e-02, 4.99916002e-01, 8.39984278e-05, 9.87038640e-01, 1.29613601e-02, 4.02745633e+05
7.81564048e+01, 1.89848606e+00, 1.26332165e-02, 4.99920201e-01, 7.97990797e-05, 9.87366783e-01, 1.26332165e-02, 4.23939726e+05
8.01604126e+01, 1.90934425e+00, 1.23212779e-02, 4.99924093e-01, 7.59069448e-05, 9.87678722e-01, 1.23212779e-02, 4.45677271e+05
8.21644204e+01, 1.91993757e+00, 1.20243729e-02, 4.99927707e-01, 7.22927713e-05, 9.87975627e-01, 1.20243729e-02, 4.67958267e+05
8.41684283e+01, 1.93027863e+00, 1.17414401e-02, 4.99931069e-01, 6.89307080e-05, 9.88258560e-01, 1.17414401e-02, 4.90782715e+05
8.61724361e+01, 1.94037918e+00, 1.14715161e-02, 4.99934202e-01, 6.57978403e-05, 9.88528484e-01, 1.14715161e-02, 5.14150614e+05
8.81764439e+01, 1.95025015e+00, 1.12137237e-02, 4.99937126e-01, 6.28737993e-05, 9.88786276e-01, 1.12137237e-02, 5.38061965e+05
9.01804517e+01, 1.95990174e+00, 1.09672631e-02, 4.99939860e-01, 6.01404295e-05, 9.89032737e-01, 1.09672631e-02, 5.62516767e+05
9.21844595e+01, 1.96934349e+00, 1.07314031e-02, 4.99942418e-01, 5.75815065e-05, 9.89268597e-01, 1.07314031e-02, 5.87515021e+05
9.41884673e+01, 1.97858433e+00, 1.05054743e-02, 4.99944818e-01, 5.51824954e-05, 9.89494526e-01, 1.05054743e-02, 6.13056726e+05
9.61924752e+01, 1.98763264e+00, 1.02888624e-02, 4.99947070e-01, 5.29303444e-05, 9.89711138e-01, 1.02888624e-02, 6.39141883e+05
9.81964830e+01, 1.99649627e+00, 1.00810026e-02, 4.99949187e-01, 5.08133064e-05, 9.89918997e-01, 1.00810026e-02, 6.65770491e+05
1.00200491e+02, 2.00518262e+00, 9.88137500e-03, 4.99951179e-01, 4.88207860e-05, 9.90118625e-01, 9.88137500e-03, 6.92942551e+05
1.02204499e+02, 2.01369863e+00, 9.68950011e-03, 4.99953057e-01, 4.69432061e-05, 9.90310500e-01, 9.68950010e-03, 7.20658063e+05
1.04208506e+02, 2.02205086e+00, 9.50493486e-03, 4.99954828e-01, 4.51718933e-05, 9.90495065e-01, 9.50493486e-03, 7.48917026e+05
1.06212514e+02, 2.03024548e+00, 9.32726937e-03, 4.99956501e-01, 4.34989769e-05, 9.90672731e-01, 9.32726937e-03, 7.77719440e+05
1.08216522e+02, 2.03828834e+00, 9.15612383e-03, 4.99958083e-01, 4.19173018e-05, 9.90843876e-01, 9.15612383e-03, 8.07065306e+05
1.10220530e+02, 2.04618496e+00, 8.99114580e-03, 4.99959580e-01, 4.04203514e-05, 9.91008854e-01, 8.99114580e-03, 8.36954624e+05
1.12224538e+02, 2.05394056e+00, 8.83200780e-03, 4.99960999e-01, 3.90021809e-05, 9.91167992e-01, 8.83200780e-03, 8.67387393e+05
1.14228545e+02, 2.06156008e+00, 8.67840513e-03, 4.99962343e-01, 3.76573578e-05, 9.91321595e-01, 8.67840513e-03, 8.98363613e+05
1.16232553e+02, 2.06904822e+00, 8.53005391e-03, 4.99963620e-01, 3.63809099e-05, 9.91469946e-01, 8.53005391e-03, 9.29883285e+05
1.18236561e+02, 2.07640944e+00, 8.38668937e-03, 4.99964833e-01, 3.51682793e-05, 9.91613311e-01, 8.38668937e-03, 9.61946409e+05
1.20240569e+02, 2.08364797e+00, 8.24806423e-03, 4.99965986e-01, 3.40152818e-05, 9.91751936e-01, 8.24806423e-03, 9.94552984e+05
1.22244577e+02, 2.09076782e+00, 8.11394729e-03, 4.99967083e-01, 3.29180703e-05, 9.91886053e-01, 8.11394729e-03, 1.02770301e+06
1.24248585e+02, 2.09777283e+00, 7.98412216e-03, 4.99968128e-01, 3.18731034e-05, 9.92015878e-01, 7.98412216e-03, 1.06139649e+06
1.26252592e+02, 2.10466664e+00, 7.85838607e-03, 4.99969124e-01, 3.08771159e-05, 9.92141614e-01, 7.85838607e-03, 1.09563342e+06
1.28256600e+02, 2.11145273e+00, 7.73654884e-03, 4.99970074e-01, 2.99270940e-05, 9.92263452e-01, 7.73654884e-03, 1.13041380e+06
1.30260608e+02, 2.11813441e+00, 7.61843187e-03, 4.99970981e-01, 2.90202521e-05, 9.92381569e-01, 7.61843187e-03, 1.16573763e+06
1.32264616e+02, 2.12471485e+00, 7.50386735e-03, 4.99971847e-01, 2.81540126e-05, 9.92496133e-01, 7.50386735e-03, 1.20160492e+06
1.34268624e+02, 2.13119707e+00, 7.39269738e-03, 4.99972676e-01, 2.73259873e-05, 9.92607303e-01, 7.39269738e-03, 1.23801565e+06
1.36272631e+02, 2.13758396e+00, 7.28477330e-03, 4.99973468e-01, 2.65339610e-05, 9.92715227e-01, 7.28477330e-03, 1.27496984e+06
1.38276639e+02, 2.14387828e+00, 7.17995498e-03, 4.99974226e-01, 2.57758768e-05, 9.92820046e-01, 7.17995498e-03, 1.31246748e+06
1.40280647e+02, 2.15008268e+00, 7.07811028e-03, 4.99974952e-01, 2.50498225e-05, 9.92921890e-01, 7.07811028e-03, 1.35050857e+06
1.42284655e+02, 2.15619968e+00, 6.97911441e-03, 4.99975648e-01, 2.43540190e-05, 9.93020886e-01, 6.97911441e-03, 1.38909311e+06
1.44288663e+02, 2.16223173e+00, 6.88284950e-03, 4.99976315e-01, 2.36868086e-05, 9.93117151e-01, 6.88284950e-03, 1.42822110e+06
1.46292671e+02, 2.16818114e+00, 6.78920408e-03, 4.99976955e-01, 2.30466460e-05, 9.93210797e-01, 6.78920408e-03, 1.46789255e+06
1.48296678e+02, 2.17405015e+00, 6.69807266e-03, 4.99977570e-01, 2.24320887e-05, 9.93301928e-01, 6.69807266e-03, 1.50810745e+06
1.50300686e+02, 2.17984090e+00, 6.60935535e-03, 4.99978161e-01, 2.18417891e-05, 9.93390646e-01, 6.60935535e-03, 1.54886579e+06
1.52304694e+02, 2.18555545e+00, 6.52295748e-03, 4.99978728e-01, 2.12744871e-05, 9.93477044e-01, 6.52295748e-03, 1.59016759e+06
1.54308702e+02, 2.19119579e+00, 6.43878925e-03, 4.99979274e-01, 2.07290035e-05, 9.93561212e-01, 6.43878925e-03, 1.63201284e+06
1.56312710e+02, 2.19676381e+00, 6.35676547e-03, 4.99979799e-01, 2.02042336e-05, 9.93643236e-01, 6.35676547e-03, 1.67440155e+06
1.58316717e+02, 2.20226135e+00, 6.27680520e-03, 4.99980304e-01, 1.96991417e-05, 9.93723196e-01, 6.27680520e-03, 1.71733370e+06
1.60320725e+02, 2.20769017e+00, 6.19883154e-03, 4.99980790e-01, 1.92127562e-05, 9.93801170e-01, 6.19883154e-03, 1.76080931e+06
1.62324733e+02, 2.21305196e+00, 6.12277137e-03, 4.99981259e-01, 1.87441646e-05, 9.93877230e-01, 6.12277137e-03, 1.80482836e+06
1.64328741e+02, 2.21834836e+00, 6.04855511e-03, 4.99981711e-01, 1.82925094e-05, 9.93951446e-01, 6.04855511e-03, 1.84939087e+06
1.66332749e+02, 2.22358095e+00, 5.97611650e-03, 4.99982147e-01, 1.78569842e-05, 9.94023885e-01, 5.97611650e-03, 1.89449683e+06
1.68336757e+02, 2.22875124e+00, 5.90539243e-03, 4.99982567e-01, 1.74368299e-05, 9.94094609e-01, 5.90539243e-03, 1.94014624e+06
1.70340764e+02, 2.23386070e+00, 5.83632275e-03, 4.99982973e-01, 1.70313316e-05, 9.94163679e-01, 5.83632274e-03, 1.98633911e+06
1.72344772e+02, 2.23891075e+00, 5.76885006e-03, 4.99983364e-01, 1.66398155e-05, 9.94231152e-01, 5.76885006e-03, 2.03307542e+06
1.74348780e+02, 2.24390275e+00, 5.70291963e-03, 4.99983743e-01, 1.62616462e-05, 9.94297082e-01, 5.70291963e-03, 2.08035519e+06
1.76352788e+02, 2.24883802e+00, 5.63847917e-03, 4.99984108e-01, 1.58962237e-05, 9.94361523e-01, 5.63847917e-03, 2.12817841e+06
1.78356796e+02, 2.25371784e+00, 5.57547874e-03, 4.99984462e-01, 1.55429816e-05, 9.94424523e-01, 5.57547874e-03, 2.17654508e+06
1.80360803e+02, 2.25854343e+00, 5.51387059e-03, 4.99984804e-01, 1.52013844e-05, 9.94486131e-01, 5.51387059e-03, 2.22545520e+06
1.82364811e+02, 2.26331600e+00, 5.45360908e-03, 4.99985134e-01, 1.48709260e-05, 9.94546393e-01, 5.45360908e-03, 2.27490877e+06
1.84368819e+02, 2.26803668e+00, 5.39465054e-03, 4.99985454e-01, 1.45511272e-05, 9.94605352e-01, 5.39465054e-03, 2.32490579e+06
1.86372827e+02, 2.27270661e+00, 5.33695316e-03, 4.99985764e-01, 1.42415345e-05, 9.94663049e-01, 5.33695316e-03, 2.37544627e+06
1.88376835e+02, 2.27732685e+00, 5.28047690e-03, 4.99986064e-01, 1.39417181e-05, 9.94719525e-01, 5.28047689e-03, 2.42653020e+06
1.90380842e+02, 2.28189846e+00, 5.22518339e-03, 4.99986355e-01, 1.36512707e-05, 9.94774819e-01, 5.22518339e-03, 2.47815757e+06
1.92384850e+02, 2.28642245e+00, 5.17103588e-03, 4.99986637e-01, 1.33698060e-05, 9.94828967e-01, 5.17103588e-03, 2.53032840e+06
1.94388858e+02, 2.29089979e+00, 5.11799910e-03, 4.99986910e-01, 1.30969574e-05, 9.94882004e-01, 5.11799910e-03, 2.58304269e+06
1.96392866e+02, 2.29533145e+00, 5.06603922e-03, 4.99987175e-01, 1.28323767e-05, 9.94933964e-01, 5.06603922e-03, 2.63630042e+06
1.98396874e+02, 2.29971834e+00, 5.01512376e-03, 4.99987431e-01, 1.25757332e-05, 9.94984879e-01, 5.01512376e-03, 2.69010160e+06
2.00400882e+02, 2.30406137e+00, 4.96522156e-03, 4.99987681e-01, 1.23267126e-05, 9.95034781e-01, 4.96522156e-03, 2.74444624e+06
2.02404889e+02, 2.30836139e+00, 4.91630267e-03, 4.99987923e-01, 1.20850160e-05, 9.95083700e-01, 4.91630267e-03, 2.79933433e+06
2.04408897e+02, 2.31261925e+00, 4.86833829e-03, 4.99988158e-01, 1.18503589e-05, 9.95131665e-01, 4.86833829e-03, 2.85476587e+06
2.06412905e+02, 2.31683577e+00, 4.82130078e-03, 4.99988386e-01, 1.16224706e-05, 9.95178703e-01, 4.82130078e-03, 2.91074086e+06
2.08416913e+02, 2.32101175e+00, 4.77516351e-03, 4.99988608e-01, 1.14010933e-05, 9.95224840e-01, 4.77516351e-03, 2.96725930e+06
2.10420921e+02, 2.32514796e+00, 4.72990089e-03, 4.99988823e-01, 1.11859812e-05, 9.95270103e-01, 4.72990089e-03, 3.02432119e+06
2.12424928e+02, 2.32924514e+00, 4.68548828e-03, 4.99989033e-01, 1.09769002e-05, 9.95314515e-01, 4.68548827e-03, 3.08192654e+06
2.14428936e+02, 2.33330404e+00, 4.64190195e-03, 4.99989236e-01, 1.07736269e-05, 9.95358102e-01, 4.64190195e-03, 3.14007533e+06
2.16432944e+02, 2.33732535e+00, 4.59911907e-03, 4.99989434e-01, 1.05759481e-05, 9.95400885e-01, 4.59911907e-03, 3.19876758e+06
2.18436952e+02, 2.34130976e+00, 4.55711762e-03, 4.99989627e-01, 1.03836605e-05, 9.95442887e-01, 4.55711762e-03, 3.25800328e+06
2.20440960e+02, 2.34525796e+00, 4.51587638e-03, 4.99989814e-01, 1.01965697e-05, 9.95484128e-01, 4.51587638e-03, 3.31778243e+06
2.22444968e+02, 2.34917058e+00, 4.47537490e-03, 4.99989997e-01, 1.00144903e-05, 9.95524630e-01, 4.47537490e-03, 3.37810504e+06
2.24448975e+02, 2.35304827e+00, 4.43559346e-03, 4.99990174e-01, 9.83724466e-06, 9.95564411e-01, 4.43559346e-03, 3.43897109e+06
2.26452983e+02, 2.35689164e+00, 4.39651301e-03, 4.99990347e-01, 9.66466333e-06, 9.95603492e-01, 4.39651301e-03, 3.50038060e+06
2.28456991e+02, 2.36070129e+00, 4.35811520e-03, 4.99990516e-01, 9.49658405e-06, 9.95641890e-01, 4.35811520e-03, 3.56233355e+06
2.30460999e+02, 2.36447782e+00, 4.32038229e-03, 4.99990680e-01, 9.33285157e-06, 9.95679623e-01, 4.32038229e-03, 3.62482996e+06
2.32465007e+02, 2.36822179e+00, 4.28329716e-03, 4.99990840e-01, 9.17331728e-06, 9.95716708e-01, 4.28329716e-03, 3.68786982e+06
2.34469014e+02, 2.37193377e+00, 4.24684327e-03, 4.99990996e-01, 9.01783889e-06, 9.95753162e-01, 4.24684327e-03, 3.75145314e+06
2.36473022e+02, 2.37561428e+00, 4.21100465e-03, 4.99991148e-01, 8.86628006e-06, 9.95789001e-01, 4.21100465e-03, 3.81557990e+06
2.38477030e+02, 2.37926386e+00, 4.17576583e-03, 4.99991296e-01, 8.71851015e-06, 9.95824240e-01, 4.17576583e-03, 3.88025011e+06
2.40481038e+02, 2.38288303e+00, 4.14111190e-03, 4.99991441e-01, 8.57440389e-06, 9.95858894e-01, 4.14111190e-03, 3.94546378e+06
2.42485046e+02, 2.38647229e+00, 4.10702841e-03, 4.99991582e-01, 8.43384118e-06, 9.95892978e-01, 4.10702841e-03, 4.01122090e+06
2.44489054e+02, 2.39003213e+00, 4.07350139e-03, 4.99991720e-01, 8.29670678e-06, 9.95926505e-01, 4.07350139e-03, 4.07752147e+06
2.46493061e+02, 2.39356303e+00, 4.04051732e-03, 4.99991854e-01, 8.16289009e-06, 9.95959490e-01, 4.04051732e-03, 4.14436549e+06
2.48497069e+02, 2.39706545e+00, 4.00806311e-03, 4.99991985e-01, 8.03228497e-06, 9.95991944e-01, 4.00806311e-03, 4.21175296e+06
2.50501077e+02, 2.40053985e+00, 3.97612611e-03, 4.99992113e-01, 7.90478944e-06, 9.96023881e-01, 3.97612611e-03, 4.27968389e+06
2.52505085e+02, 2.40398667e+00, 3.94469405e-03, 4.99992238e-01, 7.78030558e-06, 9.96055313e-01, 3.94469405e-03, 4.34815826e+06
2.54509093e+02, 2.40740636e+00, 3.91375504e-03, 4.99992361e-01, 7.65873927e-06, 9.96086253e-01, 3.91375504e-03, 4.41717609e+06
2.56513100e+02, 2.41079933e+00, 3.88329758e-03, 4.99992480e-01, 7.54000005e-06, 9.96116710e-01, 3.88329758e-03, 4.48673737e+06
2.58517108e+02, 2.41416599e+00, 3.85331051e-03, 4.99992597e-01, 7.42400093e-06, 9.96146698e-01, 3.85331051e-03, 4.55684210e+06
2.60521116e+02, 2.41750676e+00, 3.82378301e-03, 4.99992711e-01, 7.31065825e-06, 9.96176226e-01, 3.82378301e-03, 4.62749028e+06
2.62525124e+02, 2.42082203e+00, 3.79470460e-03, 4.99992822e-01, 7.19989151e-06, 9.96205304e-01, 3.79470460e-03, 4.69868191e+06
2.64529132e+02, 2.42411218e+00, 3.76606512e-03, 4.99992931e-01, 7.09162323e-06, 9.96233944e-01, 3.76606511e-03, 4.77041700e+06
2.66533139e+02, 2.42737759e+00, 3.73785469e-03, 4.99993038e-01, 6.98577884e-06, 9.96262155e-01, 3.73785469e-03, 4.84269554e+06
2.68537147e+02, 2.43061863e+00, 3.71006375e-03, 4.99993142e-01, 6.88228652e-06, 9.96289946e-01, 3.71006375e-03, 4.91551752e+06
2.70541155e+02, 2.43383566e+00, 3.68268302e-03, 4.99993244e-01, 6.78107710e-06, 9.96317327e-01, 3.68268301e-03, 4.98888296e+06
2.72545163e+02, 2.43702904e+00, 3.65570347e-03, 4.99993343e-01, 6.68208391e-06, 9.96344307e-01, 3.65570346e-03, 5.06279185e+06
2.74549171e+02, 2.44019911e+00, 3.62911635e-03, 4.99993441e-01, 6.58524273e-06, 9.96370894e-01, 3.62911635e-03, 5.13724420e+06
2.76553179e+02, 2.44334621e+00, 3.60291316e-03, 4.99993537e-01, 6.49049162e-06, 9.96397098e-01, 3.60291316e-03, 5.21223999e+06
2.78557186e+02, 2.44647066e+00, 3.57708565e-03, 4.99993630e-01, 6.39777088e-06, 9.96422925e-01, 3.57708565e-03, 5.28777924e+06
2.80561194e+02, 2.44957280e+00, 3.55162579e-03, 4.99993722e-01, 6.30702289e-06, 9.96448386e-01, 3.55162579e-03, 5.36386193e+06
2.82565202e+02, 2.45265293e+00, 3.52652580e-03, 4.99993811e-01, 6.21819210e-06, 9.96473486e-01, 3.52652580e-03, 5.44048808e+06
2.84569210e+02, 2.45571138e+00, 3.50177808e-03, 4.99993899e-01, 6.13122487e-06, 9.96498234e-01, 3.50177808e-03, 5.51765768e+06
2.86573218e+02, 2.45874844e+00, 3.47737529e-03, 4.99993985e-01, 6.04606944e-06, 9.96522637e-01, 3.47737529e-03, 5.59537073e+06
2.88577225e+02, 2.46176440e+00, 3.45331025e-03, 4.99994069e-01, 5.96267583e-06, 9.96546703e-01, 3.45331025e-03, 5.67362724e+06
2.90581233e+02, 2.46475957e+00, 3.42957600e-03, 4.99994152e-01, 5.88099577e-06, 9.96570437e-01, 3.42957600e-03, 5.75242719e+06
2.92585241e+02, 2.46773422e+00, 3.40616577e-03, 4.99994233e-01, 5.80098264e-06, 9.96593848e-01, 3.40616577e-03, 5.83177060e+06
2.94589249e+02, 2.47068863e+00, 3.38307298e-03, 4.99994312e-01, 5.72259138e-06, 9.96616941e-01, 3.38307298e-03, 5.91165745e+06
2.96593257e+02, 2.47362309e+00, 3.36029119e-03, 4.99994390e-01, 5.64577846e-06, 9.96639723e-01, 3.36029119e-03, 5.99208776e+06
2.98597265e+02, 2.47653784e+00, 3.33781419e-03, 4.99994466e-01, 5.57050177e-06, 9.96662201e-01, 3.33781419e-03, 6.07306152e+06
3.00601272e+02, 2.47943317e+00, 3.31563588e-03, 4.99994541e-01, 5.49672064e-06, 9.96684379e-01, 3.31563588e-03, 6.15457874e+06
3.02605280e+02, 2.48230932e+00, 3.29375036e-03, 4.99994614e-01, 5.42439571e-06, 9.96706265e-01, 3.29375036e-03, 6.23663940e+06
3.04609288e+02, 2.48516655e+00, 3.27215186e-03, 4.99994686e-01, 5.35348890e-06, 9.96727864e-01, 3.27215186e-03, 6.31924352e+06
3.06613296e+02, 2.48800510e+00, 3.25083478e-03, 4.99994757e-01, 5.28396338e-06, 9.96749182e-01, 3.25083478e-03, 6.40239108e+06
3.08617304e+02, 2.49082522e+00, 3.22979365e-03, 4.99994826e-01, 5.21578350e-06, 9.96770223e-01, 3.22979365e-03, 6.48608210e+06
3.10621311e+02, 2.49362715e+00, 3.20902314e-03, 4.99994894e-01, 5.14891476e-06, 9.96790994e-01, 3.20902314e-03, 6.57031657e+06
3.12625319e+02, 2.49641112e+00, 3.18851808e-03, 4.99994961e-01, 5.08332377e-06, 9.96811500e-01, 3.18851808e-03, 6.65509449e+06
3.14629327e+02, 2.49917735e+00, 3.16827340e-03, 4.99995026e-01, 5.01897816e-06, 9.96831745e-01, 3.16827340e-03, 6.74041587e+06
3.16633335e+02, 2.50192607e+00, 3.14828417e-03, 4.99995091e-01, 4.95584661e-06, 9.96851734e-01, 3.14828417e-03, 6.82628069e+06
3.18637343e+02, 2.50465751e+00, 3.12854559e-03, 4.99995154e-01, 4.89389877e-06, 9.96871473e-01, 3.12854559e-03, 6.91268897e+06
3.20641351e+02, 2.50737188e+00, 3.10905298e-03, 4.99995216e-01, 4.83310522e-06, 9.96890967e-01, 3.10905298e-03, 6.99964069e+06
3.22645358e+02, 2.51006938e+00, 3.08980177e-03, 4.99995277e-01, 4.77343748e-06, 9.96910218e-01, 3.08980177e-03, 7.08713587e+06
3.24649366e+02, 2.51275024e+00, 3.07078749e-03, 4.99995336e-01, 4.71486791e-06, 9.96929233e-01, 3.07078749e-03, 7.17517450e+06
3.26653374e+02, 2.51541464e+00, 3.05200581e-03, 4.99995395e-01, 4.65736972e-06, 9.96948015e-01, 3.05200581e-03, 7.26375659e+06
3.28657382e+02, 2.51806281e+00, 3.03345247e-03, 4.99995453e-01, 4.60091695e-06, 9.96966569e-01, 3.03345247e-03, 7.35288212e+06
3.30661390e+02, 2.52069492e+00, 3.01512335e-03, 4.99995510e-01, 4.54548441e-06, 9.96984899e-01, 3.01512335e-03, 7.44255110e+06
3.32665397e+02, 2.52331117e+00, 2.99701440e-03, 4.99995565e-01, 4.49104765e-06, 9.97003008e-01, 2.99701440e-03, 7.53276354e+06
3.34669405e+02, 2.52591176e+00, 2.97912167e-03, 4.99995620e-01, 4.43758297e-06, 9.97020902e-01, 2.97912167e-03, 7.62351943e+06
3.36673413e+02, 2.52849687e+00, 2.96144133e-03, 4.99995674e-01, 4.38506736e-06, 9.97038582e-01, 2.96144132e-03, 7.71481877e+06
3.38677421e+02, 2.53106668e+00, 2.94396960e-03, 4.99995727e-01, 4.33347850e-06, 9.97056055e-01, 2.94396960e-03, 7.80666156e+06
3.40681429e+02, 2.53362137e+00, 2.92670282e-03, 4.99995779e-01, 4.28279469e-06, 9.97073322e-01, 2.92670282e-03, 7.89904780e+06
3.42685436e+02, 2.53616113e+00, 2.90963740e-03, 4.99995831e-01, 4.23299490e-06, 9.97090388e-01, 2.90963740e-03, 7.99197750e+06
3.44689444e+02, 2.53868612e+00, 2.89276984e-03, 4.99995881e-01, 4.18405869e-06, 9.97107256e-01, 2.89276984e-03, 8.08545064e+06
3.46693452e+02, 2.54119651e+00, 2.87609673e-03, 4.99995931e-01, 4.13596619e-06, 9.97123930e-01, 2.87609673e-03, 8.17946724e+06
3.48697460e+02, 2.54369248e+00, 2.85961471e-03, 4.99995980e-01, 4.08869814e-06, 9.97140413e-01, 2.85961471e-03, 8.27402729e+06
3.50701468e+02, 2.54617418e+00, 2.84332052e-03, 4.99996028e-01, 4.04223579e-06, 9.97156707e-01, 2.84332052e-03, 8.36913079e+06
3.52705476e+02, 2.54864178e+00, 2.82721097e-03, 4.99996075e-01, 3.99656093e-06, 9.97172818e-01, 2.82721097e-03, 8.46477774e+06
3.54709483e+02, 2.55109544e+00, 2.81128293e-03, 4.99996121e-01, 3.95165587e-06, 9.97188746e-01, 2.81128293e-03, 8.56096815e+06
3.56713491e+02, 2.55353532e+00, 2.79553337e-03, 4.99996167e-01, 3.90750340e-06, 9.97204497e-01, 2.79553336e-03, 8.65770200e+06
3.58717499e+02, 2.55596157e+00, 2.77995928e-03, 4.99996212e-01, 3.86408680e-06, 9.97220071e-01, 2.77995928e-03, 8.75497931e+06
3.60721507e+02, 2.55837433e+00, 2.76455776e-03, 4.99996257e-01, 3.82138981e-06, 9.97235474e-01, 2.76455776e-03, 8.85280006e+06
3.62725515e+02, 2.56077377e+00, 2.74932596e-03, 4.99996300e-01, 3.77939662e-06, 9.97250706e-01, 2.74932596e-03, 8.95116427e+06
3.64729522e+02, 2.56316002e+00, 2.73426108e-03, 4.99996344e-01, 3.73809183e-06, 9.97265772e-01, 2.73426108e-03, 9.05007194e+06
3.66733530e+02, 2.56553323e+00, 2.71936040e-03, 4.99996386e-01, 3.69746049e-06, 9.97280673e-01, 2.71936040e-03, 9.14952305e+06
3.68737538e+02, 2.56789355e+00, 2.70462124e-03, 4.99996428e-01, 3.65748804e-06, 9.97295413e-01, 2.70462124e-03, 9.24951761e+06
3.70741546e+02, 2.57024110e+00, 2.69004100e-03, 4.99996469e-01, 3.61816029e-06, 9.97309994e-01, 2.69004100e-03, 9.35005563e+06
3.72745554e+02, 2.57257603e+00, 2.67561711e-03, 4.99996510e-01, 3.57946347e-06, 9.97324419e-01, 2.67561711e-03, 9.45113710e+06
3.74749562e+02, 2.57489848e+00, 2.66134708e-03, 4.99996550e-01, 3.54138415e-06, 9.97338689e-01, 2.66134708e-03, 9.55276201e+06
3.76753569e+02, 2.57720858e+00, 2.64722846e-03, 4.99996589e-01, 3.50390926e-06, 9.97352809e-01, 2.64722846e-03, 9.65493038e+06
3.78757577e+02, 2.57950645e+00, 2.63325885e-03, 4.99996628e-01, 3.46702608e-06, 9.97366779e-01, 2.63325885e-03, 9.75764221e+06
3.80761585e+02, 2.58179223e+00, 2.61943590e-03, 4.99996666e-01, 3.43072221e-06, 9.97380603e-01, 2.61943590e-03, 9.86089748e+06
3.82765593e+02, 2.58406603e+00, 2.60575731e-03, 4.99996704e-01, 3.39498559e-06, 9.97394282e-01, 2.60575731e-03, 9.96469620e+06
3.84769601e+02, 2.58632800e+00, 2.59222084e-03, 4.99996741e-01, 3.35980445e-06, 9.97407820e-01, 2.59222084e-03, 1.00690384e+07
3.86773608e+02, 2.58857825e+00, 2.57882429e-03, 4.99996778e-01, 3.32516736e-06, 9.97421217e-01, 2.57882429e-03, 1.01739240e+07
3.88777616e+02, 2.59081690e+00, 2.56556549e-03, 4.99996814e-01, 3.29106314e-06, 9.97434477e-01, 2.56556549e-03, 1.02793531e+07
3.90781624e+02, 2.59304406e+00, 2.55244233e-03, 4.99996850e-01, 3.25748092e-06, 9.97447601e-01, 2.55244233e-03, 1.03853256e+07
3.92785632e+02, 2.59525987e+00, 2.53945274e-03, 4.99996885e-01, 3.22441010e-06, 9.97460591e-01, 2.53945273e-03, 1.04918416e+07
3.94789640e+02, 2.59746442e+00, 2.52659469e-03, 4.99996920e-01, 3.19184035e-06, 9.97473450e-01, 2.52659468e-03, 1.05989010e+07
3.96793647e+02, 2.59965784e+00, 2.51386619e-03, 4.99996955e-01, 3.15976160e-06, 9.97486180e-01, 2.51386619e-03, 1.07065039e+07
3.98797655e+02, 2.60184024e+00, 2.50126529e-03, 4.99996988e-01, 3.12816404e-06, 9.97498781e-01, 2.50126529e-03, 1.08146503e+07
4.00801663e+02, 2.60401173e+00, 2.48879010e-03, 4.99997022e-01, 3.09703807e-06, 9.97511258e-01, 2.48879010e-03, 1.09233400e+07
4.02805671e+02, 2.60617241e+00, 2.47643872e-03, 4.99997055e-01, 3.06637437e-06, 9.97523610e-01, 2.47643872e-03, 1.10325733e+07
4.04809679e+02, 2.60832240e+00, 2.46420934e-03, 4.99997088e-01, 3.03616383e-06, 9.97535840e-01, 2.46420934e-03, 1.11423500e+07
4.06813687e+02, 2.61046180e+00, 2.45210015e-03, 4.99997120e-01, 3.00639756e-06, 9.97547950e-01, 2.45210014e-03, 1.12526701e+07
4.08817694e+02, 2.61259071e+00, 2.44010938e-03, 4.99997152e-01, 2.97706689e-06, 9.97559942e-01, 2.44010938e-03, 1.13635337e+07
4.10821702e+02, 2.61470923e+00, 2.42823531e-03, 4.99997183e-01, 2.94816337e-06, 9.97571817e-01, 2.42823531e-03, 1.14749408e+07
4.12825710e+02, 2.61681747e+00, 2.41647625e-03, 4.99997214e-01, 2.91967873e-06, 9.97583577e-01, 2.41647625e-03, 1.15868913e+07
4.14829718e+02, 2.61891552e+00, 2.40483053e-03, 4.99997245e-01, 2.89160493e-06, 9.97595224e-01, 2.40483053e-03, 1.16993852e+07
4.16833726e+02, 2.62100349e+00, 2.39329652e-03, 4.99997275e-01, 2.86393411e-06, 9.97606759e-01, 2.39329652e-03, 1.18124226e+07
4.18837733e+02, 2.62308147e+00, 2.38187261e-03, 4.99997305e-01, 2.83665858e-06, 9.97618184e-01, 2.38187261e-03, 1.19260035e+07
4.20841741e+02, 2.62514955e+00, 2.37055725e-03, 4.99997335e-01, 2.80977085e-06, 9.97629501e-01, 2.37055725e-03, 1.20401278e+07
4.22845749e+02, 2.62720783e+00, 2.35934890e-03, 4.99997364e-01, 2.78326361e-06, 9.97640710e-01, 2.35934889e-03, 1.21547955e+07
4.24849757e+02, 2.62925640e+00, 2.34824603e-03, 4.99997393e-01, 2.75712970e-06, 9.97651814e-01, 2.34824603e-03, 1.22700067e+07
4.26853765e+02, 2.63129536e+00, 2.33724717e-03, 4.99997422e-01, 2.73136216e-06, 9.97662814e-01, 2.33724717e-03, 1.23857614e+07
4.28857773e+02, 2.63332478e+00, 2.32635086e-03, 4.99997450e-01, 2.70595417e-06, 9.97673712e-01, 2.32635086e-03, 1.25020595e+07
4.30861780e+02, 2.63534477e+00, 2.31555568e-03, 4.99997478e-01, 2.68089906e-06, 9.97684508e-01, 2.31555568e-03, 1.26189011e+07
4.32865788e+02, 2.63735541e+00, 2.30486023e-03, 4.99997506e-01, 2.65619034e-06, 9.97695205e-01, 2.30486023e-03, 1.27362861e+07
4.34869796e+02, 2.63935678e+00, 2.29426312e-03, 4.99997533e-01, 2.63182164e-06, 9.97705803e-01, 2.29426312e-03, 1.28542145e+07
4.36873804e+02, 2.64134896e+00, 2.28376302e-03, 4.99997560e-01, 2.60778676e-06, 9.97716304e-01, 2.28376302e-03, 1.29726864e+07
4.38877812e+02, 2.64333206e+00, 2.27335859e-03, 4.99997587e-01, 2.58407963e-06, 9.97726710e-01, 2.27335859e-03, 1.30917018e+07
4.40881819e+02, 2.64530613e+00, 2.26304853e-03, 4.99997613e-01, 2.56069431e-06, 9.97737021e-01, 2.26304852e-03, 1.32112606e+07
4.42885827e+02, 2.64727128e+00, 2.25283156e-03, 4.99997640e-01, 2.53762502e-06, 9.97747239e-01, 2.25283156e-03, 1.33313629e+07
4.44889835e+02, 2.64922757e+00, 2.24270643e-03, 4.99997666e-01, 2.51486606e-06, 9.97757366e-01, 2.24270643e-03, 1.34520086e+07
4.46893843e+02, 2.65117509e+00, 2.23267191e-03, 4.99997691e-01, 2.49241192e-06, 9.97767402e-01, 2.23267191e-03, 1.35731978e+07
4.48897851e+02, 2.65311392e+00, 2.22272678e-03, 4.99997717e-01, 2.47025716e-06, 9.97777348e-01, 2.22272678e-03, 1.36949304e+07
4.50901859e+02, 2.65504413e+00, 2.21286985e-03, 4.99997742e-01, 2.44839650e-06, 9.97787206e-01, 2.21286985e-03, 1.38172065e+07
4.52905866e+02, 2.65696580e+00, 2.20309997e-03, 4.99997767e-01, 2.42682474e-06, 9.97796978e-01, 2.20309997e-03, 1.39400260e+07
4.54909874e+02, 2.65887900e+00, 2.19341597e-03, 4.99997792e-01, 2.40553681e-06, 9.97806663e-01, 2.19341597e-03, 1.40633890e+07
4.56913882e+02, 2.66078381e+00, 2.18381674e-03, 4.99997816e-01, 2.38452777e-06, 9.97816264e-01, 2.18381674e-03, 1.41872954e+07
4.58917890e+02, 2.66268030e+00, 2.17430116e-03, 4.99997841e-01, 2.36379276e-06, 9.97825781e-01, 2.17430116e-03, 1.43117453e+07
4.60921898e+02, 2.66456855e+00, 2.16486814e-03, 4.99997865e-01, 2.34332704e-06, 9.97835215e-01, 2.16486814e-03, 1.44367387e+07
4.62925905e+02, 2.66644862e+00, 2.15551662e-03, 4.99997888e-01, 2.32312595e-06, 9.97844568e-01, 2.15551662e-03, 1.45622754e+07
4.64929913e+02, 2.66832059e+00, 2.14624554e-03, 4.99997912e-01, 2.30318497e-06, 9.97853841e-01, 2.14624554e-03, 1.46883557e+07
4.66933921e+02, 2.67018453e+00, 2.13705388e-03, 4.99997936e-01, 2.28349964e-06, 9.97863034e-01, 2.13705388e-03, 1.48149794e+07
4.68937929e+02, 2.67204050e+00, 2.12794060e-03, 4.99997959e-01, 2.26406561e-06, 9.97872149e-01, 2.12794060e-03, 1.49421465e+07
4.70941937e+02, 2.67388857e+00, 2.11890473e-03, 4.99997982e-01, 2.24487862e-06, 9.97881186e-01, 2.11890472e-03, 1.50698571e+07
4.72945944e+02, 2.67572881e+00, 2.10994526e-03, 4.99998005e-01, 2.22593450e-06, 9.97890147e-01, 2.10994526e-03, 1.51981111e+07
4.74949952e+02, 2.67756129e+00, 2.10106125e-03, 4.99998027e-01, 2.20722918e-06, 9.97899033e-01, 2.10106125e-03, 1.53269086e+07
4.76953960e+02, 2.67938606e+00, 2.09225173e-03, 4.99998050e-01, 2.18875865e-06, 9.97907844e-01, 2.09225173e-03, 1.54562496e+07
4.78957968e+02, 2.68120321e+00, 2.08351578e-03, 4.99998072e-01, 2.17051900e-06, 9.97916581e-01, 2.08351578e-03, 1.55861340e+07
4.80961976e+02, 2.68301278e+00, 2.07485248e-03, 4.99998094e-01, 2.15250640e-06, 9.97925246e-01, 2.07485248e-03, 1.57165618e+07
4.82965984e+02, 2.68481484e+00, 2.06626092e-03, 4.99998116e-01, 2.13471710e-06, 9.97933839e-01, 2.06626092e-03, 1.58475331e+07
4.84969991e+02, 2.68660945e+00, 2.05774023e-03, 4.99998138e-01, 2.11714742e-06, 9.97942362e-01, 2.05774023e-03, 1.59790479e+07
4.86973999e+02, 2.68839668e+00, 2.04928951e-03, 4.99998159e-01, 2.09979376e-06, 9.97950814e-01, 2.04928951e-03, 1.61111061e+07
4.88978007e+02, 2.69017659e+00, 2.04090793e-03, 4.99998181e-01, 2.08265259e-06, 9.97959198e-01, 2.04090793e-03, 1.62437077e+07
4.90982015e+02, 2.69194923e+00, 2.03259463e-03, 4.99998202e-01, 2.06572046e-06, 9.97967513e-01, 2.03259463e-03, 1.63768529e+07
4.92986023e+02, 2.69371466e+00, 2.02434878e-03, 4.99998223e-01, 2.04899398e-06, 9.97975760e-01, 2.02434877e-03, 1.65105414e+07
4.94990030e+02, 2.69547295e+00, 2.01616956e-03, 4.99998244e-01, 2.03246984e-06, 9.97983941e-01, 2.01616956e-03, 1.66447734e+07
4.96994038e+02, 2.69722414e+00, 2.00805617e-03, 4.99998265e-01, 2.01614479e-06, 9.97992056e-01, 2.00805617e-03, 1.67795489e+07
4.98998046e+02, 2.69896831e+00, 2.00000782e-03, 4.99998285e-01, 2.00001563e-06, 9.98000107e-01, 2.00000781e-03, 1.69148678e+07
5.01002054e+02, 2.70070549e+00, 1.99202372e-03, 4.99998306e-01, 1.98407925e-06, 9.98008092e-01, 1.99202372e-03, 1.70507302e+07
5.03006062e+02, 2.70243576e+00, 1.98410312e-03, 4.99998326e-01, 1.96833260e-06, 9.98016015e-01, 1.98410312e-03, 1.71871360e+07
5.05010070e+02, 2.70415916e+00, 1.97624526e-03, 4.99998347e-01, 1.95277266e-06, 9.98023875e-01, 1.97624526e-03, 1.73240852e+07
5.07014077e+02, 2.70587575e+00, 1.96844939e-03, 4.99998367e-01, 1.93739650e-06, 9.98031672e-01, 1.96844939e-03, 1.74615780e+07
5.09018085e+02, 2.70758558e+00, 1.96071478e-03, 4.99998387e-01, 1.92220123e-06, 9.98039409e-01, 1.96071478e-03, 1.75996141e+07
5.11022093e+02, 2.70928870e+00, 1.95304073e-03, 4.99998407e-01, 1.90718404e-06, 9.98047085e-01, 1.95304072e-03, 1.77381938e+07
5.13026101e+02, 2.71098517e+00, 1.94542650e-03, 4.99998427e-01, 1.89234214e-06, 9.98054701e-01, 1.94542650e-03, 1.78773168e+07
5.15030109e+02, 2.71267504e+00, 1.93787142e-03, 4.99998446e-01, 1.87767282e-06, 9.98062258e-01, 1.93787142e-03, 1.80169834e+07
5.17034116e+02, 2.71435836e+00, 1.93037479e-03, 4.99998466e-01, 1.86317342e-06, 9.98069757e-01, 1.93037479e-03, 1.81571933e+07
5.19038124e+02, 2.71603518e+00, 1.92293594e-03, 4.99998485e-01, 1.84884132e-06, 9.98077198e-01, 1.92293594e-03, 1.82979468e+07
5.21042132e+02, 2.71770555e+00, 1.91555420e-03, 4.99998505e-01, 1.83467395e-06, 9.98084582e-01, 1.91555420e-03, 1.84392436e+07
5.23046140e+02, 2.71936953e+00, 1.90822892e-03, 4.99998524e-01, 1.82066881e-06, 9.98091909e-01, 1.90822892e-03, 1.85810840e+07
5.25050148e+02, 2.72102715e+00, 1.90095945e-03, 4.99998543e-01, 1.80682342e-06, 9.98099181e-01, 1.90095945e-03, 1.87234678e+07
5.27054156e+02, 2.72267846e+00, 1.89374516e-03, 4.99998562e-01, 1.79313536e-06, 9.98106397e-01, 1.89374516e-03, 1.88663950e+07
5.29058163e+02, 2.72432353e+00, 1.88658541e-03, 4.99998581e-01, 1.77960226e-06, 9.98113559e-01, 1.88658541e-03, 1.90098657e+07
5.31062171e+02, 2.72596238e+00, 1.87947961e-03, 4.99998600e-01, 1.76622180e-06, 9.98120667e-01, 1.87947961e-03, 1.91538798e+07
5.33066179e+02, 2.72759508e+00, 1.87242712e-03, 4.99998619e-01, 1.75299167e-06, 9.98127722e-01, 1.87242712e-03, 1.92984374e+07
5.35070187e+02, 2.72922165e+00, 1.86542737e-03, 4.99998637e-01, 1.73990964e-06, 9.98134724e-01, 1.86542737e-03, 1.94435384e+07
5.37074195e+02, 2.73084216e+00, 1.85847976e-03, 4.99998656e-01, 1.72697351e-06, 9.98141674e-01, 1.85847976e-03, 1.95891829e+07
5.39078202e+02, 2.73245665e+00, 1.85158371e-03, 4.99998674e-01, 1.71418111e-06, 9.98148572e-01, 1.85158371e-03, 1.97353709e+07
5.41082210e+02, 2.73406516e+00, 1.84473864e-03, 4.99998693e-01, 1.70153033e-06, 9.98155419e-01, 1.84473864e-03, 1.98821023e+07
5.43086218e+02, 2.73566773e+00, 1.83794400e-03, 4.99998711e-01, 1.68901907e-06, 9.98162216e-01, 1.83794400e-03, 2.00293771e+07
5.45090226e+02, 2.73726440e+00, 1.83119923e-03, 4.99998730e-01, 1.67664531e-06, 9.98168963e-01, 1.83119923e-03, 2.01771954e+07
5.47094234e+02, 2.73885523e+00, 1.82450378e-03, 4.99998748e-01, 1.66440702e-06, 9.98175661e-01, 1.82450378e-03, 2.03255572e+07
5.49098241e+02, 2.74044026e+00, 1.81785711e-03, 4.99998766e-01, 1.65230224e-06, 9.98182310e-01, 1.81785711e-03, 2.04744624e+07
5.51102249e+02, 2.74201952e+00, 1.81125870e-03, 4.99998784e-01, 1.64032903e-06, 9.98188911e-01, 1.81125869e-03, 2.06239110e+07
5.53106257e+02, 2.74359305e+00, 1.80470801e-03, 4.99998802e-01, 1.62848550e-06, 9.98195464e-01, 1.80470801e-03, 2.07739031e+07
5.55110265e+02, 2.74516091e+00, 1.79820453e-03, 4.99998820e-01, 1.61676977e-06, 9.98201970e-01, 1.79820453e-03, 2.09244387e+07
5.57114273e+02, 2.74672313e+00, 1.79174776e-03, 4.99998838e-01, 1.60518002e-06, 9.98208430e-01, 1.79174776e-03, 2.10755177e+07
5.59118281e+02, 2.74827975e+00, 1.78533720e-03, 4.99998856e-01, 1.59371445e-06, 9.98214843e-01, 1.78533719e-03, 2.12271402e+07
5.61122288e+02, 2.74983081e+00, 1.77897234e-03, 4.99998874e-01, 1.58237128e-06, 9.98221210e-01, 1.77897233e-03, 2.13793061e+07
5.63126296e+02, 2.75137634e+00, 1.77265270e-03, 4.99998891e-01, 1.57114879e-06, 9.98227533e-01, 1.77265270e-03, 2.15320154e+07
5.65130304e+02, 2.75291640e+00, 1.76637780e-03, 4.99998909e-01, 1.56004526e-06, 9.98233810e-01, 1.76637780e-03, 2.16852682e+07
5.67134312e+02, 2.75445102e+00, 1.76014717e-03, 4.99998927e-01, 1.54905903e-06, 9.98240043e-01, 1.76014717e-03, 2.18390645e+07
5.69138320e+02, 2.75598023e+00, 1.75396034e-03, 4.99998944e-01, 1.53818843e-06, 9.98246233e-01, 1.75396034e-03, 2.19934042e+07
5.71142327e+02, 2.75750408e+00, 1.74781685e-03, 4.99998962e-01, 1.52743187e-06, 9.98252379e-01, 1.74781685e-03, 2.21482874e+07
5.73146335e+02, 2.75902260e+00, 1.74171625e-03, 4.99998979e-01, 1.51678774e-06, 9.98258483e-01, 1.74171625e-03, 2.23037140e+07
5.75150343e+02, 2.76053582e+00, 1.73565808e-03, 4.99998997e-01, 1.50625449e-06, 9.98264544e-01, 1.73565808e-03, 2.24596841e+07
5.77154351e+02, 2.76204380e+00, 1.72964192e-03, 4.99999014e-01, 1.49583058e-06, 9.98270562e-01, 1.72964192e-03, 2.26161976e+07
5.79158359e+02, 2.76354655e+00, 1.72366731e-03, 4.99999032e-01, 1.48551451e-06, 9.98276540e-01, 1.72366731e-03, 2.27732546e+07
5.81162367e+02, 2.76504413e+00, 1.71773384e-03, 4.99999049e-01, 1.47530478e-06, 9.98282476e-01, 1.71773384e-03, 2.29308550e+07
5.83166374e+02, 2.76653655e+00, 1.71184108e-03, 4.99999066e-01, 1.46519995e-06, 9.98288372e-01, 1.71184108e-03, 2.30889989e+07
5.85170382e+02, 2.76802387e+00, 1.70598862e-03, 4.99999084e-01, 1.45519858e-06, 9.98294227e-01, 1.70598862e-03, 2.32476862e+07
5.87174390e+02, 2.76950611e+00, 1.70017603e-03, 4.99999101e-01, 1.44529927e-06, 9.98300043e-01, 1.70017603e-03, 2.34069170e+07
5.89178398e+02, 2.77098331e+00, 1.69440292e-03, 4.99999118e-01, 1.43550063e-06, 9.98305819e-01, 1.69440292e-03, 2.35666912e+07
5.91182406e+02, 2.77245550e+00, 1.68866888e-03, 4.99999136e-01, 1.42580129e-06, 9.98311556e-01, 1.68866888e-03, 2.37270089e+07
5.93186413e+02, 2.77392272e+00, 1.68297352e-03, 4.99999153e-01, 1.41619994e-06, 9.98317255e-01, 1.68297352e-03, 2.38878700e+07
5.95190421e+02, 2.77538499e+00, 1.67731645e-03, 4.99999170e-01, 1.40669523e-06, 9.98322915e-01, 1.67731645e-03, 2.40492746e+07
5.97194429e+02, 2.77684236e+00, 1.67169728e-03, 4.99999187e-01, 1.39728590e-06, 9.98328537e-01, 1.67169728e-03, 2.42112227e+07
5.99198437e+02, 2.77829486e+00, 1.66611564e-03, 4.99999204e-01, 1.38797066e-06, 9.98334122e-01, 1.66611563e-03, 2.43737142e+07
6.01202445e+02, 2.77974251e+00, 1.66057114e-03, 4.99999222e-01, 1.37874826e-06, 9.98339669e-01, 1.66057114e-03, 2.45367491e+07
6.03206453e+02, 2.78118536e+00, 1.65506342e-03, 4.99999239e-01, 1.36961747e-06, 9.98345180e-01, 1.65506342e-03, 2.47003275e+07
6.05210460e+02, 2.78262343e+00, 1.64959212e-03, 4.99999256e-01, 1.36057709e-06, 9.98350655e-01, 1.64959212e-03, 2.48644493e+07
6.07214468e+02, 2.78405675e+00, 1.64415688e-03, 4.99999273e-01, 1.35162592e-06, 9.98356093e-01, 1.64415688e-03, 2.50291146e+07
6.09218476e+02, 2.78548535e+00, 1.63875733e-03, 4.99999290e-01, 1.34276279e-06, 9.98361496e-01, 1.63875733e-03, 2.51943234e+07
6.11222484e+02, 2.78690927e+00, 1.63339313e-03, 4.99999307e-01, 1.33398656e-06, 9.98366864e-01, 1.63339313e-03, 2.53600756e+07
6.13226492e+02, 2.78832854e+00, 1.62806394e-03, 4.99999324e-01, 1.32529609e-06, 9.98372196e-01, 1.62806394e-03, 2.55263712e+07
6.15230499e+02, 2.78974319e+00, 1.62276940e-03, 4.99999341e-01, 1.31669027e-06, 9.98377494e-01, 1.62276940e-03, 2.56932103e+07
6.17234507e+02, 2.79115324e+00, 1.61750919e-03, 4.99999359e-01, 1.30816800e-06, 9.98382758e-01, 1.61750919e-03, 2.58605929e+07
6.19238515e+02, 2.79255873e+00, 1.61228298e-03, 4.99999376e-01, 1.29972820e-06, 9.98387988e-01, 1.61228298e-03, 2.60285189e+07
6.21242523e+02, 2.79395969e+00, 1.60709042e-03, 4.99999393e-01, 1.29136982e-06, 9.98393184e-01, 1.60709042e-03, 2.61969883e+07
6.23246531e+02, 2.79535614e+00, 1.60193121e-03, 4.99999410e-01, 1.28309180e-06, 9.98398347e-01, 1.60193121e-03, 2.63660012e+07
6.25250538e+02, 2.79674811e+00, 1.59680501e-03, 4.99999427e-01, 1.27489313e-06, 9.98403476e-01, 1.59680501e-03, 2.65355576e+07
6.27254546e+02, 2.79813564e+00, 1.59171152e-03, 4.99999444e-01, 1.26677278e-06, 9.98408573e-01, 1.59171152e-03, 2.67056574e+07
6.29258554e+02, 2.79951875e+00, 1.58665042e-03, 4.99999461e-01, 1.25872978e-06, 9.98413638e-01, 1.58665042e-03, 2.68763007e+07
6.31262562e+02, 2.80089747e+00, 1.58162140e-03, 4.99999478e-01, 1.25076313e-06, 9.98418671e-01, 1.58162140e-03, 2.70474874e+07
6.33266570e+02, 2.80227182e+00, 1.57662416e-03, 4.99999496e-01, 1.24287188e-06, 9.98423672e-01, 1.57662416e-03, 2.72192176e+07
6.35270578e+02, 2.80364184e+00, 1.57165840e-03, 4.99999513e-01, 1.23505507e-06, 9.98428641e-01, 1.57165840e-03, 2.73914912e+07
6.37274585e+02, 2.80500755e+00, 1.56672383e-03, 4.99999530e-01, 1.22731177e-06, 9.98433580e-01, 1.56672382e-03, 2.75643082e+07
6.39278593e+02, 2.80636898e+00, 1.56182014e-03, 4.99999547e-01, 1.21964107e-06, 9.98438487e-01, 1.56182014e-03, 2.77376688e+07
6.41282601e+02, 2.80772616e+00, 1.55694705e-03, 4.99999564e-01, 1.21204206e-06, 9.98443364e-01, 1.55694705e-03, 2.79115727e+07
6.43286609e+02, 2.80907910e+00, 1.55210428e-03, 4.99999582e-01, 1.20451384e-06, 9.98448211e-01, 1.55210427e-03, 2.80860202e+07
6.45290617e+02, 2.81042785e+00, 1.54729153e-03, 4.99999599e-01, 1.19705555e-06, 9.98453028e-01, 1.54729153e-03, 2.82610110e+07
6.47294624e+02, 2.81177242e+00, 1.54250855e-03, 4.99999616e-01, 1.18966631e-06, 9.98457814e-01, 1.54250855e-03, 2.84365454e+07
6.49298632e+02, 2.81311284e+00, 1.53775504e-03, 4.99999633e-01, 1.18234528e-06, 9.98462572e-01, 1.53775504e-03, 2.86126231e+07
6.51302640e+02, 2.81444914e+00, 1.53303074e-03, 4.99999651e-01, 1.17509163e-06, 9.98467300e-01, 1.53303074e-03, 2.87892444e+07
6.53306648e+02, 2.81578133e+00, 1.52833538e-03, 4.99999668e-01, 1.16790452e-06, 9.98472000e-01, 1.52833538e-03, 2.89664090e+07
6.55310656e+02, 2.81710946e+00, 1.52366869e-03, 4.99999686e-01, 1.16078315e-06, 9.98476671e-01, 1.52366869e-03, 2.91441172e+07
6.57314664e+02, 2.81843353e+00, 1.51903042e-03, 4.99999703e-01, 1.15372671e-06, 9.98481313e-01, 1.51903042e-03, 2.93223688e+07
6.59318671e+02, 2.81975358e+00, 1.51442030e-03, 4.99999720e-01, 1.14673442e-06, 9.98485927e-01, 1.51442030e-03, 2.95011638e+07
6.61322679e+02, 2.82106963e+00, 1.50983808e-03, 4.99999738e-01, 1.13980551e-06, 9.98490514e-01, 1.50983808e-03, 2.96805023e+07
6.63326687e+02, 2.82238170e+00, 1.50528350e-03, 4.99999755e-01, 1.13293921e-06, 9.98495073e-01, 1.50528350e-03, 2.98603842e+07
6.65330695e+02, 2.82368982e+00, 1.50075632e-03, 4.99999773e-01, 1.12613476e-06, 9.98499604e-01, 1.50075632e-03, 3.00408096e+07
6.67334703e+02, 2.82499401e+00, 1.49625629e-03, 4.99999791e-01, 1.11939144e-06, 9.98504109e-01, 1.49625629e-03, 3.02217784e+07
6.69338710e+02, 2.82629430e+00, 1.49178316e-03, 4.99999808e-01, 1.11270850e-06, 9.98508586e-01, 1.49178316e-03, 3.04032907e+07
6.71342718e+02, 2.82759071e+00, 1.48733670e-03, 4.99999826e-01, 1.10608523e-06, 9.98513037e-01, 1.48733670e-03, 3.05853465e+07
6.73346726e+02, 2.82888325e+00, 1.48291667e-03, 4.99999843e-01, 1.09952092e-06, 9.98517461e-01, 1.48291667e-03, 3.07679457e+07
6.75350734e+02, 2.83017197e+00, 1.47852283e-03, 4.99999861e-01, 1.09301488e-06, 9.98521860e-01, 1.47852283e-03, 3.09510883e+07
6.77354742e+02, 2.83145687e+00, 1.47415495e-03, 4.99999879e-01, 1.08656641e-06, 9.98526232e-01, 1.47415495e-03, 3.11347744e+07
6.79358749e+02, 2.83273797e+00, 1.46981280e-03, 4.99999897e-01, 1.08017484e-06, 9.98530579e-01, 1.46981280e-03, 3.13190040e+07
6.81362757e+02, 2.83401532e+00, 1.46549616e-03, 4.99999915e-01, 1.07383950e-06, 9.98534900e-01, 1.46549616e-03, 3.15037770e+07
6.83366765e+02, 2.83528891e+00, 1.46120480e-03, 4.99999933e-01, 1.06755973e-06, 9.98539196e-01, 1.46120480e-03, 3.16890934e+07
6.85370773e+02, 2.83655878e+00, 1.45693849e-03, 4.99999951e-01, 1.06133489e-06, 9.98543467e-01, 1.45693849e-03, 3.18749533e+07
6.87374781e+02, 2.83782495e+00, 1.45269703e-03, 4.99999969e-01, 1.05516433e-06, 9.98547713e-01, 1.45269703e-03, 3.20613567e+07
6.89378789e+02, 2.83908744e+00, 1.44848019e-03, 4.99999987e-01, 1.04904743e-06, 9.98551935e-01, 1.44848019e-03, 3.22483035e+07
6.91382796e+02, 2.84034627e+00, 1.44428776e-03, 5.00000005e-01, 1.04298357e-06, 9.98556132e-01, 1.44428776e-03, 3.24357938e+07
6.93386804e+02, 2.84160146e+00, 1.44011953e-03, 5.00000023e-01, 1.03697213e-06, 9.98560305e-01, 1.44011953e-03, 3.26238275e+07
6.95390812e+02, 2.84285303e+00, 1.43597529e-03, 5.00000041e-01, 1.03101252e-06, 9.98564455e-01, 1.43597529e-03, 3.28124046e+07
6.97394820e+02, 2.84410101e+00, 1.43185484e-03, 5.00000059e-01, 1.02510414e-06, 9.98568580e-01, 1.43185483e-03, 3.30015252e+07
6.99398828e+02, 2.84534541e+00, 1.42775796e-03, 5.00000078e-01, 1.01924639e-06, 9.98572682e-01, 1.42775796e-03, 3.31911893e+07
7.01402835e+02, 2.84658626e+00, 1.42368446e-03, 5.00000096e-01, 1.01343872e-06, 9.98576760e-01, 1.42368446e-03, 3.33813968e+07
7.03406843e+02, 2.84782357e+00, 1.41963414e-03, 5.00000114e-01, 1.00768054e-06, 9.98580816e-01, 1.41963413e-03, 3.35721478e+07
7.05410851e+02, 2.84905736e+00, 1.41560679e-03, 5.00000133e-01, 1.00197130e-06, 9.98584848e-01, 1.41560679e-03, 3.37634422e+07
7.07414859e+02, 2.85028766e+00, 1.41160224e-03, 5.00000152e-01, 9.96310439e-07, 9.98588858e-01, 1.41160224e-03, 3.39552801e+07
7.09418867e+02, 2.85151449e+00, 1.40762027e-03, 5.00000170e-01, 9.90697418e-07, 9.98592845e-01, 1.40762027e-03, 3.41476614e+07
7.11422875e+02, 2.85273786e+00, 1.40366071e-03, 5.00000189e-01, 9.85131699e-07, 9.98596810e-01, 1.40366071e-03, 3.43405862e+07
7.13426882e+02, 2.85395779e+00, 1.39972337e-03, 5.00000208e-01, 9.79612750e-07, 9.98600753e-01, 1.39972336e-03, 3.45340544e+07
7.15430890e+02, 2.85517430e+00, 1.39580804e-03, 5.00000226e-01, 9.74140049e-07, 9.98604673e-01, 1.39580804e-03, 3.47280661e+07
7.17434898e+02, 2.85638742e+00, 1.39191457e-03, 5.00000245e-01, 9.68713081e-07, 9.98608572e-01, 1.39191457e-03, 3.49226212e+07
7.19438906e+02, 2.85759716e+00, 1.38804275e-03, 5.00000264e-01, 9.63331338e-07, 9.98612450e-01, 1.38804275e-03, 3.51177198e+07
7.21442914e+02, 2.85880354e+00, 1.38419241e-03, 5.00000283e-01, 9.57994318e-07, 9.98616305e-01, 1.38419241e-03, 3.53133618e+07
7.23446921e+02, 2.86000657e+00, 1.38036338e-03, 5.00000302e-01, 9.52701528e-07, 9.98620140e-01, 1.38036338e-03, 3.55095473e+07
7.25450929e+02, 2.86120628e+00, 1.37655547e-03, 5.00000321e-01, 9.47452480e-07, 9.98623953e-01, 1.37655547e-03, 3.57062763e+07
7.27454937e+02, 2.86240269e+00, 1.37276851e-03, 5.00000341e-01, 9.42246694e-07, 9.98627746e-01, 1.37276851e-03, 3.59035486e+07
7.29458945e+02, 2.86359581e+00, 1.36900233e-03, 5.00000360e-01, 9.37083694e-07, 9.98631518e-01, 1.36900233e-03, 3.61013645e+07
7.31462953e+02, 2.86478566e+00, 1.36525676e-03, 5.00000379e-01, 9.31963015e-07, 9.98635269e-01, 1.36525676e-03, 3.62997238e+07
7.33466961e+02, 2.86597226e+00, 1.36153163e-03, 5.00000399e-01, 9.26884194e-07, 9.98639000e-01, 1.36153163e-03, 3.64986265e+07
7.35470968e+02, 2.86715563e+00, 1.35782678e-03, 5.00000418e-01, 9.21846776e-07, 9.98642711e-01, 1.35782677e-03, 3.66980727e+07
7.37474976e+02, 2.86833578e+00, 1.35414203e-03, 5.00000438e-01, 9.16850313e-07, 9.98646401e-01, 1.35414202e-03, 3.68980623e+07
7.39478984e+02, 2.86951274e+00, 1.35047722e-03, 5.00000457e-01, 9.11894361e-07, 9.98650072e-01, 1.35047722e-03, 3.70985954e+07
7.41482992e+02, 2.87068651e+00, 1.34683220e-03, 5.00000477e-01, 9.06978485e-07, 9.98653723e-01, 1.34683220e-03, 3.72996720e+07
7.43487000e+02, 2.87185712e+00, 1.34320680e-03, 5.00000497e-01, 9.02102253e-07, 9.98657354e-01, 1.34320680e-03, 3.75012920e+07
7.45491007e+02, 2.87302458e+00, 1.33960087e-03, 5.00000517e-01, 8.97265240e-07, 9.98660966e-01, 1.33960087e-03, 3.77034554e+07
7.47495015e+02, 2.87418891e+00, 1.33601424e-03, 5.00000537e-01, 8.92467027e-07, 9.98664559e-01, 1.33601424e-03, 3.79061623e+07
7.49499023e+02, 2.87535013e+00, 1.33244677e-03, 5.00000557e-01, 8.87707199e-07, 9.98668133e-01, 1.33244677e-03, 3.81094127e+07
7.51503031e+02, 2.87650825e+00, 1.32889830e-03, 5.00000577e-01, 8.82985349e-07, 9.98671687e-01, 1.32889830e-03, 3.83132065e+07
7.53507039e+02, 2.87766330e+00, 1.32536868e-03, 5.00000597e-01, 8.78301073e-07, 9.98675223e-01, 1.32536868e-03, 3.85175438e+07
7.55511046e+02, 2.87881527e+00, 1.32185776e-03, 5.00000618e-01, 8.73653973e-07, 9.98678741e-01, 1.32185776e-03, 3.87224245e+07
7.57515054e+02, 2.87996420e+00, 1.31836540e-03, 5.00000638e-01, 8.69043659e-07, 9.98682239e-01, 1.31836540e-03, 3.89278486e+07
7.59519062e+02, 2.88111010e+00, 1.31489143e-03, 5.00000659e-01, 8.64469741e-07, 9.98685720e-01, 1.31489143e-03, 3.91338162e+07
7.61523070e+02, 2.88225299e+00, 1.31143573e-03, 5.00000679e-01, 8.59931839e-07, 9.98689182e-01, 1.31143573e-03, 3.93403273e+07
7.63527078e+02, 2.88339287e+00, 1.30799815e-03, 5.00000700e-01, 8.55429575e-07, 9.98692626e-01, 1.30799814e-03, 3.95473818e+07
7.65531086e+02, 2.88452977e+00, 1.30457853e-03, 5.00000721e-01, 8.50962576e-07, 9.98696052e-01, 1.30457853e-03, 3.97549798e+07
7.67535093e+02, 2.88566370e+00, 1.30117676e-03, 5.00000742e-01, 8.46530476e-07, 9.98699460e-01, 1.30117676e-03, 3.99631212e+07
7.69539101e+02, 2.88679468e+00, 1.29779267e-03, 5.00000763e-01, 8.42132911e-07, 9.98702851e-01, 1.29779267e-03, 4.01718061e+07
7.71543109e+02, 2.88792272e+00, 1.29442615e-03, 5.00000784e-01, 8.37769525e-07, 9.98706224e-01, 1.29442615e-03, 4.03810344e+07
7.73547117e+02, 2.88904784e+00, 1.29107704e-03, 5.00000805e-01, 8.33439963e-07, 9.98709580e-01, 1.29107704e-03, 4.05908062e+07
7.75551125e+02, 2.89017005e+00, 1.28774522e-03, 5.00000826e-01, 8.29143878e-07, 9.98712919e-01, 1.28774522e-03, 4.08011214e+07
7.77555132e+02, 2.89128937e+00, 1.28443055e-03, 5.00000847e-01, 8.24880924e-07, 9.98716240e-01, 1.28443055e-03, 4.10119801e+07
7.79559140e+02, 2.89240581e+00, 1.28113291e-03, 5.00000869e-01, 8.20650762e-07, 9.98719545e-01, 1.28113291e-03, 4.12233822e+07
7.81563148e+02, 2.89351939e+00, 1.27785215e-03, 5.00000890e-01, 8.16453056e-07, 9.98722833e-01, 1.27785215e-03, 4.14353278e+07
7.83567156e+02, 2.89463012e+00, 1.27458815e-03, 5.00000912e-01, 8.12287476e-07, 9.98726104e-01, 1.27458815e-03, 4.16478168e+07
7.85571164e+02, 2.89573802e+00, 1.27134078e-03, 5.00000934e-01, 8.08153695e-07, 9.98729358e-01, 1.27134078e-03, 4.18608493e+07
7.87575172e+02, 2.89684310e+00, 1.26810992e-03, 5.00000956e-01, 8.04051388e-07, 9.98732596e-01, 1.26810992e-03, 4.20744252e+07
7.89579179e+02, 2.89794537e+00, 1.26489544e-03, 5.00000977e-01, 7.99980239e-07, 9.98735818e-01, 1.26489544e-03, 4.22885446e+07
7.91583187e+02, 2.89904486e+00, 1.26169722e-03, 5.00001000e-01, 7.95939931e-07, 9.98739023e-01, 1.26169721e-03, 4.25032074e+07
7.93587195e+02, 2.90014156e+00, 1.25851512e-03, 5.00001022e-01, 7.91930155e-07, 9.98742213e-01, 1.25851512e-03, 4.27184137e+07
7.95591203e+02, 2.90123551e+00, 1.25534904e-03, 5.00001044e-01, 7.87950603e-07, 9.98745386e-01, 1.25534904e-03, 4.29341635e+07
7.97595211e+02, 2.90232670e+00, 1.25219884e-03, 5.00001066e-01, 7.84000973e-07, 9.98748544e-01, 1.25219884e-03, 4.31504566e+07
7.99599218e+02, 2.90341516e+00, 1.24906442e-03, 5.00001089e-01, 7.80080965e-07, 9.98751686e-01, 1.24906442e-03, 4.33672933e+07
8.01603226e+02, 2.90450090e+00, 1.24594565e-03, 5.00001111e-01, 7.76190284e-07, 9.98754812e-01, 1.24594565e-03, 4.35846734e+07
8.03607234e+02, 2.90558393e+00, 1.24284242e-03, 5.00001134e-01, 7.72328637e-07, 9.98757923e-01, 1.24284242e-03, 4.38025969e+07
8.05611242e+02, 2.90666427e+00, 1.23975460e-03, 5.00001157e-01, 7.68495738e-07, 9.98761018e-01, 1.23975460e-03, 4.40210639e+07
8.07615250e+02, 2.90774193e+00, 1.23668209e-03, 5.00001180e-01, 7.64691300e-07, 9.98764098e-01, 1.23668209e-03, 4.42400744e+07
8.09619258e+02, 2.90881692e+00, 1.23362478e-03, 5.00001203e-01, 7.60915044e-07, 9.98767163e-01, 1.23362478e-03, 4.44596283e+07
8.11623265e+02, 2.90988925e+00, 1.23058254e-03, 5.00001226e-01, 7.57166691e-07, 9.98770213e-01, 1.23058254e-03, 4.46797256e+07
8.13627273e+02, 2.91095895e+00, 1.22755527e-03, 5.00001249e-01, 7.53445967e-07, 9.98773249e-01, 1.22755527e-03, 4.49003664e+07
8.15631281e+02, 2.91202601e+00, 1.22454285e-03, 5.00001273e-01, 7.49752601e-07, 9.98776269e-01, 1.22454285e-03, 4.51215507e+07
8.17635289e+02, 2.91309046e+00, 1.22154519e-03, 5.00001296e-01, 7.46086327e-07, 9.98779275e-01, 1.22154519e-03, 4.53432784e+07
8.19639297e+02, 2.91415231e+00, 1.21856217e-03, 5.00001320e-01, 7.42446878e-07, 9.98782266e-01, 1.21856217e-03, 4.55655495e+07
8.21643304e+02, 2.91521157e+00, 1.21559368e-03, 5.00001343e-01, 7.38833995e-07, 9.98785242e-01, 1.21559368e-03, 4.57883641e+07
8.23647312e+02, 2.91626825e+00, 1.21263962e-03, 5.00001367e-01, 7.35247419e-07, 9.98788204e-01, 1.21263961e-03, 4.60117222e+07
8.25651320e+02, 2.91732236e+00, 1.20969988e-03, 5.00001391e-01, 7.31686896e-07, 9.98791152e-01, 1.20969988e-03, 4.62356237e+07
8.27655328e+02, 2.91837393e+00, 1.20677436e-03, 5.00001415e-01, 7.28152174e-07, 9.98794086e-01, 1.20677436e-03, 4.64600687e+07
8.29659336e+02, 2.91942295e+00, 1.20386295e-03, 5.00001440e-01, 7.24643004e-07, 9.98797006e-01, 1.20386295e-03, 4.66850571e+07
8.31663343e+02, 2.92046945e+00, 1.20096556e-03, 5.00001464e-01, 7.21159140e-07, 9.98799912e-01, 1.20096556e-03, 4.69105890e+07
8.33667351e+02, 2.92151343e+00, 1.19808208e-03, 5.00001488e-01, 7.17700340e-07, 9.98802804e-01, 1.19808208e-03, 4.71366643e+07
8.35671359e+02, 2.92255490e+00, 1.19521242e-03, 5.00001513e-01, 7.14266365e-07, 9.98805682e-01, 1.19521242e-03, 4.73632830e+07
8.37675367e+02, 2.92359389e+00, 1.19235647e-03, 5.00001538e-01, 7.10856976e-07, 9.98808546e-01, 1.19235647e-03, 4.75904453e+07
8.39679375e+02, 2.92463039e+00, 1.18951414e-03, 5.00001563e-01, 7.07471940e-07, 9.98811397e-01, 1.18951413e-03, 4.78181509e+07
8.41683383e+02, 2.92566443e+00, 1.18668532e-03, 5.00001587e-01, 7.04111025e-07, 9.98814235e-01, 1.18668532e-03, 4.80464001e+07
8.43687390e+02, 2.92669601e+00, 1.18386993e-03, 5.00001613e-01, 7.00774003e-07, 9.98817059e-01, 1.18386993e-03, 4.82751926e+07
8.45691398e+02, 2.92772515e+00, 1.18106786e-03, 5.00001638e-01, 6.97460648e-07, 9.98819870e-01, 1.18106786e-03, 4.85045287e+07
8.47695406e+02, 2.92875185e+00, 1.17827903e-03, 5.00001663e-01, 6.94170737e-07, 9.98822667e-01, 1.17827903e-03, 4.87344081e+07
8.49699414e+02, 2.92977613e+00, 1.17550334e-03, 5.00001689e-01, 6.90904048e-07, 9.98825452e-01, 1.17550334e-03, 4.89648311e+07
8.51703422e+02, 2.93079801e+00, 1.17274069e-03, 5.00001714e-01, 6.87660364e-07, 9.98828224e-01, 1.17274069e-03, 4.91957975e+07
8.53707429e+02, 2.93181748e+00, 1.16999100e-03, 5.00001740e-01, 6.84439470e-07, 9.98830982e-01, 1.16999100e-03, 4.94273073e+07
8.55711437e+02, 2.93283456e+00, 1.16725417e-03, 5.00001766e-01, 6.81241152e-07, 9.98833728e-01, 1.16725417e-03, 4.96593606e+07
8.57715445e+02, 2.93384927e+00, 1.16453012e-03, 5.00001792e-01, 6.78065200e-07, 9.98836462e-01, 1.16453012e-03, 4.98919573e+07
8.59719453e+02, 2.93486162e+00, 1.16181875e-03, 5.00001818e-01, 6.74911405e-07, 9.98839182e-01, 1.16181875e-03, 5.01250975e+07
8.61723461e+02, 2.93587161e+00, 1.15911998e-03, 5.00001844e-01, 6.71779563e-07, 9.98841890e-01, 1.15911998e-03, 5.03587811e+07
8.63727469e+02, 2.93687925e+00, 1.15643372e-03, 5.00001871e-01, 6.68669470e-07, 9.98844586e-01, 1.15643372e-03, 5.05930082e+07
8.65731476e+02, 2.93788457e+00, 1.15375988e-03, 5.00001897e-01, 6.65580925e-07, 9.98847269e-01, 1.15375987e-03, 5.08277788e+07
8.67735484e+02, 2.93888756e+00, 1.15109837e-03, 5.00001924e-01, 6.62513729e-07, 9.98849940e-01, 1.15109837e-03, 5.10630928e+07
8.69739492e+02, 2.93988824e+00, 1.14844912e-03, 5.00001951e-01, 6.59467686e-07, 9.98852599e-01, 1.14844912e-03, 5.12989502e+07
8.71743500e+02, 2.94088662e+00, 1.14581203e-03, 5.00001978e-01, 6.56442603e-07, 9.98855246e-01, 1.14581203e-03, 5.15353511e+07
8.73747508e+02, 2.94188271e+00, 1.14318702e-03, 5.00002005e-01, 6.53438286e-07, 9.98857881e-01, 1.14318702e-03, 5.17722955e+07
8.75751515e+02, 2.94287653e+00, 1.14057402e-03, 5.00002032e-01, 6.50454547e-07, 9.98860503e-01, 1.14057402e-03, 5.20097833e+07
8.77755523e+02, 2.94386807e+00, 1.13797293e-03, 5.00002060e-01, 6.47491198e-07, 9.98863114e-01, 1.13797293e-03, 5.22478145e+07
8.79759531e+02, 2.94485735e+00, 1.13538368e-03, 5.00002087e-01, 6.44548054e-07, 9.98865714e-01, 1.13538368e-03, 5.24863892e+07
8.81763539e+02, 2.94584439e+00, 1.13280619e-03, 5.00002115e-01, 6.41624931e-07, 9.98868301e-01, 1.13280619e-03, 5.27255074e+07
8.83767547e+02, 2.94682918e+00, 1.13024037e-03, 5.00002143e-01, 6.38721648e-07, 9.98870877e-01, 1.13024037e-03, 5.29651690e+07
8.85771555e+02, 2.94781175e+00, 1.12768615e-03, 5.00002171e-01, 6.35838026e-07, 9.98873441e-01, 1.12768615e-03, 5.32053740e+07
8.87775562e+02, 2.94879210e+00, 1.12514345e-03, 5.00002199e-01, 6.32973888e-07, 9.98875994e-01, 1.12514345e-03, 5.34461225e+07
8.89779570e+02, 2.94977025e+00, 1.12261219e-03, 5.00002228e-01, 6.30129059e-07, 9.98878536e-01, 1.12261218e-03, 5.36874145e+07
8.91783578e+02, 2.95074619e+00, 1.12009229e-03, 5.00002256e-01, 6.27303366e-07, 9.98881066e-01, 1.12009229e-03, 5.39292499e+07
8.93787586e+02, 2.95171995e+00, 1.11758368e-03, 5.00002285e-01, 6.24496637e-07, 9.98883585e-01, 1.11758368e-03, 5.41716288e+07
8.95791594e+02, 2.95269153e+00, 1.11508628e-03, 5.00002313e-01, 6.21708703e-07, 9.98886093e-01, 1.11508628e-03, 5.44145511e+07
8.97795601e+02, 2.95366094e+00, 1.11260002e-03, 5.00002342e-01, 6.18939397e-07, 9.98888589e-01, 1.11260001e-03, 5.46580168e+07
8.99799609e+02, 2.95462819e+00, 1.11012482e-03, 5.00002371e-01, 6.16188553e-07, 9.98891075e-01, 1.11012481e-03, 5.49020261e+07
9.01803617e+02, 2.95559329e+00, 1.10766060e-03, 5.00002401e-01, 6.13456007e-07, 9.98893550e-01, 1.10766060e-03, 5.51465787e+07
9.03807625e+02, 2.95655625e+00, 1.10520731e-03, 5.00002430e-01, 6.10741598e-07, 9.98896014e-01, 1.10520731e-03, 5.53916749e+07
9.05811633e+02, 2.95751708e+00, 1.10276486e-03, 5.00002460e-01, 6.08045164e-07, 9.98898467e-01, 1.10276486e-03, 5.56373144e+07
9.07815640e+02, 2.95847579e+00, 1.10033318e-03, 5.00002489e-01, 6.05366549e-07, 9.98900910e-01, 1.10033317e-03, 5.58834975e+07
9.09819648e+02, 2.95943239e+00, 1.09791220e-03, 5.00002519e-01, 6.02705595e-07, 9.98903342e-01, 1.09791219e-03, 5.61302239e+07
9.11823656e+02, 2.96038689e+00, 1.09550185e-03, 5.00002549e-01, 6.00062147e-07, 9.98905763e-01, 1.09550184e-03, 5.63774939e+07
9.13827664e+02, 2.96133929e+00, 1.09310206e-03, 5.00002579e-01, 5.97436052e-07, 9.98908174e-01, 1.09310205e-03, 5.66253072e+07
9.15831672e+02, 2.96228961e+00, 1.09071276e-03, 5.00002610e-01, 5.94827159e-07, 9.98910575e-01, 1.09071276e-03, 5.68736641e+07
9.17835680e+02, 2.96323785e+00, 1.08833388e-03, 5.00002640e-01, 5.92235317e-07, 9.98912965e-01, 1.08833388e-03, 5.71225643e+07
9.19839687e+02, 2.96418403e+00, 1.08596536e-03, 5.00002671e-01, 5.89660378e-07, 9.98915345e-01, 1.08596536e-03, 5.73720081e+07
9.21843695e+02, 2.96512815e+00, 1.08360712e-03, 5.00002702e-01, 5.87102197e-07, 9.98917714e-01, 1.08360712e-03, 5.76219953e+07
9.23847703e+02, 2.96607022e+00, 1.08125911e-03, 5.00002733e-01, 5.84560627e-07, 9.98920074e-01, 1.08125910e-03, 5.78725259e+07
9.25851711e+02, 2.96701026e+00, 1.07892124e-03, 5.00002764e-01, 5.82035524e-07, 9.98922423e-01, 1.07892124e-03, 5.81236000e+07
9.27855719e+02, 2.96794826e+00, 1.07659347e-03, 5.00002795e-01, 5.79526748e-07, 9.98924763e-01, 1.07659347e-03, 5.83752175e+07
9.29859726e+02, 2.96888424e+00, 1.07427572e-03, 5.00002827e-01, 5.77034158e-07, 9.98927092e-01, 1.07427572e-03, 5.86273785e+07
9.31863734e+02, 2.96981821e+00, 1.07196792e-03, 5.00002859e-01, 5.74557614e-07, 9.98929412e-01, 1.07196792e-03, 5.88800830e+07
9.33867742e+02, 2.97075017e+00, 1.06967002e-03, 5.00002890e-01, 5.72096980e-07, 9.98931721e-01, 1.06967002e-03, 5.91333309e+07
9.35871750e+02, 2.97168014e+00, 1.06738196e-03, 5.00002922e-01, 5.69652119e-07, 9.98934021e-01, 1.06738195e-03, 5.93871222e+07
9.37875758e+02, 2.97260813e+00, 1.06510365e-03, 5.00002955e-01, 5.67222897e-07, 9.98936312e-01, 1.06510365e-03, 5.96414570e+07
9.39879766e+02, 2.97353413e+00, 1.06283506e-03, 5.00002987e-01, 5.64809180e-07, 9.98938592e-01, 1.06283506e-03, 5.98963352e+07
9.41883773e+02, 2.97445816e+00, 1.06057611e-03, 5.00003020e-01, 5.62410837e-07, 9.98940863e-01, 1.06057610e-03, 6.01517569e+07
9.43887781e+02, 2.97538023e+00, 1.05832673e-03, 5.00003052e-01, 5.60027739e-07, 9.98943125e-01, 1.05832673e-03, 6.04077221e+07
9.45891789e+02, 2.97630035e+00, 1.05608689e-03, 5.00003085e-01, 5.57659754e-07, 9.98945377e-01, 1.05608688e-03, 6.06642307e+07
9.47895797e+02, 2.97721852e+00, 1.05385650e-03, 5.00003118e-01, 5.55306758e-07, 9.98947620e-01, 1.05385650e-03, 6.09212828e+07
9.49899805e+02, 2.97813476e+00, 1.05163551e-03, 5.00003152e-01, 5.52968622e-07, 9.98949853e-01, 1.05163551e-03, 6.11788783e+07
9.51903812e+02, 2.97904906e+00, 1.04942386e-03, 5.00003185e-01, 5.50645222e-07, 9.98952077e-01, 1.04942386e-03, 6.14370172e+07
9.53907820e+02, 2.97996145e+00, 1.04722150e-03, 5.00003219e-01, 5.48336435e-07, 9.98954292e-01, 1.04722150e-03, 6.16956996e+07
9.55911828e+02, 2.98087192e+00, 1.04502836e-03, 5.00003252e-01, 5.46042138e-07, 9.98956498e-01, 1.04502836e-03, 6.19549255e+07
9.57915836e+02, 2.98178049e+00, 1.04284439e-03, 5.00003286e-01, 5.43762211e-07, 9.98958695e-01, 1.04284439e-03, 6.22146948e+07
9.59919844e+02, 2.98268716e+00, 1.04066953e-03, 5.00003320e-01, 5.41496533e-07, 9.98960883e-01, 1.04066953e-03, 6.24750076e+07
9.61923852e+02, 2.98359194e+00, 1.03850372e-03, 5.00003355e-01, 5.39244986e-07, 9.98963061e-01, 1.03850372e-03, 6.27358638e+07
9.63927859e+02, 2.98449485e+00, 1.03634690e-03, 5.00003389e-01, 5.37007453e-07, 9.98965231e-01, 1.03634690e-03, 6.29972634e+07
9.65931867e+02, 2.98539587e+00, 1.03419903e-03, 5.00003424e-01, 5.34783818e-07, 9.98967392e-01, 1.03419903e-03, 6.32592066e+07
9.67935875e+02, 2.98629504e+00, 1.03206004e-03, 5.00003459e-01, 5.32573965e-07, 9.98969544e-01, 1.03206004e-03, 6.35216931e+07
9.69939883e+02, 2.98719234e+00, 1.02992988e-03, 5.00003494e-01, 5.30377782e-07, 9.98971688e-01, 1.02992988e-03, 6.37847232e+07
9.71943891e+02, 2.98808780e+00, 1.02780850e-03, 5.00003529e-01, 5.28195156e-07, 9.98973822e-01, 1.02780850e-03, 6.40482966e+07
9.73947898e+02, 2.98898141e+00, 1.02569584e-03, 5.00003565e-01, 5.26025974e-07, 9.98975949e-01, 1.02569584e-03, 6.43124136e+07
9.75951906e+02, 2.98987318e+00, 1.02359184e-03, 5.00003600e-01, 5.23870128e-07, 9.98978066e-01, 1.02359184e-03, 6.45770739e+07
9.77955914e+02, 2.99076313e+00, 1.02149646e-03, 5.00003636e-01, 5.21727508e-07, 9.98980175e-01, 1.02149646e-03, 6.48422778e+07
9.79959922e+02, 2.99165126e+00, 1.01940964e-03, 5.00003672e-01, 5.19598006e-07, 9.98982275e-01, 1.01940964e-03, 6.51080250e+07
9.81963930e+02, 2.99253758e+00, 1.01733133e-03, 5.00003708e-01, 5.17481516e-07, 9.98984367e-01, 1.01733133e-03, 6.53743158e+07
9.83967937e+02, 2.99342209e+00, 1.01526147e-03, 5.00003745e-01, 5.15377930e-07, 9.98986451e-01, 1.01526147e-03, 6.56411499e+07
9.85971945e+02, 2.99430481e+00, 1.01320003e-03, 5.00003781e-01, 5.13287146e-07, 9.98988527e-01, 1.01320002e-03, 6.59085276e+07
9.87975953e+02, 2.99518573e+00, 1.01114693e-03, 5.00003818e-01, 5.11209058e-07, 9.98990594e-01, 1.01114693e-03, 6.61764487e+07
9.89979961e+02, 2.99606487e+00, 1.00910214e-03, 5.00003855e-01, 5.09143565e-07, 9.98992652e-01, 1.00910214e-03, 6.64449132e+07
9.91983969e+02, 2.99694224e+00, 1.00706560e-03, 5.00003892e-01, 5.07090565e-07, 9.98994703e-01, 1.00706560e-03, 6.67139212e+07
9.93987977e+02, 2.99781783e+00, 1.00503727e-03, 5.00003930e-01, 5.05049957e-07, 9.98996746e-01, 1.00503727e-03, 6.69834726e+07
9.95991984e+02, 2.99869167e+00, 1.00301709e-03, 5.00003967e-01, 5.03021643e-07, 9.98998780e-01, 1.00301709e-03, 6.72535675e+07
9.97995992e+02, 2.99956375e+00, 1.00100502e-03, 5.00004005e-01, 5.01005522e-07, 9.99000807e-01, 1.00100502e-03, 6.75242059e+07
1.00000000e+03, 3.00043408e+00, 9.99000999e-04, 5.00004043e-01, 4.99001498e-07, 9.99002825e-01, 9.99000998e-04, 6.77953877e+07
